# Fix print output for fix Step
-1.56278871039692e-16 -1.13686837721616e-14 0.602190109150305
0.000494999999999708 0.0360093365774787 0.866325340348657
0.000994999999999977 0.0723824038274984 1.1144414046195
0.00149499999999993 0.108755471077495 1.64203826277851
0.00199499999999989 0.145128538327492 1.65245917904036
0.00249499999999985 0.181501605577489 2.01078912750799
0.00299499999999981 0.217874672827486 2.41482256633842
0.00349499999999976 0.254247740077483 2.28507055610669
0.00399499999999972 0.29062080732748 2.8552152207102
0.00449499999999983 0.326993874577488 3.12787248509006
0.00499499999999995 0.363366941827496 3.03539525745362
0.00549499999999991 0.399740009077493 3.74248406411662
0.00599499999999986 0.43611307632749 3.81280153344521
0.00649499999999982 0.472486143577487 3.89551860973922
0.00699499999999978 0.508859210827484 4.54110698825759
0.00749499999999973 0.545232278077481 4.51349687625887
0.00799499999999969 0.581605345327478 4.717653719994
0.00849499999999996 0.617978412577497 5.30859701070525
0.00899499999999992 0.654351479827494 5.26387148662217
0.00949499999999988 0.690724547077491 5.59643825945582
0.00999499999999983 0.727097614327488 6.03061796629018
0.0104949999999998 0.763470681577485 5.9810626063716
0.0109949999999997 0.799843748827482 6.38759919568667
0.0114949999999997 0.836216816077479 6.7265267689753
0.011995 0.872589883327498 6.65490880279513
0.0124949999999999 0.908962950577495 7.24369046545341
0.0129949999999999 0.945336017827492 7.47827460440088
0.0134949999999998 0.981709085077489 7.44232385930361
0.0139949999999998 1.01808215232749 7.94345344581909
0.0144949999999998 1.05445521957748 8.13367710666347
0.0149949999999997 1.09082828682748 8.23098733699061
0.0154949999999998 1.12720135407749 8.71435813384713
0.0159949999999999 1.1635744213275 8.77212560764229
0.0164949999999999 1.19994748857749 8.98577720286281
0.0169949999999999 1.23632055582749 9.47615961664282
0.0174949999999998 1.27269362307749 9.43414754055216
0.0179949999999998 1.30906669032748 9.6863857336239
0.0184949999999997 1.34543975757748 10.1545841230843
0.0189949999999997 1.38181282482748 10.1689720092436
0.019495 1.4181858920775 10.4754943560792
0.0199949999999999 1.45455895932749 10.7921840887506
0.0204949999999999 1.49093202657749 10.7852636669483
0.0209949999999998 1.52730509382749 11.267089656742
0.0214949999999998 1.56367816107748 11.5142902731022
0.0219949999999997 1.60005122832748 11.5079081922049
0.0224949999999997 1.63642429557748 11.8892426686615
0.022995 1.6727973628275 12.1480235416122
0.0234949999999999 1.7091704300775 12.2937911058581
0.0239949999999999 1.74554349732749 12.6968476101331
0.0244949999999998 1.78191656457749 12.8295918521693
0.0249949999999998 1.81828963182749 12.8752629504115
0.0254949999999998 1.85466269907748 13.3155536307872
0.0259949999999997 1.89103576632748 13.5270578492134
0.0264949999999998 1.92740883357749 13.6460824953897
0.0269949999999999 1.9637819008275 13.9753505069736
0.0274949999999999 2.00015496807749 14.082589317143
0.0279949999999999 2.03652803532749 14.2415827540027
0.0284949999999998 2.07290110257749 14.6929715881202
0.0289949999999998 2.10927416982748 14.8564419102309
0.0294949999999997 2.14564723707748 14.9872171023258
0.0299949999999997 2.18202030432748 15.3405410273844
0.030495 2.2183933715775 15.3836937368247
0.0309949999999999 2.25476643882749 15.5863696221805
0.0314949999999999 2.29113950607749 15.9699452280584
0.0319949999999998 2.32751257332749 16.0819981206856
0.0324949999999998 2.36388564057748 16.3100483642655
0.0329949999999997 2.40025870782748 16.6530911576825
0.0334949999999997 2.43663177507748 16.6902951673905
0.033995 2.4730048423275 16.91650968816
0.0344949999999999 2.50937790957749 17.307875716007
0.0349949999999999 2.54575097682749 17.3545205990637
0.0354949999999998 2.58212404407749 17.6809732600841
0.0359949999999998 2.61849711132749 17.9792745541275
0.0364949999999998 2.65487017857748 17.9317031580672
0.0369949999999997 2.69124324582748 18.2494330547471
0.0374949999999997 2.72761631307748 18.5094926920685
0.0379949999999999 2.7639893803275 18.5972757649922
0.0384949999999999 2.80036244757749 18.9799811352778
0.0389949999999999 2.83673551482749 19.1997318068595
0.0394949999999998 2.87310858207749 19.2443875336116
0.0399949999999998 2.90948164932748 19.5761674886954
0.0404949999999997 2.94585471657748 19.7281604065554
0.0409949999999997 2.98222778382748 19.8172193048859
0.041495 3.0186008510775 20.1682728087518
0.0419949999999999 3.05497391832749 20.3127428071538
0.0424949999999999 3.09134698557749 20.4583269143446
0.0429949999999998 3.12772005282749 20.8160404713014
0.0434949999999998 3.16409312007748 20.9627035579045
0.0439949999999997 3.20046618732748 21.1582620960557
0.0444949999999997 3.23683925457748 21.4274411174334
0.044995 3.2732123218275 21.538790228502
0.0454949999999999 3.30958538907749 21.7615656376321
0.0459949999999999 3.34595845632749 22.0409224525021
0.0464949999999998 3.38233152357749 22.1594990026253
0.0469949999999998 3.41870459082749 22.3902636924687
0.0474949999999998 3.45507765807748 22.621615559034
0.0479949999999997 3.49145072532748 22.7562376505308
0.048495 3.5278237925775 22.9944886294718
0.0489949999999999 3.5641968598275 23.2337894728403
0.0494949999999999 3.60056992707749 23.3378691637616
0.0499949999999999 3.63694299432749 23.5613277883367
0.0504949999999998 3.67331606157749 23.8045422126229
0.0509949999999998 3.70968912882748 23.9124509260119
0.0514949999999997 3.74606219607748 24.1387543411392
0.0519949999999997 3.78243526332748 24.3535801025093
0.052495 3.8188083305775 24.4944274846402
0.0529949999999999 3.85518139782749 24.7495712203971
0.0534949999999999 3.89155446507749 24.9650662847622
0.0539949999999998 3.92792753232749 25.1263391589689
0.0544949999999998 3.96430059957748 25.3759643112393
0.0549949999999997 4.00067366682748 25.579862240811
0.0554949999999997 4.03704673407748 25.7384764802611
0.055995 4.0734198013275 25.9980691587298
0.0564949999999999 4.10979286857749 26.175989364609
0.0569949999999999 4.14616593582749 26.3394988124637
0.0574949999999998 4.18253900307749 26.5574264923557
0.0579949999999998 4.21891207032749 26.711326499149
0.0584949999999997 4.25528513757748 26.8685061233047
0.0589949999999997 4.29165820482748 27.0813020977832
0.0594949999999997 4.32803127207748 27.2531319304637
0.0599949999999999 4.3644043393275 27.4258042867143
0.0604949999999999 4.40077740657749 27.6486542750639
0.0609949999999998 4.43715047382749 27.8162844471654
0.0614949999999998 4.47352354107749 27.9849880938083
0.0619949999999998 4.50989660832748 28.2141668408154
0.0624949999999997 4.54626967557748 28.3751059469839
0.0629949999999997 4.58264274282748 28.5504027330893
0.063495 4.6190158100775 28.7779757132173
0.0639949999999999 4.65538887732749 28.9158625754345
0.0644949999999999 4.69176194457749 29.0890312914443
0.0649949999999998 4.72813501182749 29.3392260763601
0.0654949999999998 4.76450807907748 29.4760218766258
0.0659949999999997 4.80088114632748 29.6606183957087
0.0664949999999997 4.83725421357748 29.8629062158629
0.066995 4.8736272808275 30.0179276779922
0.0674949999999999 4.91000034807749 30.1960954419861
0.0679949999999999 4.94637341532749 30.3644971926372
0.0684949999999998 4.98274648257749 30.5331712407178
0.0689949999999998 5.01911954982748 30.7197618200064
0.0694949999999998 5.05549261707748 30.9376795890868
0.0699949999999997 5.09186568432748 31.0935832700367
0.0704949999999997 5.12823875157748 31.2659389199989
0.0709949999999999 5.1646118188275 31.4634609951887
0.0714949999999999 5.20098488607749 31.612753118756
0.0719949999999999 5.23735795332749 31.80331329294
0.0724949999999998 5.27373102057749 31.9825032850853
0.0729949999999998 5.31010408782748 32.151005532858
0.0734949999999997 5.34647715507748 32.3052538535879
0.0739949999999997 5.38285022232748 32.4985522478462
0.074495 5.4192232895775 32.6742461984706
0.0749949999999999 5.45559635682749 32.8283280230176
0.0754949999999999 5.49196942407749 33.0003389430347
0.0759949999999998 5.52834249132749 33.1904347399305
0.0764949999999998 5.56471555857748 33.3278629398495
0.0769949999999997 5.60108862582748 33.561330502584
0.0774949999999997 5.63746169307748 33.6664486913694
0.077995 5.6738347603275 33.8430371649463
0.0784949999999999 5.71020782757749 34.0668954715852
0.0789949999999999 5.74658089482749 34.2214371937368
0.0794949999999998 5.78295396207749 34.3783502284933
0.0799949999999998 5.81932702932748 34.5908458717783
0.0804949999999997 5.85570009657748 34.6993159717393
0.0809949999999997 5.89207316382748 34.8790824842742
0.0814949999999997 5.92844623107748 35.0618225496012
0.0819949999999999 5.9648192983275 35.1805488661738
0.0824949999999999 6.00119236557749 35.3604444083808
0.0829949999999998 6.03756543282749 35.5479791386367
0.0834949999999998 6.07393850007749 35.6759260426736
0.0839949999999998 6.11031156732748 35.8561688587732
0.0844949999999997 6.14668463457748 36.0251409840533
0.0849949999999997 6.18305770182748 36.156314520078
0.0854949999999999 6.2194307690775 36.3319748655992
0.0859949999999999 6.25580383632749 36.5124374614492
0.0864949999999999 6.29217690357749 36.6537202720927
0.0869949999999998 6.32854997082749 36.8334860244494
0.0874949999999998 6.36492303807748 37.0015058608971
0.0879949999999997 6.40129610532748 37.1612651603724
0.0884949999999997 6.43766917257748 37.2844775323325
0.0889949999999998 6.47404223982749 37.4481365772708
0.0894949999999999 6.51041530707749 37.5776274531939
0.0899949999999999 6.54678837432749 37.7083240635797
0.0904949999999998 6.58316144157749 37.8940945072311
0.0909949999999998 6.61953450882748 38.0836993551667
0.0914949999999997 6.65590757607748 38.210881429772
0.0919949999999997 6.69228064332748 38.3843297840905
0.0924949999999997 6.72865371057748 38.5109829726557
0.0929949999999999 6.7650267778275 38.6311941547323
0.0934949999999999 6.80139984507749 38.8241743111711
0.0939949999999998 6.83777291232749 38.9732917312541
0.0944949999999998 6.87414597957749 39.1519655202992
0.0949949999999998 6.91051904682748 39.3261445115057
0.0954949999999997 6.94689211407748 39.4221772718033
0.0959949999999997 6.98326518132748 39.5712389313959
0.0964949999999999 7.0196382485775 39.7552810475382
0.0969949999999999 7.05601131582749 39.8484557251079
0.0974949999999999 7.09238438307749 40.0363912964468
0.0979949999999998 7.12875745032749 40.1739536077041
0.0984949999999998 7.16513051757748 40.2812145450753
0.0989949999999997 7.20150358482748 40.4613410688589
0.0994949999999997 7.23787665207748 40.6463837686517
0.099995 7.2742497193275 40.7442586697012
0.100495 7.31062278657749 40.8905875287459
0.100995 7.34699585382749 41.0589721858894
0.101495 7.38336892107749 41.1504099933106
0.101995 7.41974198832748 41.3349256592724
0.102495 7.45611505557748 41.4950901803069
0.102995 7.49248812282748 41.6087888805401
0.103495 7.52886119007748 41.7420980628452
0.103995 7.56523425732749 41.9092146939367
0.104495 7.60160732457749 42.0196648505358
0.104995 7.63798039182749 42.1540366894069
0.105495 7.67435345907749 42.3159097228706
0.105995 7.71072652632748 42.4418476170272
0.106495 7.74709959357748 42.593180130557
0.106995 7.78347266082748 42.7088750831785
0.107495 7.8198457280775 42.8345101972269
0.107995 7.85621879532749 42.9943274052425
0.108495 7.89259186257749 43.1509818465227
0.108995 7.92896492982749 43.2575215129296
0.109495 7.96533799707748 43.3984946104472
0.109995 8.00171106432748 43.5011910465101
0.110495 8.03808413157748 43.6708814195953
0.110995 8.07445719882747 43.7997918756796
0.111495 8.11083026607749 43.9208797473421
0.111995 8.14720333332749 44.0352398319399
0.112495 8.18357640057749 44.2114069959386
0.112995 8.21994946782748 44.3246576857127
0.113495 8.25632253507748 44.40582975672
0.113995 8.29269560232748 44.5835350065331
0.114495 8.32906866957748 44.7049146947376
0.114995 8.3654417368275 44.8123077458279
0.115495 8.40181480407749 44.9321128851244
0.115995 8.43818787132749 45.1047026579395
0.116495 8.47456093857749 45.2316622914193
0.116995 8.51093400582748 45.3228152381191
0.117495 8.54730707307748 45.4616421803631
0.117995 8.58368014032748 45.606385328361
0.118495 8.6200532075775 45.733841921964
0.118995 8.65642627482749 45.8448949899084
0.119495 8.69279934207749 45.980678970904
0.119995 8.72917240932749 46.1017516562237
0.120495 8.76554547657748 46.2102377471523
0.120995 8.80191854382748 46.3233368174818
0.121495 8.83829161107748 46.4816745143642
0.121995 8.8746646783275 46.5759211892673
0.122495 8.91103774557749 46.6825940940505
0.122995 8.94741081282749 46.8296474124652
0.123495 8.98378388007749 46.9441188660675
0.123995 9.02015694732748 47.0609086301902
0.124495 9.05653001457748 47.1934645808391
0.124995 9.09290308182748 47.2870617644982
0.125495 9.12927614907747 47.4101842592457
0.125995 9.16564921632749 47.5351498584902
0.126495 9.20202228357749 47.6409101366151
0.126995 9.23839535082749 47.7716590407022
0.127495 9.27476841807749 47.910658234103
0.127995 9.31114148532748 47.9858329110694
0.128495 9.34751455257748 48.1224094258889
0.128995 9.38388761982748 48.2545918294429
0.129495 9.4202606870775 48.2969358570627
0.129995 9.45663375432749 48.451395809828
0.130495 9.49300682157749 48.5615749072303
0.130995 9.52937988882749 48.6774665319542
0.131495 9.56575295607748 48.804939361762
0.131995 9.60212602332748 48.906401935051
0.132495 9.63849909057748 48.989377926492
0.132995 9.67487215782748 49.1304127454052
0.133495 9.71124522507749 49.2136768081977
0.133995 9.74761829232749 49.3363825071464
0.134495 9.78399135957749 49.4586227328149
0.134995 9.82036442682749 49.547895132991
0.135495 9.85673749407748 49.6433715552176
0.135995 9.89311056132748 49.766897645893
0.136495 9.92948362857748 49.847203673152
0.136995 9.96585669582749 49.9911629931554
0.137495 10.0022297630775 50.0795762788977
0.137995 10.0386028303275 50.1983121898776
0.138495 10.0749758975775 50.2698292906256
0.138995 10.1113489648275 50.38305110699
0.139495 10.1477220320775 50.49599346996
0.139995 10.1840950993275 50.56908936827
0.140495 10.2204681665775 50.7349059634973
0.140995 10.2568412338275 50.7824578135744
0.141495 10.2932143010775 50.8991869415238
0.141995 10.3295873683275 51.0379005259695
0.142495 10.3659604355775 51.0940542323382
0.142995 10.4023335028275 51.2114921063943
0.143495 10.4387065700775 51.2824842504449
0.143995 10.4750796373275 51.4285616840702
0.144495 10.5114527045775 51.472414965897
0.144995 10.5478257718275 51.6142028548625
0.145495 10.5841988390775 51.6796110917743
0.145995 10.6205719063275 51.7648824221334
0.146495 10.6569449735775 51.9132847520508
0.146995 10.6933180408275 51.9487320598436
0.147495 10.7296911080775 52.097337071523
0.147995 10.7660641753275 52.1637527426934
0.148495 10.8024372425775 52.2599098615418
0.148995 10.8388103098275 52.3725596592398
0.149495 10.8751833770775 52.4369820995953
0.149995 10.9115564443275 52.5660733007968
0.150495 10.9479295115775 52.6088382752239
0.150995 10.9843025788275 52.7638483321604
0.151495 11.0206756460775 52.821782906828
0.151995 11.0570487133275 52.9217326570681
0.152495 11.0934217805775 52.9904831607036
0.152995 11.1297948478275 53.1013724495603
0.153495 11.1661679150775 53.2085555372952
0.153995 11.2025409823275 53.2955268845278
0.154495 11.2389140495775 53.3592737406752
0.154995 11.2752871168275 53.4401919192302
0.155495 11.3116601840775 53.5419923358208
0.155995 11.3480332513275 53.6278291576241
0.156495 11.3844063185775 53.7215220071882
0.156995 11.4207793858275 53.8329999109386
0.157495 11.4571524530775 53.9009333690541
0.157995 11.4935255203275 53.9737072602719
0.158495 11.5298985875775 54.0569132606008
0.158995 11.5662716548275 54.1409833720156
0.159495 11.6026447220775 54.2364713881893
0.159995 11.6390177893275 54.340540673005
0.160495 11.6753908565775 54.4021861082432
0.160995 11.7117639238275 54.4839021328343
0.161495 11.7481369910775 54.5358651822239
0.161995 11.7845100583275 54.6300799789582
0.162495 11.8208831255775 54.7222848016636
0.162995 11.8572561928275 54.8180746626008
0.163495 11.8936292600775 54.8695944645307
0.163995 11.9300023273275 54.971204635852
0.164495 11.9663753945775 55.0454804214436
0.164995 12.0027484618275 55.1079046634949
0.165495 12.0391215290775 55.2064344362926
0.165995 12.0754945963275 55.2777496000111
0.166495 12.1118676635775 55.3801834175904
0.166995 12.1482407308275 55.4448793468456
0.167495 12.1846137980775 55.5211741307185
0.167995 12.2209868653275 55.5989901543755
0.168495 12.2573599325775 55.6763562081221
0.168995 12.2937329998275 55.7626269364909
0.169495 12.3301060670775 55.820388983705
0.169995 12.3664791343275 55.9148839692207
0.170495 12.4028522015775 55.9972537750434
0.170995 12.4392252688275 56.0330019133348
0.171495 12.4755983360775 56.1177493500735
0.171995 12.5119714033275 56.1945238722261
0.172495 12.5483444705775 56.2764088401251
0.172995 12.5847175378275 56.3575432792286
0.173495 12.6210906050775 56.3913055343222
0.173995 12.6574636723275 56.4894775245341
0.174495 12.6938367395775 56.5227743358311
0.174995 12.7302098068275 56.6400961522503
0.175495 12.7665828740775 56.7177947950146
0.175995 12.8029559413275 56.7647495785356
0.176495 12.8393290085775 56.8466454301065
0.176995 12.8757020758275 56.9103459096282
0.177495 12.9120751430775 56.9596443740537
0.177995 12.9484482103275 57.0507524685095
0.178495 12.9848212775775 57.1051128393079
0.178995 13.0211943448275 57.1995730538901
0.179495 13.0575674120775 57.201103501617
0.179995 13.0939404793275 57.3200945938733
0.180495 13.1303135465775 57.3789464610232
0.180995 13.1666866138275 57.4694079261395
0.181495 13.2030596810775 57.5023476180768
0.181995 13.2394327483275 57.6090197898528
0.182495 13.2758058155775 57.6426853364303
0.182995 13.3121788828275 57.7176716612791
0.183495 13.3485519500775 57.8058767855071
0.183995 13.3849250173275 57.8659630842016
0.184495 13.4212980845775 57.9122644714491
0.184995 13.4576711518275 57.9681778682383
0.185495 13.4940442190775 58.0195380265285
0.185995 13.5304172863275 58.1320653942689
0.186495 13.5667903535775 58.1527585128794
0.186995 13.6031634208275 58.2176260760649
0.187495 13.6395364880775 58.2742905369663
0.187995 13.6759095553275 58.3511897244952
0.188495 13.7122826225775 58.4168136107013
0.188995 13.7486556898275 58.5027091319762
0.189495 13.7850287570775 58.5527044253383
0.189995 13.8214018243275 58.5992068679492
0.190495 13.8577748915775 58.6792549915556
0.190995 13.8941479588275 58.7150343270564
0.191495 13.9305210260775 58.7740332937817
0.191995 13.9668940933275 58.8341180720616
0.192495 14.0032671605775 58.9004604598816
0.192995 14.0396402278275 58.9711661181805
0.193495 14.0760132950775 58.9887376257634
0.193995 14.1123863623275 59.0882852142165
0.194495 14.1487594295775 59.1210231406177
0.194995 14.1851324968275 59.1963199815049
0.195495 14.2215055640775 59.2223762320373
0.195995 14.2578786313275 59.3005862164671
0.196495 14.2942516985775 59.3774029151211
0.196995 14.3306247658275 59.3961069895591
0.197495 14.3669978330775 59.5001169453462
0.197995 14.4033709003275 59.5279129547977
0.198495 14.4397439675775 59.602398335987
0.198995 14.4761170348275 59.6594714846568
0.199495 14.5124901020775 59.6942080594676
0.199995 14.5488631693275 59.760223712182
0.200495 14.5852362365775 59.8312598662812
0.200995 14.6216093038275 59.8658731713002
0.201495 14.6579823710775 59.9652168172695
0.201995 14.6943554383275 59.9727073961983
0.202495 14.7307285055775 60.0498973373209
0.202995 14.7671015728275 60.1351616431189
0.203495 14.8034746400775 60.1967478373856
0.203995 14.8398477073275 60.2102191310924
0.204495 14.8762207745775 60.2907766209471
0.204995 14.9125938418275 60.2944546850269
0.205495 14.9489669090775 60.36420614637
0.205995 14.9853399763275 60.4742208206911
0.206495 15.0217130435775 60.4801396765948
0.206995 15.0580861108275 60.5764530055235
0.207495 15.0944591780775 60.6074522896052
0.207995 15.1308322453275 60.6327855810958
0.208495 15.1672053125775 60.7252430481974
0.208995 15.2035783798275 60.7632472246699
0.209495 15.2399514470775 60.8192598014034
0.209995 15.2763245143275 60.8669488475567
0.210495 15.3126975815775 60.9113518964208
0.210995 15.3490706488275 60.9418574233719
0.211495 15.3854437160775 61.0253991306116
0.211995 15.4218167833275 61.092578277348
0.212495 15.4581898505775 61.1492976311671
0.212995 15.4945629178275 61.1621498213923
0.213495 15.5309359850775 61.2226894099837
0.213995 15.5673090523275 61.2960602708407
0.214495 15.6036821195775 61.3350076029127
0.214995 15.6400551868275 61.3728337118571
0.215495 15.6764282540775 61.4448705910141
0.215995 15.7128013213275 61.5269760423349
0.216495 15.7491743885775 61.5253895294691
0.216995 15.7855474558275 61.6349799192734
0.217495 15.8219205230775 61.6792390487858
0.217995 15.8582935903275 61.7178650701537
0.218495 15.8946666575775 61.7689445832077
0.218995 15.9310397248275 61.7833386496226
0.219495 15.9674127920775 61.8680875786413
0.219995 16.0037858593275 61.9205904193621
0.220495 16.0401589265775 61.988801050069
0.220995 16.0765319938275 62.0360713333615
0.221495 16.1129050610775 62.074966317338
0.221995 16.1492781283275 62.1349404418359
0.222495 16.1856511955775 62.1577787773085
0.222995 16.2220242628275 62.2382271025958
0.223495 16.2583973300775 62.2055260333328
0.223995 16.2947703973275 62.3544240143607
0.224495 16.3311434645775 62.3669715990913
0.224995 16.3675165318275 62.4575904769367
0.225495 16.4038895990775 62.4897997958011
0.225995 16.4402626663275 62.5695983505402
0.226495 16.4766357335775 62.5884747029044
0.226995 16.5130088008275 62.7339884565748
0.227495 16.5493818680775 62.6852470038254
0.227995 16.5857549353275 62.7179342300011
0.228495 16.6221280025775 62.7891270530507
0.228995 16.6585010698275 62.8494380351856
0.229495 16.6948741370775 62.8805011150462
0.229995 16.7312472043275 62.9075474163398
0.230495 16.7676202715775 63.0075185422289
0.230995 16.8039933388275 63.0424636454899
0.231495 16.8403664060775 63.1090383654248
0.231995 16.8767394733275 63.1018444138721
0.232495 16.9131125405775 63.1820068497927
0.232995 16.9494856078275 63.2905182653425
0.233495 16.9858586750775 63.3323316347815
0.233995 17.0222317423275 63.3563841458818
0.234495 17.0586048095775 63.3703404232688
0.234995 17.0949778768275 63.4559376316137
0.235495 17.1313509440775 63.5145527218636
0.235995 17.1677240113275 63.5860487644792
0.236495 17.2040970785775 63.6223442750797
0.236995 17.2404701458275 63.6537295503648
0.237495 17.2768432130775 63.6967264732166
0.237995 17.3132162803275 63.7631008426204
0.238495 17.3495893475775 63.8220169654451
0.238995 17.3859624148275 63.8160125824196
0.239495 17.4223354820775 63.9207069595204
0.239995 17.4587085493275 64.0538257944492
0.240495 17.4950816165775 64.0673915064577
0.240995 17.5314546838275 64.1374154235698
0.241495 17.5678277510775 64.1475184525801
0.241995 17.6042008183275 64.2152982999077
0.242495 17.6405738855775 64.2119269231612
0.242995 17.6769469528275 64.305937194003
0.243495 17.7133200200775 64.3632350825178
0.243995 17.7496930873275 64.4155715577263
0.244495 17.7860661545775 64.4391356917297
0.244995 17.8224392218275 64.4821358786987
0.245495 17.8588122890775 64.522731551602
0.245995 17.8951853563275 64.6187886443893
0.246495 17.9315584235775 64.7011148805458
0.246995 17.9679314908275 64.6944914314101
0.247495 18.0043045580775 64.7570720907834
0.247995 18.0406776253275 64.7828029319302
0.248495 18.0770506925775 64.8802904846321
0.248995 18.1134237598275 64.9149515206632
0.249495 18.1497968270775 64.9838009159395
0.249995 18.1861698943275 65.0537507761021
0.250495 18.2225429615775 65.1123623370433
0.250995 18.2589160288275 65.1867675833257
0.251495 18.2952890960775 65.1910095202516
0.251995 18.3316621633275 65.2141464581466
0.252495 18.3680352305775 65.3274253908412
0.252995 18.4044082978275 65.4079838367798
0.253495 18.4407813650775 65.3598767329913
0.253995 18.4771544323275 65.5864583251166
0.254495 18.5135274995775 65.5876822005823
0.254995 18.5499005668275 65.6784358001096
0.255495 18.5862736340775 65.6544699867017
0.255995 18.6226467013275 65.7274890815272
0.256495 18.6590197685775 65.7932251988972
0.256995 18.6953928358275 65.8842551247744
0.257495 18.7317659030775 65.9297577290812
0.257995 18.7681389703275 65.9965598076885
0.258495 18.8045120375775 66.0388280670706
0.258995 18.8408851048275 66.0755272724493
0.259495 18.8772581720775 66.1358375841911
0.259995 18.9136312393275 66.1932805108637
0.260495 18.9500043065775 66.2076579126056
0.260995 18.9863773738275 66.2626009694015
0.261495 19.0227504410775 66.434659682602
0.261995 19.0591235083275 66.3573578421523
0.262495 19.0954965755775 66.4794461035929
0.262995 19.1318696428275 66.6022794142416
0.263495 19.1682427100775 66.712123288612
0.263995 19.2046157773275 66.7067970018115
0.264495 19.2409888445775 66.732553854954
0.264995 19.2773619118275 66.7300285513632
0.265495 19.3137349790775 66.8196819588615
0.265995 19.3501080463275 66.9152922846447
0.266495 19.3864811135775 67.0195705968173
0.266995 19.4228541808275 67.0147381534382
0.267495 19.4592272480775 67.0245689047449
0.267995 19.4956003153275 67.1622611613031
0.268495 19.5319733825775 67.2923857227983
0.268995 19.5683464498275 67.2346664361049
0.269495 19.6047195170775 67.4643314686948
0.269995 19.6410925843275 67.4586885146335
0.270495 19.6774656515775 67.444388083531
0.270995 19.7138387188275 67.5225507162654
0.271495 19.7502117860775 67.7423900532536
0.271995 19.7865848533275 67.649211076866
0.272495 19.8229579205775 67.6858249974211
0.272995 19.8593309878275 67.7934139617935
0.273495 19.8957040550775 67.9120120332608
0.273995 19.9320771223275 67.9717252401746
0.274495 19.9684501895775 68.0728980808431
0.274995 20.0048232568275 68.1203850614149
0.275495 20.0411963240775 68.1085793610584
0.275995 20.0775693913275 68.2105168574839
0.276495 20.1139424585775 68.3075282126891
0.276995 20.1503155258275 68.429550024062
0.277495 20.1866885930775 68.4853721102867
0.277995 20.2230616603275 68.4839234236408
0.278495 20.2594347275775 68.6178788383297
0.278995 20.2958077948275 68.7611295511828
0.279495 20.3321808620775 68.7778797218155
0.279995 20.3685539293275 68.9026420541951
0.280495 20.4049269965775 68.9187180247147
0.280995 20.4413000638275 69.129930173851
0.281495 20.4776731310775 69.1684772568407
0.281995 20.5140461983275 69.163964141059
0.282495 20.5504192655775 69.2726441712986
0.282995 20.5867923328275 69.4214503883396
0.283495 20.6231654000775 69.4335719891684
0.283995 20.6595384673275 69.3952707710246
0.284495 20.6959115345775 69.7048307187903
0.284995 20.7322846018275 69.7580400542857
0.285495 20.7686576690775 69.7797308080917
0.285995 20.8050307363275 70.0726166032061
0.286495 20.8414038035775 70.0363678164464
0.286995 20.8777768708275 70.1158883717977
0.287495 20.9141499380775 70.1236211867755
0.287995 20.9505230053275 70.3150579388687
0.288495 20.9868960725775 70.4879006526959
0.288995 21.0232691398275 70.4127784796348
0.289495 21.0596422070775 70.4210826118445
0.289995 21.0960152743275 70.5871205612687
0.290495 21.1323883415775 70.7704877636932
0.290995 21.1687614088275 70.9291882773195
0.291495 21.2051344760775 70.9553652332054
0.291995 21.2415075433275 71.0718743682683
0.292495 21.2778806105775 71.1251014541959
0.292995 21.3142536778275 71.2656764566465
0.293495 21.3506267450775 71.2305257140164
0.293995 21.3869998123275 71.5285317871749
0.294495 21.4233728795775 71.6008309599902
0.294995 21.4597459468275 71.6096247951646
0.295495 21.4961190140775 71.7805084613799
0.295995 21.5324920813275 72.0604894963912
0.296495 21.5688651485775 71.9896096400273
0.296995 21.6052382158275 72.1143284702525
0.297495 21.6416112830775 72.3660509650709
0.297995 21.6779843503275 72.2905105883134
0.298495 21.7143574175775 72.5340780904694
0.298995 21.7507304848275 72.704205140329
0.299495 21.7871035520775 72.7377336781
0.299995 21.8234766193275 72.7525196585235
0.300495 21.8598496865775 73.1034416256394
0.300995 21.8962227538275 73.0866081989003
0.301495 21.9325958210775 73.4170437496848
0.301995 21.9689688883275 73.2997983848043
0.302495 22.0053419555775 73.6942891877142
0.302995 22.0417150228275 73.8944658769347
0.303495 22.0780880900775 73.893923101385
0.303995 22.1144611573275 74.1630919079555
0.304495 22.1508342245775 74.2819523727445
0.304995 22.1872072918275 74.2817408855266
0.305495 22.2235803590775 74.5305624111947
0.305995 22.2599534263275 74.7577994519652
0.306495 22.2963264935775 74.5409575296302
0.306995 22.3326995608275 74.8887658465202
0.307495 22.3690726280775 75.2385331479803
0.307995 22.4054456953275 75.1560137752779
0.308495 22.4418187625775 75.2954839590082
0.308995 22.4781918298275 75.4657719359588
0.309495 22.5145648970775 75.7828684248706
0.309995 22.5509379643275 75.8352253871336
0.310495 22.5873110315775 75.9518012235676
0.310995 22.6236840988275 76.2619897492281
0.311495 22.6600571660775 76.4834736675932
0.311995 22.6964302333275 76.4882831986669
0.312495 22.7328033005775 76.8955052748021
0.312995 22.7691763678275 76.7139729138409
0.313495 22.8055494350775 77.1032554273176
0.313995 22.8419225023275 77.4327368260491
0.314495 22.8782955695775 77.6157886181191
0.314995 22.9146686368275 77.8290422468615
0.315495 22.9510417040775 77.962446270131
0.315995 22.9874147713275 78.1508817882324
0.316495 23.0237878385775 78.3616690717067
0.316995 23.0601609058275 78.4706943085592
0.317495 23.0965339730775 78.8253775217421
0.317995 23.1329070403275 78.9475647031693
0.318495 23.1692801075775 79.2623087608255
0.318995 23.2056531748275 79.4793243602087
0.319495 23.2420262420775 79.8345877580767
0.319995 23.2783993093275 79.7356253285871
0.320495 23.3147723765775 80.3022095891985
0.320995 23.3511454438275 80.4179212615863
0.321495 23.3875185110775 80.5317152100567
0.321995 23.4238915783275 80.8048349350294
0.322495 23.4602646455775 81.0915755578094
0.322995 23.4966377128275 81.2982568599301
0.323495 23.5330107800775 81.6586590817905
0.323995 23.5693838473275 81.7141427167974
0.324495 23.6057569145775 81.9446112332814
0.324995 23.6421299818275 82.105905337678
0.325495 23.6785030490775 82.7041296749419
0.325995 23.7148761163275 82.6217085785672
0.326495 23.7512491835775 83.0192950922817
0.326995 23.7876222508275 83.3081168805461
0.327495 23.8239953180775 83.5026276735605
0.327995 23.8603683853275 83.7069347785959
0.328495 23.8967414525775 83.9155649542693
0.328995 23.9331145198275 84.5137034684362
0.329495 23.9694875870775 84.4297042049693
0.329995 24.0058606543275 84.8250761176864
0.330495 24.0422337215775 85.0985479634587
0.330995 24.0786067888275 85.2609351809263
0.331495 24.1149798560775 85.6535782325342
0.331995 24.1513529233275 85.9794553527411
0.332495 24.1877259905775 86.2105308519547
0.332995 24.2240990578275 86.4573259650757
0.333495 24.2604721250775 86.4149955533558
0.333995 24.2968451923275 86.9758283406638
0.334495 24.3332182595775 87.2611152828323
0.334995 24.3695913268275 87.5093661530696
0.335495 24.4059643940775 87.8724187733285
0.335995 24.4423374613275 88.322454830838
0.336495 24.4787105285775 88.5221168626301
0.336995 24.5150835958275 88.8135575218902
0.337495 24.5514566630775 88.9655012643759
0.337995 24.5878297303275 89.3637236924929
0.338495 24.6242027975775 89.8763076566396
0.338995 24.6605758648275 89.9487609670064
0.339495 24.6969489320775 90.2359876623682
0.339995 24.7333219993275 90.4741745140032
0.340495 24.7696950665775 90.9193731795249
0.340995 24.8060681338275 91.1850784767531
0.341495 24.8424412010775 91.3696012484184
0.341995 24.8788142683275 91.7420308654456
0.342495 24.9151873355775 92.1334519774563
0.342995 24.9515604028275 92.3710173100762
0.343495 24.9879334700775 92.8805687065067
0.343995 25.0243065373275 93.1645017657097
0.344495 25.0606796045775 93.3912771618484
0.344995 25.0970526718275 93.8261404469053
0.345495 25.1334257390775 94.0345489062593
0.345995 25.1697988063275 94.4322319944446
0.346495 25.2061718735775 94.6444185038406
0.346995 25.2425449408275 95.0703152354995
0.347495 25.2789180080775 95.5082279401274
0.347995 25.3152910753275 95.5814711579383
0.348495 25.3516641425775 96.0475943454665
0.348995 25.3880372098275 96.3190426916352
0.349495 25.4244102770775 96.6447218583434
0.349995 25.4607833443275 97.0446650485571
0.350495 25.4971564115775 97.4127994133004
0.350995 25.5335294788275 97.6990835404065
0.351495 25.5699025460775 97.9817467105601
0.351995 25.6062756133275 98.4137427663436
0.352495 25.6426486805775 98.9370486083472
0.352995 25.6790217478275 99.0485355315117
0.353495 25.7153948150775 99.4293542975692
0.353995 25.7517678823275 99.6018445291821
0.354495 25.7881409495775 100.196129260666
0.354995 25.8245140168275 100.546100723228
0.355495 25.8608870840775 100.841804553688
0.355995 25.8972601513275 101.347602036711
0.356495 25.9336332185775 101.704178738089
0.356995 25.9700062858275 102.002656586491
0.357495 26.0063793530775 102.285905678057
0.357995 26.0427524203275 102.833699179811
0.358495 26.0791254875775 102.928237499891
0.358995 26.1154985548275 103.585159010966
0.359495 26.1518716220775 104.026929741225
0.359995 26.1882446893275 104.083946650749
0.360495 26.2246177565775 104.476717123137
0.360995 26.2609908238275 104.920994558297
0.361495 26.2973638910775 105.455917276518
0.361995 26.3337369583275 105.715626713177
0.362495 26.3701100255775 105.993413445697
0.362995 26.4064830928275 106.512788379143
0.363495 26.4428561600775 106.810859141723
0.363995 26.4792292273275 107.073706802051
0.364495 26.5156022945775 107.657188841887
0.364995 26.5519753618275 108.212885583651
0.365495 26.5883484290775 108.260335568981
0.365995 26.6247214963275 108.682127364113
0.366495 26.6610945635775 109.26623926568
0.366995 26.6974676308275 109.545640961883
0.367495 26.7338406980775 109.98378900967
0.367995 26.7702137653275 110.719930830689
0.368495 26.8065868325775 110.978640177783
0.368995 26.8429598998275 111.145273093545
0.369495 26.8793329670775 111.700625930778
0.369995 26.9157060343275 112.262847016201
0.370495 26.9520791015775 112.687144757405
0.370995 26.9884521688275 113.159972082736
0.371495 27.0248252360775 113.637581449205
0.371995 27.0611983033275 113.921916424581
0.372495 27.0975713705775 114.365600533325
0.372995 27.1339444378275 114.804132142261
0.373495 27.1703175050775 115.24619570922
0.373995 27.2066905723275 116.00387620787
0.374495 27.2430636395775 115.979900349466
0.374995 27.2794367068275 116.802059241136
0.375495 27.3158097740775 117.330160346297
0.375995 27.3521828413275 117.546609190803
0.376495 27.3885559085775 118.047567490617
0.376995 27.4249289758275 118.403088775007
0.377495 27.4613020430775 118.824465355893
0.377995 27.4976751103275 119.498722231053
0.378495 27.5340481775775 119.97530496442
0.378995 27.5704212448275 120.553110634067
0.379495 27.6067943120775 120.9711018539
0.379995 27.6431673793275 121.354159723146
0.380495 27.6795404465775 121.876739068045
0.380995 27.7159135138275 122.384670965781
0.381495 27.7522865810775 122.91965842936
0.381995 27.7886596483275 123.667757240557
0.382495 27.8250327155775 123.958430086068
0.382995 27.8614057828275 124.502414776888
0.383495 27.8977788500775 124.858706784822
0.383995 27.9341519173275 125.352628438224
0.384495 27.9705249845775 126.158197711497
0.384995 28.0068980518275 126.693152760153
0.385495 28.0432711190775 126.973945354627
0.385995 28.0796441863275 127.49181621301
0.386495 28.1160172535775 127.68911647628
0.386995 28.1523903208275 128.07456633184
0.387495 28.1887633880775 128.745302109218
0.387995 28.2251364553275 129.464053540405
0.388495 28.2615095225775 129.83755564348
0.388995 28.2978825898275 130.561207923861
0.389495 28.3342556570775 130.916111790189
0.389995 28.3706287243275 129.835687422191
0.390495 28.4070017915775 126.525202578466
0.390995 28.4433748588275 119.269977773886
0.391495 28.4797479260775 109.604314430352
0.391995 28.5161209933275 97.8860397356133
0.392495 28.5524940605775 85.3215035449895
0.392995 28.5888671278275 74.8987673430791
0.393495 28.6252401950775 67.1087124330113
0.393995 28.6616132623275 60.2805016872558
0.394495 28.6979863295775 54.0830780892196
0.394995 28.7343593968275 49.8849768525037
0.395495 28.7707324640775 46.9039256411185
0.395995 28.8071055313275 44.4446194843464
0.396495 28.8434785985775 41.2652314422179
0.396995 28.8798516658275 38.4859451908173
0.397495 28.9162247330775 35.7854274337031
0.397995 28.9525978003275 33.1067135637902
0.398495 28.9889708675775 30.6325722530628
0.398995 29.0253439348275 28.2677118680854
0.399495 29.0617170020775 26.0990607930943
0.399995 29.0980900693275 24.1385207285845
0.400495 29.1344631365775 22.3815247345164
0.400995 29.1708362038275 20.907577116367
0.401495 29.2072092710775 19.7186754788074
0.401995 29.2435823383275 18.6242694905977
0.402495 29.2799554055775 17.6977411327726
0.402995 29.3163284728275 16.9356861778095
0.403495 29.3527015400775 16.3189888805575
0.403995 29.3890746073275 15.8174556351845
0.404495 29.4254476745775 15.4158437268638
0.404995 29.4618207418275 15.1109339925827
0.405495 29.4981938090775 14.7999210080437
0.405995 29.5345668763275 14.4490603256079
0.406495 29.5709399435775 14.0686015239028
0.406995 29.6073130108275 13.6784818032245
0.407495 29.6436860780775 13.108394134276
0.407995 29.6800591453275 12.4141199273527
0.408495 29.7164322125775 11.605802138324
0.408995 29.7528052798275 10.6758978534216
0.409495 29.7891783470775 9.65237927087601
0.409995 29.8255514143275 8.51304284931984
0.410495 29.8619244815775 7.268099078874
0.410995 29.8982975488275 5.94349393674339
0.411495 29.9346706160775 4.50425748456137
0.411995 29.9710436833275 2.96929648165982
0.412495 30.0074167505775 1.34837285688434
0.412995 30.0437898178275 -0.361230152145061
0.413495 30.0801628850775 -2.00564634907513
0.413995 30.1165359523275 -3.56494947504253
0.414495 30.1529090195775 -5.20576587338202
0.414995 30.1892820868275 -7.00502279562992
0.415495 30.2256551540775 -8.85938181795195
0.415995 30.2620282213275 -10.8008234003556
0.416495 30.2984012885775 -12.6478466738501
0.416995 30.3347743558275 -8.72573056936863
0.417495 30.3711474230775 -8.9126074961343
0.417995 30.4075204903275 -7.29080767651588
0.418495 30.4438935575775 -5.07522593207644
0.418995 30.4802666248275 -3.11685916309213
0.419495 30.5166396920775 -1.67106208628638
0.419995 30.5530127593275 -0.59547406734805
0.420495 30.5893858265775 0.121680686000151
0.420995 30.6257588938275 0.147017980044854
0.421495 30.6621319610775 0.214151722629794
0.421995 30.6985050283275 -0.356329534538861
0.422495 30.7348780955775 -1.01436909144781
0.422995 30.7712511628275 -1.26789596643209
0.423495 30.8076242300775 -1.39036256283594
0.423995 30.8439972973275 -1.31049847800636
0.424495 30.8803703645775 -1.18127370356155
0.424995 30.9167434318275 -1.12303713169586
0.425495 30.9531164990775 -0.941594979344169
0.425995 30.9894895663275 -0.79116316943456
0.426495 31.0258626335775 -0.867328268695334
0.426995 31.0622357008275 -1.08841974361491
0.427495 31.0986087680775 -1.19605734459504
0.427995 31.1349818353275 -1.33133741592627
0.428495 31.1713549025775 -1.22119682846969
0.428995 31.2077279698275 -1.05696149465298
0.429495 31.2441010370775 -0.79907078728975
0.429995 31.2804741043275 -0.70223677777205
0.430495 31.3168471715775 -0.617611835159469
0.430995 31.3532202388275 -0.596930359561226
0.431495 31.3895933060775 -0.421297963085605
0.431995 31.4259663733275 -0.407396189338015
0.432495 31.4623394405775 -0.414622722098892
0.432995 31.4987125078275 -0.35979001359212
0.433495 31.5350855750775 -0.238612467723436
0.433995 31.5714586423275 -0.266910505792337
0.434495 31.6078317095775 -0.184474699569347
0.434995 31.6442047768275 -0.143353049709945
0.435495 31.6805778440775 -0.0627170321471036
0.435995 31.7169509113275 -0.0585080690400564
0.436495 31.7533239785775 0.0556748938260602
0.436995 31.7896970458275 -0.183986141711025
0.437495 31.8260701130775 -0.24448931664958
0.437995 31.8624431803275 -0.349210071805862
0.438495 31.8988162475775 -0.462220550681346
0.438995 31.9351893148275 -0.311470674657133
0.439495 31.9715623820775 -0.390122691472887
0.439995 32.0079354493275 -0.338219759147391
0.440495 32.0443085165775 -0.298364185402684
0.440995 32.0806815838275 -0.305248611610257
0.441495 32.1170546510775 -0.345997727850023
0.441995 32.1534277183275 -0.294279579442911
0.442495 32.1898007855775 -0.532761237358892
0.442995 32.2261738528275 -0.530773943607597
0.443495 32.2625469200775 -0.457022218494564
0.443995 32.2989199873275 -0.351320694218116
0.444495 32.3352930545775 -0.268009237260239
0.444995 32.3716661218275 -0.246513750386
0.445495 32.4080391890775 -0.149096651627063
0.445995 32.4444122563275 -0.0968140379418783
0.446495 32.4807853235775 -0.155045846587463
0.446995 32.5171583908275 0.0403918994660367
0.447495 32.5535314580775 0.0278629364917687
0.447995 32.5899045253275 -0.0343242240805235
0.448495 32.6262775925775 -0.146031802791925
0.448994999999999 32.6626506598275 -0.140138964316222
0.449495 32.6990237270775 -0.330836806846862
0.449995 32.7353967943275 -0.431195694045914
0.450495 32.7717698615775 -0.416860080413637
0.450995 32.8081429288275 -0.411618341260572
0.451495 32.8445159960775 -0.406117421917167
0.451995 32.8808890633275 -0.482856908529735
0.452495 32.9172621305775 -0.471126597252876
0.452995 32.9536351978275 -0.256675701594847
0.453495 32.9900082650775 -0.141648545419378
0.453995 33.0263813323275 -0.0899242998297157
0.454495 33.0627543995775 -0.111889869346792
0.454995 33.0991274668275 -0.0411687216688869
0.455495 33.1355005340775 -0.105120715785938
0.455995 33.1718736013275 -0.167416541729301
0.456494999999999 33.2082466685775 -0.0536072186398483
0.456995 33.2446197358275 -0.148845709174296
0.457495 33.2809928030775 -0.0321637298060363
0.457995 33.3173658703275 -0.133759314695431
0.458495 33.3537389375775 -0.077988035227366
0.458995 33.3901120048275 0.0244400737434745
0.459495 33.4264850720775 0.0256412818080546
0.459995 33.4628581393275 -0.0792108597256862
0.460495 33.4992312065775 -0.110493447662896
0.460995 33.5356042738275 -0.151534469257775
0.461495 33.5719773410775 -0.148007907508885
0.461995 33.6083504083275 -0.169561769476437
0.462495 33.6447234755775 -0.216295868931705
0.462995 33.6810965428275 -0.261139568450651
0.463494999999999 33.7174696100775 -0.263933934466061
0.463995 33.7538426773275 -0.332653840042445
0.464495 33.7902157445775 -0.206817974060844
0.464995 33.8265888118275 -0.100889129896511
0.465495 33.8629618790775 -0.225126529946395
0.465995 33.8993349463275 -0.214463115108595
0.466495 33.9357080135775 -0.153757577973991
0.466995 33.9720810808275 -0.169095893981647
0.467495 34.0084541480775 -0.175972190011391
0.467995 34.0448272153275 -0.243769949885279
0.468495 34.0812002825775 -0.0846948054489182
0.468995 34.1175733498275 -0.21121966362006
0.469495 34.1539464170775 -0.190934916698265
0.469995 34.1903194843275 -0.110716852165776
0.470495 34.2266925515775 -0.219447942573036
0.470994999999999 34.2630656188275 -0.279750897240238
0.471495 34.2994386860775 -0.272164233840247
0.471995 34.3358117533275 -0.32634113257711
0.472495 34.3721848205775 -0.226185698423973
0.472995 34.4085578878275 -0.259376975750862
0.473495 34.4449309550775 -0.304790025685379
0.473995 34.4813040223275 -0.197752010064701
0.474495 34.5176770895775 -0.102764536404369
0.474995 34.5540501568275 -0.120932370403033
0.475495 34.5904232240775 -0.217417048633032
0.475995 34.6267962913275 -0.226378387790365
0.476495 34.6631693585775 -0.149203230467205
0.476995 34.6995424258275 -0.0658989990207726
0.477495 34.7359154930775 -0.0287856053225415
0.477995 34.7722885603275 0.0190966585880102
0.478495 34.8086616275775 0.0560104342692579
0.478995 34.8450346948275 0.283097099448933
0.479495 34.8814077620775 0.334919773476307
0.479995 34.9177808293275 0.392336171552402
0.480495 34.9541538965775 0.520613841060645
0.480995 34.9905269638275 0.420133243153395
0.481495 35.0269000310775 0.56258063535715
0.481995 35.0632730983275 0.57065970764998
0.482495 35.0996461655775 0.548005385301521
0.482995 35.1360192328275 0.482170568728258
0.483495 35.1723923000775 0.379235418893825
0.483995 35.2087653673275 0.148046767064651
0.484495 35.2451384345775 0.032894565122266
0.484995 35.2815115018275 -0.20449417427892
0.485495 35.3178845690775 -0.314139966927237
0.485995 35.3542576363275 -0.345043627300826
0.486495 35.3906307035775 -0.277311005680897
0.486995 35.4270037708275 -0.167255137799677
0.487495 35.4633768380775 -0.166812703249904
0.487995 35.4997499053275 -0.00661240949193279
0.488495 35.5361229725775 0.0200939885303021
0.488995 35.5724960398275 0.0371856466595415
0.489495 35.6088691070775 0.0163098734220634
0.489995 35.6452421743275 0.0106254087701622
0.490495 35.6816152415775 0.189813304292702
0.490995 35.7179883088275 0.225144499600397
0.491495 35.7543613760775 0.227317241274809
0.491995 35.7907344433275 0.24177440116403
0.492495 35.8271075105775 0.35566210984678
0.492995 35.8634805778275 0.458154186023819
0.493495 35.8998536450775 0.48057324883258
0.493995 35.9362267123275 0.521924308239391
0.494495 35.9725997795775 0.529716426287409
0.494995 36.0089728468275 0.486638998501088
0.495495 36.0453459140775 0.60521084512663
0.495995 36.0817189813275 0.593546189198211
0.496495 36.1180920485775 0.601827624781338
0.496995 36.1544651158275 0.492554203423609
0.497495 36.1908381830775 0.556733909048549
0.497995 36.2272112503275 0.567978948371128
0.498495 36.2635843175775 0.540129201756853
0.498995 36.2999573848275 0.577621339207152
0.499495 36.3363304520775 0.485277856882422
0.499995 36.3727035193275 0.491506661621768
