# Fix print output for fix Step
0 0 0.969237815442877
0.000494999999999946 0.0306079356824966 2.88885471218777
0.000995000000000065 0.061525042432504 0.153170446471712
0.001495 0.0924421491825001 5.18542759922545
0.00199499999999994 0.123359255932496 4.49290137555467
0.00249500000000006 0.154276362682504 2.94199087920196
0.00299500000000018 0.185193469432511 3.82196357580987
0.00349499999999993 0.216110576182496 5.24098519520704
0.00399500000000005 0.247027682932503 4.57490688358177
0.00449500000000017 0.27794478968251 5.50513003641211
0.00499499999999992 0.308861896432495 5.69235544396824
0.00549500000000004 0.339779003182502 5.62179179281906
0.00599500000000016 0.37069610993251 5.23378659208866
0.00649499999999991 0.401613216682495 5.42853850521473
0.00699500000000003 0.432530323432502 6.43934418637378
0.00749500000000015 0.463447430182509 5.93128197983623
0.00799500000000009 0.494364536932505 6.31545468698292
0.00849500000000002 0.525281643682501 6.40733271796127
0.00899500000000014 0.556198750432509 6.94179889202578
0.00949500000000008 0.587115857182505 7.48589003231202
0.00999500000000002 0.618032963932501 6.714583835253
0.0104950000000001 0.648950070682508 7.37674258073908
0.0109950000000001 0.679867177432504 7.65561609975322
0.011495 0.7107842841825 7.73079745587124
0.0119950000000001 0.741701390932508 7.70172633289538
0.0124950000000001 0.772618497682504 7.96185772656553
0.012995 0.8035356044325 8.34465051142925
0.0134950000000001 0.834452711182507 8.31695695204777
0.0139950000000001 0.865369817932503 8.46551977784444
0.014495 0.896286924682499 9.01058759835894
0.0149950000000001 0.927204031432507 8.99896577673933
0.015495 0.958121138182503 9.12852996329275
0.015995 0.989038244932499 9.23198293706871
0.0164950000000001 1.01995535168251 9.45263166496502
0.016995 1.0508724584325 9.71897946842867
0.017495 1.0817895651825 9.87259084080716
0.0179950000000001 1.11270667193251 9.96910243709184
0.018495 1.1436237786825 10.4571171460188
0.018995 1.1745408854325 10.5026726811321
0.0194950000000001 1.20545799218251 10.7280264376002
0.019995 1.2363750989325 10.9929636560875
0.020495 1.2672922056825 11.055918363883
0.0209950000000001 1.2982093124325 11.1857389902468
0.021495 1.3291264191825 11.3974668521217
0.0219949999999999 1.3600435259325 11.6278939163236
0.0224950000000001 1.3909606326825 11.8906937192279
0.022995 1.4218777394325 11.8094021990977
0.0234949999999999 1.4527948461825 12.1209875899163
0.0239950000000001 1.4837119529325 12.4226697908573
0.0244950000000002 1.51462905968251 12.5048993129916
0.0249949999999999 1.5455461664325 12.5921087011485
0.0254950000000001 1.5764632731825 12.8230244251788
0.0259950000000002 1.60738037993251 13.0236099252427
0.0264949999999999 1.6382974866825 13.2928396616374
0.026995 1.6692145934325 13.493191432965
0.0274950000000002 1.70013170018251 13.6100227218527
0.0279949999999999 1.73104880693249 13.7362489747442
0.028495 1.7619659136825 13.9939329905292
0.0289950000000002 1.79288302043251 14.2682423583727
0.0294950000000001 1.82380012718251 14.3366329264722
0.029995 1.8547172339325 14.5085972854623
0.0304950000000001 1.88563434068251 14.8119163803455
0.0309950000000001 1.9165514474325 14.9799237609295
0.031495 1.9474685541825 14.9611218905427
0.0319950000000001 1.97838566093251 15.3096196121553
0.0324950000000001 2.0093027676825 15.5040573792122
0.032995 2.0402198744325 15.584486196846
0.0334950000000001 2.07113698118251 15.8589069830135
0.0339950000000001 2.1020540879325 15.9942947478977
0.034495 2.1329711946825 16.30021656819
0.0349950000000001 2.16388830143251 16.4269985551066
0.0354950000000001 2.1948054081825 16.5979055829976
0.035995 2.2257225149325 16.7636664673917
0.0364950000000001 2.25663962168251 17.0176078145165
0.036995 2.2875567284325 17.0676216302289
0.037495 2.3184738351825 17.1791964516576
0.0379950000000001 2.34939094193251 17.4393957760862
0.038495 2.3803080486825 17.563080539388
0.038995 2.4112251554325 17.7295701341981
0.0394950000000001 2.44214226218251 17.987969586739
0.039995 2.4730593689325 18.1540633347785
0.040495 2.5039764756825 18.3359904161859
0.0409950000000001 2.53489358243251 18.7388154486268
0.041495 2.5658106891825 18.6400303972695
0.041995 2.5967277959325 18.8481793458133
0.0424950000000001 2.6276449026825 18.9909239250544
0.042995 2.6585620094325 19.1631118712105
0.043495 2.6894791161825 19.2910183893759
0.0439950000000001 2.7203962229325 19.5460899361845
0.044495 2.7513133296825 19.6148829133239
0.0449949999999999 2.7822304364325 19.8356250209357
0.0454950000000001 2.8131475431825 19.9439161565025
0.045995 2.8440646499325 20.2555435757596
0.0464949999999999 2.8749817566825 20.2475227944407
0.0469950000000001 2.9058988634325 20.5562565415362
0.0474950000000002 2.93681597018251 20.6701381709825
0.0479949999999999 2.9677330769325 20.8733333112326
0.048495 2.9986501836825 20.8103616442562
0.0489950000000002 3.02956729043251 21.1479471422125
0.0494949999999999 3.06048439718249 21.2935880191381
0.049995 3.0914015039325 21.4648760807976
0.0504950000000002 3.12231861068251 21.5461556157118
0.0509950000000001 3.15323571743251 21.8287430344962
0.051495 3.1841528241825 21.7754159733803
0.0519950000000002 3.21506993093251 22.0905463925106
0.0524950000000001 3.24598703768251 22.2210616408931
0.052995 3.2769041444325 22.5095141947171
0.0534950000000001 3.30782125118251 22.6594141890205
0.0539950000000001 3.3387383579325 22.7998479007255
0.054495 3.3696554646825 23.1143272837001
0.0549950000000001 3.40057257143251 23.229072290825
0.0554950000000001 3.4314896781825 23.3485214638725
0.055995 3.4624067849325 23.6657391441034
0.0564950000000001 3.49332389168251 23.6883360531868
0.0569950000000001 3.5242409984325 23.8699307263746
0.057495 3.5551581051825 24.0065581809009
0.0579950000000001 3.58607521193251 24.2460394063635
0.0584950000000001 3.6169923186825 24.2778678835475
0.058995 3.6479094254325 24.5506350762885
0.0594950000000001 3.67882653218251 24.6716293163531
0.059995 3.7097436389325 24.7868698366831
0.060495 3.7406607456825 25.0454796128985
0.0609950000000001 3.77157785243251 25.2376263167449
0.061495 3.8024949591825 25.3903917529023
0.061995 3.8334120659325 25.5370811018294
0.0624950000000001 3.86432917268251 25.6247803629172
0.062995 3.8952462794325 25.94047711229
0.063495 3.9261633861825 26.0123215715143
0.0639950000000001 3.9570804929325 26.370154122852
0.064495 3.9879975996825 26.490269636824
0.064995 4.0189147064325 26.6256303491384
0.0654950000000001 4.0498318131825 26.6415386222717
0.065995 4.0807489199325 26.8504581456857
0.0664949999999999 4.1116660266825 26.9627619687628
0.0669950000000001 4.1425831334325 27.2544226205123
0.067495 4.1735002401825 27.3001705391191
0.0679949999999999 4.2044173469325 27.4937355580582
0.0684950000000001 4.2353344536825 27.6045402515387
0.0689950000000002 4.26625156043251 27.6742609242765
0.0694949999999999 4.2971686671825 27.7869386864784
0.069995 4.3280857739325 28.0823591436755
0.0704950000000002 4.35900288068251 28.2104843946542
0.0709949999999999 4.38991998743249 28.4603132985841
0.071495 4.4208370941825 28.5094120260426
0.0719950000000002 4.45175420093251 28.7179069166136
0.0724950000000001 4.48267130768251 28.7825316503771
0.072995 4.5135884144325 28.9304805796386
0.0734950000000002 4.54450552118251 29.0770662958931
0.0739950000000001 4.57542262793251 29.2304649824056
0.074495 4.6063397346825 29.5309720235394
0.0749950000000001 4.63725684143251 29.6283528722496
0.0754950000000001 4.6681739481825 29.7266535744132
0.075995 4.6990910549325 29.79126478236
0.0764950000000001 4.73000816168251 30.1254362437767
0.0769950000000001 4.7609252684325 30.0793866383555
0.077495 4.7918423751825 30.3726969558119
0.0779950000000001 4.82275948193251 30.4210000057782
0.0784950000000001 4.8536765886825 30.5623034429347
0.078995 4.8845936954325 30.7069133297877
0.0794950000000001 4.91551080218251 30.8698724880013
0.0799950000000001 4.9464279089325 30.9891226698503
0.080495 4.9773450156825 31.0419588089076
0.0809950000000001 5.00826212243251 31.3453584952653
0.081495 5.0391792291825 31.3940414356505
0.081995 5.0700963359325 31.593770710157
0.0824950000000001 5.10101344268251 31.7514645612533
0.082995 5.1319305494325 32.0134877251644
0.083495 5.1628476561825 32.0545810233166
0.0839950000000001 5.19376476293251 32.1795850482865
0.084495 5.2246818696825 32.4409478495779
0.084995 5.2555989764325 32.6979383568452
0.0854950000000001 5.28651608318251 32.6614590489093
0.085995 5.3174331899325 32.8128627687811
0.086495 5.3483502966825 33.0160962420742
0.0869950000000001 5.3792674034325 33.2001755713079
0.087495 5.4101845101825 33.24994557944
0.0879949999999999 5.4411016169325 33.4515865075844
0.0884950000000001 5.4720187236825 33.6435410812172
0.088995 5.5029358304325 33.7686954827523
0.0894949999999999 5.5338529371825 33.8473213030323
0.0899950000000001 5.5647700439325 34.0017092332896
0.090495 5.5956871506825 34.1545086425816
0.0909949999999999 5.6266042574325 34.1772681771405
0.091495 5.6575213641825 34.3601182275357
0.091995 5.6884384709325 34.3935453827494
0.0924949999999999 5.71935557768249 34.6841786364395
0.092995 5.7502726844325 34.7022367783302
0.093495 5.7811897911825 34.8581149214282
0.0939949999999999 5.81210689793249 34.9117448331246
0.094495 5.8430240046825 35.2275963068148
0.0949950000000001 5.87394111143251 35.2755852755914
0.0954950000000001 5.90485821818251 35.367261933951
0.095995 5.9357753249325 35.4755437281509
0.0964950000000002 5.96669243168251 35.6997844383076
0.0969950000000001 5.9976095384325 35.7476534869908
0.097495 6.0285266451825 36.0089966903147
0.0979950000000001 6.05944375193251 36.0606372185395
0.0984950000000001 6.0903608586825 36.129322308999
0.098995 6.1212779654325 36.3081534072549
0.0994950000000001 6.15219507218251 36.5406147946991
0.0999950000000001 6.1831121789325 36.5099176264276
0.100495 6.2140292856825 36.7334323176189
0.100995 6.24494639243251 36.8697460101971
0.101495 6.2758634991825 37.0086607084518
0.101995 6.3067806059325 37.0643960710108
0.102495 6.33769771268251 37.2199862908106
0.102995 6.3686148194325 37.446261871533
0.103495 6.3995319261825 37.5914269239965
0.103995 6.43044903293251 37.545417026365
0.104495 6.4613661396825 37.814865709462
0.104995 6.4922832464325 38.0014141661178
0.105495 6.52320035318251 38.0765298830183
0.105995 6.5541174599325 38.1169113520907
0.106495 6.5850345666825 38.2243143300112
0.106995 6.61595167343251 38.3774545481195
0.107495 6.6468687801825 38.4886719126107
0.107995 6.6777858869325 38.5035183440099
0.108495 6.7087029936825 38.682341661392
0.108995 6.7396201004325 38.6992249774198
0.109495 6.7705372071825 38.8991127249401
0.109995 6.8014543139325 38.9845876074053
0.110495 6.8323714206825 39.0829089200544
0.110995 6.8632885274325 39.2570014141668
0.111495 6.8942056341825 39.4099535499621
0.111995 6.9251227409325 39.525537386028
0.112495 6.9560398476825 39.728173340546
0.112995 6.9869569544325 39.722959517623
0.113495 7.0178740611825 39.8622880303249
0.113995 7.0487911679325 40.0442178523674
0.114495 7.0797082746825 40.1435517850065
0.114995 7.11062538143251 40.2578935515707
0.115495 7.14154248818251 40.3347513475134
0.115995 7.1724595949325 40.5130239774344
0.116495 7.20337670168251 40.648505758738
0.116995 7.23429380843251 40.7344136349761
0.117495 7.2652109151825 40.7541922019061
0.117995 7.29612802193251 40.8824225449838
0.118495 7.3270451286825 41.0556878568796
0.118995 7.3579622354325 41.2060246745442
0.119495 7.38887934218251 41.3771527845314
0.119995 7.4197964489325 41.3248134054292
0.120495 7.4507135556825 41.5266550489239
0.120995 7.48163066243251 41.6905653658232
0.121495 7.5125477691825 41.828954042254
0.121995 7.5434648759325 41.8427015268912
0.122495 7.57438198268251 42.0286432338681
0.122995 7.6052990894325 42.2408149389773
0.123495 7.6362161961825 42.3167049157081
0.123995 7.66713330293251 42.340870400756
0.124495 7.6980504096825 42.4761185468619
0.124995 7.7289675164325 42.6699960382684
0.125495 7.75988462318251 42.7357104046655
0.125995 7.7908017299325 42.8765352055179
0.126495 7.8217188366825 42.9283774389328
0.126995 7.85263594343251 43.097309609868
0.127495 7.8835530501825 43.2035614262317
0.127995 7.9144701569325 43.32072974018
0.128495 7.94538726368251 43.3740642627803
0.128995 7.9763043704325 43.5261728020184
0.129495 8.0072214771825 43.5801074838832
0.129995 8.0381385839325 43.6795925999965
0.130495 8.0690556906825 43.8171132514283
0.130995 8.0999727974325 43.8631098609838
0.131495 8.1308899041825 43.9959688032171
0.131995 8.1618070109325 44.1420276250478
0.132495 8.1927241176825 44.2583983481429
0.132995 8.2236412244325 44.3451648196944
0.133495 8.2545583311825 44.460801487591
0.133995 8.2854754379325 44.5567171271523
0.134495 8.3163925446825 44.6425064218792
0.134995 8.3473096514325 44.8537987341976
0.135495 8.3782267581825 44.8231832261199
0.135995 8.4091438649325 45.0550498417728
0.136495 8.4400609716825 44.9911858450207
0.136995 8.47097807843251 45.2503951895884
0.137495 8.5018951851825 45.2066268566306
0.137995 8.5328122919325 45.3633284039864
0.138495 8.56372939868251 45.4059137607831
0.138995 8.5946465054325 45.5639082660145
0.139495 8.62556361218251 45.603431045613
0.139995 8.6564807189325 45.7507075573836
0.140495 8.6873978256825 45.7854172451754
0.140995 8.71831493243251 45.9015362033615
0.141495 8.74923203918251 46.024527161718
0.141995 8.7801491459325 46.0224555784391
0.142495 8.81106625268251 46.2121319344978
0.142995 8.8419833594325 46.1991174561144
0.143495 8.8729004661825 46.4820740688999
0.143995 8.90381757293251 46.4868750701728
0.144495 8.9347346796825 46.5595639547278
0.144995 8.9656517864325 46.6525380584803
0.145495 8.99656889318251 46.7914965880937
0.145995 9.0274859999325 46.8533366336702
0.146495 9.0584031066825 47.0358488529299
0.146995 9.08932021343251 47.0154396697944
0.147495 9.1202373201825 47.2071286101047
0.147995 9.1511544269325 47.2968092988576
0.148495 9.18207153368251 47.3328065763719
0.148995 9.2129886404325 47.4677127734166
0.149495 9.2439057471825 47.6315015563099
0.149995 9.27482285393251 47.6885940826224
0.150495 9.3057399606825 47.7180603060206
0.150995 9.3366570674325 47.8197227894865
0.151495 9.3675741741825 47.9505134448141
0.151995 9.3984912809325 48.0677726696939
0.152495 9.4294083876825 48.0794435534594
0.152995 9.4603254944325 48.2834927721321
0.153495 9.4912426011825 48.3120724077554
0.153995 9.5221597079325 48.4367629676585
0.154495 9.5530768146825 48.4554218595553
0.154995 9.5839939214325 48.5359930234045
0.155495 9.6149110281825 48.6418798528034
0.155995 9.6458281349325 48.7541060954742
0.156495 9.6767452416825 48.89029782235
0.156995 9.7076623484325 48.8648546450043
0.157495 9.7385794551825 48.9774363539224
0.157995 9.7694965619325 49.0823191815371
0.158495 9.80041366868249 49.3394056812054
0.158995 9.8313307754325 49.2085139322639
0.159495 9.86224788218251 49.3742872504961
0.159995 9.89316498893251 49.381681999562
0.160495 9.9240820956825 49.591570306343
0.160995 9.95499920243251 49.5664331502848
0.161495 9.9859163091825 49.6903993432256
0.161995 10.0168334159325 49.78218050472
0.162495 10.0477505226825 49.7953473716236
0.162995 10.0786676294325 49.8847233971853
0.163495 10.1095847361825 49.9770892208713
0.163995 10.1405018429325 50.153393111546
0.164495 10.1714189496825 50.1589652484352
0.164995 10.2023360564325 50.2660903865086
0.165495 10.2332531631825 50.2991729183773
0.165995 10.2641702699325 50.4310982778871
0.166495 10.2950873766825 50.4809328489011
0.166995 10.3260044834325 50.5106187389803
0.167495 10.3569215901825 50.6256919202596
0.167995 10.3878386969325 50.7179872124236
0.168495 10.4187558036825 50.7016566875
0.168995 10.4496729104325 50.7938730504111
0.169495 10.4805900171825 50.9338127474821
0.169995 10.5115071239325 50.992091777031
0.170495 10.5424242306825 51.0561547876269
0.170995 10.5733413374325 51.1100747868628
0.171495 10.6042584441825 51.2151266679894
0.171995 10.6351755509325 51.2865032379888
0.172495 10.6660926576825 51.3717770593131
0.172995 10.6970097644325 51.3733350014672
0.173495 10.7279268711825 51.4603569717766
0.173995 10.7588439779325 51.5345314698792
0.174495 10.7897610846825 51.7031766733273
0.174995 10.8206781914325 51.6462164203215
0.175495 10.8515952981825 51.7472668255087
0.175995 10.8825124049325 51.7781626660912
0.176495 10.9134295116825 51.9506572842521
0.176995 10.9443466184325 51.929411812916
0.177495 10.9752637251825 52.0755726422235
0.177995 11.0061808319325 52.1675062033587
0.178495 11.0370979386825 52.1710856470272
0.178995 11.0680150454325 52.250657283297
0.179495 11.0989321521825 52.2607067536655
0.179995 11.1298492589325 52.4214119321768
0.180495 11.1607663656825 52.3555270293585
0.180995 11.1916834724325 52.5219167117301
0.181495 11.2226005791825 52.5279553354344
0.181995 11.2535176859325 52.6317686524152
0.182495 11.2844347926825 52.6840643415887
0.182995 11.3153518994325 52.7909934646807
0.183495 11.3462690061825 52.8115653855326
0.183995 11.3771861129325 52.9083668009617
0.184495 11.4081032196825 52.9954406487366
0.184995 11.4390203264325 52.9484274704095
0.185495 11.4699374331825 53.0391334953429
0.185995 11.5008545399325 53.1356266855627
0.186495 11.5317716466825 53.2190120119838
0.186995 11.5626887534325 53.1737085612731
0.187495 11.5936058601825 53.3368715442469
0.187995 11.6245229669325 53.3383846459095
0.188495 11.6554400736825 53.5525275650952
0.188995 11.6863571804325 53.4111906580105
0.189495 11.7172742871825 53.617450713515
0.189995 11.7481913939325 53.5834924186029
0.190495 11.7791085006825 53.7282747535733
0.190995 11.8100256074325 53.7195163618129
0.191495 11.8409427141825 53.7610525926656
0.191995 11.8718598209325 53.9365054292906
0.192495 11.9027769276825 53.9036564245071
0.192995 11.9336940344325 53.9372344198848
0.193495 11.9646111411825 54.021578513595
0.193995 11.9955282479325 54.1906320009491
0.194495 12.0264453546825 54.0792999544932
0.194995 12.0573624614325 54.137654189875
0.195495 12.0882795681825 54.207724936719
0.195995 12.1191966749325 54.3582544041341
0.196495 12.1501137816825 54.3964007642746
0.196995 12.1810308884325 54.3565951987271
0.197495 12.2119479951825 54.516005313819
0.197995 12.2428651019325 54.5667013368012
0.198495 12.2737822086825 54.6449313933657
0.198995 12.3046993154325 54.5191850329286
0.199495 12.3356164221825 54.7557313223203
0.199995 12.3665335289325 54.7445291859169
0.200495 12.3974506356825 54.8138042082042
0.200995 12.4283677424325 54.8208981209346
0.201495 12.4592848491825 54.9448990258615
0.201995 12.4902019559325 55.0306112883646
0.202495 12.5211190626825 55.0190181055846
0.202995 12.5520361694325 54.9895466424664
0.203495 12.5829532761825 55.0413685924423
0.203995 12.6138703829325 55.3009227952219
0.204495 12.6447874896825 55.1234179394989
0.204995 12.6757045964325 55.2103432218504
0.205495 12.7066217031825 55.2347375389051
0.205995 12.7375388099325 55.4779508089252
0.206495 12.7684559166825 55.4168416808279
0.206995 12.7993730234325 55.3991599739507
0.207495 12.8302901301825 55.4089342268718
0.207995 12.8612072369325 55.5972261234331
0.208495 12.8921243436825 55.6316124486874
0.208995 12.9230414504325 55.6816351622109
0.209495 12.9539585571825 55.6165778010425
0.209995 12.9848756639325 55.7427931781896
0.210495 13.0157927706825 55.9012099503787
0.210995 13.0467098774325 55.8098555675308
0.211495 13.0776269841825 55.8755793139557
0.211995 13.1085440909325 55.8435716321978
0.212495 13.1394611976825 56.1266232828333
0.212995 13.1703783044325 55.9563464326123
0.213495 13.2012954111825 56.0766127658222
0.213995 13.2322125179325 56.0555060614291
0.214495 13.2631296246825 56.2750237416366
0.214995 13.2940467314325 56.3007369824767
0.215495 13.3249638381825 56.271062348372
0.215995 13.3558809449325 56.260676483979
0.216495 13.3867980516825 56.3616024913627
0.216995 13.4177151584325 56.6212071267704
0.217495 13.4486322651825 56.4218253854966
0.217995 13.4795493719325 56.4634896413364
0.218495 13.5104664786825 56.5443917748962
0.218995 13.5413835854325 56.7442652599422
0.219495 13.5723006921825 56.6918938622691
0.219995 13.6032177989325 56.6354001981285
0.220495 13.6341349056825 56.7072192772847
0.220995 13.6650520124325 56.8037386904292
0.221495 13.6959691191825 56.871337583598
0.221995 13.7268862259325 56.8579723908652
0.222495 13.7578033326825 56.9779117234249
0.222995 13.7887204394325 56.9324267049231
0.223495 13.8196375461825 57.1162788523982
0.223995 13.8505546529325 56.9934933946812
0.224495 13.8814717596825 57.1715444580788
0.224995 13.9123888664325 57.2186112118602
0.225495 13.9433059731825 57.2226821798776
0.225995 13.9742230799325 57.2195735932496
0.226495 14.0051401866825 57.3219734134404
0.226995 14.0360572934325 57.4881669893519
0.227495 14.0669744001825 57.3233544393257
0.227995 14.0978915069325 57.4699836265772
0.228495 14.1288086136825 57.5031584004161
0.228995 14.1597257204325 57.619814768111
0.229495 14.1906428271825 57.5594981247567
0.229995 14.2215599339325 57.6653887483794
0.230495 14.2524770406825 57.6844327184187
0.230995 14.2833941474325 57.7617533824855
0.231495 14.3143112541825 57.7872729402585
0.231995 14.3452283609325 57.7120878666122
0.232495 14.3761454676825 57.8952552158619
0.232995 14.4070625744325 57.8992692168864
0.233495 14.4379796811825 58.0535048634284
0.233995 14.4688967879325 58.0131196286798
0.234495 14.4998138946825 58.1620422188528
0.234995 14.5307310014325 58.0985822593121
0.235495 14.5616481081825 58.1456458038874
0.235995 14.5925652149325 58.1314142935721
0.236495 14.6234823216825 58.2122094820259
0.236995 14.6543994284325 58.2774926591016
0.237495 14.6853165351825 58.3251024797896
0.237995 14.7162336419325 58.3179648521347
0.238495 14.7471507486825 58.3539826094808
0.238995 14.7780678554325 58.5683411073845
0.239495 14.8089849621825 58.5516985693807
0.239995 14.8399020689325 58.5341166786353
0.240495 14.8708191756825 58.5291452203727
0.240995 14.9017362824325 58.6460790863754
0.241495 14.9326533891825 58.6904695620852
0.241995 14.9635704959325 58.6468389538017
0.242495 14.9944876026825 58.7435391609816
0.242995 15.0254047094325 58.7344449411279
0.243495 15.0563218161825 58.9200140665723
0.243995 15.0872389229325 58.8763601987941
0.244495 15.1181560296825 58.9820297400362
0.244995 15.1490731364325 58.9391647828349
0.245495 15.1799902431825 59.1188756160288
0.245995 15.2109073499325 59.1285325042302
0.246495 15.2418244566825 59.1171459411206
0.246995 15.2727415634325 59.1803933377905
0.247495 15.3036586701825 59.2311970772516
0.247995 15.3345757769325 59.2780491098444
0.248495 15.3654928836825 59.3023627773063
0.248995 15.3964099904325 59.3936285953614
0.249495 15.4273270971825 59.3958053184904
0.249995 15.4582442039325 59.5090811900412
0.250495 15.4891613106825 59.4275412590495
0.250995 15.5200784174325 59.6077060607977
0.251495 15.5509955241825 59.604114296309
0.251995 15.5819126309325 59.6895535060024
0.252495 15.6128297376825 59.7189882334669
0.252995 15.6437468444325 59.567072631434
0.253495 15.6746639511825 59.8071722403364
0.253995 15.7055810579325 59.9225009843021
0.254495 15.7364981646825 60.0409526291422
0.254995 15.7674152714325 59.8897262420659
0.255495 15.7983323781825 60.0907607542008
0.255995 15.8292494849325 60.0679292196613
0.256495 15.8601665916825 60.0285063965344
0.256995 15.8910836984325 60.1964925385517
0.257495 15.9220008051825 60.2306073714601
0.257995 15.9529179119325 60.2859505463503
0.258495 15.9838350186825 60.2629517615679
0.258995 16.0147521254325 60.4660809115553
0.259495 16.0456692321825 60.3488484093695
0.259995 16.0765863389325 60.4649128886637
0.260495 16.1075034456825 60.5374254742856
0.260995 16.1384205524325 60.7447969843781
0.261495 16.1693376591825 60.5608186286727
0.261995 16.2002547659325 60.5949290993058
0.262495 16.2311718726825 60.7354175405913
0.262995 16.2620889794325 60.8060153959348
0.263495 16.2930060861825 60.8481033871285
0.263995 16.3239231929325 60.7212383832898
0.264495 16.3548402996825 60.9770043774656
0.264995 16.3857574064325 60.9773177848031
0.265495 16.4166745131825 61.0192019530746
0.265995 16.4475916199325 60.9504806914166
0.266495 16.4785087266825 61.1442734338983
0.266995 16.5094258334325 61.4186194562432
0.267495 16.5403429401825 61.3324583514653
0.267995 16.5712600469325 61.2705985051761
0.268495 16.6021771536825 61.4839491673011
0.268995 16.6330942604325 61.6355035384863
0.269495 16.6640113671825 61.5838429822265
0.269995 16.6949284739325 61.5425647416208
0.270495 16.7258455806825 61.6315738108349
0.270995 16.7567626874325 61.7843680025631
0.271495 16.7876797941825 61.6885154425283
0.271995 16.8185969009325 61.8421048596278
0.272495 16.8495140076825 61.9784537860792
0.272995 16.8804311144325 62.0669661194291
0.273495 16.9113482211825 62.1497694328039
0.273995 16.9422653279325 62.0356174745828
0.274495 16.9731824346825 62.1638906606032
0.274995 17.0040995414325 62.2813348800239
0.275495 17.0350166481825 62.2770953360827
0.275995 17.0659337549325 62.3279744805108
0.276495 17.0968508616825 62.5713295688625
0.276995 17.1277679684325 62.6433553795567
0.277495 17.1586850751825 62.6046039544653
0.277995 17.1896021819325 62.4832424815644
0.278495 17.2205192886825 62.6866588944417
0.278995 17.2514363954325 62.736443969832
0.279495 17.2823535021825 62.743616422868
0.279995 17.3132706089325 62.8657167136763
0.280495 17.3441877156825 62.9685759276104
0.280995 17.3751048224325 63.0577549090152
0.281495 17.4060219291825 63.090022524613
0.281995 17.4369390359325 63.1228569522754
0.282495 17.4678561426825 63.2372673408255
0.282995 17.4987732494325 63.4063209286479
0.283495 17.5296903561825 63.3709404672579
0.283995 17.5606074629325 63.492093971536
0.284495 17.5915245696825 63.6085991539904
0.284995 17.6224416764325 63.7466937071721
0.285495 17.6533587831825 63.7718204220859
0.285995 17.6842758899325 63.7824045611649
0.286495 17.7151929966825 63.9266633754269
0.286995 17.7461101034325 64.022521846882
0.287495 17.7770272101825 64.1500420667802
0.287995 17.8079443169325 64.0472705396616
0.288495 17.8388614236825 64.1976381395234
0.288995 17.8697785304325 64.3050615592964
0.289495 17.9006956371825 64.4218962454421
0.289995 17.9316127439325 64.5601338692341
0.290495 17.9625298506825 64.4279412693576
0.290995 17.9934469574325 64.6445379277441
0.291495 18.0243640641825 64.7985694116852
0.291995 18.0552811709325 64.959784416485
0.292495 18.0861982776825 64.9932498009026
0.292995 18.1171153844325 65.0726072361411
0.293495 18.1480324911825 65.1896742001708
0.293995 18.1789495979325 65.2555240238033
0.294495 18.2098667046825 65.2827979674914
0.294995 18.2407838114325 65.599215865832
0.295495 18.2717009181825 65.5732591546789
0.295995 18.3026180249325 65.7409823853746
0.296495 18.3335351316825 65.7767170197695
0.296995 18.3644522384325 65.8531034412378
0.297495 18.3953693451825 66.0485449296779
0.297995 18.4262864519325 66.2003293080277
0.298495 18.4572035586825 66.2515010125875
0.298995 18.4881206654325 66.3710259957137
0.299495 18.5190377721825 66.688665090179
0.299995 18.5499548789325 66.7006940733771
0.300495 18.5808719856825 66.7717161545028
0.300995 18.6117890924325 66.8614437411917
0.301495 18.6427061991825 67.051666227153
0.301995 18.6736233059325 66.986846167904
0.302495 18.7045404126825 67.2405456037787
0.302995 18.7354575194325 67.4147279259039
0.303495 18.7663746261825 67.5414367080588
0.303995 18.7972917329325 67.7752731376283
0.304495 18.8282088396825 67.8393991292927
0.304995 18.8591259464325 67.9143377559629
0.305495 18.8900430531825 68.0954029435131
0.305995 18.9209601599325 68.2959045653412
0.306495 18.9518772666825 68.4617708843743
0.306995 18.9827943734325 68.3488275764432
0.307495 19.0137114801825 68.6080116249463
0.307995 19.0446285869325 68.9247243032957
0.308495 19.0755456936825 68.9681061739876
0.308995 19.1064628004325 69.0983992812324
0.309495 19.1373799071825 69.2096988499959
0.309995 19.1682970139325 69.3215403025994
0.310495 19.1992141206825 69.5831890050947
0.310995 19.2301312274325 69.7802892354662
0.311495 19.2610483341825 69.8933668092674
0.311995 19.2919654409325 70.0146568054318
0.312495 19.3228825476825 70.6203149340394
0.312995 19.3537996544325 70.2263470170567
0.313495 19.3847167611825 70.6187651606282
0.313995 19.4156338679325 70.7715466845639
0.314495 19.4465509746825 71.1856745940552
0.314995 19.4774680814325 71.134944236089
0.315495 19.5083851881825 71.3142054904956
0.315995 19.5393022949325 71.4675134457107
0.316495 19.5702194016825 71.4560064647992
0.316995 19.6011365084325 71.9400235893781
0.317495 19.6320536151825 72.1477936215755
0.317995 19.6629707219325 72.2440061572155
0.318495 19.6938878286825 72.5103071252981
0.318995 19.7248049354325 72.8507583329286
0.319495 19.7557220421825 72.8006367870816
0.319995 19.7866391489325 72.955200687601
0.320495 19.8175562556825 73.3426463167539
0.320995 19.8484733624325 73.2762363669771
0.321495 19.8793904691825 73.6031670791117
0.321995 19.9103075759325 73.9461057332435
0.322495 19.9412246826825 74.0293375776425
0.322995 19.9721417894325 74.2560657723883
0.323495 20.0030588961825 74.4281542649492
0.323995 20.0339760029325 74.8571608179465
0.324495 20.0648931096825 75.0064309415505
0.324995 20.0958102164325 75.1708762404191
0.325495 20.1267273231825 75.406626951701
0.325995 20.1576444299325 75.6574645659486
0.326495 20.1885615366825 75.8701889375291
0.326995 20.2194786434325 76.0542610218548
0.327495 20.2503957501825 76.1467800899881
0.327995 20.2813128569325 76.6835958460422
0.328495 20.3122299636825 76.7772210073769
0.328995 20.3431470704325 76.9459850310404
0.329495 20.3740641771825 77.3839666837163
0.329995 20.4049812839325 77.5766446343218
0.330495 20.4358983906825 77.4797907966158
0.330995 20.4668154974325 78.1054461510459
0.331495 20.4977326041825 78.1864927763253
0.331995 20.5286497109325 78.3119548698657
0.332495 20.5595668176825 78.7111909853341
0.332995 20.5904839244325 78.9609664296111
0.333495 20.6214010311825 79.2190292324159
0.333995 20.6523181379325 79.4186259456669
0.334495 20.6832352446825 79.6925475989707
0.334995 20.7141523514325 79.9499663067891
0.335495 20.7450694581825 80.3332448191401
0.335995 20.7759865649325 80.639626028161
0.336495 20.8069036716825 80.6862516924328
0.336995 20.8378207784325 80.9369667988919
0.337495 20.8687378851825 81.3591067654752
0.337995 20.8996549919325 81.4088308321279
0.338495 20.9305720986825 81.9105873835347
0.338995 20.9614892054325 82.2716163918991
0.339495 20.9924063121825 82.2622179752723
0.339995 21.0233234189325 82.7866014942397
0.340495 21.0542405256825 83.1262292894097
0.340995 21.0851576324325 83.1279928417924
0.341495 21.1160747391825 83.6589014721487
0.341995 21.1469918459325 83.7827304327853
0.342495 21.1779089526825 84.2660170846016
0.342995 21.2088260594325 84.2450980656206
0.343495 21.2397431661825 84.6553475934443
0.343995 21.2706602729325 84.7562847000335
0.344495 21.3015773796825 85.3435831717631
0.344995 21.3324944864325 85.5516317481468
0.345495 21.3634115931825 85.845349555805
0.345995 21.3943286999325 86.1514166140193
0.346495 21.4252458066825 86.432142424866
0.346995 21.4561629134325 86.8886970196354
0.347495 21.4870800201825 87.0864079405965
0.347995 21.5179971269325 87.2529014053229
0.348495 21.5489142336825 87.6422015929523
0.348995 21.5798313404325 88.0301276330923
0.349495 21.6107484471825 88.2251454389946
0.349995 21.6416655539325 88.5530219008789
0.350495 21.6725826606825 88.7311089824114
0.350995 21.7034997674325 88.9195861447223
0.351495 21.7344168741825 89.8786933100532
0.351995 21.7653339809325 89.3772372991103
0.352495 21.7962510876825 89.9593039064856
0.352995 21.8271681944325 90.3913938450889
0.353495 21.8580853011825 90.6880519470792
0.353995 21.8890024079325 91.0494982289261
0.354495 21.9199195146825 91.2839913528347
0.354995 21.9508366214325 91.5059766633908
0.355495 21.9817537281825 92.1701535648279
0.355995 22.0126708349325 92.2030537465046
0.356495 22.0435879416825 92.5403910817293
0.356995 22.0745050484325 93.0963083603365
0.357495 22.1054221551825 93.2467139180064
0.357995 22.1363392619325 93.8189169538265
0.358495 22.1672563686825 93.688925388046
0.358995 22.1981734754325 94.3537654867622
0.359495 22.2290905821825 94.8226788886999
0.359995 22.2600076889325 94.8594695765015
0.360495 22.2909247956825 95.6377856561181
0.360995 22.3218419024325 95.7283928269591
0.361495 22.3527590091825 95.935169016692
0.361995 22.3836761159325 96.3441491162947
0.362495 22.4145932226825 96.7929336778624
0.362995 22.4455103294325 97.1347294159302
0.363495 22.4764274361825 97.3962315528124
0.363995 22.5073445429325 97.8626302945887
0.364495 22.5382616496825 98.2893323511102
0.364995 22.5691787564325 98.2956448169948
0.365495 22.6000958631825 98.9891259317119
0.365995 22.6310129699325 99.2832535883984
0.366495 22.6619300766825 99.7050708050137
0.366995 22.6928471834325 100.180115292552
0.367495 22.7237642901825 100.298872257415
0.367995 22.7546813969325 100.884375853722
0.368495 22.7855985036825 100.939429413045
0.368995 22.8165156104325 101.634716947937
0.369495 22.8474327171825 102.031588194866
0.369995 22.8783498239325 102.368751861288
0.370495 22.9092669306825 103.095016155768
0.370995 22.9401840374325 103.39038970842
0.371495 22.9711011441825 103.926887326605
0.371995 23.0020182509325 104.056790109172
0.372495 23.0329353576825 104.395750939552
0.372995 23.0638524644325 104.940608106435
0.373495 23.0947695711825 105.46678738813
0.373995 23.1256866779325 105.67030851011
0.374495 23.1566037846825 106.242299802746
0.374995 23.1875208914325 106.414222327987
0.375495 23.2184379981825 107.421312221102
0.375995 23.2493551049325 107.631284365783
0.376495 23.2802722116825 108.103073753241
0.376995 23.3111893184325 108.438412958515
0.377495 23.3421064251825 108.721495109841
0.377995 23.3730235319325 109.107734699596
0.378495 23.4039406386825 109.70679754531
0.378995 23.4348577454325 109.843960395406
0.379495 23.4657748521825 110.519750211927
0.379995 23.4966919589325 110.530093350361
0.380495 23.5276090656825 110.046334920015
0.380995 23.5585261724325 107.870961371991
0.381495 23.5894432791825 103.339447210023
0.381995 23.6203603859325 97.26560408047
0.382495 23.6512774926825 92.0526603955906
0.382995 23.6821945994325 87.4150849908172
0.383495 23.7131117061825 83.2063311616356
0.383995 23.7440288129325 79.4506778765469
0.384495 23.7749459196825 75.9220796280601
0.384995 23.8058630264325 72.8458171659211
0.385495 23.8367801331825 69.6321301727993
0.385995 23.8676972399325 66.4898131362513
0.386495 23.8986143466825 63.5724814045763
0.386995 23.9295314534325 60.7788839157727
0.387495 23.9604485601825 58.0750860949982
0.387995 23.9913656669325 55.3633821676422
0.388495 24.0222827736825 52.840633916071
0.388995 24.0531998804325 50.4520537934766
0.389495 24.0841169871825 48.2177938903953
0.389995 24.1150340939325 46.1156915659944
0.390495 24.1459512006825 44.1776593440643
0.390995 24.1768683074325 42.4897532579615
0.391495 24.2077854141825 40.9654638521455
0.391995 24.2387025209325 39.7615862718823
0.392495 24.2696196276825 38.7030239459548
0.392995 24.3005367344325 37.8323917539619
0.393495 24.3314538411825 36.9891132336974
0.393995 24.3623709479325 36.1737885551599
0.394495 24.3932880546825 35.3931245133028
0.394995 24.4242051614325 34.6309985095506
0.395495 24.4551222681825 33.8421964207973
0.395995 24.4860393749325 33.086695205677
0.396495 24.5169564816825 32.3371187214618
0.396995 24.5478735884325 31.6061105084691
0.397495 24.5787906951825 30.9116574655645
0.397995 24.6097078019325 30.2193026296889
0.398495 24.6406249086825 29.5575623951672
0.398995 24.6715420154325 28.902706123188
0.399495 24.7024591221825 28.2741694997726
0.399995 24.7333762289325 27.6517054276295
0.400495 24.7642933356825 27.0395592415844
0.400995 24.7952104424325 26.4479057388358
0.401495 24.8261275491825 25.851171293428
0.401995 24.8570446559325 25.2847712751025
0.402495 24.8879617626825 24.7137508614129
0.402995 24.9188788694325 24.1455273976281
0.403495 24.9497959761825 23.5981681668832
0.403995 24.9807130829325 23.0633900404746
0.404495 25.0116301896825 22.4244684806454
0.404995 25.0425472964325 21.7146248479722
0.405495 25.0734644031825 20.9447155817001
0.405995 25.1043815099325 20.1364470914919
0.406495 25.1352986166825 19.2670731089776
0.406995 25.1662157234325 18.3497327824446
0.407495 25.1971328301825 17.385162648742
0.407995 25.2280499369325 16.3848718732609
0.408495 25.2589670436825 15.3210186443495
0.408995 25.2898841504325 14.1906442083626
0.409495 25.3208012571825 13.0304819350948
0.409995 25.3517183639325 11.7916365073825
0.410495 25.3826354706825 10.5187789277062
0.410995 25.4135525774325 9.16728354416917
0.411495 25.4444696841825 7.74674335938749
0.411995 25.4753867909325 6.27725708108614
0.412495 25.5063038976825 4.74003505325776
0.412995 25.5372210044325 3.11525477660916
0.413495 25.5681381111825 1.53712212018651
0.413995 25.5990552179325 0.117607162185831
0.414495 25.6299723246825 -1.10437933864076
0.414995 25.6608894314325 -2.35645076433569
0.415495 25.6918065381825 -3.7621097150138
0.415995 25.7227236449325 -5.22820504335036
0.416495 25.7536407516825 -6.78936233110595
0.416995 25.7845578584325 -8.36575075538114
0.417495 25.8154749651825 -9.47660226967159
0.417995 25.8463920719325 -9.43484164760417
0.418495 25.8773091786825 -9.69265120079703
0.418995 25.9082262854325 -9.18359034455863
0.419495 25.9391433921825 -8.96454365939439
0.419995 25.9700604989325 -8.08043782373917
0.420495 26.0009776056825 -7.28371906975551
0.420995 26.0318947124325 -6.33160933057501
0.421495 26.0628118191825 -5.76577013878279
0.421995 26.0937289259325 -5.36499790916782
0.422495 26.1246460326825 -5.07813768864679
0.422995 26.1555631394325 -4.64173361865994
0.423495 26.1864802461825 -3.83937934147853
0.423995 26.2173973529325 -3.32059854005734
0.424495 26.2483144596825 -2.93794229142199
0.424995 26.2792315664325 -2.78213895980579
0.425495 26.3101486731825 -2.68712233577219
0.425995 26.3410657799325 -2.49232131155026
0.426495 26.3719828866825 -2.71781962563864
0.426995 26.4028999934325 -3.01676554385739
0.427495 26.4338171001825 -3.24908153770883
0.427995 26.4647342069325 -3.31438536933352
0.428495 26.4956513136825 -3.11612839734055
0.428995 26.5265684204325 -2.82404239812154
0.429495 26.5574855271825 -2.75669461884131
0.429995 26.5884026339325 -2.469089157745
0.430495 26.6193197406825 -2.34248663486028
0.430995 26.6502368474325 -2.40046662974027
0.431495 26.6811539541825 -2.14823094864526
0.431995 26.7120710609325 -2.00233233820852
0.432495 26.7429881676825 -1.69751192501353
0.432995 26.7739052744325 -1.79998476412286
0.433495 26.8048223811825 -1.64454835635044
0.433995 26.8357394879325 -1.51479063208198
0.434495 26.8666565946825 -1.41570996366118
0.434995 26.8975737014325 -1.4770133518598
0.435495 26.9284908081825 -1.26907061152375
0.435995 26.9594079149325 -1.32753110451383
0.436495 26.9903250216825 -1.21177234150596
0.436995 27.0212421284325 -1.18551811769138
0.437495 27.0521592351825 -1.13889570283787
0.437995 27.0830763419325 -0.983676082072961
0.438495 27.1139934486825 -1.2061723318513
0.438995 27.1449105554325 -1.16437708506867
0.439495 27.1758276621825 -1.36143735947849
0.439995 27.2067447689325 -1.24775080359686
0.440495 27.2376618756825 -1.39592264886332
0.440995 27.2685789824325 -1.27074695157814
0.441495 27.2994960891825 -1.2426064213225
0.441995 27.3304131959325 -1.25336184685216
0.442495 27.3613303026825 -1.02168260037867
0.442995 27.3922474094325 -0.842310219151486
0.443495 27.4231645161825 -0.591553188733054
0.443995 27.4540816229325 -0.539467036116381
0.444495 27.4849987296825 -0.49305040249768
0.444995 27.5159158364325 -0.333469997609472
0.445495 27.5468329431825 -0.508809716134828
0.445995 27.5777500499325 -0.350413517390683
0.446495 27.6086671566825 -0.460812702885881
0.446995 27.6395842634325 -0.472643237603292
0.447495 27.6705013701825 -0.442616346023613
0.447995 27.7014184769325 -0.542850194735758
0.448495 27.7323355836825 -0.629994984908737
0.448995 27.7632526904325 -0.576453681879141
0.449495 27.7941697971825 -0.630734187709675
0.449995 27.8250869039325 -0.666170628548317
0.450495 27.8560040106825 -0.338366637720043
0.450995 27.8869211174325 -0.313710035465912
0.451495 27.9178382241825 -0.23703860379119
0.451995 27.9487553309325 -0.34229802487204
0.452495 27.9796724376825 -0.225515041472521
0.452995 28.0105895444325 -0.159276703423091
0.453495 28.0415066511825 -0.208339848557135
0.453995 28.0724237579325 -0.314006620206282
0.454495 28.1033408646825 -0.105629608750402
0.454995 28.1342579714325 -0.37580397927593
0.455495 28.1651750781825 -0.315289350018068
0.455995 28.1960921849325 -0.599264359630444
0.456495 28.2270092916825 -0.486857936636341
0.456995 28.2579263984325 -0.440731433008482
0.457495 28.2888435051825 -0.481798941149146
0.457995 28.3197606119325 -0.392482991650618
0.458495 28.3506777186825 -0.490637639910144
0.458995 28.3815948254325 -0.438191537814138
0.459495 28.4125119321825 -0.605414190574096
0.459995 28.4434290389325 -0.528596083071389
0.460495 28.4743461456825 -0.576420564693334
0.460995 28.5052632524325 -0.359257754433554
0.461495 28.5361803591825 -0.286510455462479
0.461995 28.5670974659325 -0.307161698187455
0.462495 28.5980145726825 -0.189081041963164
0.462995 28.6289316794325 -0.371308687302274
0.463495 28.6598487861825 -0.309175059011582
0.463995 28.6907658929325 -0.276963630154479
0.464495 28.7216829996825 -0.462031606104609
0.464995 28.7526001064325 -0.564933873632385
0.465495 28.7835172131825 -0.665184131616348
0.465995 28.8144343199325 -0.630099762922855
0.466495 28.8453514266825 -0.566555939710738
0.466995 28.8762685334325 -0.640718244527669
0.467495 28.9071856401825 -0.537491168594217
0.467995 28.9381027469325 -0.31614472533755
0.468495 28.9690198536825 -0.344841945219407
0.468995 28.9999369604325 -0.416589569489495
0.469495 29.0308540671825 -0.620548832824277
0.469995 29.0617711739325 -0.678710323230098
0.470495 29.0926882806825 -0.471084454680136
0.470995 29.1236053874325 -0.552143562640451
0.471495 29.1545224941825 -0.396904342400869
0.471995 29.1854396009325 -0.455894005429595
0.472495 29.2163567076825 -0.456958146125301
0.472995 29.2472738144325 -0.286777024146435
0.473495 29.2781909211825 -0.438753755336255
0.473995 29.3091080279325 -0.449792125167814
0.474495 29.3400251346825 -0.289549641772475
0.474995 29.3709422414325 -0.211086911287069
0.475495 29.4018593481825 -0.221134348389467
0.475995 29.4327764549325 -0.307982775622351
0.476495 29.4636935616825 -0.257993621519885
0.476995 29.4946106684325 -0.0283316047166661
0.477495 29.5255277751825 -0.292024295929041
0.477995 29.5564448819325 -0.347347764600352
0.478495 29.5873619886825 -0.419179831398742
0.478995 29.6182790954325 -0.673829296127934
0.479495 29.6491962021825 -0.566199276332385
0.479995 29.6801133089325 -0.603234068686274
0.480495 29.7110304156825 -0.436948051795572
0.480995 29.7419475224325 -0.504005975280875
0.481495 29.7728646291825 -0.309250911204128
0.481995 29.8037817359325 -0.416071327752754
0.482495 29.8346988426825 -0.270267129532328
0.482995 29.8656159494325 -0.349625289628454
0.483495 29.8965330561825 -0.146737693842851
0.483995 29.9274501629325 -0.28144003808435
0.484495 29.9583672696825 -0.310702688556489
0.484995 29.9892843764325 -0.351647781801747
0.485495 30.0202014831825 -0.36815117301503
0.485995 30.0511185899325 -0.225346125788708
0.486495 30.0820356966825 -0.209780592562275
0.486995 30.1129528034325 -0.305472128956897
0.487495 30.1438699101825 -0.301436226700833
0.487995 30.1747870169325 -0.387062478212895
0.488495 30.2057041236825 -0.523619277019643
0.488995 30.2366212304325 -0.341693227354096
0.489495 30.2675383371825 -0.361706324075538
0.489995 30.2984554439325 -0.382860258410167
0.490495 30.3293725506825 -0.435808684669106
0.490995 30.3602896574325 -0.285254336007052
0.491495 30.3912067641825 -0.344981602774132
0.491995 30.4221238709325 -0.125562043306489
0.492495 30.4530409776825 -0.199216543477321
0.492995 30.4839580844325 0.006462025877347
0.493495 30.5148751911825 -0.0470410707947328
0.493995 30.5457922979325 -0.136327244647514
0.494495 30.5767094046825 -0.0288529428945363
0.494995 30.6076265114325 0.0879749201068454
0.495495 30.6385436181825 0.0751456264068899
0.495995 30.6694607249325 -0.0788960792727841
0.496495 30.7003778316825 -0.0441013905432683
0.496995 30.7312949384325 -0.0909843667781463
0.497495 30.7622120451825 -0.0225085031258963
0.497995 30.7931291519325 -0.30570190595651
0.498495 30.8240462586825 -0.325225986795747
0.498995 30.8549633654325 -0.25037739766356
0.499495 30.8858804721825 -0.122425384161054
0.499995 30.9167975789325 -0.282461760174512
