# Fix print output for fix Step
2.0035752857691e-16 1.13686837721616e-14 0.700880070692442
0.000495000000000393 0.0280872823057621 0.852063657444439
0.000995000000000384 0.0564582745337816 0.985963618269543
0.00149500000000038 0.0848292667618011 1.47361751527328
0.00199500000000037 0.113200258989821 1.68714835873388
0.00249500000000036 0.14157125121784 1.54429090820782
0.00299500000000035 0.16994224344586 2.03829550800984
0.00349500000000034 0.198313235673879 2.3874627974145
0.00399500000000034 0.226684227901899 2.31738541071758
0.00449500000000033 0.255055220129918 2.48871944257786
0.00499500000000032 0.283426212357938 3.0083934263776
0.00549500000000031 0.311797204585957 3.0648035969079
0.0059950000000003 0.340168196813977 3.08482815186036
0.00649500000000029 0.368539189041996 3.61780265143219
0.00699500000000029 0.396910181270016 3.79974859505518
0.00749500000000028 0.425281173498036 3.73567828885599
0.00799500000000027 0.453652165726055 4.17030643697946
0.00849500000000026 0.482023157954075 4.51071160700973
0.00899500000000025 0.510394150182094 4.45439459928471
0.00949500000000024 0.538765142410114 4.68212927730657
0.00999500000000024 0.567136134638133 5.12786110237044
0.0104950000000002 0.595507126866153 5.18047847132131
0.0109950000000002 0.623878119094172 5.24024480326855
0.0114950000000002 0.652249111322192 5.61961290926791
0.0119950000000002 0.680620103550211 5.87982185284386
0.0124950000000002 0.708991095778231 5.8609125908276
0.0129950000000002 0.73736208800625 6.14093923762029
0.0134950000000002 0.76573308023427 6.49194323465351
0.0139950000000002 0.794104072462289 6.53326024785525
0.0144950000000002 0.822475064690309 6.70809921352552
0.0149950000000002 0.850846056918328 7.09559407517658
0.0154950000000001 0.879217049146348 7.17900449829409
0.0159950000000001 0.907588041374368 7.22998214219977
0.0164950000000001 0.935959033602387 7.61168700433192
0.0169950000000001 0.964330025830407 7.88006648541235
0.0174950000000001 0.992701018058426 7.91532554443047
0.0179950000000001 1.02107201028645 8.08460598023122
0.0184950000000001 1.04944300251447 8.45368677150309
0.0189950000000001 1.07781399474248 8.55374168081362
0.0194950000000001 1.1061849869705 8.66842982260403
0.0199950000000001 1.13455597919852 8.96618169890499
0.0204950000000001 1.16292697142654 9.16186365321396
0.0209950000000003 1.19129796365457 9.25173364427335
0.0214950000000002 1.21966895588259 9.52329426795036
0.0219950000000002 1.24803994811061 9.82300266307786
0.0224950000000002 1.27641094033863 9.87918384350429
0.0229950000000002 1.30478193256665 9.92818961756069
0.0234950000000002 1.33315292479467 10.2680774176182
0.0239950000000004 1.3615239170227 10.519957277858
0.0244950000000004 1.38989490925072 10.5994472059463
0.0249950000000004 1.41826590147874 10.8187372272909
0.0254950000000004 1.44663689370676 11.0892022075149
0.0259950000000004 1.47500788593478 11.1756701258154
0.0264950000000004 1.5033788781628 11.2825613227813
0.0269950000000004 1.53174987039082 11.6459895334222
0.0274950000000003 1.56012086261884 11.8090297283582
0.0279950000000003 1.58849185484686 11.8355511736699
0.0284950000000003 1.61686284707488 12.0686476728827
0.0289950000000003 1.6452338393029 12.3594677208343
0.0294950000000003 1.67360483153092 12.4792832513259
0.0299950000000003 1.70197582375894 12.619686420972
0.0304950000000003 1.73034681598696 12.9172755334089
0.0309950000000003 1.75871780821498 13.061192562454
0.0314950000000003 1.787088800443 13.073985443682
0.0319950000000003 1.81545979267102 13.3428614058692
0.0324950000000003 1.84383078489903 13.6031232229451
0.0329950000000003 1.87220177712705 13.7268730054945
0.0334950000000003 1.90057276935507 13.8788618967372
0.0339950000000002 1.92894376158309 14.2192980545339
0.0344950000000002 1.95731475381111 14.331311271384
0.0349950000000002 1.98568574603913 14.3581812894075
0.0354950000000002 2.01405673826715 14.6128918482061
0.0359950000000002 2.04242773049517 14.8643151561175
0.0364950000000002 2.07079872272319 14.8998362874011
0.0369950000000002 2.09916971495121 15.0951554222302
0.0374950000000002 2.12754070717923 15.4094400022378
0.0379950000000002 2.15591169940725 15.4974733484147
0.0384950000000002 2.18428269163527 15.5860920407624
0.0389950000000002 2.21265368386329 15.8630299698527
0.0394950000000002 2.24102467609131 16.0262311292878
0.0399950000000001 2.26939566831933 16.097233894176
0.0404950000000001 2.29776666054735 16.2976084543091
0.0409950000000001 2.32613765277537 16.576576561068
0.0414950000000001 2.35450864500339 16.7069559541916
0.0419950000000001 2.38287963723141 16.8520315262653
0.0424950000000001 2.41125062945943 17.1231627926145
0.0429950000000001 2.43962162168744 17.2635923750231
0.0434950000000001 2.46799261391546 17.326191498787
0.0439950000000001 2.49636360614348 17.4947948749392
0.0444950000000001 2.5247345983715 17.7054448914853
0.0449950000000003 2.55310559059953 17.779951807138
0.0454950000000003 2.58147658282755 17.9614022565001
0.0459950000000002 2.60984757505557 18.2004993880685
0.0464950000000002 2.63821856728359 18.3729122987212
0.0469950000000002 2.66658955951161 18.4708582589708
0.0474950000000002 2.69496055173963 18.6976851453772
0.0479950000000004 2.72333154396766 18.9155997606346
0.0484950000000004 2.75170253619568 18.9916885973657
0.0489950000000004 2.7800735284237 19.1617899891845
0.0494950000000004 2.80844452065172 19.4155583486748
0.0499950000000004 2.83681551287974 19.5238089355955
0.0504950000000004 2.86518650510776 19.630746014972
0.0509950000000004 2.89355749733578 19.8593211150973
0.0514950000000004 2.9219284895638 20.0262843427057
0.0519950000000003 2.95029948179182 20.1174468975036
0.0524950000000003 2.97867047401984 20.3169220291868
0.0529950000000003 3.00704146624786 20.5045320561377
0.0534950000000003 3.03541245847588 20.6005409450574
0.0539950000000003 3.0637834507039 20.7537606284402
0.0544950000000003 3.09215444293192 20.9842011043374
0.0549950000000003 3.12052543515994 21.148918566908
0.0554950000000003 3.14889642738796 21.2725688221207
0.0559950000000003 3.17726741961598 21.4781204651325
0.0564950000000003 3.20563841184399 21.6682379679531
0.0569950000000003 3.23400940407201 21.772696934069
0.0574950000000003 3.26238039630003 21.9190473733719
0.0579950000000002 3.29075138852805 22.1088375778398
0.0584950000000002 3.31912238075607 22.2550803059762
0.0589950000000002 3.34749337298409 22.3637262915469
0.0594950000000002 3.37586436521211 22.5655371832189
0.0599950000000002 3.40423535744013 22.736842495988
0.0604950000000002 3.43260634966815 22.8427094839953
0.0609950000000002 3.46097734189617 23.005543820208
0.0614950000000002 3.48934833412419 23.1895409108926
0.0619950000000002 3.51771932635221 23.3345458854917
0.0624950000000002 3.54609031858023 23.4534685981977
0.0629950000000002 3.57446131080825 23.6477198645869
0.0634950000000002 3.60283230303627 23.7997286558243
0.0639950000000001 3.63120329526429 23.908039347541
0.0644950000000001 3.65957428749231 24.0455877653451
0.0649950000000001 3.68794527972033 24.2462266867876
0.0654950000000001 3.71631627194835 24.3807185192365
0.0659950000000001 3.74468726417637 24.4918976769247
0.0664950000000001 3.77305825640439 24.6833269268963
0.0669950000000001 3.80142924863241 24.8432438388372
0.0674950000000001 3.82980024086042 24.9712577939726
0.0679950000000001 3.85817123308844 25.1227256754493
0.0684950000000001 3.88654222531646 25.2978306740108
0.0689950000000003 3.91491321754449 25.4181381302805
0.0694950000000003 3.94328420977251 25.5302241221904
0.0699950000000003 3.97165520200053 25.6892750452967
0.0704950000000002 4.00002619422855 25.841313952416
0.0709950000000004 4.02839718645658 25.9576363277464
0.0714950000000004 4.0567681786846 26.1125380702966
0.0719950000000004 4.08513917091262 26.2670937763115
0.0724950000000004 4.11351016314064 26.4126048529447
0.0729950000000004 4.14188115536866 26.5415272009531
0.0734950000000004 4.17025214759668 26.6940478308851
0.0739950000000004 4.1986231398247 26.8478643305301
0.0744950000000004 4.22699413205272 26.9792638222772
0.0749950000000004 4.25536512428074 27.1310245831258
0.0754950000000004 4.28373611650876 27.2876818520221
0.0759950000000004 4.31210710873678 27.439154451881
0.0764950000000003 4.3404781009648 27.5683929817812
0.0769950000000003 4.36884909319282 27.7144731982014
0.0774950000000003 4.39722008542084 27.8618866104992
0.0779950000000003 4.42559107764886 27.9726332366948
0.0784950000000003 4.45396206987688 28.1123676490574
0.0789950000000003 4.4823330621049 28.2618541618678
0.0794950000000003 4.51070405433292 28.4122466495717
0.0799950000000003 4.53907504656094 28.5389923995497
0.0804950000000003 4.56744603878896 28.6832326273479
0.0809950000000003 4.59581703101698 28.8317243069415
0.0814950000000003 4.62418802324499 28.946716756393
0.0819950000000003 4.65255901547301 29.0511700507026
0.0824950000000002 4.68093000770103 29.2381276419724
0.0829950000000002 4.70930099992905 29.3721342608824
0.0834950000000002 4.73767199215707 29.4701207411479
0.0839950000000002 4.76604298438509 29.6319966409149
0.0844950000000002 4.79441397661311 29.7909201226412
0.0849950000000002 4.82278496884113 29.8680366662511
0.0854950000000002 4.85115596106915 30.015749064744
0.0859950000000002 4.87952695329717 30.1602817151292
0.0864950000000002 4.90789794552519 30.2618194168176
0.0869950000000002 4.93626893775321 30.387561367132
0.0874950000000002 4.96463992998123 30.562080168963
0.0879950000000002 4.99301092220925 30.7031479361441
0.0884950000000001 5.02138191443727 30.7889454893685
0.0889950000000001 5.04975290666529 30.940729480381
0.0894950000000001 5.07812389889331 31.0793096859243
0.0899950000000001 5.10649489112133 31.1699803081215
0.0904950000000001 5.13486588334935 31.2957205699109
0.0909950000000001 5.16323687557737 31.4243285782221
0.0914950000000001 5.19160786780539 31.5714539390783
0.0919950000000001 5.2199788600334 31.6971834105207
0.0924950000000001 5.24834985226142 31.8431205748471
0.0929950000000001 5.27672084448944 31.9740163344671
0.0934950000000003 5.30509183671747 32.0671393484959
0.0939950000000003 5.33346282894549 32.1956772286498
0.0944950000000002 5.36183382117351 32.3139095794323
0.0949950000000002 5.39020481340153 32.4503646250555
0.0954950000000002 5.41857580562955 32.5582586010824
0.0959950000000004 5.44694679785758 32.6963412582888
0.0964950000000004 5.4753177900856 32.8167251390703
0.0969950000000004 5.50368878231362 32.9180876260613
0.0974950000000004 5.53205977454164 33.0664152316339
0.0979950000000004 5.56043076676966 33.1802412286829
0.0984950000000004 5.58880175899768 33.3175225137102
0.0989950000000004 5.6171727512257 33.4148944618887
0.0994950000000004 5.64554374345372 33.5324921177897
0.0999950000000004 5.67391473568174 33.6554110984721
0.100495 5.70228572790976 33.8125202654052
0.100995 5.73065672013778 33.9177468678924
0.101495 5.7590277123658 34.0300536865285
0.101995 5.78739870459382 34.1400185735432
0.102495 5.81576969682184 34.2187285671072
0.102995 5.84414068904986 34.3630709031942
0.103495 5.87251168127788 34.498885272367
0.103995 5.9008826735059 34.6259541764871
0.104495 5.92925366573392 34.7275758371521
0.104995 5.95762465796193 34.8138550179803
0.105495 5.98599565018995 34.9139530577552
0.105995 6.01436664241797 35.0765467251076
0.106495 6.04273763464599 35.1929877152476
0.106995 6.07110862687401 35.2739728195532
0.107495 6.09947961910203 35.3757810851309
0.107995 6.12785061133005 35.4855961802095
0.108495 6.15622160355807 35.6293868133833
0.108995 6.18459259578609 35.7431086409714
0.109495 6.21296358801411 35.8165951858404
0.109995 6.24133458024213 35.9341743458675
0.110495 6.26970557247015 36.0526476526132
0.110995 6.29807656469817 36.187543721473
0.111495 6.32644755692619 36.2992360322111
0.111995 6.35481854915421 36.3806695480419
0.112495 6.38318954138223 36.4973599801405
0.112995 6.41156053361025 36.6214534986573
0.113495 6.43993152583827 36.725470186552
0.113995 6.46830251806629 36.7972360557245
0.114495 6.49667351029431 36.9183883409201
0.114995 6.52504450252233 37.061909121277
0.115495 6.55341549475034 37.1325859333432
0.115995 6.58178648697836 37.2127837365159
0.116495 6.61015747920638 37.348116302281
0.116995 6.63852847143442 37.4559983516506
0.117495 6.66689946366243 37.5547267105928
0.117995 6.69527045589045 37.6361992973985
0.118495 6.72364144811849 37.7522318757125
0.118995 6.7520124403465 37.8835098260693
0.119495 6.78038343257452 37.9603026662148
0.119995 6.80875442480254 38.0552529920332
0.120495 6.83712541703056 38.1567834658328
0.120995 6.86549640925858 38.2727742187963
0.121495 6.8938674014866 38.3500634132566
0.121995 6.92223839371462 38.4710145623803
0.122495 6.95060938594264 38.5692874963057
0.122995 6.97898037817066 38.6751700480593
0.123495 7.00735137039868 38.7602697186353
0.123995 7.0357223626267 38.8529880653978
0.124495 7.06409335485472 38.9620178209753
0.124995 7.09246434708274 39.0584568349634
0.125495 7.12083533931076 39.154106472228
0.125995 7.14920633153878 39.2601664664804
0.126495 7.1775773237668 39.3514580044643
0.126995 7.20594831599482 39.430989216513
0.127495 7.23431930822284 39.5300842350377
0.127995 7.26269030045086 39.6495652899971
0.128495 7.29106129267888 39.7185218347908
0.128995 7.3194322849069 39.8083041489251
0.129495 7.34780327713491 39.9170843806796
0.129995 7.37617426936293 39.9822931276524
0.130495 7.40454526159095 40.0859195350483
0.130995 7.43291625381897 40.1813847825624
0.131495 7.46128724604699 40.2852213428335
0.131995 7.48965823827501 40.3733076577526
0.132495 7.51802923050303 40.4552443276973
0.132995 7.54640022273105 40.557460262907
0.133495 7.57477121495907 40.6135906577109
0.133995 7.60314220718709 40.7001609839968
0.134495 7.63151319941511 40.8269341162316
0.134995 7.65988419164313 40.9005956641843
0.135495 7.68825518387115 40.9814259854531
0.135995 7.71662617609917 41.099987800882
0.136495 7.74499716832719 41.1603463878578
0.136995 7.77336816055521 41.2464310925396
0.137495 7.80173915278323 41.371098856432
0.137995 7.83011014501125 41.4260715962808
0.138495 7.85848113723927 41.5086097201292
0.138995 7.88685212946729 41.6025342753831
0.139495 7.91522312169531 41.6721165995236
0.139995 7.94359411392333 41.7453348260928
0.140495 7.97196510615136 41.8718411357203
0.140995 8.00033609837937 41.9427539916955
0.141495 8.02870709060739 42.0240148908062
0.141995 8.05707808283541 42.1078828404164
0.142495 8.08544907506343 42.1774545653062
0.142995 8.11382006729147 42.2612307376009
0.143495 8.14219105951948 42.3378658859825
0.143995 8.1705620517475 42.4579298590336
0.144495 8.19893304397552 42.4833343832811
0.144995 8.22730403620354 42.587059711532
0.145495 8.25567502843156 42.6682467286976
0.145995 8.28404602065958 42.7782559179113
0.146495 8.3124170128876 42.8127917783042
0.146995 8.34078800511562 42.9350988362546
0.147495 8.36915899734364 42.9789629203616
0.147995 8.39752998957166 43.0833943889654
0.148495 8.42590098179968 43.1147662018173
0.148995 8.4542719740277 43.2164314106409
0.149495 8.48264296625572 43.3317316811867
0.149995 8.51101395848374 43.3729674793905
0.150495 8.53938495071176 43.4818480686506
0.150995 8.56775594293978 43.5109211495507
0.151495 8.5961269351678 43.623912819084
0.151995 8.62449792739582 43.6700043990043
0.152495 8.65286891962384 43.7733835692088
0.152995 8.68123991185186 43.8195149102888
0.153495 8.70961090407988 43.9070814650022
0.153995 8.7379818963079 43.9768420362737
0.154495 8.76635288853591 44.0533469755392
0.154995 8.79472388076393 44.1343175635678
0.155495 8.82309487299195 44.1748848465281
0.155995 8.85146586521997 44.2832983772757
0.156495 8.87983685744799 44.3333444142382
0.156995 8.90820784967601 44.4196644865009
0.157495 8.93657884190403 44.4541505015033
0.157995 8.96494983413205 44.5596667574294
0.158495 8.99332082636007 44.6029925695837
0.158995 9.02169181858809 44.7122583609972
0.159495 9.05006281081611 44.7543921540146
0.159995 9.07843380304413 44.8426573941534
0.160495 9.10680479527215 44.8794659362031
0.160995 9.13517578750017 44.9533307566413
0.161495 9.16354677972819 45.0432278356081
0.161995 9.19191777195621 45.0852272679088
0.162495 9.22028876418423 45.188107590172
0.162995 9.24865975641225 45.2126983733959
0.163495 9.27703074864027 45.3188815728664
0.163995 9.30540174086829 45.3577215194866
0.164495 9.33377273309631 45.451350217102
0.164995 9.36214372532434 45.4640594808725
0.165495 9.39051471755235 45.5641088787511
0.165995 9.41888570978037 45.617566943949
0.166495 9.44725670200841 45.709739265676
0.166995 9.47562769423643 45.7536048073492
0.167495 9.50399868646445 45.8173841844395
0.167995 9.53236967869246 45.8736933911345
0.168495 9.56074067092048 45.938456184356
0.168995 9.5891116631485 45.9992132414188
0.169495 9.61748265537652 46.0777097824264
0.169995 9.64585364760454 46.112319572193
0.170495 9.67422463983256 46.189419452293
0.170995 9.70259563206058 46.2512587670373
0.171495 9.7309666242886 46.3214676375097
0.171995 9.75933761651662 46.3731232061985
0.172495 9.78770860874464 46.4501507257206
0.172995 9.81607960097266 46.4812842890136
0.173495 9.84445059320068 46.5385677704789
0.173995 9.8728215854287 46.6066517290939
0.174495 9.90119257765672 46.6633766469639
0.174995 9.92956356988474 46.7204328882399
0.175495 9.95793456211276 46.7830053255676
0.175995 9.98630555434078 46.8318557096769
0.176495 10.0146765465688 46.9062453112046
0.176995 10.0430475387968 46.9733317246154
0.177495 10.0714185310248 47.017738374707
0.177995 10.0997895232529 47.0982814550763
0.178495 10.1281605154809 47.1408104587649
0.178995 10.1565315077089 47.197188290248
0.179495 10.1849024999369 47.252919369917
0.179995 10.2132734921649 47.2953835288812
0.180495 10.241644484393 47.3388937540528
0.180995 10.270015476621 47.3947626133695
0.181495 10.298386468849 47.4733713975129
0.181995 10.326757461077 47.5201672109184
0.182495 10.355128453305 47.594144651543
0.182995 10.3834994455331 47.6337222142537
0.183495 10.4118704377611 47.6824166693191
0.183995 10.4402414299891 47.7504020641587
0.184495 10.4686124222171 47.8063012360822
0.184995 10.4969834144451 47.8582718192584
0.185495 10.5253544066731 47.9031044508302
0.185995 10.5537253989012 47.9514706736622
0.186495 10.5820963911292 47.9809232382039
0.186995 10.6104673833572 48.068909705272
0.187495 10.6388383755852 48.1033737426317
0.187995 10.6672093678132 48.1530920879304
0.188495 10.6955803600413 48.2192868672957
0.188995 10.7239513522693 48.2590271012024
0.189495 10.7523223444973 48.2953406104672
0.189995 10.7806933367253 48.3520402634467
0.190495 10.8090643289534 48.4070191514507
0.190995 10.8374353211814 48.4676270886486
0.191495 10.8658063134094 48.4959776316418
0.191995 10.8941773056374 48.5531387161424
0.192495 10.9225482978654 48.6097076597257
0.192995 10.9509192900935 48.6397614535912
0.193495 10.9792902823215 48.7048590998912
0.193995 11.0076612745495 48.7317049257604
0.194495 11.0360322667775 48.7966261695407
0.194995 11.0644032590055 48.8561737739632
0.195495 11.0927742512336 48.9056813068574
0.195995 11.1211452434616 48.9498109340745
0.196495 11.1495162356896 48.9763334650401
0.196995 11.1778872279176 49.0276723580725
0.197495 11.2062582201456 49.0918984669278
0.197995 11.2346292123737 49.1163935815417
0.198495 11.2630002046017 49.1975917197889
0.198995 11.2913711968297 49.2042394149077
0.199495 11.3197421890577 49.259619463485
0.199995 11.3481131812857 49.330600644236
0.200495 11.3764841735138 49.3767119511459
0.200995 11.4048551657418 49.3996207585252
0.201495 11.4332261579698 49.4976674145481
0.201995 11.4615971501978 49.5180720556655
0.202495 11.4899681424258 49.5386222668568
0.202995 11.5183391346539 49.6272512133714
0.203495 11.5467101268819 49.6205079796789
0.203995 11.5750811191099 49.7032464760652
0.204495 11.6034521113379 49.7986863439993
0.204995 11.6318231035659 49.7840272057965
0.205495 11.660194095794 49.8302280143074
0.205995 11.688565088022 49.8834289729957
0.206495 11.71693608025 49.8994988577961
0.206995 11.745307072478 49.9661123765716
0.207495 11.773678064706 50.0117469371377
0.207995 11.802049056934 50.0801979173272
0.208495 11.8304200491621 50.1113101075829
0.208995 11.8587910413901 50.1613444441891
0.209495 11.8871620336181 50.1408381417951
0.209995 11.9155330258461 50.2170400546825
0.210495 11.9439040180741 50.2642227185105
0.210995 11.9722750103022 50.3376705576296
0.211495 12.0006460025302 50.3426964880735
0.211995 12.0290169947582 50.3893968545538
0.212495 12.0573879869862 50.4098707222362
0.212995 12.0857589792142 50.4997264936467
0.213495 12.1141299714423 50.54803235724
0.213995 12.1425009636703 50.5819523712053
0.214495 12.1708719558983 50.5835311271241
0.214995 12.1992429481263 50.6547329999113
0.215495 12.2276139403544 50.6846503164315
0.215995 12.2559849325824 50.7390522971921
0.216495 12.2843559248104 50.8060519265301
0.216995 12.3127269170384 50.8190480962375
0.217495 12.3410979092664 50.8731501198039
0.217995 12.3694689014945 50.904556433798
0.218495 12.3978398937225 50.9417118395737
0.218995 12.4262108859505 50.9821830144497
0.219495 12.4545818781785 51.0342302714169
0.219995 12.4829528704065 51.0637473113321
0.220495 12.5113238626346 51.1052058114979
0.220995 12.5396948548626 51.1767332247339
0.221495 12.5680658470906 51.2281311266582
0.221995 12.5964368393186 51.2129577116527
0.222495 12.6248078315466 51.3237846795643
0.222995 12.6531788237747 51.329028007697
0.223495 12.6815498160027 51.3633318320695
0.223995 12.7099208082307 51.4349628071356
0.224495 12.7382918004587 51.4749438205996
0.224995 12.7666627926867 51.4969697683305
0.225495 12.7950337849148 51.5374854432654
0.225995 12.8234047771428 51.5838013662393
0.226495 12.8517757693708 51.6589454243323
0.226995 12.8801467615988 51.6583043941302
0.227495 12.9085177538268 51.7215465746704
0.227995 12.9368887460549 51.7479876540985
0.228495 12.9652597382829 51.8199782708437
0.228995 12.9936307305109 51.8618993344193
0.229495 13.0220017227389 51.8655836218662
0.229995 13.0503727149669 51.8910942208846
0.230495 13.078743707195 51.9542671664367
0.230995 13.107114699423 52.0158607852662
0.231495 13.135485691651 52.1000802469367
0.231995 13.163856683879 52.1228150748701
0.232495 13.192227676107 52.0999195211864
0.232995 13.220598668335 52.1626521062955
0.233495 13.2489696605631 52.2031662507216
0.233995 13.2773406527911 52.2568231671997
0.234495 13.3057116450191 52.3030405123771
0.234995 13.3340826372471 52.3254182125651
0.235495 13.3624536294751 52.3874901277781
0.235995 13.3908246217032 52.4494438630159
0.236495 13.4191956139312 52.5060640268294
0.236995 13.4475666061592 52.5537713413962
0.237495 13.4759375983872 52.5656370948865
0.237995 13.5043085906153 52.6226673936754
0.238495 13.5326795828433 52.6770547454307
0.238995 13.5610505750713 52.688905151399
0.239495 13.5894215672993 52.6806322772715
0.239995 13.6177925595273 52.7675748551907
0.240495 13.6461635517554 52.8316121600207
0.240995 13.6745345439834 52.9125449800641
0.241495 13.7029055362114 52.8843170821521
0.241995 13.7312765284394 52.9234473525931
0.242495 13.7596475206674 52.9645864343902
0.242995 13.7880185128955 53.0533389394444
0.243495 13.8163895051235 53.0368985217477
0.243995 13.8447604973515 53.104386401749
0.244495 13.8731314895795 53.1436413340835
0.244995 13.9015024818075 53.1862247316776
0.245495 13.9298734740356 53.284937238362
0.245995 13.9582444662636 53.3212644301781
0.246495 13.9866154584916 53.3023093376621
0.246995 14.0149864507196 53.3982399460639
0.247495 14.0433574429476 53.4859250675482
0.247995 14.0717284351757 53.4896936309745
0.248495 14.1000994274037 53.5477581437797
0.248995 14.1284704196317 53.6019240051931
0.249495 14.1568414118597 53.6061073882835
0.249995 14.1852124040877 53.6170270096824
0.250495 14.2135833963158 53.6840843477125
0.250995 14.2419543885438 53.7181067708268
0.251495 14.2703253807718 53.7868568642763
0.251995 14.2986963729998 53.8206215695017
0.252495 14.3270673652278 53.8528229999172
0.252995 14.3554383574559 53.9238592730145
0.253495 14.3838093496839 53.961235753367
0.253995 14.4121803419119 54.0769976239974
0.254495 14.4405513341399 54.1278444685612
0.254995 14.4689223263679 54.0992746974815
0.255495 14.497293318596 54.1110553570635
0.255995 14.525664310824 54.1470036318947
0.256495 14.554035303052 54.2927527585214
0.256995 14.58240629528 54.2853440769592
0.257495 14.610777287508 54.3862993966966
0.257995 14.639148279736 54.426928780829
0.258495 14.6675192719641 54.4357193342413
0.258995 14.6958902641921 54.4638441130613
0.259495 14.7242612564201 54.5285390735872
0.259995 14.7526322486481 54.6692234423134
0.260495 14.7810032408761 54.6427803334896
0.260995 14.8093742331042 54.6476949339573
0.261495 14.8377452253322 54.7321820177533
0.261995 14.8661162175602 54.7598396099636
0.262495 14.8944872097882 54.7099662742918
0.262995 14.9228582020163 54.8808544206193
0.263495 14.9512291942443 54.9177339819346
0.263995 14.9796001864723 54.9869882415201
0.264495 15.0079711787003 55.0495103910405
0.264995 15.0363421709283 55.1296551591478
0.265495 15.0647131631564 55.2284259033276
0.265995 15.0930841553844 55.2208721885118
0.266495 15.1214551476124 55.2908616389174
0.266995 15.1498261398404 55.2854816075861
0.267495 15.1781971320684 55.3179950771852
0.267995 15.2065681242965 55.4028953233921
0.268495 15.2349391165245 55.5120539913102
0.268995 15.2633101087525 55.4625772915494
0.269495 15.2916811009805 55.5778923666247
0.269995 15.3200520932085 55.6621792406704
0.270495 15.3484230854366 55.708935418339
0.270995 15.3767940776646 55.7881959017647
0.271495 15.4051650698926 55.8583824124029
0.271995 15.4335360621206 55.8694859500521
0.272495 15.4619070543486 55.8817478821285
0.272995 15.4902780465767 56.0283100963204
0.273495 15.5186490388047 55.9192781634377
0.273995 15.5470200310327 56.0771104224005
0.274495 15.5753910232607 56.1197632428948
0.274995 15.6037620154887 56.1103947954299
0.275495 15.6321330077168 56.2594233625927
0.275995 15.6605039999448 56.3707881049199
0.276495 15.6888749921728 56.3231161839788
0.276995 15.7172459844008 56.3450713634365
0.277495 15.7456169766288 56.4817001106219
0.277995 15.7739879688569 56.5474635261835
0.278495 15.8023589610849 56.6161596481324
0.278995 15.8307299533129 56.6078321235486
0.279495 15.8591009455409 56.7748890117749
0.279995 15.8874719377689 56.8684569256021
0.280495 15.915842929997 56.8192331234461
0.280995 15.944213922225 56.8877745843289
0.281495 15.972584914453 57.043072186092
0.281995 16.000955906681 57.204971854465
0.282495 16.029326898909 57.0644912430036
0.282995 16.057697891137 57.2106129747576
0.283495 16.0860688833651 57.1851991019531
0.283995 16.1144398755931 57.2379794727778
0.284495 16.1428108678211 57.4219890736097
0.284995 16.1711818600491 57.4885564634173
0.285495 16.1995528522772 57.6145197844208
0.285995 16.2279238445052 57.6728306714084
0.286495 16.2562948367332 57.7130732607559
0.286995 16.2846658289612 57.8442933243473
0.287495 16.3130368211892 57.8361960560829
0.287995000000001 16.3414078134173 58.0817028286662
0.288495 16.3697788056453 58.0232410861469
0.288995 16.3981497978733 58.1037605621699
0.289495 16.4265207901013 58.221717638192
0.289995 16.4548917823293 58.2057483711646
0.290495 16.4832627745574 58.2506389986204
0.290995 16.5116337667854 58.3823475034938
0.291495 16.5400047590134 58.4775532958751
0.291995 16.5683757512414 58.5494801106009
0.292495 16.5967467434694 58.6663824719864
0.292995 16.6251177356975 58.9560850437289
0.293495 16.6534887279255 58.7975100144111
0.293995 16.6818597201535 59.0377142319193
0.294495 16.7102307123815 59.0202514202338
0.294995 16.7386017046095 59.1490759511256
0.295495 16.7669726968376 59.274437364965
0.295995 16.7953436890656 59.2925803894706
0.296495 16.8237146812936 59.4210904725437
0.296995 16.8520856735216 59.4860381805161
0.297495 16.8804566657496 59.6522410318466
0.297995 16.9088276579777 59.6601250914068
0.298495 16.9371986502057 59.8468954684582
0.298995 16.9655696424337 59.9914112668794
0.299495 16.9939406346617 60.0332854523386
0.299995 17.0223116268897 60.2288109713797
0.300495 17.0506826191178 60.2451394407356
0.300995 17.0790536113458 60.2490791983638
0.301495 17.1074246035738 60.4374223089629
0.301995 17.1357955958018 60.6595913512967
0.302495 17.1641665880298 60.7775841177276
0.302995 17.1925375802579 60.8154911183208
0.303495 17.2209085724859 60.8058985907445
0.303995 17.2492795647139 60.9887986381964
0.304495 17.2776505569419 61.1922196216567
0.304995 17.3060215491699 61.208303469982
0.305495 17.3343925413979 61.3349646833742
0.305995 17.362763533626 61.5665320279963
0.306495 17.391134525854 61.7345090833587
0.306995 17.419505518082 61.753415387764
0.307495 17.44787651031 61.9030457178367
0.307995 17.4762475025381 62.1537257541425
0.308495 17.5046184947661 62.2773534415424
0.308995 17.5329894869941 62.2699712200998
0.309495 17.5613604792221 62.4194323392822
0.309995 17.5897314714501 62.7845574727359
0.310495000000001 17.6181024636782 62.715143116167
0.310995000000001 17.6464734559062 62.8051270978623
0.311495 17.6748444481342 63.0841818447594
0.311995 17.7032154403622 63.2463676704974
0.312495 17.7315864325902 63.3423252943278
0.312995 17.7599574248183 63.4761607835472
0.313495 17.7883284170463 63.7231375508589
0.313995 17.8166994092743 63.8436142426476
0.314495 17.8450704015023 64.1000757878551
0.314995 17.8734413937303 64.1038574364247
0.315495 17.9018123859584 64.4182848184985
0.315995 17.9301833781864 64.3244279857632
0.316495 17.9585543704144 64.7160749281382
0.316995 17.9869253626424 64.7850803385763
0.317495 18.0152963548704 64.8734251298502
0.317995 18.0436673470985 64.9386519083792
0.318495 18.0720383393265 65.3105881571099
0.318995 18.1004093315545 65.3784557313202
0.319495 18.1287803237825 65.8044847649816
0.319995 18.1571513160105 65.7895819994895
0.320495 18.1855223082386 65.8961368880547
0.320995 18.2138933004666 66.2604009549889
0.321495 18.2422642926946 66.4806914931208
0.321995 18.2706352849226 66.5385440447275
0.322495 18.2990062771506 66.8532592034285
0.322995 18.3273772693787 67.0746590623044
0.323495 18.3557482616067 67.1056911532904
0.323995 18.3841192538347 67.3351028880728
0.324495 18.4124902460627 67.6386266947901
0.324995 18.4408612382907 67.8358818806748
0.325495 18.4692322305188 67.9131245359831
0.325995 18.4976032227468 68.265948102921
0.326495 18.5259742149748 68.4173289663697
0.326995 18.5543452072028 68.6387158933959
0.327495 18.5827161994308 68.628088836019
0.327995 18.6110871916589 69.1513787607696
0.328495 18.6394581838869 69.2418787985911
0.328995 18.6678291761149 69.4456544369377
0.329495 18.6962001683429 69.7489585794766
0.329995 18.7245711605709 69.9217757752808
0.330495 18.7529421527989 69.9736901125388
0.330995 18.781313145027 70.6321817695446
0.331495 18.809684137255 70.5155352245818
0.331995 18.838055129483 70.9632036156691
0.332495 18.866426121711 71.0413829170766
0.332995 18.894797113939 71.4537559789234
0.333495 18.9231681061671 71.3822484006793
0.333995 18.9515390983951 71.9363706016047
0.334495 18.9799100906231 71.9950464138658
0.334995 19.0082810828511 72.3455831308594
0.335495 19.0366520750792 72.4519506490573
0.335995 19.0650230673072 72.8309319535357
0.336495 19.0933940595352 72.8801392547357
0.336995 19.1217650517632 73.2081319169496
0.337495 19.1501360439912 73.6332914068038
0.337995 19.1785070362193 73.6629881392682
0.338495 19.2068780284473 74.0369207032443
0.338995 19.2352490206753 74.1759107036112
0.339495 19.2636200129033 74.5031751927037
0.339995 19.2919910051313 74.5866152777754
0.340495 19.3203619973594 74.9144857913443
0.340995 19.3487329895874 75.2987069681427
0.341495 19.3771039818154 75.3825298725618
0.341995 19.4054749740434 75.7899519739789
0.342495 19.4338459662714 75.9029299133948
0.342995 19.4622169584995 76.3003856072046
0.343495 19.4905879507275 76.6455989881868
0.343995 19.5189589429555 76.7934818068373
0.344495 19.5473299351835 77.0573164934616
0.344995 19.5757009274115 77.4059223280873
0.345495 19.6040719196396 77.449180367751
0.345995 19.6324429118676 77.9924501224708
0.346495 19.6608139040956 78.0882537896241
0.346995 19.6891848963236 78.451679061316
0.347495 19.7175558885516 78.7471005696202
0.347995 19.7459268807797 78.9521850562602
0.348495 19.7742978730077 79.2450775372666
0.348995 19.8026688652357 79.3530185930075
0.349495 19.8310398574637 79.8291646286067
0.349995 19.8594108496917 80.0715425063592
0.350495 19.8877818419198 80.4533794364898
0.350995 19.9161528341478 80.548910770545
0.351495 19.9445238263758 80.8085840820409
0.351995 19.9728948186038 81.3160792482293
0.352495 20.0012658108318 81.4020549717114
0.352995 20.0296368030599 81.7506085548636
0.353495 20.0580077952879 82.0362476572638
0.353995 20.0863787875159 82.3125465798122
0.354495 20.1147497797439 82.6665955813852
0.354995 20.1431207719719 82.8477816562613
0.355495 20.1714917642 83.2002895020428
0.355995 20.199862756428 83.5072301044824
0.356495 20.228233748656 83.9181806954603
0.356995 20.256604740884 83.9019118821507
0.357495 20.284975733112 84.4087687693261
0.357995 20.3133467253401 84.678747414574
0.358495 20.3417177175681 85.0730202763084
0.358995 20.3700887097961 85.2435734453632
0.359495000000001 20.3984597020241 85.7589794316015
0.359995000000001 20.4268306942521 85.941069283788
0.360495000000001 20.4552016864802 86.2484672957722
0.360995 20.4835726787082 86.516505115417
0.361495 20.5119436709362 87.005966638449
0.361995 20.5403146631642 87.1262986394864
0.362495 20.5686856553922 87.5085286241128
0.362995 20.5970566476203 87.8558343051508
0.363495 20.6254276398483 88.1839285048273
0.363995 20.6537986320763 88.3752565089801
0.364495 20.6821696243043 88.7125645953911
0.364995 20.7105406165323 89.1368749831893
0.365495 20.7389116087604 89.4752366454053
0.365995 20.7672826009884 89.6767655885482
0.366495 20.7956535932164 89.8666701139699
0.366995 20.8240245854444 90.4564007090993
0.367495 20.8523955776724 90.8646722010693
0.367995 20.8807665699005 91.0530626855687
0.368495 20.9091375621285 91.5203622637717
0.368995 20.9375085543565 91.8331249156725
0.369495 20.9658795465845 92.1339157571399
0.369995 20.9942505388125 92.5745543933592
0.370495 21.0226215310406 92.8001789317877
0.370995 21.0509925232686 93.1609133498999
0.371495 21.0793635154966 93.5614254429228
0.371995 21.1077345077246 94.0149721909835
0.372495 21.1361054999526 94.4059304755176
0.372995 21.1644764921807 94.6964236394619
0.373495 21.1928474844087 94.9696617093129
0.373995 21.2212184766367 95.3132429179959
0.374495 21.2495894688647 95.8229405491671
0.374995 21.2779604610927 96.2439760454868
0.375495 21.3063314533208 96.5629474627794
0.375995 21.3347024455488 96.7241845283431
0.376495 21.3630734377768 97.1973941464058
0.376995 21.3914444300048 97.7221049949688
0.377495 21.4198154222328 98.1710513659891
0.377995 21.4481864144608 98.5759916443133
0.378495 21.4765574066889 98.8755740315738
0.378995 21.5049283989169 99.2821675299456
0.379495 21.5332993911449 99.7566172738901
0.379995 21.5616703833729 100.141585262646
0.380495 21.590041375601 100.625761988632
0.380995 21.618412367829 100.879123174552
0.381495 21.646783360057 101.222389541404
0.381995 21.675154352285 101.713733710935
0.382495 21.703525344513 102.007650122397
0.382995 21.7318963367411 102.523858205168
0.383495 21.7602673289691 103.018185656398
0.383995 21.7886383211971 103.44557783299
0.384495 21.8170093134251 103.888369564072
0.384995 21.8453803056531 104.229233744941
0.385495 21.8737512978812 104.782986760573
0.385995 21.9021222901092 105.146582453121
0.386495 21.9304932823372 105.463786141875
0.386995 21.9588642745652 105.739930944658
0.387495 21.9872352667932 106.274108397606
0.387995 22.0156062590213 106.833899971167
0.388495 22.0439772512493 107.237439038065
0.388995 22.0723482434773 107.782532341119
0.389495 22.1007192357053 108.162262001003
0.389995 22.1290902279333 107.513165646218
0.390495 22.1574612201614 103.027897990803
0.390995 22.1858322123894 94.3776895881896
0.391495 22.2142032046174 81.3804695947238
0.391995 22.2425741968454 68.1451802410896
0.392495 22.2709451890734 58.3527434716806
0.392995 22.2993161813015 50.4446196582558
0.393495 22.3276871735295 44.5733680147394
0.393995 22.3560581657575 39.8935188334401
0.394495 22.3844291579855 36.0029978652881
0.394995 22.4128001502135 32.8017329494958
0.395495 22.4411711424416 30.4773887027851
0.395995 22.4695421346696 28.2574986096918
0.396495 22.4979131268976 25.9880912986135
0.396995 22.5262841191256 24.0222617787809
0.397495 22.5546551113536 22.4982756608449
0.397995 22.5830261035817 21.1440407757365
0.398495 22.6113970958097 20.1173204917812
0.398995 22.6397680880377 19.2599441780933
0.399495 22.6681390802657 18.4254506762602
0.399995 22.6965100724937 17.5752030056998
0.400495 22.7248810647217 16.738269167743
0.400995 22.7532520569498 15.8628899480625
0.401495 22.7816230491778 15.0506051706975
0.401995 22.8099940414058 14.2701388249791
0.402495 22.8383650336338 13.542412943864
0.402995 22.8667360258618 12.9097152264464
0.403495 22.8951070180899 12.3103077628276
0.403995 22.9234780103179 11.7244943541624
0.404495 22.9518490025459 10.9499701099647
0.404995 22.9802199947739 10.0588407258251
0.405495 23.008590987002 9.04421116777296
0.405995 23.03696197923 7.93295375305222
0.406495 23.065332971458 6.75568019265195
0.406995 23.093703963686 5.49872507704003
0.407495 23.122074955914 4.13200141436946
0.407995 23.1504459481421 2.68430879802285
0.408495 23.1788169403701 1.11159955996661
0.408995 23.2071879325981 -0.56204519113379
0.409495 23.2355589248261 -2.13912295197526
0.409995 23.2639299170541 -3.74926785290648
0.410495 23.2923009092822 -5.3522762900922
0.410995 23.3206719015102 -7.18946155956426
0.411495 23.3490428937382 -9.1183751955979
0.411995 23.3774138859662 -9.56503295640287
0.412495 23.4057848781942 -7.33295991171204
0.412995 23.4341558704223 -5.88860755967569
0.413495 23.4625268626503 -4.37836545609938
0.413995 23.4908978548783 -2.21148508256485
0.414495 23.5192688471063 -1.10549795543402
0.414995 23.5476398393343 -0.442671273314787
0.415495 23.5760108315624 -0.182461164953488
0.415995 23.6043818237904 0.0674929485145235
0.416495 23.6327528160184 -0.414941406588099
0.416995 23.6611238082464 -0.78501437286067
0.417495 23.6894948004744 -1.27139254763846
0.417995 23.7178657927025 -1.58341836674524
0.418495 23.7462367849305 -1.55803305560049
0.418995 23.7746077771585 -1.14612997708803
0.419495 23.8029787693865 -0.707019004039551
0.419995 23.8313497616145 -0.643612548865927
0.420495 23.8597207538426 -0.588842448102096
0.420995 23.8880917460706 -0.611958551986642
0.421495 23.9164627382986 -0.595752407602383
0.421995 23.9448337305266 -0.587783588160312
0.422495 23.9732047227546 -0.830926467607576
0.422995 24.0015757149827 -0.845170388768103
0.423495 24.0299467072107 -0.788699748071679
0.423995 24.0583176994387 -0.537960428085789
0.424495 24.0866886916667 -0.499042016689285
0.424995 24.1150596838947 -0.370867164350302
0.425495 24.1434306761228 -0.405786681455049
0.425995 24.1718016683508 -0.48188670509585
0.426495 24.2001726605788 -0.54631269915236
0.426995 24.2285436528068 -0.706633912427988
0.427495 24.2569146450348 -0.667347130369517
0.427995 24.2852856372628 -0.495578025795504
0.428495 24.3136566294909 -0.194928231029554
0.428995 24.3420276217189 -0.328134462073689
0.429495 24.3703986139469 -0.538487182432972
0.429995 24.3987696061749 -0.447687765419641
0.430495 24.427140598403 -0.719107052718093
0.430995 24.455511590631 -0.580137769497881
0.431495000000001 24.483882582859 -0.374668772135174
0.431995000000001 24.512253575087 -0.319980646768084
0.432495000000001 24.540624567315 -0.18920308243186
0.432995000000001 24.5689955595431 -0.128485525176827
0.433495000000001 24.5973665517711 -0.190193325615327
0.433995 24.6257375439991 -0.114455158683605
0.434495 24.6541085362271 -0.228730262606989
0.434995 24.6824795284551 -0.331533611559683
0.435495 24.7108505206832 -0.186802334952664
0.435995 24.7392215129112 -0.260331242293088
0.436495 24.7675925051392 -0.193558885774478
0.436995 24.7959634973672 -0.213028340801356
0.437495 24.8243344895952 -0.280278670743179
0.437995 24.8527054818233 -0.194345034237311
0.438495 24.8810764740513 -0.133891371020825
0.438995 24.9094474662793 -0.107612185380485
0.439495 24.9378184585073 -0.0333761483540332
0.439995 24.9661894507353 -0.0492466412041534
0.440495 24.9945604429634 -0.256103339307569
0.440995 25.0229314351914 -0.22438891760255
0.441495 25.0513024274194 -0.321563253942019
0.441995 25.0796734196474 -0.309599521208602
0.442495 25.1080444118754 -0.211841545130685
0.442995 25.1364154041035 -0.0760037534811361
0.443495 25.1647863963315 -0.247607446257766
0.443995 25.1931573885595 -0.236350952546024
0.444495 25.2215283807875 -0.0990080784513563
0.444995 25.2498993730155 -0.118166571045863
0.445495 25.2782703652436 -0.11310672100928
0.445995 25.3066413574716 -0.131713892164731
0.446495 25.3350123496996 -0.229842600847569
0.446995 25.3633833419276 -0.216436631617069
0.447495 25.3917543341556 -0.250993097162971
0.447995 25.4201253263837 -0.433371020105838
0.448495 25.4484963186117 -0.288553810151133
0.448995 25.4768673108397 -0.235483787379502
0.449495 25.5052383030677 -0.157961975418213
0.449995 25.5336092952957 -0.0329274290025865
0.450495 25.5619802875237 -0.0102659917021648
0.450995 25.5903512797518 -0.0435624025149757
0.451495 25.6187222719798 -0.109247962476065
0.451995 25.6470932642078 -0.312419245681926
0.452495 25.6754642564358 -0.299444653011949
0.452995 25.7038352486639 -0.229545676622387
0.453495 25.7322062408919 -0.229916799336413
0.453995 25.7605772331199 -0.213108710627518
0.454495 25.7889482253479 -0.168001150227353
0.454995 25.8173192175759 -0.204340949141251
0.455495 25.845690209804 -0.141820862088371
0.455995000000001 25.874061202032 -0.181328800279197
0.456495000000001 25.90243219426 -0.160518099522658
0.456995 25.930803186488 -0.00993888088372438
0.457495 25.959174178716 -0.0427376565396059
0.457995 25.9875451709441 -0.0228674194191775
0.458495 26.0159161631721 0.0193422309350481
0.458995 26.0442871554001 -0.0390137427846445
0.459495 26.0726581476281 0.021657102973831
0.459995 26.1010291398561 0.114910438341448
0.460495 26.1294001320842 0.186632402002747
0.460995 26.1577711243122 0.25255198180223
0.461495 26.1861421165402 0.292363678127289
0.461995 26.2145131087682 0.355602292305532
0.462495 26.2428841009962 0.516667509209172
0.462995 26.2712550932243 0.549254278662023
0.463495 26.2996260854523 0.671596412754677
0.463995 26.3279970776803 0.604884829971737
0.464495 26.3563680699083 0.66262258514581
0.464995 26.3847390621363 0.686378001937364
0.465495 26.4131100543644 0.82071510510898
0.465995 26.4414810465924 0.810526383369166
0.466495 26.4698520388204 0.753120919541197
0.466995 26.4982230310484 0.730257110091283
0.467495 26.5265940232764 0.769163820549284
0.467995 26.5549650155045 0.773344745697864
0.468495 26.5833360077325 0.82830801670497
0.468995 26.6117069999605 0.735024988763712
0.469495 26.6400779921885 0.690194854870119
0.469995 26.6684489844165 0.65070158566975
0.470495 26.6968199766446 0.544106381463575
0.470995 26.7251909688726 0.377525955550221
0.471495 26.7535619611006 0.192740658255174
0.471995 26.7819329533286 0.0894501505428546
0.472495 26.8103039455566 0.0212296909521908
0.472995 26.8386749377847 -0.130699167560542
0.473495 26.8670459300127 -0.310774765445532
0.473995 26.8954169222407 -0.37825813211868
0.474495 26.9237879144687 -0.391325400819432
0.474995 26.9521589066967 -0.386820805046922
0.475495 26.9805298989248 -0.476324479382297
0.475995 27.0089008911528 -0.653956231293281
0.476495 27.0372718833808 -0.790704702460204
0.476995 27.0656428756088 -0.894985911925893
0.477495 27.0940138678368 -0.709800354373353
0.477995 27.1223848600649 -0.636288749202108
0.478495 27.1507558522929 -0.61536480958723
0.478995000000001 27.1791268445209 -0.433164058895077
0.479495000000001 27.2074978367489 -0.311873329836282
0.479995000000001 27.2358688289769 -0.301161093312055
0.480495000000001 27.264239821205 -0.132746474573402
0.480995000000001 27.292610813433 0.0193385560610971
0.481495000000001 27.320981805661 0.0715977046147927
0.481995000000001 27.349352797889 0.207318043336175
0.482495000000001 27.377723790117 0.255357806781752
0.482995000000001 27.4060947823451 0.263350851520345
0.483495 27.4344657745731 0.283953549357989
0.483995 27.4628367668011 0.373434552574947
0.484495 27.4912077590291 0.408639906638314
0.484995 27.5195787512571 0.279994984844049
0.485495 27.5479497434852 0.256555186385924
0.485995 27.5763207357132 0.196894268893919
0.486495 27.6046917279412 0.22768118325145
0.486995 27.6330627201692 0.256219952231806
0.487495 27.6614337123972 0.341115427845942
0.487995 27.6898047046253 0.41927338879806
0.488495 27.7181756968533 0.387372466055302
0.488995 27.7465466890813 0.401184367206858
0.489495 27.7749176813093 0.354706552104119
0.489995 27.8032886735373 0.28654860945919
0.490495 27.8316596657654 0.30896916402153
0.490995 27.8600306579934 0.348650217909616
0.491495 27.8884016502214 0.355937267063627
0.491995 27.9167726424494 0.286882121469658
0.492495 27.9451436346774 0.233218505957725
0.492995 27.9735146269055 0.182449947753483
0.493495 28.0018856191335 0.0785126173578961
0.493995 28.0302566113615 0.0293715552766113
0.494495 28.0586276035895 -0.0274586107472871
0.494995 28.0869985958175 -0.133379295240605
0.495495 28.1153695880456 -0.15455107485992
0.495995 28.1437405802736 -0.183846021424527
0.496495 28.1721115725016 -0.227322708560556
0.496995 28.2004825647296 -0.393723284810444
0.497495 28.2288535569576 -0.501188654593118
0.497995 28.2572245491857 -0.46659326311533
0.498495 28.2855955414137 -0.392661189585668
0.498995 28.3139665336417 -0.454864404600151
0.499495 28.3423375258697 -0.374305670205552
0.499995 28.3707085180977 -0.454673709308013
