# Fix print output for fix Step
0 0 0.602738548103694
0.000494999999999992 0.0264068468234996 0.785868381960001
0.000994999999999878 0.0530804294734935 1.18868469206731
0.00149499999999998 0.0797540121234988 1.58115941493422
0.00199500000000008 0.106427594773504 1.64516458524099
0.00249500000000018 0.133101177423509 1.97020396804702
0.00299499999999985 0.159774760073492 2.3717043005235
0.00349499999999995 0.186448342723497 2.30299936468218
0.00399500000000005 0.213121925373503 2.83490219912091
0.00449500000000015 0.239795508023508 3.09060006287664
0.00499499999999982 0.26646909067349 3.10330852565691
0.00549499999999992 0.293142673323496 3.68206496688867
0.00599500000000002 0.319816255973501 3.76213272873454
0.00649500000000012 0.346489838623506 3.96769504641278
0.00699499999999979 0.373163421273489 4.4932865467763
0.00749499999999989 0.399837003923494 4.52081505269829
0.00799499999999999 0.426510586573499 4.74254797888289
0.00849500000000009 0.453184169223505 5.35359481194884
0.00899499999999998 0.479857751873499 5.11875686246071
0.00949499999999986 0.506531334523493 5.55784090583389
0.00999499999999996 0.533204917173498 6.08168875678999
0.0104950000000001 0.559878499823503 5.87562272454888
0.0109950000000002 0.586552082473509 6.35894105533881
0.0114949999999998 0.613225665123491 6.82996144194585
0.0119949999999999 0.639899247773496 6.68018320791695
0.012495 0.666572830423502 7.16261860998503
0.0129950000000001 0.693246413073507 7.47475049417195
0.0134949999999998 0.71991999572349 7.45016321717835
0.0139949999999999 0.746593578373495 7.96389831423208
0.014495 0.7732671610235 8.14255157275008
0.0149950000000001 0.799940743673506 8.2064271817901
0.015495 0.826614326323499 8.71713604914699
0.0159949999999999 0.853287908973493 8.81855546021103
0.016495 0.879961491623499 8.96924622872766
0.0169950000000001 0.906635074273504 9.42119188442265
0.0174950000000002 0.933308656923509 9.53221025432457
0.0179949999999998 0.959982239573492 9.71328815944309
0.0184949999999999 0.986655822223497 10.1585867253969
0.018995 1.0133294048735 10.1671902417769
0.0194950000000001 1.04000298752351 10.4448030871395
0.0199949999999998 1.06667657017349 10.8142714450735
0.0204949999999999 1.0933501528235 10.7989949442504
0.020995 1.1200237354735 11.2426060324086
0.0214950000000001 1.14669731812351 11.5530791769739
0.021995 1.1733709007735 11.5776826194817
0.0224949999999999 1.20004448342349 11.8745126803033
0.022995 1.2267180660735 12.0871242058916
0.0234950000000001 1.2533916487235 12.2451304046338
0.023995 1.2800652313735 12.6770762906294
0.0244949999999999 1.30673881402349 12.8226053102767
0.024995 1.3334123966735 12.8928476740932
0.0254950000000001 1.3600859793235 13.3109081199739
0.0259950000000002 1.38675956197351 13.4844413775688
0.0264949999999998 1.41343314462349 13.6643825546009
0.0269949999999999 1.4401067272735 13.9515330061419
0.027495 1.4667803099235 14.0987633560744
0.0279950000000001 1.49345389257351 14.2912574679915
0.0284949999999998 1.52012747522349 14.6714046473974
0.0289949999999999 1.54680105787349 14.8204368308765
0.029495 1.5734746405235 15.0506701833492
0.0299950000000001 1.60014822317351 15.3471211220393
0.030495 1.6268218058235 15.4109070244546
0.0309949999999999 1.65349538847349 15.6751675518303
0.031495 1.6801689711235 15.8789722446612
0.0319950000000001 1.7068425537735 16.0570459765493
0.0324950000000002 1.73351613642351 16.3325903911968
0.0329949999999999 1.76018971907349 16.5623926719239
0.0334949999999999 1.7868633017235 16.7337483191244
0.033995 1.8135368843735 17.0315711000751
0.0344950000000001 1.84021046702351 17.2401937491252
0.0349949999999998 1.86688404967349 17.415515037507
0.0354949999999999 1.8935576323235 17.6075516016297
0.035995 1.9202312149735 17.8112208115423
0.0364950000000001 1.94690479762351 18.0187737129288
0.036995 1.9735783802735 18.2532672396501
0.0374949999999999 2.00025196292349 18.5349198239719
0.037995 2.0269255455735 18.7427835537513
0.0384950000000001 2.0535991282235 18.9010611580032
0.038995 2.0802727108735 19.1193755045431
0.0394949999999999 2.10694629352349 19.3396214726378
0.039995 2.1336198761735 19.4764226531043
0.0404950000000001 2.1602934588235 19.7068032320611
0.0409950000000002 2.18696704147351 19.8399528713474
0.0414949999999998 2.21364062412349 20.0915139363636
0.0419949999999999 2.2403142067735 20.3386818802059
0.042495 2.2669877894235 20.4845293231461
0.0429950000000001 2.29366137207351 20.7765112597133
0.0434949999999998 2.32033495472349 21.0058543150426
0.0439949999999999 2.34700853737349 21.1542041525229
0.044495 2.3736821200235 21.461492270806
0.0449950000000001 2.40035570267351 21.6623446381247
0.045495 2.4270292853235 21.787651919732
0.0459949999999999 2.45370286797349 22.0900152404269
0.046495 2.4803764506235 22.188642916077
0.0469950000000001 2.5070500332735 22.307877841701
0.0474950000000002 2.53372361592351 22.5976278804273
0.0479949999999998 2.56039719857349 22.7340664648317
0.0484949999999999 2.5870707812235 22.8950620015097
0.048995 2.6137443638735 23.2050652156363
0.0494950000000001 2.64041794652351 23.3342129294922
0.0499949999999998 2.66709152917349 23.5437008150523
0.0504949999999999 2.6937651118235 23.841949782611
0.050995 2.7204386944735 23.9337361725356
0.0514950000000001 2.74711227712351 24.1542094141762
0.051995 2.7737858597735 24.4147413439644
0.0524949999999999 2.80045944242349 24.5516355991729
0.052995 2.8271330250735 24.8262343236842
0.0534950000000001 2.8538066077235 25.0367610119767
0.053995 2.8804801903735 25.1439879072845
0.0544949999999999 2.90715377302349 25.4294890271494
0.054995 2.9338273556735 25.6123502492753
0.0554950000000001 2.9605009383235 25.7901325242319
0.0559950000000002 2.98717452097351 26.0141841261739
0.0564949999999998 3.01384810362349 26.1695744660755
0.0569949999999999 3.0405216862735 26.3388168734395
0.057495 3.0671952689235 26.5789228304306
0.0579950000000001 3.09386885157351 26.7599634680805
0.0584949999999998 3.12054243422349 26.914998011967
0.0589949999999999 3.14721601687349 27.1310345959608
0.059495 3.1738895995235 27.3286170187842
0.0599950000000001 3.2005631821735 27.4796844926061
0.060495 3.2272367648235 27.7272739796558
0.0609949999999999 3.25391034747349 27.8758263795544
0.061495 3.2805839301235 28.0440364525465
0.0619950000000001 3.3072575127735 28.2697240937384
0.0624950000000002 3.33393109542351 28.4220331866288
0.0629949999999998 3.36060467807349 28.6135634663259
0.0634949999999999 3.3872782607235 28.7945618778937
0.063995 3.4139518433735 28.9543792561648
0.0644950000000001 3.44062542602351 29.1432410777106
0.0649949999999998 3.46729900867349 29.3691095806358
0.0654949999999999 3.4939725913235 29.512005562522
0.065995 3.5206461739735 29.7029155830823
0.0664950000000001 3.54731975662351 29.8628257751269
0.066995 3.5739933392735 30.0196344486681
0.0674949999999999 3.60066692192349 30.2038663531273
0.067995 3.6273405045735 30.3838042219701
0.0684950000000001 3.6540140872235 30.5465346994016
0.068995 3.6806876698735 30.7427209499418
0.0694949999999999 3.70736125252349 30.8978750368456
0.069995 3.7340348351735 31.112161073897
0.0704950000000001 3.7607084178235 31.2476416585071
0.0709950000000002 3.78738200047351 31.4086094421766
0.0714949999999998 3.81405558312349 31.5997342130442
0.0719949999999999 3.8407291657735 31.7696794628061
0.072495 3.8674027484235 31.9506859430812
0.0729950000000001 3.89407633107351 32.1631422287683
0.0734949999999998 3.92074991372349 32.3042382872262
0.0739949999999999 3.94742349637349 32.4966396170083
0.074495 3.9740970790235 32.6903491295234
0.0749950000000001 4.0007706616735 32.8460435321701
0.075495 4.0274442443235 33.0294271295913
0.0759949999999999 4.05411782697349 33.2084618366473
0.076495 4.0807914096235 33.3097594142502
0.0769950000000001 4.1074649922735 33.5069514294439
0.0774950000000002 4.13413857492351 33.6749456648375
0.0779949999999998 4.16081215757349 33.8356137110598
0.0784949999999999 4.1874857402235 34.0277077882221
0.078995 4.2141593228735 34.1746915878649
0.0794950000000001 4.24083290552351 34.3531685638512
0.0799949999999998 4.26750648817349 34.5598699688006
0.0804949999999999 4.2941800708235 34.7573506203983
0.080995 4.3208536534735 34.8753066236819
0.0814950000000001 4.34752723612351 35.0601634622137
0.081995 4.3742008187735 35.1707307854816
0.0824949999999999 4.40087440142349 35.3046064834214
0.082995 4.4275479840735 35.5080651718067
0.0834950000000001 4.4542215667235 35.628571569542
0.083995 4.4808951493735 35.8187888281384
0.0844949999999999 4.50756873202349 36.0340951387801
0.084995 4.5342423146735 36.1821651145914
0.0854950000000001 4.5609158973235 36.3462982740905
0.0859950000000002 4.58758947997351 36.5086099445831
0.0864949999999998 4.61426306262349 36.6140865697968
0.0869949999999999 4.6409366452735 36.7726402255761
0.087495 4.6676102279235 36.9624470998582
0.0879950000000001 4.69428381057351 37.1164696379764
0.088495 4.7209573932235 37.31721258134
0.0889949999999999 4.74763097587349 37.498133278276
0.089495 4.7743045585235 37.6180842562948
0.0899950000000001 4.8009781411735 37.7442876318478
0.090495 4.8276517238235 37.9057264907931
0.0909949999999999 4.85432530647349 38.0238321236603
0.091495 4.8809988891235 38.2010743805872
0.0919950000000001 4.9076724717735 38.4115786605555
0.0924950000000002 4.93434605442351 38.552588312721
0.0929949999999998 4.96101963707349 38.7148733888615
0.0934949999999999 4.9876932197235 38.8705409004247
0.093995 5.0143668023735 38.9793099444243
0.0944950000000001 5.04104038502351 39.1110561823826
0.0949949999999998 5.06771396767349 39.2845408477405
0.0954949999999999 5.09438755032349 39.4158287371342
0.095995 5.1210611329735 39.574910264092
0.0964950000000001 5.14773471562351 39.7446713987584
0.096995 5.1744082982735 39.8379393613707
0.0974949999999999 5.20108188092349 39.998828333165
0.097995 5.2277554635735 40.1836289891761
0.0984950000000001 5.2544290462235 40.3256089583633
0.098995 5.2811026288735 40.46011431623
0.0994949999999999 5.30777621152349 40.608813680212
0.099995 5.3344497941735 40.7124663505041
0.100495 5.3611233768235 40.8890978861435
0.100995 5.38779695947351 41.0567497040971
0.101495 5.41447054212349 41.1479712357579
0.101995 5.4411441247735 41.3153790401563
0.102495 5.4678177074235 41.4766184860577
0.102995 5.49449129007351 41.6054769941821
0.103495 5.5211648727235 41.7658141996894
0.103995 5.54783845537349 41.9184020485188
0.104495 5.5745120380235 41.9663577200272
0.104995 5.6011856206735 42.1342354216192
0.105495 5.6278592033235 42.2845950905066
0.105995 5.65453278597349 42.4468533865815
0.106495 5.6812063686235 42.6040450195054
0.106995 5.7078799512735 42.7095522973205
0.107495 5.73455353392351 42.7927505205367
0.107995 5.76122711657349 43.0216795785586
0.108495 5.7879006992235 43.1398866063789
0.108995 5.8145742818735 43.2288402561049
0.109495 5.84124786452351 43.3808709528299
0.109995 5.86792144717349 43.5127108240057
0.110495 5.89459502982349 43.6047219961593
0.110995 5.9212686124735 43.7957328857775
0.111495 5.94794219512351 43.9253571554329
0.111995 5.9746157777735 43.9983349049231
0.112495 6.00128936042349 44.2004927580585
0.112995 6.0279629430735 44.3358133444362
0.113495 6.0546365257235 44.4367860574987
0.113995 6.0813101083735 44.6077784745556
0.114495 6.10798369102349 44.6754961217002
0.114995 6.1346572736735 44.8086548233165
0.115495 6.1613308563235 44.9831404129815
0.115995 6.18800443897351 45.0779514165848
0.116495 6.21467802162349 45.1922208156977
0.116995 6.2413516042735 45.3591010969961
0.117495 6.2680251869235 45.4811748522243
0.117995 6.29469876957351 45.5876576898113
0.118495 6.3213723522235 45.7163984098569
0.118995 6.34804593487349 45.8516665091232
0.119495 6.3747195175235 45.9838773752892
0.119995 6.4013931001735 46.0843914706167
0.120495 6.4280666828235 46.1903131362876
0.120995 6.45474026547349 46.3361482325455
0.121495 6.4814138481235 46.4590708788745
0.121995 6.5080874307735 46.5597914236672
0.122495 6.53476101342351 46.7199314615889
0.122995 6.56143459607349 46.8372981108818
0.123495 6.5881081787235 46.9035410216852
0.123995 6.6147817613735 47.0308411559505
0.124495 6.64145534402351 47.2127758253492
0.124995 6.6681289266735 47.3167549258608
0.125495 6.69480250932349 47.3948099691919
0.125995 6.7214760919735 47.5045417640237
0.126495 6.74814967462351 47.6474900087319
0.126995 6.7748232572735 47.7716302121894
0.127495 6.80149683992349 47.8737124971655
0.127995 6.8281704225735 48.0196963904122
0.128495 6.8548440052235 48.1194050549681
0.128995 6.8815175878735 48.1990197689201
0.129495 6.90819117052349 48.361552039839
0.129995 6.9348647531735 48.4490418374918
0.130495 6.9615383358235 48.5268051777084
0.130995 6.98821191847351 48.6741939353744
0.131495 7.0148855011235 48.7902600073276
0.131995 7.0415590837735 48.9257130721125
0.132495 7.0682326664235 49.0234756010113
0.132995 7.09490624907351 49.0831988006769
0.133495 7.1215798317235 49.2235167878119
0.133995 7.14825341437349 49.3325928391933
0.134495 7.1749269970235 49.4069676280427
0.134995 7.2016005796735 49.5756411592856
0.135495 7.2282741623235 49.6588729225486
0.135995 7.25494774497349 49.7324726744259
0.136495 7.2816213276235 49.8535668688975
0.136995 7.3082949102735 49.9294722793794
0.137495 7.33496849292351 50.1084708182489
0.137995 7.36164207557349 50.1838784512405
0.138495 7.3883156582235 50.2810712169133
0.138995 7.4149892408735 50.4068479026291
0.139495 7.44166282352351 50.4684326685044
0.139995 7.4683364061735 50.594874191451
0.140495 7.49500998882349 50.7031862375977
0.140995 7.5216835714735 50.7465993821186
0.141495 7.54835715412351 50.9265389411103
0.141995 7.5750307367735 50.9721129136274
0.142495 7.60170431942349 51.1058309310763
0.142995 7.6283779020735 51.1931185471078
0.143495 7.6550514847235 51.3069125843227
0.143995 7.68172506737351 51.4115829200986
0.144495 7.70839865002349 51.4758711631682
0.144995 7.7350722326735 51.6084263689619
0.145495 7.7617458153235 51.6709188381551
0.145995 7.78841939797351 51.7950988313391
0.146495 7.81509298062349 51.8695498104885
0.146995 7.8417665632735 52.0064616539822
0.147495 7.8684401459235 52.0495933145944
0.147995 7.89511372857351 52.1635939490456
0.148495 7.9217873112235 52.256752107001
0.148995 7.94846089387349 52.3464870216548
0.149495 7.9751344765235 52.4897119416711
0.149995 8.0018080591735 52.5192129622531
0.150495 8.0284816418235 52.6653764036305
0.150995 8.05515522447349 52.7212647533454
0.151495 8.0818288071235 52.8243561946229
0.151995 8.1085023897735 52.9181812638514
0.152495 8.1351759724235 52.9702476790735
0.152995 8.16184955507349 53.1128180000886
0.153495 8.1885231377235 53.167771958597
0.153995 8.2151967203735 53.3151290619001
0.154495 8.24187030302351 53.3348203253837
0.154995 8.2685438856735 53.5054523077964
0.155495 8.29521746832349 53.5069233613595
0.155995 8.3218910509735 53.6460491166904
0.156495 8.34856463362351 53.6981250515523
0.156995 8.3752382162735 53.8343198103528
0.157495 8.40191179892349 53.8798554606982
0.157995 8.4285853815735 54.0088726139815
0.158495 8.4552589642235 54.0469722929354
0.158995 8.4819325468735 54.1430225823202
0.159495 8.50860612952349 54.2238507037725
0.159995 8.5352797121735 54.3048105389566
0.160495 8.5619532948235 54.412860223467
0.160995 8.58862687747351 54.4833628501651
0.161495 8.6153004601235 54.5696887353817
0.161995 8.64197404277349 54.6517082804747
0.162495 8.6686476254235 54.723972045654
0.162995 8.6953212080735 54.8064973671947
0.163495 8.7219947907235 54.8960642051961
0.163995 8.74866837337349 54.9833747792968
0.164495 8.7753419560235 55.0786528868489
0.164995 8.8020155386735 55.1244680845977
0.165495 8.8286891213235 55.1944959431345
0.165995 8.85536270397349 55.2862246587554
0.166495 8.8820362866235 55.3608211693541
0.166995 8.9087098692735 55.4412678372131
0.167495 8.93538345192351 55.5054871255784
0.167995 8.9620570345735 55.6339217993314
0.168495 8.9887306172235 55.6578960650948
0.168995 9.0154041998735 55.7341163485625
0.169495 9.04207778252351 55.8274082603431
0.169995 9.0687513651735 55.8987803885617
0.170495 9.09542494782349 55.9550439152449
0.170995 9.1220985304735 56.0380658578008
0.171495 9.1487721131235 56.1427168249451
0.171995 9.1754456957735 56.1718582833697
0.172495 9.20211927842349 56.2357510667533
0.172995 9.2287928610735 56.3472474928324
0.173495 9.2554664437235 56.4084348979343
0.173995 9.28214002637351 56.4704596948289
0.174495 9.30881360902349 56.5694947833792
0.174995 9.3354871916735 56.6358126142336
0.175495 9.3621607743235 56.6877497212465
0.175995 9.38883435697351 56.7609340504229
0.176495 9.4155079396235 56.8450063294013
0.176995 9.4421815222735 56.8978198809597
0.177495 9.4688551049235 57.0010607507742
0.177995 9.49552868757351 57.0466014013604
0.178495 9.5222022702235 57.1107991057301
0.178995 9.54887585287349 57.1952986293978
0.179495 9.5755494355235 57.2091602609762
0.179995 9.6022230181735 57.3247823163218
0.180495 9.6288966008235 57.3325979044254
0.180995 9.65557018347349 57.4593027157858
0.181495 9.6822437661235 57.5236644685204
0.181995 9.7089173487735 57.5798989582207
0.182495 9.73559093142351 57.6785678224619
0.182995 9.76226451407349 57.7102659517939
0.183495 9.78893809672349 57.7978109711843
0.183995 9.8156116793735 57.8280638051158
0.184495 9.84228526202351 57.9044107807804
0.184995 9.8689588446735 58.0208835467238
0.185495 9.89563242732349 58.0391982440754
0.185995 9.9223060099735 58.1572868697895
0.186495 9.94897959262351 58.1504432067686
0.186995 9.9756531752735 58.2270630764743
0.187495 10.0023267579235 58.2858594421365
0.187995 10.0290003405735 58.3561209154242
0.188495 10.0556739232235 58.4362437447245
0.188995 10.0823475058735 58.4824661564542
0.189495 10.1090210885235 58.524184301456
0.189995 10.1356946711735 58.5865192691109
0.190495 10.1623682538235 58.5887218219991
0.190995 10.1890418364735 58.7284017179725
0.191495 10.2157154191235 58.8364005623861
0.191995 10.2423890017735 58.8391164229563
0.192495 10.2690625844235 58.9034362324361
0.192995 10.2957361670735 58.9553176527346
0.193495 10.3224097497235 59.0290695087412
0.193995 10.3490833323735 59.03248913212
0.194495 10.3757569150235 59.1504131923481
0.194995 10.4024304976735 59.1729189950997
0.195495 10.4291040803235 59.2429309789037
0.195995 10.4557776629735 59.3068011033414
0.196495 10.4824512456235 59.3684904846956
0.196995 10.5091248282735 59.4271146880704
0.197495 10.5357984109235 59.5226981044339
0.197995 10.5624719935735 59.5734048258392
0.198495 10.5891455762235 59.580723125636
0.198995 10.6158191588735 59.7049622513268
0.199495 10.6424927415235 59.7402376931966
0.199995 10.6691663241735 59.7338100437462
0.200495 10.6958399068235 59.8443084168342
0.200995 10.7225134894735 59.8734190939862
0.201495 10.7491870721235 59.9452683890672
0.201995 10.7758606547735 60.025638860532
0.202495 10.8025342374235 60.0169862276633
0.202995 10.8292078200735 60.0936746246095
0.203495 10.8558814027235 60.1471383416719
0.203995 10.8825549853735 60.2180097820788
0.204495 10.9092285680235 60.2831991887401
0.204995 10.9359021506735 60.3190040129648
0.205495 10.9625757333235 60.4091170772525
0.205995 10.9892493159735 60.4384533954569
0.206495 11.0159228986235 60.511748253502
0.206995 11.0425964812735 60.5395279506767
0.207495 11.0692700639235 60.5961074551079
0.207995 11.0959436465735 60.6466862701298
0.208495 11.1226172292235 60.7089010714487
0.208995 11.1492908118735 60.7960035293588
0.209495 11.1759643945235 60.8029924814942
0.209995 11.2026379771735 60.8417153321816
0.210495 11.2293115598235 60.8868398641526
0.210995 11.2559851424735 60.9499142187371
0.211495 11.2826587251235 61.0237588045508
0.211995 11.3093323077735 61.0692034405423
0.212495 11.3360058904235 61.1300076950962
0.212995 11.3626794730735 61.18870224688
0.213495 11.3893530557235 61.2190710239963
0.213995 11.4160266383735 61.2949364532622
0.214495 11.4427002210235 61.3869440274818
0.214995 11.4693738036735 61.3878264580769
0.215495 11.4960473863235 61.446042704304
0.215995 11.5227209689735 61.4563784536355
0.216495 11.5493945516235 61.5500138716704
0.216995 11.5760681342735 61.6170974562507
0.217495 11.6027417169235 61.6514878466177
0.217995 11.6294152995735 61.6780360540971
0.218495 11.6560888822235 61.746646997562
0.218995 11.6827624648735 61.8378760920231
0.219495 11.7094360475235 61.8421477792906
0.219995 11.7361096301735 61.9239351641083
0.220495 11.7627832128235 61.9357739565844
0.220995 11.7894567954735 62.0480955227958
0.221495 11.8161303781235 62.0456421175807
0.221995 11.8428039607735 62.1199556279515
0.222495 11.8694775434235 62.1461815992224
0.222995 11.8961511260735 62.1818922876918
0.223495 11.9228247087235 62.2836417833963
0.223995 11.9494982913735 62.3321306112856
0.224495 11.9761718740235 62.3689620333097
0.224995 12.0028454566735 62.4468066825956
0.225495 12.0295190393235 62.49471884787
0.225995 12.0561926219735 62.4927281690157
0.226495 12.0828662046235 62.5487177085911
0.226995 12.1095397872735 62.6058330174158
0.227495 12.1362133699235 62.6680511840538
0.227995 12.1628869525735 62.7893308282805
0.228495 12.1895605352235 62.7694041918362
0.228995 12.2162341178735 62.8353698332891
0.229495 12.2429077005235 62.9112897401863
0.229995 12.2695812831735 62.9662425799516
0.230495 12.2962548658235 63.0157888910985
0.230995 12.3229284484735 63.00978603299
0.231495 12.3496020311235 63.0748734689846
0.231995 12.3762756137735 63.1146697012751
0.232495 12.4029491964235 63.1823797860946
0.232995 12.4296227790735 63.2846862452666
0.233495 12.4562963617235 63.3041454916196
0.233995 12.4829699443735 63.3130920885576
0.234495 12.5096435270235 63.4685957834638
0.234995 12.5363171096735 63.4697266635452
0.235495 12.5629906923235 63.4632801451986
0.235995 12.5896642749735 63.56244952089
0.236495 12.6163378576235 63.5688265516269
0.236995 12.6430114402735 63.6744570609127
0.237495 12.6696850229235 63.6866580340364
0.237995 12.6963586055735 63.7765256975617
0.238495 12.7230321882235 63.8025470556081
0.238995 12.7497057708735 63.8854604080402
0.239495 12.7763793535235 63.9046157933661
0.239995 12.8030529361735 63.9486141106546
0.240495 12.8297265188235 64.0219032778028
0.240995 12.8564001014735 64.066557656448
0.241495 12.8830736841235 64.0855714606832
0.241995 12.9097472667735 64.2683012306897
0.242495 12.9364208494235 64.2531047445133
0.242995 12.9630944320735 64.2639992926727
0.243495 12.9897680147235 64.3706477906519
0.243995 13.0164415973735 64.4239620490185
0.244495 13.0431151800235 64.4308732268891
0.244995 13.0697887626735 64.5369955735157
0.245495 13.0964623453235 64.5556925995647
0.245995 13.1231359279735 64.5965792926132
0.246495 13.1498095106235 64.6556195165857
0.246995 13.1764830932735 64.7724298012811
0.247495 13.2031566759235 64.7941710173969
0.247995 13.2298302585735 64.8616676822789
0.248495 13.2565038412235 64.8794842414242
0.248995 13.2831774238735 64.9010041898247
0.249495 13.3098510065235 64.9877473664042
0.249995 13.3365245891735 65.0715305411144
0.250495 13.3631981718235 65.0486243623278
0.250995 13.3898717544735 65.0626243519871
0.251495 13.4165453371235 65.2172776451501
0.251995 13.4432189197735 65.2706005725969
0.252495 13.4698925024235 65.2455946350729
0.252995 13.4965660850735 65.3367901511622
0.253495 13.5232396677235 65.4247140720401
0.253995 13.5499132503735 65.4608236286955
0.254495 13.5765868330235 65.5822457617249
0.254995 13.6032604156735 65.7407430305386
0.255495 13.6299339983235 65.6648585818738
0.255995 13.6566075809735 65.6453403908747
0.256495 13.6832811636235 65.7345753783094
0.256995 13.7099547462735 65.962303019032
0.257495 13.7366283289235 65.8863032813211
0.257995 13.7633019115735 65.9588890155489
0.258495 13.7899754942235 65.9930660052388
0.258995 13.8166490768735 65.978687409086
0.259495 13.8433226595235 66.0692293882261
0.259995 13.8699962421735 66.2356125157172
0.260495 13.8966698248235 66.2425172259546
0.260995 13.9233434074735 66.4317485443643
0.261495 13.9500169901235 66.436286993929
0.261995 13.9766905727735 66.2959427996367
0.262495 14.0033641554235 66.4771165142854
0.262995 14.0300377380735 66.581427946892
0.263495 14.0567113207235 66.6360009422669
0.263995 14.0833849033735 66.7401688001796
0.264495 14.1100584860235 66.6755546739786
0.264995 14.1367320686735 66.7800678907527
0.265495 14.1634056513235 66.9555843911138
0.265995 14.1900792339735 66.9404432316604
0.266495 14.2167528166235 66.9418090756915
0.266995 14.2434263992735 67.0070572960951
0.267495 14.2700999819235 67.1314802212717
0.267995 14.2967735645735 67.1222342094635
0.268495 14.3234471472235 67.1795816458129
0.268995 14.3501207298735 67.3029637786952
0.269495 14.3767943125235 67.3020047560173
0.269995 14.4034678951735 67.331418267229
0.270495 14.4301414778235 67.4614235886723
0.270995 14.4568150604735 67.6892886821662
0.271495 14.4834886431235 67.578671102864
0.271995 14.5101622257735 67.6446799803943
0.272495 14.5368358084235 67.7958072468311
0.272995 14.5635093910735 67.705187552337
0.273495 14.5901829737235 67.8574052860804
0.273995 14.6168565563735 68.0564342172898
0.274495 14.6435301390235 68.1256817598427
0.274995 14.6702037216735 68.0819780323206
0.275495 14.6968773043235 68.1713541699091
0.275995 14.7235508869735 68.1148650831339
0.276495 14.7502244696235 68.4393687887072
0.276995 14.7768980522735 68.4210179802375
0.277495 14.8035716349235 68.4553225890462
0.277995 14.8302452175735 68.5731745741869
0.278495 14.8569188002235 68.6370370459651
0.278995 14.8835923828735 68.811915630143
0.279495 14.9102659655235 68.7686148068974
0.279995 14.9369395481735 68.6879349218976
0.280495 14.9636131308235 68.8691164244157
0.280995 14.9902867134735 69.0727146235501
0.281495 15.0169602961235 69.066646157946
0.281995 15.0436338787735 69.2942425551084
0.282495 15.0703074614235 69.2759151689118
0.282995 15.0969810440735 69.4390522887386
0.283495 15.1236546267235 69.4718881226081
0.283995 15.1503282093735 69.4982084227464
0.284495 15.1770017920235 69.6157899569116
0.284995 15.2036753746735 69.7867650044465
0.285495 15.2303489573235 69.783510794276
0.285995 15.2570225399735 70.0862331597005
0.286495 15.2836961226235 70.0203293069543
0.286995 15.3103697052735 70.1344607424601
0.287495 15.3370432879235 70.1860746984079
0.287995 15.3637168705735 70.2157195197295
0.288495 15.3903904532235 70.298330850573
0.288995 15.4170640358735 70.4637964320853
0.289495 15.4437376185235 70.6358935261651
0.289995 15.4704112011735 70.7658694955745
0.290495 15.4970847838235 70.8152497182772
0.290995 15.5237583664735 70.9806004528104
0.291495 15.5504319491235 70.8647103142778
0.291995 15.5771055317735 71.104713981681
0.292495 15.6037791144235 70.975234822256
0.292995 15.6304526970735 71.3629318473882
0.293495 15.6571262797235 71.3462566750036
0.293995 15.6837998623735 71.2967842656343
0.294495 15.7104734450235 71.4598108626977
0.294995 15.7371470276735 71.6960932274349
0.295495 15.7638206103235 71.9070384385578
0.295995 15.7904941929735 71.894847630408
0.296495 15.8171677756235 71.8946662960359
0.296995 15.8438413582735 72.1956751379666
0.297495 15.8705149409235 72.2258414950136
0.297995 15.8971885235735 72.2451178882865
0.298495 15.9238621062235 72.5414844537944
0.298995 15.9505356888735 72.5325785448879
0.299495 15.9772092715235 72.8278819640493
0.299995 16.0038828541735 72.9572367360141
0.300495 16.0305564368235 73.0585677459435
0.300995 16.0572300194735 73.1158632785581
0.301495 16.0839036021235 73.4181303366717
0.301995 16.1105771847735 73.2724169047389
0.302495 16.1372507674235 73.6341849660867
0.302995 16.1639243500735 73.7530946700873
0.303495 16.1905979327235 73.7280561536444
0.303995 16.2172715153735 73.9378101891035
0.304495 16.2439450980235 74.1798712561392
0.304995 16.2706186806735 74.2499006532357
0.305495 16.2972922633235 74.3940378267345
0.305995 16.3239658459735 74.6044611523973
0.306495 16.3506394286235 74.7147893484494
0.306995 16.3773130112735 74.8446054297311
0.307495 16.4039865939235 75.0773762820092
0.307995 16.4306601765735 75.0145616979341
0.308495 16.4573337592235 75.5207188563284
0.308995 16.4840073418735 75.5042174434899
0.309495 16.5106809245235 75.7642055703949
0.309995 16.5373545071735 75.922185751701
0.310495 16.5640280898235 76.0467251324065
0.310995 16.5907016724735 76.3440896182823
0.311495 16.6173752551235 76.4881025078649
0.311995 16.6440488377735 76.6296111202492
0.312495 16.6707224204235 76.8774477217079
0.312995 16.6973960030735 77.1039477296669
0.313495 16.7240695857235 77.2669682049927
0.313995 16.7507431683735 77.1772053576815
0.314495 16.7774167510235 77.638208395794
0.314995 16.8040903336735 77.7371199283762
0.315495 16.8307639163235 77.8586986940882
0.315995 16.8574374989735 78.1633850614874
0.316495 16.8841110816235 78.5430685140412
0.316995 16.9107846642735 78.4001551911478
0.317495 16.9374582469235 78.9147335489971
0.317995 16.9641318295735 79.0726753293444
0.318495 16.9908054122235 79.2803734328973
0.318995 17.0174789948735 79.3714113180308
0.319495 17.0441525775235 79.7481242792935
0.319995 17.0708261601735 79.9108706453726
0.320495 17.0974997428235 80.1973621818738
0.320995 17.1241733254735 80.5041189332469
0.321495 17.1508469081235 80.4967821325672
0.321995 17.1775204907735 80.7839483277539
0.322495 17.2041940734235 80.8810697691952
0.322995 17.2308676560735 81.1462288056987
0.323495 17.2575412387235 81.5830824950924
0.323995 17.2842148213735 81.7638582616929
0.324495 17.3108884040235 81.8009193118531
0.324995 17.3375619866735 82.4728680221679
0.325495 17.3642355693235 82.4148981387301
0.325995 17.3909091519735 82.521426386361
0.326495 17.4175827346235 83.1288839360415
0.326995 17.4442563172735 83.2413266535252
0.327495 17.4709298999235 83.5337369027749
0.327995 17.4976034825735 83.6335243339269
0.328495 17.5242770652235 83.7196031742329
0.328995 17.5509506478735 84.4452424747483
0.329495 17.5776242305235 84.7495048776967
0.329995 17.6042978131735 84.5711595520158
0.330495 17.6309713958235 85.0034305412221
0.330995 17.6576449784735 85.6292378640539
0.331495 17.6843185611235 85.5658945101285
0.331995 17.7109921437735 85.8086435164611
0.332495 17.7376657264235 86.3824160905903
0.332995 17.7643393090735 86.4685303020799
0.333495 17.7910128917235 86.7552647572921
0.333995 17.8176864743735 87.0053968185409
0.334495 17.8443600570235 87.318279426003
0.334995 17.8710336396735 87.7280431497604
0.335495 17.8977072223235 87.8605192234726
0.335995 17.9243808049735 88.2281921707288
0.336495 17.9510543876235 88.4597560234302
0.336995 17.9777279702735 88.8719764513068
0.337495 18.0044015529235 89.0528849112433
0.337995 18.0310751355735 89.7102660460342
0.338495 18.0577487182235 89.6003611618814
0.338995 18.0844223008735 89.8132962904632
0.339495 18.1110958835235 90.5646591941428
0.339995 18.1377694661735 90.6681324285549
0.340495 18.1644430488235 90.9328312570698
0.340995 18.1911166314735 91.3421597029708
0.341495 18.2177902141235 91.3836467722379
0.341995 18.2444637967735 91.8984768664305
0.342495 18.2711373794235 92.2202565211292
0.342995 18.2978109620735 92.7032847030449
0.343495 18.3244845447235 92.6828532164127
0.343995 18.3511581273735 93.0852713732447
0.344495 18.3778317100235 93.3492270217728
0.344995 18.4045052926735 93.8661899497752
0.345495 18.4311788753235 93.980282720004
0.345995 18.4578524579735 94.3258000046038
0.346495 18.4845260406235 94.8659241762185
0.346995 18.5111996232735 95.0825496839359
0.347495 18.5378732059235 95.3039361279028
0.347995 18.5645467885735 95.7848056751514
0.348495 18.5912203712235 96.0426129366337
0.348995 18.6178939538735 96.3726312492357
0.349495 18.6445675365235 96.7971209320948
0.349995 18.6712411191735 97.0832340464141
0.350495 18.6979147018235 97.3833219386558
0.350995 18.7245882844735 97.906877671797
0.351495 18.7512618671235 98.0269032899339
0.351995 18.7779354497735 98.4798350573472
0.352495 18.8046090324235 98.7226705371134
0.352995 18.8312826150735 99.3708743109447
0.353495 18.8579561977235 99.435880366334
0.353995 18.8846297803735 99.8431089393182
0.354495 18.9113033630235 100.088172016009
0.354995 18.9379769456735 100.414806331235
0.355495 18.9646505283235 101.033752141243
0.355995 18.9913241109735 101.162300090699
0.356495 19.0179976936235 101.577202542556
0.356995 19.0446712762735 101.976851260131
0.357495 19.0713448589235 102.336221165215
0.357995 19.0980184415735 102.509110486464
0.358495 19.1246920242235 103.090859757249
0.358995 19.1513656068735 103.325315467751
0.359495 19.1780391895235 103.7552223889
0.359995 19.2047127721735 104.170506265543
0.360495 19.2313863548235 104.667368450938
0.360995 19.2580599374735 104.96690001069
0.361495 19.2847335201235 105.330020347599
0.361995 19.3114071027735 105.784769077178
0.362495 19.3380806854235 105.955382299203
0.362995 19.3647542680735 106.299373552844
0.363495 19.3914278507235 106.950250825388
0.363995 19.4181014333735 107.274625371824
0.364495 19.4447750160235 107.405538330681
0.364995 19.4714485986735 108.096426998508
0.365495 19.4981221813235 108.305200033248
0.365995 19.5247957639735 108.8886408195
0.366495 19.5514693466235 109.204333080285
0.366995 19.5781429292735 109.646658279637
0.367495 19.6048165119235 110.047705961341
0.367995 19.6314900945735 110.378636470295
0.368495 19.6581636772235 110.781638811449
0.368995 19.6848372598735 111.253480341412
0.369495 19.7115108425235 111.658474555981
0.369995 19.7381844251735 112.170707499651
0.370495 19.7648580078235 112.338024968282
0.370995 19.7915315904735 112.853316093301
0.371495 19.8182051731235 113.392609976656
0.371995 19.8448787557735 113.790344105198
0.372495 19.8715523384235 114.218396956063
0.372995 19.8982259210735 115.035595847808
0.373495 19.9248995037235 115.218251208182
0.373995 19.9515730863735 115.326569802856
0.374495 19.9782466690235 115.90078777379
0.374995 20.0049202516735 116.276049429446
0.375495 20.0315938343235 116.983964889049
0.375995 20.0582674169735 117.411599905376
0.376495 20.0849409996235 117.884041461489
0.376995 20.1116145822735 118.391917666737
0.377495 20.1382881649235 119.095868414652
0.377995 20.1649617475735 119.435243773462
0.378495 20.1916353302235 119.874308548133
0.378995 20.2183089128735 120.555943639026
0.379495 20.2449824955235 121.020115386169
0.379995 20.2716560781735 121.364156912087
0.380495 20.2983296608235 122.015006834871
0.380995 20.3250032434735 122.613380032342
0.381495 20.3516768261235 122.926354212271
0.381995 20.3783504087735 123.364242410478
0.382495 20.4050239914235 123.881896974608
0.382995 20.4316975740735 124.060816109104
0.383495 20.4583711567235 122.218066226544
0.383995 20.4850447393735 117.587049189942
0.384495 20.5117183220235 111.270692553143
0.384995 20.5383919046735 103.799373319234
0.385495 20.5650654873235 98.5818908054585
0.385995 20.5917390699735 93.6456698513756
0.386495 20.6184126526235 88.7564001717113
0.386995 20.6450862352735 84.367481422601
0.387495 20.6717598179235 80.4988274417577
0.387995 20.6984334005735 76.6241863465327
0.388495 20.7251069832235 73.0707858576487
0.388995 20.7517805658735 69.6731599626054
0.389495 20.7784541485235 66.4030450522235
0.389995 20.8051277311735 63.3288605811502
0.390495 20.8318013138235 60.3225156442699
0.390995 20.8584748964735 57.4807657618221
0.391495 20.8851484791235 54.7770814049645
0.391995 20.9118220617735 52.1936764476516
0.392495 20.9384956444235 49.9807582047695
0.392995 20.9651692270735 47.9367451860188
0.393495 20.9918428097235 46.135354492519
0.393995 21.0185163923735 44.6024962401441
0.394495 21.0451899750235 43.1973694829149
0.394995 21.0718635576735 42.0419147255331
0.395495 21.0985371403235 41.0828532091644
0.395995 21.1252107229735 40.2108317595473
0.396495 21.1518843056235 39.3919759446719
0.396995 21.1785578882735 38.5593577936462
0.397495 21.2052314709235 37.766168281594
0.397995 21.2319050535735 36.9946432730787
0.398495 21.2585786362235 36.1990537568024
0.398995 21.2852522188735 35.4924166699585
0.399495 21.3119258015235 34.7481228646319
0.399995 21.3385993841735 34.027641086221
0.400495 21.3652729668235 33.3818275155907
0.400995 21.3919465494735 32.6564137762877
0.401495 21.4186201321235 32.048446173203
0.401995 21.4452937147735 31.4048610141205
0.402495 21.4719672974235 30.7565084744239
0.402995 21.4986408800735 30.1803694624909
0.403495 21.5253144627235 29.5552220602665
0.403995 21.5519880453735 28.9699524965068
0.404495 21.5786616280235 28.4021658247508
0.404995 21.6053352106735 27.8284928841981
0.405495 21.6320087933235 27.271650006638
0.405995 21.6586823759735 26.7175391597712
0.406495 21.6853559586235 26.1300249637849
0.406995 21.7120295412735 25.4627212648613
0.407495 21.7387031239235 24.7257296950643
0.407995 21.7653767065735 23.9384163155881
0.408495 21.7920502892235 23.1192872048894
0.408995 21.8187238718735 22.2365242661597
0.409495 21.8453974545235 21.2988963623847
0.409995 21.8720710371735 20.3109041268799
0.410495 21.8987446198235 19.2741425356873
0.410995 21.9254182024735 18.1827146963133
0.411495 21.9520917851235 17.0389353968963
0.411995 21.9787653677735 15.8382421307235
0.412495 22.0054389504235 14.5783843795548
0.412995 22.0321125330735 13.2618504335814
0.413495 22.0587861157235 11.8820965109518
0.413995 22.0854596983735 10.4363912984921
0.414495 22.1121332810235 8.93487794101664
0.414995 22.1388068636735 7.49208076956955
0.415495 22.1654804463235 6.1324853363863
0.415995 22.1921540289735 4.84521201472378
0.416495 22.2188276116235 3.55219760149277
0.416995 22.2455011942735 2.25357081471883
0.417495 22.2721747769235 0.968812487188258
0.417995 22.2988483595735 -0.293267633759471
0.418495 22.3255219422235 -1.58942990549815
0.418995 22.3521955248735 -3.04732539617037
0.419495 22.3788691075235 -4.64340207843942
0.419995 22.4055426901735 -6.36197732962173
0.420495 22.4322162728235 -8.21606439578674
0.420995 22.4588898554735 -10.1782291782194
0.421495 22.4855634381235 -12.2395257322691
0.421995 22.5122370207735 -14.4018080828874
0.422495 22.5389106034235 -16.6248092368361
0.422995 22.5655841860735 -18.9238882811568
0.423495 22.5922577687235 -21.2310255353974
0.423995 22.6189313513735 -23.3463490844495
0.424495 22.6456049340235 -20.5415310459185
0.424995 22.6722785166735 -17.5213691363529
0.425495 22.6989520993235 -13.4370444857553
0.425995 22.7256256819735 -9.67943437114413
0.426495 22.7522992646235 -7.51223551701022
0.426995 22.7789728472735 -5.27760837438012
0.427495 22.8056464299235 -3.2123887749254
0.427995 22.8323200125735 -1.94457553166055
0.428495 22.8589935952235 -1.17373935431713
0.428995 22.8856671778735 -0.222803355459821
0.429495 22.9123407605235 0.67945291964263
0.429995 22.9390143431735 0.793594146003809
0.430495 22.9656879258235 0.857370948564718
0.430995 22.9923615084735 0.889652994882463
0.431495 23.0190350911235 0.991655586206252
0.431995 23.0457086737735 0.355585852140851
0.432495 23.0723822564235 -0.395807897796011
0.432995 23.0990558390735 -1.31114879515972
0.433495 23.1257294217235 -1.93455203380732
0.433995 23.1524030043735 -1.80091055597413
0.434495 23.1790765870235 -1.99047166184467
0.434995 23.2057501696735 -2.20686127157933
0.435495 23.2324237523235 -2.35252229861995
0.435995 23.2590973349735 -2.37800616443369
0.436495 23.2857709176235 -1.95334338145097
0.436995 23.3124445002735 -1.44119537361226
0.437495 23.3391180829235 -1.07397186305167
0.437995 23.3657916655735 -0.699317625639337
0.438495 23.3924652482235 -0.216113760332452
0.438995 23.4191388308735 -0.00235464716124325
0.439495 23.4458124135235 -0.00320166230325551
0.439995 23.4724859961735 -0.0188035197425113
0.440495 23.4991595788235 -0.274155175919609
0.440995 23.5258331614735 -0.275809970769185
0.441495 23.5525067441235 -0.463796020801031
0.441995 23.5791803267735 -0.78366638644878
0.442495 23.6058539094235 -1.11250602028984
0.442995 23.6325274920735 -1.13204662025405
0.443495 23.6592010747235 -1.28355354291574
0.443995 23.6858746573735 -1.43038900128471
0.444495 23.7125482400235 -1.54426088821445
0.444995 23.7392218226735 -1.5477225319868
0.445495 23.7658954053235 -1.34013233803365
0.445995 23.7925689879735 -0.921357888238042
0.446495 23.8192425706235 -0.657207042616759
0.446995 23.8459161532735 -0.582866475955577
0.447495 23.8725897359235 -0.681642200934244
0.447995 23.8992633185735 -0.609126698939175
0.448495 23.9259369012235 -0.575086204806257
0.448995 23.9526104838735 -0.486172804279211
0.449495 23.9792840665235 -0.379876306295662
0.449995 24.0059576491735 -0.155222318469522
0.450495 24.0326312318235 -0.369871991765305
0.450995 24.0593048144735 -0.47079206620098
0.451495 24.0859783971235 -0.368866686393507
0.451995 24.1126519797735 -0.261632780833073
0.452495 24.1393255624235 -0.30410928104651
0.452995 24.1659991450735 -0.227449176322753
0.453495 24.1926727277235 -0.405573711883906
0.453995 24.2193463103735 -0.340507961720962
0.454495 24.2460198930235 -0.316242027228105
0.454995 24.2726934756735 -0.224997628543302
0.455495 24.2993670583235 -0.147268219363964
0.455995 24.3260406409735 0.128744654586214
0.456495 24.3527142236235 0.037959781623332
0.456995 24.3793878062735 0.090154729856197
0.457495 24.4060613889235 -0.0923934152696208
0.457995 24.4327349715735 -0.289945270949419
0.458495 24.4594085542235 -0.209268401300449
0.458995 24.4860821368735 -0.210086915287237
0.459495 24.5127557195235 -0.122978907383162
0.459995 24.5394293021735 -0.0450023526047637
0.460495 24.5661028848235 -0.127562824346913
0.460995 24.5927764674735 -0.0786625606219868
0.461495 24.6194500501235 0.125660723262806
0.461995 24.6461236327735 0.255118990336533
0.462495 24.6727972154235 0.41694472660426
0.462995 24.6994707980735 0.45494549412435
0.463495 24.7261443807235 0.445487786248043
0.463995 24.7528179633735 0.516306004316485
0.464495 24.7794915460235 0.498916026835476
0.464995 24.8061651286735 0.538260197272997
0.465495 24.8328387113235 0.640435119480804
0.465995 24.8595122939735 0.785994870988253
0.466495 24.8861858766235 0.860680797666399
0.466995 24.9128594592735 1.05125261984292
0.467495 24.9395330419235 1.05537883738504
0.467995 24.9662066245735 1.07713854694787
0.468495 24.9928802072235 1.31293886147621
0.468995 25.0195537898735 1.19686977530667
0.469495 25.0462273725235 1.19089077339749
0.469995 25.0729009551735 1.30897131628572
0.470495 25.0995745378235 1.40156615438673
0.470995 25.1262481204735 1.64559460494803
0.471495 25.1529217031235 1.69541547605852
0.471995 25.1795952857735 1.5521829356404
0.472495 25.2062688684235 1.66134036415311
0.472995 25.2329424510735 1.44532367619852
0.473495 25.2596160337235 1.30921390799021
0.473995 25.2862896163735 1.22246572582453
0.474495 25.3129631990235 1.24486089562521
0.474995 25.3396367816735 1.30839734818348
0.475495 25.3663103643235 1.41967993373551
0.475995 25.3929839469735 1.35953170888482
0.476495 25.4196575296235 1.23729060187974
0.476995 25.4463311122735 0.917824288228999
0.477495 25.4730046949235 0.633215509507934
0.477995 25.4996782775735 0.4307489966473
0.478495 25.5263518602235 0.433700300689503
0.478995 25.5530254428735 0.335400734795241
0.479495 25.5796990255235 0.220803949114509
0.479995 25.6063726081735 -0.0274722959127334
0.480495 25.6330461908235 -0.359522716016492
0.480995 25.6597197734735 -0.447780573830802
0.481495 25.6863933561235 -0.713199908740585
0.481995 25.7130669387735 -0.675498995518734
0.482495 25.7397405214235 -0.827054806003787
0.482995 25.7664141040735 -0.970475185911098
0.483495 25.7930876867235 -1.12662421126016
0.483995 25.8197612693735 -1.3212303129746
0.484495 25.8464348520235 -1.3037946441193
0.484995 25.8731084346735 -1.28396398920593
0.485495 25.8997820173235 -1.3520305929558
0.485995 25.9264555999735 -1.53019973052081
0.486495 25.9531291826235 -1.5731057742815
0.486995 25.9798027652735 -1.60611565900133
0.487495 26.0064763479235 -1.5581940341775
0.487995 26.0331499305735 -1.51695844378952
0.488495 26.0598235132235 -1.27495980678931
0.488995 26.0864970958735 -1.14833040509244
0.489495 26.1131706785235 -1.27127528500824
0.489995 26.1398442611735 -1.25570171638691
0.490495 26.1665178438235 -0.898784374647387
0.490995 26.1931914264735 -0.830198664572924
0.491495 26.2198650091235 -0.677601068997635
0.491995 26.2465385917735 -0.568418826959261
0.492495 26.2732121744235 -0.422540998457262
0.492995 26.2998857570735 -0.191284473650109
0.493495 26.3265593397235 0.0793474871140417
0.493995 26.3532329223735 0.265308547418027
0.494495 26.3799065050235 0.476219488159848
0.494995 26.4065800876735 0.541473791274546
0.495495 26.4332536703235 0.673509927812939
0.495995 26.4599272529735 0.716131561391886
0.496495 26.4866008356235 0.839214783334604
0.496995 26.5132744182735 0.84931415617508
0.497495 26.5399480009235 0.896810852491053
0.497995 26.5666215835735 0.906479803868701
0.498495 26.5932951662235 1.02779422379774
0.498995 26.6199687488735 1.06735660083209
0.499495 26.6466423315235 1.15152853074707
0.499995 26.6733159141735 1.31377779782315
