# Fix print output for fix Step
2.17053989291652e-16 2.8421709430404e-15 0.700557320701009
0.000495000000000159 0.00648168053209588 0.943026505388478
0.000995000000000067 0.0130288325847147 0.935540306972349
0.00149500000000019 0.0195759846373363 1.56018270220184
0.0019950000000001 0.0261231366899551 1.75347147313696
0.00249500000000001 0.0326702887425739 1.62971714235612
0.00299500000000013 0.0392174407951956 2.00817766944884
0.00349500000000004 0.0457645928478144 2.43822638995518
0.00399500000000017 0.052311744900436 2.50879593630146
0.00449500000000008 0.0588588969530548 2.45273910637738
0.0049950000000002 0.0654060490056764 3.1102627694574
0.00549500000000011 0.0719532010582952 3.20077363718584
0.00599500000000002 0.078500353110914 3.16731656017113
0.00649500000000014 0.0850475051635357 3.67826442776664
0.00699500000000005 0.0915946572161545 3.87247703087125
0.00749500000000018 0.0981418092687761 3.857897479236
0.00799500000000009 0.104688961321395 4.15475895923054
0.00849500000000021 0.111236113374017 4.52421372517578
0.00899500000000012 0.117783265426635 4.50217963129446
0.00949500000000003 0.124330417479254 4.71452242472571
0.00999500000000015 0.130877569531876 4.99019080179269
0.0104950000000001 0.137424721584495 5.28433156962813
0.0109950000000002 0.143971873637116 5.37444764417082
0.0114950000000001 0.150519025689735 5.56636919487169
0.0119950000000002 0.157066177742357 5.90681872309614
0.0124950000000001 0.163613329794975 6.04879562919312
0.012995 0.170160481847594 6.17977933823529
0.0134950000000002 0.176707633900216 6.4131293565575
0.0139950000000001 0.183254785952835 6.67059452456558
0.0144950000000002 0.189801938005456 6.74574278006815
0.0149950000000001 0.196349090058075 6.90033694176269
0.0154950000000002 0.202896242110697 7.26103043513328
0.0159950000000001 0.209443394163316 7.45932695264323
0.016495 0.215990546215934 7.57810343449655
0.0169950000000002 0.222537698268556 7.75841215955025
0.0174950000000001 0.229084850321175 7.98348325588502
0.0179950000000002 0.235632002373796 8.17905950919583
0.0184950000000001 0.242179154426415 8.41521049646706
0.0189950000000002 0.248726306479037 8.61100353373167
0.0194950000000001 0.255273458531656 8.78423273373342
0.0199950000000001 0.261820610584275 8.88890358777658
0.0204950000000002 0.268367762636896 9.2118761878679
0.0209950000000001 0.274914914689515 9.4623027870253
0.0214950000000002 0.281462066742137 9.45953051540137
0.0219950000000001 0.288009218794755 9.62372947241409
0.0224950000000002 0.294556370847377 9.96641633697234
0.0229950000000002 0.301103522899996 10.1397461524563
0.0234950000000001 0.307650674952615 10.2262512004882
0.0239950000000002 0.314197827005236 10.5469923636788
0.0244950000000001 0.320744979057855 10.7337305931593
0.024995 0.327292131110474 10.7298701594376
0.0254950000000001 0.333839283163096 10.8765390916071
0.025995 0.340386435215714 11.2590330490275
0.0264950000000002 0.346933587268336 11.4982380429372
0.0269950000000001 0.353480739320955 11.527037165921
0.0274950000000002 0.360027891373576 11.7138554653186
0.0279950000000001 0.366575043426195 11.897676018834
0.028495 0.373122195478814 11.9451436015952
0.0289950000000001 0.379669347531436 12.2362647035497
0.029495 0.386216499584054 12.6834213556847
0.0299950000000002 0.392763651636676 12.7280474315608
0.0304950000000001 0.399310803689295 12.8246262459243
0.0309950000000002 0.405857955741917 13.133913669401
0.0314950000000001 0.412405107794535 13.2728898054861
0.031995 0.418952259847154 13.2912868543681
0.0324950000000001 0.425499411899776 13.6035195367583
0.0329950000000001 0.432046563952395 13.8472821384577
0.0334950000000002 0.438593716005016 13.9325369585877
0.0339950000000001 0.445140868057635 14.0297183804638
0.0344950000000002 0.451688020110257 14.3883984172195
0.0349950000000001 0.458235172162875 14.5231103579067
0.035495 0.464782324215494 14.5562206048197
0.0359950000000002 0.471329476268116 14.8232702920184
0.0364950000000001 0.477876628320735 15.0578036753696
0.0369950000000002 0.484423780373356 15.1724098639472
0.0374950000000001 0.490970932425975 15.408939571876
0.0379950000000002 0.497518084478597 15.5735154399607
0.0384950000000001 0.504065236531215 15.7365762802165
0.038995 0.510612388583834 15.7875406928572
0.0394950000000002 0.517159540636456 15.9820087833715
0.0399950000000001 0.523706692689075 16.2428292328396
0.0404950000000002 0.530253844741696 16.2637868612625
0.0409950000000001 0.536800996794315 16.4905926500007
0.0414950000000002 0.543348148846937 16.736504697102
0.0419950000000001 0.549895300899556 16.9086805532391
0.0424950000000001 0.556442452952174 16.9777794372406
0.0429950000000002 0.562989605004796 17.1881157654324
0.0434950000000001 0.569536757057415 17.4955061755761
0.043995 0.576083909110034 17.4923449055183
0.0444950000000001 0.582631061162655 17.6547323021009
0.0449950000000002 0.589178213215277 17.9736042258829
0.0454950000000002 0.595725365267896 18.0753805048275
0.0459950000000001 0.602272517320515 18.0942226209364
0.0464950000000002 0.608819669373136 18.4853090439342
0.0469950000000001 0.615366821425755 18.6363700606937
0.047495 0.621913973478374 18.6685185879235
0.0479950000000001 0.628461125530995 18.885552735031
0.0484950000000003 0.635008277583617 19.1364048382566
0.0489950000000002 0.641555429636236 19.2004257026996
0.0494950000000001 0.648102581688855 19.3636701129671
0.0499950000000002 0.654649733741476 19.6707866378778
0.0504950000000001 0.661196885794095 19.7219580030677
0.050995 0.667744037846714 19.7967938894835
0.0514950000000001 0.674291189899336 20.0022968130338
0.051995 0.680838341951954 20.1830592021772
0.0524950000000002 0.687385494004576 20.3190866091917
0.0529950000000001 0.693932646057195 20.4427634595905
0.0534950000000002 0.700479798109816 20.7107708586892
0.0539950000000001 0.707026950162435 20.8133002162019
0.054495 0.713574102215054 20.868659153446
0.0549950000000001 0.720121254267676 21.1069024968649
0.0554950000000001 0.726668406320295 21.2901302012454
0.0559950000000002 0.733215558372916 21.3687788186196
0.0564950000000001 0.739762710425535 21.5534524721451
0.0569950000000002 0.746309862478157 21.8283649615047
0.0574950000000001 0.752857014530775 21.8585172081
0.057995 0.759404166583394 21.9883072148967
0.0584950000000002 0.765951318636016 22.2556669759573
0.0589950000000001 0.772498470688635 22.396592489575
0.0594950000000002 0.779045622741256 22.4486441636743
0.0599950000000001 0.785592774793875 22.7186360731164
0.0604950000000002 0.792139926846497 22.8975833386787
0.0609950000000001 0.798687078899115 22.9805134737176
0.061495 0.805234230951734 23.0475214625494
0.0619950000000002 0.811781383004356 23.3497989335873
0.0624950000000001 0.818328535056975 23.5006775232169
0.0629950000000002 0.824875687109596 23.5826567854735
0.0634950000000001 0.831422839162215 23.8122841725853
0.0639950000000002 0.837969991214837 23.9907160315264
0.0644950000000001 0.844517143267456 24.0604635731634
0.0649950000000001 0.851064295320074 24.2021174545716
0.0654950000000002 0.857611447372696 24.4312715766553
0.0659950000000001 0.864158599425315 24.6102417636931
0.066495 0.870705751477934 24.6755880785372
0.0669950000000001 0.877252903530555 24.8746392197432
0.0674950000000002 0.883800055583177 25.0583789618944
0.0679950000000002 0.890347207635796 25.156624784875
0.0684950000000001 0.896894359688414 25.2923632755141
0.0689950000000002 0.903441511741036 25.4880243028685
0.0694950000000001 0.909988663793655 25.6348830602883
0.069995 0.916535815846274 25.6818356458264
0.0704950000000001 0.923082967898895 25.8990055064153
0.0709950000000003 0.929630119951517 26.0758957178834
0.0714950000000002 0.936177272004136 26.1493743398416
0.0719950000000001 0.942724424056755 26.2977560420387
0.0724950000000002 0.949271576109376 26.4880068761107
0.0729950000000001 0.955818728161995 26.6151410989952
0.073495 0.962365880214614 26.7428020131511
0.0739950000000001 0.968913032267235 26.8652998307259
0.0744950000000003 0.975460184319857 27.0369616822232
0.0749950000000002 0.982007336372476 27.1569441548879
0.0754950000000001 0.988554488425095 27.2650161577433
0.0759950000000002 0.995101640477716 27.4651947410585
0.0764950000000001 1.00164879253034 27.6025542872404
0.076995 1.00819594458295 27.6893310139492
0.0774950000000001 1.01474309663558 27.8526208752309
0.0779950000000001 1.02129024868819 27.9976834760962
0.0784950000000002 1.02783740074082 28.132880590804
0.0789950000000001 1.03438455279343 28.2364854071902
0.0794950000000002 1.04093170484606 28.4372120763475
0.0799950000000001 1.04747885689868 28.5569900771229
0.080495 1.05402600895129 28.7018126432814
0.0809950000000002 1.06057316100392 28.8673047880965
0.0814950000000001 1.06712031305653 28.9520159225832
0.0819950000000002 1.07366746510916 29.0741502248735
0.0824950000000001 1.08021461716178 29.2365747201949
0.0829950000000002 1.0867617692144 29.3770495224393
0.0834950000000001 1.09330892126702 29.4741182348651
0.083995 1.09985607331963 29.5861641822366
0.0844950000000002 1.10640322537226 29.7725144027294
0.0849950000000001 1.11295037742487 29.9343971756072
0.085495 1.11949752947749 30.0105416949853
0.0859950000000001 1.12604468153012 30.1240277293454
0.0864950000000002 1.13259183358274 30.2992904816335
0.0869950000000001 1.13913898563536 30.4476015453838
0.087495 1.14568613768797 30.575914214442
0.0879950000000002 1.1522332897406 30.7124680246174
0.0884950000000001 1.15878044179321 30.8198421284494
0.088995 1.16532759384583 30.9384935910914
0.0894950000000001 1.17187474589846 31.0579434075328
0.0899950000000002 1.17842189795108 31.1789746034007
0.0904950000000001 1.1849690500037 31.361465911669
0.0909950000000001 1.19151620205631 31.5139906261568
0.0914950000000002 1.19806335410894 31.6013575613703
0.0919950000000001 1.20461050616155 31.6774932952836
0.092495 1.21115765821417 31.7997705259624
0.0929950000000001 1.2177048102668 31.9177455895669
0.0934950000000002 1.22425196231942 32.0813784529283
0.0939950000000002 1.23079911437204 32.2408283138621
0.0944950000000001 1.23734626642465 32.3514192850904
0.0949950000000002 1.24389341847728 32.4311992740501
0.0954950000000001 1.2504405705299 32.5322874221242
0.095995 1.25698772258251 32.6971935025191
0.0964950000000001 1.26353487463514 32.8247892034724
0.0969950000000003 1.27008202668776 32.9520648478609
0.0974950000000002 1.27662917874038 33.0603974851607
0.0979950000000001 1.28317633079299 33.1893767676996
0.0984950000000002 1.28972348284562 33.2493606988869
0.0989950000000001 1.29627063489824 33.404782681781
0.099495 1.30281778695085 33.5315748851274
0.0999950000000001 1.30936493900348 33.6921887547853
0.100495 1.3159120910561 33.8434867699939
0.100995 1.32245924310872 33.9313501503035
0.101495 1.32900639516133 34.02633028813
0.101995 1.33555354721396 34.0960497036547
0.102495 1.34210069926658 34.2269797886422
0.102995 1.34864785131919 34.4309936133202
0.103495 1.35519500337182 34.55137603246
0.103995 1.36174215542444 34.6236672612152
0.104495 1.36828930747706 34.6897013769619
0.104995 1.37483645952967 34.8210110029706
0.105495 1.3813836115823 34.9543666260778
0.105995 1.38793076363492 35.131787065822
0.106495 1.39447791568753 35.2519134222428
0.106995 1.40102506774016 35.2335611972598
0.107495 1.40757221979277 35.3278555064684
0.107995 1.4141193718454 35.5750943867535
0.108495 1.42066652389801 35.6905851620729
0.108995 1.42721367595064 35.7000859385739
0.109495 1.43376082800326 35.7745727201018
0.109995 1.44030798005587 35.929001297754
0.110495 1.4468551321085 36.1382167054431
0.110995 1.45340228416111 36.2392940518305
0.111495 1.45994943621373 36.2605177634871
0.111995 1.46649658826636 36.3433010611417
0.112495 1.47304374031898 36.552460717947
0.112995 1.4795908923716 36.6973237399929
0.113495 1.48613804442421 36.7050820462933
0.113995 1.49268519647684 36.7521547513339
0.114495 1.49923234852945 36.9657319819504
0.114995 1.50577950058207 37.135705371063
0.115495 1.5123266526347 37.1042789521693
0.115995 1.51887380468732 37.174745386902
0.116495 1.52542095673994 37.4115956958041
0.116995 1.53196810879255 37.5247897646757
0.117495 1.53851526084518 37.4993992720306
0.117995 1.5450624128978 37.6142041896097
0.118495 1.55160956495041 37.8385219317123
0.118995 1.55815671700304 37.896997924421
0.119495 1.56470386905566 37.884288958849
0.119995 1.57125102110828 38.0853444996828
0.120495 1.57779817316089 38.1892827053175
0.120995 1.58434532521352 38.2167130362846
0.121495 1.59089247726614 38.3268037659135
0.121995 1.59743962931875 38.5164473438978
0.122495 1.60398678137138 38.5693896270652
0.122995 1.610533933424 38.6628250063626
0.123495 1.61708108547661 38.7628584079369
0.123995 1.62362823752923 38.8652262122241
0.124495 1.63017538958186 38.9415968192285
0.124995 1.63672254163448 39.0332200225924
0.125495 1.64326969368709 39.1701672890722
0.125995 1.64981684573972 39.2599633046207
0.126495 1.65636399779234 39.3543562285541
0.126995 1.66291114984495 39.4000872736418
0.127495 1.66945830189757 39.5358339226292
0.127995 1.6760054539502 39.628125116826
0.128495 1.68255260600282 39.6782187389698
0.128995 1.68909975805543 39.8321152051401
0.129495 1.69564691010806 39.9160514209601
0.129995 1.70219406216068 40.0082594608823
0.130495 1.70874121421329 40.0623036011848
0.130995 1.71528836626592 40.172876355137
0.131495 1.72183551831854 40.2762656442888
0.131995 1.72838267037116 40.3627567016256
0.132495 1.73492982242377 40.4329130721183
0.132995 1.7414769744764 40.6172190646094
0.133495 1.74802412652901 40.627235286415
0.133995 1.75457127858163 40.7281810561329
0.134495 1.76111843063426 40.8736520693833
0.134995 1.76766558268688 40.8856505222029
0.135495 1.7742127347395 41.0253925319261
0.135995 1.78075988679211 41.0852016003127
0.136495 1.78730703884474 41.1158431636444
0.136995 1.79385419089735 41.3358083169077
0.137495 1.80040134294997 41.3064786080695
0.137995 1.8069484950026 41.4227198066604
0.138495 1.81349564705522 41.4946576616441
0.138995 1.82004279910784 41.569659102184
0.139495 1.82658995116045 41.7123046344123
0.139995 1.83313710321308 41.7668297887777
0.140495 1.83968425526569 41.8531033131037
0.140995 1.84623140731831 41.9437555884972
0.141495 1.85277855937094 42.0139060878696
0.141995 1.85932571142356 42.1401399774295
0.142495 1.86587286347618 42.1672292890694
0.142995 1.87242001552879 42.2640791341596
0.143495 1.87896716758142 42.3366891768175
0.143995 1.88551431963403 42.4940054423502
0.144495 1.89206147168665 42.481290064354
0.144995 1.89860862373928 42.5772638415039
0.145495 1.9051557757919 42.7456447202741
0.145995 1.91170292784452 42.7115563486325
0.146495 1.91825007989713 42.901197006432
0.146995 1.92479723194976 42.8720934591519
0.147495 1.93134438400238 43.0187909658213
0.147995 1.93789153605499 43.0689504535259
0.148495 1.94443868810762 43.1466216898042
0.148995 1.95098584016024 43.2891337270326
0.149495 1.95753299221286 43.2715958083877
0.149995 1.96408014426547 43.463904168347
0.150495 1.9706272963181 43.3786282285281
0.150995 1.97717444837072 43.6021946857505
0.151495 1.98372160042333 43.572812019106
0.151995 1.99026875247596 43.6871960179362
0.152495 1.99681590452858 43.7738816742432
0.152995 2.0033630565812 43.8206373543618
0.153495 2.00991020863381 43.959777664465
0.153995 2.01645736068644 43.9009746574542
0.154495 2.02300451273906 44.10243368372
0.154995 2.02955166479167 44.117735474625
0.155495 2.0360988168443 44.2390848593827
0.155995 2.04264596889691 44.225965077296
0.156495 2.04919312094953 44.3898926670653
0.156995 2.05574027300216 44.3591230651606
0.157495 2.06228742505478 44.5034424716423
0.157995 2.0688345771074 44.5558061707786
0.158495 2.07538172916001 44.6643078367886
0.158995 2.08192888121264 44.7409074545255
0.159495 2.08847603326525 44.7105093956591
0.159995 2.09502318531787 44.8468466390555
0.160495 2.1015703373705 44.9143690006003
0.160995 2.10811748942312 44.9547622620226
0.161495 2.11466464147574 45.0719019445972
0.161995 2.12121179352835 45.1161799367822
0.162495 2.12775894558098 45.1606116337451
0.162995 2.1343060976336 45.2284584984163
0.163495 2.14085324968621 45.3484181008147
0.163995 2.14740040173884 45.3700084748648
0.164495 2.15394755379146 45.501160759196
0.164995 2.16049470584408 45.5236151959386
0.165495 2.16704185789669 45.550575279293
0.165995 2.17358900994932 45.6568640785119
0.166495 2.18013616200194 45.6606547168136
0.166995 2.18668331405455 45.7559239319404
0.167495 2.19323046610718 45.8565187863511
0.167995 2.1997776181598 45.9061669205343
0.168495 2.20632477021242 45.9609464744018
0.168995 2.21287192226503 46.0112964527104
0.169495 2.21941907431766 46.1113486428435
0.169995 2.22596622637028 46.1523379799398
0.170495 2.23251337842289 46.1802496250194
0.170995 2.23906053047552 46.2748523590807
0.171495 2.24560768252814 46.3496273476471
0.171995 2.25215483458075 46.3833516185903
0.172495 2.25870198663337 46.4361932432768
0.172995 2.265249138686 46.4890170229954
0.173495 2.27179629073862 46.5605409703077
0.173995 2.27834344279123 46.5898566986253
0.174495 2.28489059484386 46.7232168608443
0.174995 2.29143774689648 46.831197638786
0.175495 2.29798489894909 46.7619154732268
0.175995 2.30453205100171 46.8969827686461
0.176495 2.31107920305434 46.8503349536769
0.176995 2.31762635510696 46.9942684044382
0.177495 2.32417350715957 46.982592896841
0.177995 2.3307206592122 47.1250775974164
0.178495 2.33726781126481 47.1277431672179
0.178995 2.34381496331743 47.1865430512282
0.179495 2.35036211537005 47.2147991070516
0.179995 2.35690926742268 47.2786733957963
0.180495 2.3634564194753 47.3715042969385
0.180995 2.37000357152791 47.4306066096118
0.181495 2.37655072358054 47.5088157451056
0.181995 2.38309787563315 47.4959891502066
0.182495 2.38964502768577 47.5773530798879
0.182995 2.39619217973839 47.6203689611716
0.183495 2.40273933179102 47.7105133770224
0.183995 2.40928648384364 47.7577700816396
0.184495 2.41583363589625 47.7819254540792
0.184995 2.42238078794888 47.8219282815856
0.185495 2.42892794000149 47.8620229293276
0.185995 2.43547509205411 47.9889213532892
0.186495 2.44202224410674 48.0362434715156
0.186995 2.44856939615936 48.0462589514526
0.187495 2.45511654821198 48.1401883969112
0.187995 2.46166370026459 48.1271834837437
0.188495 2.46821085231722 48.2260821878535
0.188995 2.47475800436983 48.283471153781
0.189495 2.48130515642245 48.2910220883984
0.189995 2.48785230847508 48.3313451673893
0.190495 2.4943994605277 48.35950146818
0.190995 2.50094661258032 48.508079093964
0.191495 2.50749376463293 48.5073375774362
0.191995 2.51404091668556 48.5501160567358
0.192495 2.52058806873818 48.5788585557373
0.192995 2.52713522079079 48.6501037913995
0.193495 2.53368237284342 48.6634948442263
0.193995 2.54022952489604 48.7553726573536
0.194495 2.54677667694866 48.8217304214844
0.194995 2.55332382900127 48.8202586566767
0.195495 2.5598709810539 48.9097035669966
0.195995 2.56641813310652 48.9658231208969
0.196495 2.57296528515913 49.0175991937898
0.196995 2.57951243721176 49.0270733451772
0.197495 2.58605958926438 49.1063778335873
0.197995 2.592606741317 49.1514089346186
0.198495 2.59915389336961 49.1766774606818
0.198995 2.60570104542224 49.2128416179894
0.199495 2.61224819747486 49.2511903250574
0.199995 2.61879534952747 49.3330969746795
0.200495 2.6253425015801 49.3596507068905
0.200995 2.63188965363272 49.3603979262402
0.201495 2.63843680568534 49.4828201071027
0.201995 2.64498395773796 49.4939305186778
0.202495 2.65153110979058 49.5118898688269
0.202995 2.6580782618432 49.6212673396447
0.203495 2.66462541389581 49.5971777621914
0.203995 2.67117256594844 49.7249119977785
0.204495 2.67771971800106 49.7726803625674
0.204995 2.68426687005367 49.7793263101505
0.205495 2.6908140221063 49.8014322272221
0.205995 2.69736117415892 49.8940218902062
0.206495 2.70390832621154 49.9590126201815
0.206995 2.71045547826415 49.9684223973463
0.207495 2.71700263031678 50.0260989926919
0.207995 2.7235497823694 49.9947095925361
0.208495 2.73009693442201 50.1184415201651
0.208995 2.73664408647464 50.1638192245847
0.209495 2.74319123852726 50.1290466982585
0.209995 2.74973839057987 50.1603677284085
0.210495 2.75628554263249 50.2841290563547
0.210995 2.76283269468512 50.3632666794091
0.211495 2.76937984673773 50.243899475327
0.211995 2.77592699879035 50.3840185264455
0.212495 2.78247415084298 50.4676931272233
0.212995 2.7890213028956 50.4933911310288
0.213495 2.79556845494821 50.5553747246053
0.213995 2.80211560700083 50.5621823040479
0.214495 2.80866275905346 50.5530923354776
0.214995 2.81520991110607 50.6761598575214
0.215495 2.82175706315869 50.6976772547687
0.215995 2.82830421521132 50.7406286604097
0.216495 2.83485136726394 50.8188491234262
0.216995 2.84139851931655 50.8618963997817
0.217495 2.84794567136917 50.8110509646351
0.217995 2.8544928234218 50.8679318560261
0.218495 2.86103997547441 51.0443306992721
0.218995 2.86758712752703 50.9618698175879
0.219495 2.87413427957966 50.973237300701
0.219995 2.88068143163228 51.05539730398
0.220495 2.88722858368489 51.081901288235
0.220995 2.89377573573751 51.0384751549469
0.221495 2.90032288779014 51.2709630480379
0.221995 2.90687003984276 51.2455696259713
0.222495 2.91341719189537 51.2550214815491
0.222995 2.919964343948 51.3675332540945
0.223495 2.92651149600062 51.394587083747
0.223995 2.93305864805323 51.4711273460863
0.224495 2.93960580010585 51.4745455451245
0.224995 2.94615295215848 51.5034030503588
0.225495 2.9527001042111 51.5776509419478
0.225995 2.95924725626371 51.6351896668486
0.226495 2.96579440831634 51.6275624501758
0.226995 2.97234156036896 51.6172136912334
0.227495 2.97888871242157 51.7469643014754
0.227995 2.9854358644742 51.803412196901
0.228495 2.99198301652682 51.8826763771477
0.228995 2.99853016857944 51.7709782082273
0.229495 3.00507732063205 51.7937055499
0.229995 3.01162447268468 52.04344477542
0.230495 3.0181716247373 52.0233082986114
0.230995 3.02471877678991 52.1963099058724
0.231495 3.03126592884254 51.9820697382981
0.231995 3.03781308089516 52.0309470236297
0.232495 3.04436023294778 52.1373774279728
0.232995 3.05090738500039 52.1454816152803
0.233495 3.05745453705302 52.1180169655165
0.233995 3.06400168910564 52.2446792580725
0.234495 3.07054884115825 52.3266552946364
0.234995 3.07709599321088 52.3329648275053
0.235495 3.0836431452635 52.286807886314
0.235995 3.09019029731612 52.4153083759793
0.236495 3.09673744936873 52.5208859741033
0.236995 3.10328460142136 52.6578639662787
0.237495 3.10983175347398 52.627283331252
0.237995 3.11637890552659 52.5751983727723
0.238495 3.12292605757922 52.6887392520226
0.238995 3.12947320963184 52.710088124186
0.239495 3.13602036168446 52.7588950180757
0.239995 3.14256751373707 52.7998874923258
0.240495 3.1491146657897 52.912370799089
0.240995 3.15566181784232 52.8656266544884
0.241495 3.16220896989493 52.8889782659412
0.241995 3.16875612194756 52.9962438184572
0.242495 3.17530327400018 53.0378009309093
0.242995 3.18185042605279 53.0481138565809
0.243495 3.18839757810541 53.0473421385618
0.243995 3.19494473015804 53.0915489326982
0.244495 3.20149188221066 53.1956502271311
0.244995 3.20803903426327 53.2591810259776
0.245495 3.2145861863159 53.3949159179524
0.245995 3.22113333836852 53.2420215322475
0.246495 3.22768049042113 53.2048432248149
0.246995 3.23422764247375 53.3218595799946
0.247495 3.24077479452638 53.5831720103245
0.247995 3.247321946579 53.5292399839808
0.248495 3.25386909863161 53.3637647680316
0.248995 3.26041625068424 53.275307044828
0.249495 3.26696340273686 53.6729654423166
0.249995 3.27351055478947 53.565254579793
0.250495 3.28005770684209 53.8568627557016
0.250995 3.28660485889472 53.6563631650234
0.251495 3.29315201094734 53.7634188003401
0.251995 3.29969916299995 53.8664226738416
0.252495 3.30624631505258 53.8384597228636
0.252995 3.3127934671052 53.8425832167815
0.253495 3.31934061915782 54.0138481703571
0.253995 3.32588777121043 54.0731624215856
0.254495 3.33243492326306 54.1281587202458
0.254995 3.33898207531568 54.0575650101609
0.255495 3.34552922736829 54.1374355460844
0.255995 3.35207637942092 54.1769052782012
0.256495 3.35862353147353 54.3490209880022
0.256995 3.36517068352615 54.2109627848258
0.257495 3.37171783557878 54.3486915074307
0.257995 3.3782649876314 54.4054126498796
0.258495 3.38481213968401 54.5121543290482
0.258995 3.39135929173663 54.3813697493606
0.259495 3.39790644378926 54.5185391548042
0.259995 3.40445359584187 54.5009625266725
0.260495 3.41100074789449 54.6704575088703
0.260995 3.41754789994712 54.8456632031051
0.261495 3.42409505199974 54.825305284599
0.261995 3.43064220405235 55.0588931870224
0.262495 3.43718935610497 54.7197830111853
0.262995 3.4437365081576 54.9230543956313
0.263495 3.45028366021022 54.7003660003433
0.263995 3.45683081226283 54.9358954774972
0.264495 3.46337796431546 55.0221252538716
0.264995 3.46992511636808 55.1541632626203
0.265495 3.47647226842069 55.2480186413518
0.265995 3.48301942047331 55.1778875688342
0.266495 3.48956657252594 55.3310322345999
0.266995 3.49611372457856 55.3699125998101
0.267495 3.50266087663117 55.5493090471699
0.267995 3.5092080286838 55.4303064917118
0.268495 3.51575518073642 55.4960910950731
0.268995 3.52230233278903 55.4325068191446
0.269495 3.52884948484165 55.5734691397096
0.269995 3.53539663689428 55.5053089960036
0.270495 3.5419437889469 55.7082836759625
0.270995 3.54849094099951 55.7557876864868
0.271495 3.55503809305214 55.8953716940137
0.271995 3.56158524510476 55.7944567290519
0.272495 3.56813239715737 55.9266475719161
0.272995 3.57467954920999 55.9185072060325
0.273495 3.58122670126262 56.132004406873
0.273995 3.58777385331524 56.1091824012491
0.274495 3.59432100536785 56.2444238293077
0.274995 3.60086815742048 56.145293555163
0.275495 3.60741530947309 56.426372351358
0.275995 3.61396246152571 56.11744033464
0.276495 3.62050961357834 56.5088943042271
0.276995 3.62705676563096 56.2978063180351
0.277495 3.63360391768358 56.4556530691431
0.277995 3.64015106973619 56.6262047763487
0.278495 3.64669822178882 56.5870644502701
0.278995 3.65324537384143 56.6625834093909
0.279495 3.65979252589405 56.7326317225129
0.279995 3.66633967794668 56.8299548698072
0.280495 3.6728868299993 56.8735251661141
0.280995 3.67943398205192 57.1455101829091
0.281495 3.68598113410453 56.9882552148581
0.281995 3.69252828615716 57.0629181419476
0.282495 3.69907543820977 57.0532239877742
0.282995 3.70562259026239 57.3723604837795
0.283495 3.71216974231502 57.1347311751789
0.283995 3.71871689436764 57.4528356690666
0.284495 3.72526404642026 57.4449907432739
0.284995 3.73181119847287 57.3087066866234
0.285495 3.7383583505255 57.5461650118527
0.285995 3.74490550257811 57.7409990669617
0.286495 3.75145265463073 57.8174920559659
0.286995 3.75799980668336 58.0523275000556
0.287495 3.76454695873598 57.7572165371005
0.287995 3.7710941107886 58.1521949010453
0.288495 3.77764126284121 58.1980576161779
0.288995 3.78418841489384 57.867316244593
0.289495 3.79073556694645 58.2282468895758
0.289995 3.79728271899907 58.131906340099
0.290495 3.8038298710517 58.3295019458748
0.290995 3.81037702310432 58.4857975264506
0.291495 3.81692417515694 58.5616079839828
0.291995 3.82347132720955 58.5148782956578
0.292495 3.83001847926218 58.7043292409287
0.292995 3.8365656313148 58.842345561179
0.293495 3.84311278336741 58.9610778729965
0.293995 3.84965993542004 58.9835323012402
0.294495 3.85620708747266 59.0342499348897
0.294995 3.86275423952527 58.8825874556553
0.295495 3.86930139157789 59.3246578315346
0.295995 3.87584854363052 59.2549858877933
0.296495 3.88239569568314 59.1789158193413
0.296995 3.88894284773575 59.4001102521888
0.297495 3.89548999978838 59.5923818562545
0.297995 3.902037151841 59.7129572902411
0.298495 3.90858430389361 59.6799261989957
0.298995 3.91513145594624 59.715111504271
0.299495 3.92167860799886 59.8946648382977
0.299995 3.92822576005147 59.8699535282007
0.300495 3.93477291210409 60.225810903731
0.300995 3.94132006415672 60.0398396762156
0.301495 3.94786721620934 60.5985463010851
0.301995 3.95441436826195 60.3708575910254
0.302495 3.96096152031458 60.9599561461446
0.302995 3.9675086723672 60.8377081981743
0.303495 3.97405582441981 61.0649052009585
0.303995 3.98060297647243 61.1296429424421
0.304495 3.98715012852506 61.2679301573335
0.304995 3.99369728057768 61.282437496334
0.305495 4.00024443263029 61.4746201169408
0.305995 4.00679158468292 61.4689299768971
0.306495 4.01333873673554 61.6199218495975
0.306995 4.01988588878815 62.009644473905
0.307495 4.02643304084077 61.7547073985462
0.307995 4.0329801928934 62.0795209787574
0.308495 4.03952734494602 62.3627674961238
0.308995 4.04607449699863 62.3700379047511
0.309495 4.05262164905126 62.4955881501244
0.309995 4.05916880110388 62.6700761740959
0.310495 4.06571595315649 62.7467492112163
0.310995 4.07226310520911 62.6978254904105
0.311495 4.07881025726174 62.8565154896359
0.311995 4.08535740931436 63.0048742468598
0.312495 4.09190456136697 63.1833544099087
0.312995 4.0984517134196 63.6884953735396
0.313495 4.10499886547222 63.3791073586033
0.313995 4.11154601752483 63.7619537332426
0.314495 4.11809316957745 63.8281436799312
0.314995 4.12464032163008 63.98950701199
0.315495 4.1311874736827 64.4732424433622
0.315995 4.13773462573531 64.6018419858122
0.316495 4.14428177778794 64.7624277548123
0.316995 4.15082892984056 64.7773990689257
0.317495 4.15737608189317 64.9259704531705
0.317995 4.16392323394579 64.9391449808723
0.318495 4.17047038599842 65.4721275375745
0.318995 4.17701753805104 65.455253419473
0.319495 4.18356469010365 65.4212100442974
0.319995 4.19011184215628 65.936531874952
0.320495 4.19665899420889 66.0076623565117
0.320995 4.20320614626151 66.1482854452602
0.321495 4.20975329831414 66.5579177154307
0.321995 4.21630045036676 66.5282258746835
0.322495 4.22284760241938 67.0675035525699
0.322995 4.22939475447199 67.0218310186595
0.323495 4.23594190652462 67.0051132009135
0.323995 4.24248905857723 67.3721681448777
0.324495 4.24903621062985 67.6648129651066
0.324995 4.25558336268247 67.6066807067959
0.325495 4.2621305147351 68.0984159592101
0.325995 4.26867766678772 68.2851826025364
0.326495 4.27522481884033 68.5135939717863
0.326995 4.28177197089296 68.5376271276558
0.327495 4.28831912294558 68.917706144679
0.327995 4.29486627499819 69.2230683103896
0.328495 4.30141342705082 69.1282481716941
0.328995 4.30796057910344 69.3539570366259
0.329495 4.31450773115605 69.8574167843423
0.329995 4.32105488320867 70.1079576691565
0.330495 4.3276020352613 70.0692206132089
0.330995 4.33414918731391 70.6410144235033
0.331495 4.34069633936653 70.6260713140559
0.331995 4.34724349141915 71.0672747018546
0.332495 4.35379064347178 70.9243043437227
0.332995 4.36033779552439 71.5103612679873
0.333495 4.36688494757701 71.7800039513839
0.333995 4.37343209962964 71.1762390541618
0.334495 4.37997925168225 72.3115180596767
0.334995 4.38652640373487 72.1644688451793
0.335495 4.3930735557875 72.2958163529273
0.335995 4.39962070784012 72.7306154141389
0.336495 4.40616785989273 73.0905006580285
0.336995 4.41271501194535 73.0978208856753
0.337495 4.41926216399798 73.3039461732303
0.337995 4.42580931605059 73.8845366166835
0.338495 4.43235646810321 73.9669028129132
0.338995 4.43890362015584 73.9323911078597
0.339495 4.44545077220846 74.1353080442035
0.339995 4.45199792426107 75.29490676457
0.340495 4.45854507631369 74.7042551780023
0.340995 4.46509222836632 75.3569062121912
0.341495 4.47163938041893 75.7101365034642
0.341995 4.47818653247155 75.6217531431113
0.342495 4.48473368452418 75.977119674563
0.342995 4.4912808365768 76.1854360902366
0.343495 4.49782798862941 76.3975581098258
0.343995 4.50437514068203 76.883475384974
0.344495 4.51092229273466 76.8612930970718
0.344995 4.51746944478727 77.5085073971578
0.345495 4.52401659683989 77.6629487497491
0.345995 4.53056374889252 77.9346911838437
0.346495 4.53711090094514 77.8506440576807
0.346995 4.54365805299775 78.7551102506523
0.347495 4.55020520505037 78.5096314359384
0.347995 4.556752357103 79.1785045414248
0.348495 4.56329950915561 79.2593211977102
0.348995 4.56984666120823 79.7050226551657
0.349495 4.57639381326086 80.1150284509395
0.349995 4.58294096531348 80.3720038480996
0.350495 4.58948811736609 80.0500506095986
0.350995 4.59603526941872 81.0296406115951
0.351495 4.60258242147134 80.608003398418
0.351995 4.60912957352395 81.2173518176733
0.352495 4.61567672557657 81.794047868569
0.352995 4.6222238776292 81.9072750414486
0.353495 4.62877102968182 82.2054662065903
0.353995 4.63531818173443 82.5941262434718
0.354495 4.64186533378706 82.5679329991545
0.354995 4.64841248583968 82.8395514883221
0.355495 4.65495963789229 82.9768865447309
0.355995 4.66150678994491 83.5582715931271
0.356495 4.66805394199754 83.8089832683519
0.356995 4.67460109405016 83.8838338516638
0.357495 4.68114824610277 84.3041126042527
0.357995 4.6876953981554 85.1682215225769
0.358495 4.69424255020802 84.7241152819183
0.358995 4.70078970226063 85.3151157283926
0.359495 4.70733685431325 85.4998519905887
0.359995 4.71388400636588 86.1636272779647
0.360495 4.72043115841849 86.0380110786286
0.360995 4.72697831047111 86.5130091391254
0.361495 4.73352546252374 86.9628287603592
0.361995 4.74007261457636 87.430282751048
0.362495 4.74661976662897 87.4961410875854
0.362995 4.7531669186816 87.5333501538775
0.363495 4.75971407073422 88.0719961180418
0.363995 4.76626122278684 88.3524229243748
0.364495 4.77280837483945 88.6857153612744
0.364995 4.77935552689208 89.0141420595239
0.365495 4.7859026789447 89.3989376173669
0.365995 4.79244983099731 89.8304734353525
0.366495 4.79899698304993 90.0599006111912
0.366995 4.80554413510256 90.4019080908542
0.367495 4.81209128715517 90.7170389691441
0.367995 4.81863843920779 90.880292428805
0.368495 4.82518559126042 91.3462230729095
0.368995 4.83173274331304 92.1349410342632
0.369495 4.83827989536565 91.8156399036131
0.369995 4.84482704741828 92.6472278620204
0.370495 4.8513741994709 93.0723885715881
0.370995 4.85792135152352 93.3290866925831
0.371495 4.86446850357613 93.6987113129031
0.371995 4.87101565562876 93.9852488092195
0.372495 4.87756280768138 94.6413596779446
0.372995 4.88410995973399 94.9849823858562
0.373495 4.89065711178661 94.7453226195398
0.373995 4.89720426383924 95.6605145518054
0.374495 4.90375141589186 95.8180418956574
0.374995 4.91029856794447 95.5922085032704
0.375495 4.9168457199971 96.2668222881047
0.375995 4.92339287204972 97.0833667425643
0.376495 4.92994002410233 97.4235978249304
0.376995 4.93648717615496 97.6089568105344
0.377495 4.94303432820758 98.0994947254779
0.377995 4.9495814802602 98.5104383953577
0.378495 4.95612863231281 98.7195795260308
0.378995 4.96267578436544 99.1228652512605
0.379495 4.96922293641806 99.9371892490356
0.379995 4.97577008847067 100.498388335773
0.380495 4.9823172405233 100.206079337501
0.380995 4.98886439257592 100.632443279703
0.381495 4.99541154462853 101.222684431014
0.381995 5.00195869668115 101.918517128364
0.382495 5.00850584873378 102.304326733784
0.382995 5.01505300078639 102.745792660493
0.383495 5.02160015283901 102.834520786536
0.383995 5.02814730489164 103.626712377191
0.384495 5.03469445694426 103.939981088135
0.384995 5.04124160899687 104.071303707097
0.385495 5.04778876104949 104.716806072177
0.385995 5.05433591310212 105.394032667312
0.386495 5.06088306515473 105.654443348646
0.386995 5.06743021720735 106.374935813191
0.387495 5.07397736925998 106.681926134722
0.387995 5.0805245213126 106.922865262213
0.388495 5.08707167336521 107.277040890106
0.388995 5.09361882541783 107.748324188123
0.389495 5.10016597747046 108.338728847246
0.389995 5.10671312952307 108.675400680813
0.390495 5.11326028157569 108.896457260486
0.390995 5.11980743362832 109.221408519554
0.391495 5.12635458568094 109.387083347456
0.391995 5.13290173773355 110.247719470524
0.392495 5.13944888978618 111.133226004182
0.392995 5.1459960418388 109.63307311913
0.393495 5.15254319389141 102.815174063011
0.393995 5.15909034594403 87.791656862708
0.394495 5.16563749799666 66.2500292398751
0.394995 5.17218465004928 44.7192158217609
0.395495 5.17873180210189 33.934385793625
0.395995 5.18527895415451 29.5814967555283
0.396495 5.19182610620714 26.4298740724453
0.396995 5.19837325825975 22.6741112054287
0.397495 5.20492041031237 18.4505290987397
0.397995 5.211467562365 13.936211829613
0.398495 5.21801471441762 8.28682478401459
0.398995 5.22456186647023 2.9325570634182
0.399495 5.23110901852286 -1.07695049324951
0.399995 5.23765617057548 -4.1376570432639
0.400495 5.24420332262809 -6.10071343890305
0.400995 5.25075047468071 -6.7639061472719
0.401495 5.25729762673334 -5.26817397035206
0.401995 5.26384477878596 -2.43960231812465
0.402495 5.27039193083857 0.141133371140955
0.402995 5.27693908289119 1.70030040595569
0.403495 5.28348623494382 2.66914981961331
0.403995 5.29003338699643 2.60898525301646
0.404495 5.29658053904905 1.64304114281675
0.404995 5.30312769110168 0.382843911057048
0.405495 5.3096748431543 -1.27548535506891
0.405995 5.31622199520691 -2.04221460887356
0.406495 5.32276914725954 -2.22601658604395
0.406995 5.32931629931216 -1.6354212328835
0.407495 5.33586345136477 -0.703163822961192
0.407995 5.34241060341739 0.193553761362541
0.408495 5.34895775547002 0.464661497816143
0.408995 5.35550490752263 0.864168149129522
0.409495 5.36205205957525 0.724502159870903
0.409995 5.36859921162788 0.240377821468709
0.410495 5.3751463636805 -0.0896485354356092
0.410995 5.38169351573311 -0.355759039812433
0.411495 5.38824066778573 -0.423117682496788
0.411995 5.39478781983836 -0.24851562225634
0.412495 5.40133497189098 -0.59695094903671
0.412995 5.40788212394359 -0.685661111585413
0.413495 5.41442927599622 -0.835100456604748
0.413995 5.42097642804884 -0.409631448783371
0.414495 5.42752358010145 -0.150121809959241
0.414995 5.43407073215407 -0.260354869440781
0.415495 5.4406178842067 0.324647508531773
0.415995 5.44716503625932 0.678547624369865
0.416495 5.45371218831193 0.719620620681792
0.416995 5.46025934036456 0.410376629889629
0.417495 5.46680649241718 0.426490964454997
0.417995 5.47335364446979 0.390906517629058
0.418495 5.47990079652241 0.130855417808056
0.418995 5.48644794857504 0.213909653823369
0.419495 5.49299510062766 -0.125598356714944
0.419995 5.49954225268027 -0.0428703927198374
0.420495 5.5060894047329 0.0937453637051575
0.420995 5.51263655678552 0.0675682152082735
0.421495 5.51918370883813 0.185579509814683
0.421995 5.52573086089076 0.182620113554112
0.422495 5.53227801294338 0.379819876883356
0.422995 5.538825164996 0.167313038543398
0.423495 5.54537231704861 -0.138264628505685
0.423995 5.55191946910124 -0.227862584550985
0.424495 5.55846662115386 -0.153267965331823
0.424995 5.56501377320647 -0.176179475394453
0.425495 5.57156092525909 -0.0929367489922445
0.425995 5.57810807731172 -0.174833642334723
0.426495 5.58465522936433 0.0572182000218258
0.426995 5.59120238141695 0.32717344926968
0.427495 5.59774953346958 0.0888471375928393
0.427995 5.6042966855222 0.265277204028143
0.428495 5.61084383757481 0.174847926861594
0.428995 5.61739098962744 0.0851458159022114
0.429495 5.62393814168006 0.167936624975272
0.429995 5.63048529373267 0.214679042824314
0.430495 5.63703244578529 -0.250644614876501
0.430995 5.64357959783792 0.00522852757723376
0.431495 5.65012674989053 -0.0481994364530476
0.431995 5.65667390194315 -0.0933024971337281
0.432495 5.66322105399578 -0.111769369361219
0.432995 5.6697682060484 -0.0880062794170281
0.433495 5.67631535810101 0.0682821969396549
0.433995 5.68286251015363 -0.0632607238496314
0.434495 5.68940966220626 -0.172771834233513
0.434995 5.69595681425887 -0.245283064271603
0.435495 5.70250396631149 -0.213680115508847
0.435995 5.70905111836412 -0.217522798879046
0.436495 5.71559827041674 0.108690131583379
0.436995 5.72214542246935 0.159688240646996
0.437495 5.72869257452197 0.327982310943075
0.437995 5.7352397265746 0.302363342589069
0.438495 5.74178687862721 0.210749843565531
0.438995 5.74833403067983 0.265004163823818
0.439495 5.75488118273246 0.053974114503748
0.439995 5.76142833478508 -0.0927497079920464
0.440495 5.76797548683769 -0.179262794322987
0.440995 5.77452263889032 -0.165388841598676
0.441495 5.78106979094294 -0.0378217991345184
0.441995 5.78761694299555 -0.0888647586790462
0.442495 5.79416409504817 -0.0763243553891823
0.442995 5.8007112471008 -0.102819601489313
0.443495 5.80725839915342 0.0926259230144598
0.443995 5.81380555120603 0.114560576414009
0.444495 5.82035270325865 -0.0617454793243183
0.444995 5.82689985531128 0.0932692737742105
0.445495 5.83344700736389 0.113745035294866
0.445995 5.83999415941651 0.0607504604413707
0.446495 5.84654131146914 -0.0217919678938048
0.446995 5.85308846352176 -0.0188325166502547
0.447495 5.85963561557437 -0.104370747682581
0.447995 5.866182767627 -0.0071198605458389
0.448495 5.87272991967962 0.0166419094484726
0.448995 5.87927707173223 0.050881518002715
0.449495 5.88582422378485 0.07727907746199
0.449995 5.89237137583748 0.193833931206873
0.450495 5.89891852789009 0.153295100171267
0.450995 5.90546567994271 0.300522711283201
0.451495 5.91201283199534 -0.103870690099636
0.451995 5.91855998404796 -0.106243054584772
0.452495 5.92510713610057 -0.28139579561493
0.452995 5.93165428815319 -0.305132818350291
0.453495 5.93820144020582 -0.264249531703844
0.453995 5.94474859225844 -0.278684634040775
0.454495 5.95129574431105 -0.296269666265836
0.454995 5.95784289636368 -0.0874327707797459
0.455495 5.9643900484163 0.192803913202625
0.455995 5.97093720046891 0.275655346337981
0.456495 5.97748435252153 0.267655307539335
0.456995 5.98403150457416 0.280045013746554
0.457495 5.99057865662678 0.041271144325407
0.457995 5.99712580867939 -0.0756721015985254
0.458495 6.00367296073202 -0.151674746145964
0.458995 6.01022011278464 -0.283697272481149
0.459495 6.01676726483725 -0.108221317107722
0.459995 6.02331441688987 -0.105403093151344
0.460495 6.0298615689425 0.173970539299932
0.460995 6.03640872099512 0.1355506100829
0.461495 6.04295587304773 0.257403408170731
0.461995 6.04950302510036 0.102560948340663
0.462495 6.05605017715298 -0.0250685350363864
0.462995 6.06259732920559 0.0655176096521576
0.463495 6.06914448125822 0.00745448328417017
0.463995 6.07569163331084 -0.0332346980314988
0.464495 6.08223878536345 -0.0615348894107741
0.464995 6.08878593741607 0.0597838219764937
0.465495 6.0953330894687 -0.105127476523716
0.465995 6.10188024152131 -0.173472077356869
0.466495 6.10842739357393 -0.0937675517549022
0.466995 6.11497454562655 -0.0903840428047887
0.467495 6.12152169767918 -0.0269973938476873
0.467995 6.12806884973179 0.00737958731294572
0.468495 6.13461600178441 0.146727915345607
0.468995 6.14116315383704 0.230786774437276
0.469495 6.14771030588965 -0.0139889263043667
0.469995 6.15425745794227 0.0207666232803643
0.470495 6.1608046099949 0.107768526198083
0.470995 6.16735176204752 -0.0369102030158295
0.471495 6.17389891410013 -0.00433422187846292
0.471995 6.18044606615275 -0.149315663750684
0.472495 6.18699321820538 -0.194033300464412
0.472995 6.19354037025799 -0.13646399552333
0.473495 6.20008752231061 -0.190907212346842
0.473995 6.20663467436323 -0.095623465469602
0.474495 6.21318182641586 -0.213210925850387
0.474995 6.21972897846847 0.100475624864995
0.475495 6.22627613052109 0.243767192304241
0.475995 6.23282328257372 0.292628072303458
0.476495 6.23937043462633 0.305132718429072
0.476995 6.24591758667895 0.213716158826357
0.477495 6.25246473873158 0.0760844121446941
0.477995 6.2590118907842 -0.0737002326816804
0.478495 6.26555904283681 -0.25690615430757
0.478995 6.27210619488943 -0.238633174049858
0.479495 6.27865334694206 -0.367484014477007
0.479995 6.28520049899467 -0.295184921107223
0.480495 6.29174765104729 -0.097412653921892
0.480995 6.29829480309992 -0.0979304160897053
0.481495 6.30484195515254 0.0933427095783316
0.481995 6.31138910720515 -0.021881516482666
0.482495 6.31793625925777 0.0756787910093514
0.482995 6.3244834113104 0.183218566326488
0.483495 6.33103056336301 0.291919884459467
0.483995 6.33757771541563 0.119968463895537
0.484495 6.34412486746826 0.0799231609099238
0.484995 6.35067201952088 0.109434487907478
0.485495 6.35721917157349 0.0712922093305828
0.485995 6.36376632362611 -0.0664399590359618
0.486495 6.37031347567874 -0.0769413542893808
0.486995 6.37686062773135 -0.153639457327625
0.487495 6.38340777978397 -0.171206577112069
0.487995 6.3899549318366 -0.0747446735593701
0.488495 6.39650208388922 -0.0298084580591086
0.488995 6.40304923594183 -0.211599956717238
0.489495 6.40959638799445 0.0478081226351298
0.489995 6.41614354004708 0.089839630582232
0.490495 6.42269069209969 0.116279987230635
0.490995 6.42923784415231 0.0540781105228905
0.491495 6.43578499620494 0.177613195619746
0.491995 6.44233214825756 0.189502588091963
0.492495 6.44887930031017 0.104091082671705
0.492995 6.4554264523628 0.0123465524268417
0.493495 6.46197360441542 -0.124537348757261
0.493995 6.46852075646803 -0.147168361651081
0.494495 6.47506790852065 -0.191736715310199
0.494995 6.48161506057328 -0.344035899730524
0.495495 6.4881622126259 -0.155770356781622
0.495995 6.49470936467851 -0.077098353101108
0.496495 6.50125651673113 -0.000574793943123066
0.496995 6.50780366878376 0.0947904801060647
0.497495 6.51435082083637 0.145598470453515
0.497995 6.52089797288899 0.182329418724028
0.498495 6.52744512494162 0.252372588937402
0.498995 6.53399227699424 0.117121053736625
0.499495 6.54053942904685 0.109361552952876
0.499995 6.54708658109948 0.177435141415438
