# Fix print output for fix Step
1.83857497793865e-16 1.13686837721616e-14 -0.152199356132069
0.000495000000000313 0.0306079356825194 0.86570707875199
0.000995000000000249 0.0615250424325154 1.0104662435425
0.00149500000000019 0.0924421491825115 1.56472477920227
0.00199500000000031 0.123359255932519 1.62150668484166
0.00249500000000024 0.154276362682515 2.47853779431081
0.00299500000000036 0.185193469432522 2.26677382819046
0.0034950000000003 0.216110576182518 3.17315325489529
0.00399500000000023 0.247027682932514 2.95879836175739
0.00449500000000035 0.277944789682522 3.98954648350458
0.00499500000000029 0.308861896432518 3.6650662906523
0.00549500000000022 0.339779003182514 4.64461636038368
0.00599500000000034 0.370696109932521 4.51445597424664
0.00649500000000028 0.401613216682517 5.36820653228958
0.00699500000000022 0.432530323432513 5.26337184822027
0.00749500000000034 0.463447430182521 6.07855218436251
0.00799500000000027 0.494364536932517 5.95064975995026
0.00849500000000021 0.525281643682513 6.78994096579225
0.00899500000000033 0.55619875043252 6.70697039440689
0.00949500000000026 0.587115857182516 7.50069056523979
0.0099950000000002 0.618032963932512 7.40632718469313
0.0104950000000003 0.64895007068252 8.22099637516445
0.0109950000000003 0.679867177432516 8.20543563667058
0.0114950000000002 0.710784284182512 8.93184709054087
0.0119950000000003 0.741701390932519 8.822720149234
0.0124950000000002 0.772618497682515 9.61577112105661
0.0129950000000002 0.803535604432511 9.62643849556521
0.0134950000000003 0.834452711182519 10.2550314172405
0.0139950000000002 0.865369817932515 10.2513917748763
0.0144950000000002 0.896286924682511 11.0435495841156
0.0149950000000003 0.927204031432518 10.9981588652442
0.0154950000000002 0.958121138182514 11.6201814257567
0.0159950000000002 0.98903824493251 11.6729742271015
0.0164950000000003 1.01995535168252 12.3131399956481
0.0169950000000002 1.05087245843251 12.4338338851592
0.0174950000000002 1.08178956518251 12.931528343405
0.0179950000000003 1.11270667193252 12.969799330227
0.0184950000000002 1.14362377868251 13.7682378519871
0.0189950000000003 1.17454088543252 13.7746247827552
0.0194950000000003 1.20545799218252 14.2924155420543
0.0199950000000002 1.23637509893251 14.2262168343693
0.0204950000000003 1.26729220568252 14.9404381900941
0.0209950000000003 1.29820931243252 15.1312170739494
0.0214950000000002 1.32912641918251 15.6786950323956
0.0219950000000003 1.36004352593252 15.6509362703043
0.0224950000000003 1.39096063268252 16.1975910236187
0.0229950000000004 1.42187773943252 16.3130556858414
0.0234950000000003 1.45279484618252 16.8868038126622
0.0239950000000002 1.48371195293252 17.1139468092765
0.0244950000000004 1.51462905968252 17.4915258309903
0.0249950000000003 1.54554616643252 17.6246886953711
0.0254950000000002 1.57646327318251 18.0975425053263
0.0259950000000004 1.60738037993252 18.3528157066513
0.0264950000000003 1.63829748668252 18.7726535829307
0.0269950000000002 1.66921459343251 18.9335118821416
0.0274950000000003 1.70013170018252 19.4331686772069
0.0279950000000003 1.73104880693252 19.6715678794583
0.0284950000000002 1.76196591368251 20.00782514834
0.0289950000000003 1.79288302043252 20.2767043406944
0.0294950000000003 1.82380012718252 20.5476931883936
0.0299950000000002 1.85471723393251 20.8374642090673
0.0304950000000003 1.88563434068252 21.1532448404058
0.0309950000000003 1.91655144743252 21.5098172813066
0.0314950000000002 1.94746855418251 21.795963871735
0.0319950000000003 1.97838566093252 22.1733921259408
0.0324950000000003 2.00930276768252 22.3617741221704
0.0329950000000002 2.04021987443251 22.7167566386002
0.0334950000000003 2.07113698118252 22.9398682832406
0.0339950000000002 2.10205408793252 23.448829771541
0.0344950000000002 2.13297119468251 23.621591617313
0.0349950000000003 2.16388830143252 24.0493942466121
0.0354950000000002 2.19480540818252 24.2240227850798
0.0359950000000002 2.22572251493251 24.5764557761194
0.0364950000000003 2.25663962168252 24.7779244872381
0.0369950000000002 2.28755672843251 25.1331217768471
0.0374950000000002 2.31847383518251 25.3191838546537
0.0379950000000003 2.34939094193252 25.7449656206915
0.0384950000000002 2.38030804868251 25.8912489494927
0.0389950000000003 2.41122515543252 26.368475556041
0.0394950000000003 2.44214226218252 26.5356920370277
0.0399950000000002 2.47305936893251 27.018346454142
0.0404950000000003 2.50397647568252 27.1543908687028
0.0409950000000003 2.53489358243252 27.6008225817029
0.0414950000000002 2.56581068918251 27.7461095938108
0.0419950000000003 2.59672779593252 28.2020382637778
0.0424950000000003 2.62764490268252 28.2936857296186
0.0429950000000004 2.65856200943252 28.7399065360641
0.0434950000000003 2.68947911618252 28.8588175519026
0.0439950000000003 2.72039622293252 29.2056419482084
0.0444950000000004 2.75131332968252 29.4203031741132
0.0449950000000003 2.78223043643252 29.8030012757133
0.0454950000000002 2.81314754318252 29.9658891655784
0.0459950000000004 2.84406464993252 30.3296911703477
0.0464950000000003 2.87498175668252 30.5527541730032
0.0469950000000002 2.90589886343251 30.9225332765029
0.0474950000000004 2.93681597018252 31.1255351831373
0.0479950000000003 2.96773307693252 31.5320109850773
0.0484950000000002 2.99865018368251 31.7501550799818
0.0489950000000004 3.02956729043252 32.0624314059957
0.0494950000000003 3.06048439718252 32.3088575059778
0.0499950000000002 3.09140150393251 32.6236624772737
0.0504950000000003 3.12231861068252 32.8340262001672
0.0509950000000003 3.15323571743252 33.142269807409
0.0514950000000002 3.18415282418251 33.4100842360802
0.0519950000000003 3.21506993093252 33.709028545412
0.0524950000000003 3.24598703768252 33.9902132594233
0.0529950000000002 3.27690414443251 34.2474320035124
0.0534950000000003 3.30782125118252 34.5427053552023
0.0539950000000003 3.33873835793252 34.7746652606624
0.0544950000000002 3.36965546468251 35.105690234673
0.0549950000000003 3.40057257143252 35.3399891516263
0.0554950000000003 3.43148967818252 35.6802248995837
0.0559950000000002 3.46240678493251 35.9630373764032
0.0564950000000003 3.49332389168252 36.2442729273992
0.0569950000000002 3.52424099843252 36.437778186871
0.0574950000000002 3.55515810518251 36.7781379145978
0.0579950000000003 3.58607521193252 36.9377883150523
0.0584950000000002 3.61699231868251 37.3122602266634
0.0589950000000002 3.64790942543251 37.5085686696164
0.0594950000000003 3.67882653218252 37.8983510109832
0.0599950000000002 3.70974363893251 38.0407802475721
0.0604950000000002 3.74066074568251 38.3539942638755
0.0609950000000003 3.77157785243252 38.5433741630755
0.0614950000000002 3.80249495918251 38.879312588861
0.0619950000000003 3.83341206593252 39.054897829741
0.0624950000000003 3.86432917268252 39.3574295771503
0.0629950000000002 3.89524627943251 39.5281239820036
0.0634950000000003 3.92616338618252 39.8724913921704
0.0639950000000003 3.95708049293252 40.0469181818593
0.0644950000000004 3.98799759968252 40.3339730051056
0.0649950000000003 4.01891470643252 40.5635050855487
0.0654950000000003 4.04983181318252 40.8571138908666
0.0659950000000004 4.08074891993252 41.0941370723388
0.0664950000000003 4.11166602668252 41.2987709555656
0.0669950000000002 4.14258313343251 41.5866334679161
0.0674950000000004 4.17350024018252 41.82049177848
0.0679950000000003 4.20441734693252 42.1209370266129
0.0684950000000002 4.23533445368251 42.3057393475945
0.0689950000000004 4.26625156043252 42.6048402606415
0.0694950000000003 4.29716866718252 42.813423928645
0.0699950000000002 4.32808577393251 43.104045632837
0.0704950000000003 4.35900288068252 43.3234326335214
0.0709950000000003 4.38991998743252 43.6167970205302
0.0714950000000002 4.42083709418251 43.8709701563923
0.0719950000000004 4.45175420093252 44.1965136047736
0.0724950000000003 4.48267130768252 44.3722619938918
0.0729950000000002 4.51358841443251 44.677299825853
0.0734950000000003 4.54450552118252 44.890925835748
0.0739950000000003 4.57542262793252 45.1722908322664
0.0744950000000002 4.60633973468251 45.299306595994
0.0749950000000003 4.63725684143252 45.5818506980045
0.0754950000000003 4.66817394818252 45.6942462197404
0.0759950000000002 4.69909105493251 45.9789141577933
0.0764950000000003 4.73000816168252 46.1883445860267
0.0769950000000003 4.76092526843252 46.4509553165162
0.0774950000000002 4.79184237518251 46.7254089264636
0.0779950000000003 4.82275948193252 47.078043956842
0.0784950000000002 4.85367658868252 47.257199645289
0.0789950000000002 4.88459369543251 47.527996996613
0.0794950000000003 4.91551080218252 47.6744959893015
0.0799950000000002 4.94642790893251 47.9193547091965
0.0804950000000002 4.97734501568251 48.0774398695317
0.0809950000000003 5.00826212243252 48.3611345646512
0.0814950000000004 5.03917922918253 48.5752472459193
0.0819950000000002 5.07009633593251 48.8705284295536
0.0824950000000003 5.10101344268252 49.0570359198568
0.0829950000000004 5.13193054943252 49.3413896116212
0.0834950000000003 5.16284765618252 49.5401384356738
0.0839950000000003 5.19376476293252 49.7783447583597
0.0844950000000004 5.22468186968252 49.9933844087451
0.0849950000000003 5.25559897643252 50.1904287559442
0.0854950000000003 5.28651608318252 50.3970587041886
0.0859950000000004 5.31743318993252 50.6317379261998
0.0864950000000003 5.34835029668252 50.8560653150062
0.0869950000000003 5.37926740343252 51.0871335602473
0.0874950000000004 5.41018451018252 51.3857244032824
0.0879950000000003 5.44110161693252 51.6069102578947
0.0884950000000003 5.47201872368252 51.8302728322956
0.0889950000000004 5.50293583043252 51.955855287743
0.0894950000000003 5.53385293718252 52.2000080788234
0.0899950000000002 5.56477004393251 52.3619698591907
0.0904950000000004 5.59568715068252 52.6400974853278
0.0909950000000003 5.62660425743252 52.8388398227901
0.0914950000000002 5.65752136418251 53.142680379605
0.0919950000000004 5.68843847093252 53.2881580500249
0.0924950000000003 5.71935557768252 53.5454216410325
0.0929950000000002 5.75027268443251 53.645884623906
0.0934950000000003 5.78118979118252 53.9331406578702
0.0939950000000003 5.81210689793252 54.1264136472467
0.0944950000000002 5.84302400468251 54.4224149079798
0.0949950000000003 5.87394111143252 54.6295501250531
0.0954950000000003 5.90485821818252 54.7628149902362
0.0959950000000002 5.93577532493251 54.8943818846803
0.0964950000000003 5.96669243168252 55.1701243406237
0.0969950000000003 5.99760953843252 55.4164494809855
0.0974950000000002 6.02852664518251 55.6780558148263
0.0979950000000003 6.05944375193252 55.8081763646538
0.0984950000000003 6.09036085868252 55.9244590547261
0.0989950000000002 6.12127796543251 56.1876459089137
0.0994950000000003 6.15219507218252 56.4117279139656
0.0999950000000003 6.18311217893252 56.6739482480003
0.100495 6.21402928568251 56.8336709078722
0.100995 6.24494639243252 57.0243261510316
0.101495 6.27586349918252 57.1886292684773
0.101995 6.30678060593251 57.4720101969189
0.102495 6.33769771268252 57.5895864820704
0.102995 6.36861481943253 57.8571489349638
0.103495 6.39953192618251 57.950388622642
0.103995 6.43044903293252 58.2372020154331
0.104495 6.46136613968253 58.3918975267453
0.104995 6.49228324643252 58.596148570624
0.105495 6.52320035318252 58.7742050239157
0.105995 6.55411745993252 58.9764415322806
0.106495 6.58503456668252 59.1600939921371
0.106995 6.61595167343252 59.3742031065821
0.107495 6.64686878018252 59.5151635639642
0.107995 6.67778588693252 59.7175327258951
0.108495 6.70870299368252 59.9583073251349
0.108995 6.73962010043252 60.1379468465182
0.109495 6.77053720718252 60.3338734126427
0.109995 6.80145431393252 60.4343426893705
0.110495 6.83237142068252 60.72292406368
0.110995 6.86328852743252 60.9052676314585
0.111495 6.89420563418251 61.0738535605949
0.111995 6.92512274093252 61.1819965979296
0.112495 6.95603984768252 61.4559510468007
0.112995 6.98695695443251 61.6515608046156
0.113495 7.01787406118252 61.7904762494569
0.113995 7.04879116793252 61.9226296675481
0.114495 7.07970827468251 62.174885700746
0.114995 7.11062538143252 62.2963963222534
0.115495 7.14154248818252 62.5034531370832
0.115995 7.17245959493251 62.7310681148025
0.116495 7.20337670168252 62.8883435572384
0.116995 7.23429380843252 63.0525553074327
0.117495 7.26521091518251 63.2423485618446
0.117995 7.29612802193252 63.4161119174763
0.118495 7.32704512868252 63.5357626282438
0.118995 7.35796223543251 63.7756134903766
0.119495 7.38887934218252 63.9083199565414
0.119995 7.41979644893253 64.0778922240474
0.120495 7.45071355568251 64.2473998724452
0.120995 7.48163066243252 64.4851957777244
0.121495 7.51254776918253 64.5566899508384
0.121995 7.54346487593251 64.7602488702634
0.122495 7.57438198268252 64.977351304578
0.122995 7.60529908943253 65.0939247083105
0.123495 7.63621619618251 65.2292357619466
0.123995 7.66713330293252 65.5362264706964
0.124495 7.69805040968253 65.6248536950586
0.124995 7.72896751643251 65.7660217173197
0.125495 7.75988462318252 65.998870608246
0.125995 7.79080172993253 66.117176684185
0.126495 7.82171883668252 66.1636287606624
0.126995 7.85263594343252 66.4882399480016
0.127495 7.88355305018252 66.5933129418445
0.127995 7.91447015693252 66.6964262401188
0.128495 7.94538726368252 66.9800882001934
0.128995 7.97630437043252 67.0516710590769
0.129495 8.00722147718252 67.240394524497
0.129995 8.03813858393252 67.3904373823162
0.130495 8.06905569068252 67.5083736459549
0.130995 8.09997279743252 67.7301624062761
0.131495 8.13088990418252 67.8939320420335
0.131995 8.16180701093252 67.9681812133435
0.132495 8.19272411768252 68.2875578871383
0.132995 8.22364122443252 68.2967296340522
0.133495 8.25455833118252 68.5326779468994
0.133995 8.28547543793252 68.6380866886089
0.134495 8.31639254468251 68.7486829888147
0.134995 8.34730965143252 68.9707829867139
0.135495 8.37822675818252 69.0672255204422
0.135995 8.40914386493251 69.2597167918629
0.136495 8.44006097168252 69.413371057325
0.136995 8.47097807843252 69.479881884543
0.137495 8.50189518518251 69.7053651643569
0.137995 8.53281229193252 69.8222321109904
0.138495 8.56372939868252 70.0075844086302
0.138995 8.59464650543251 70.1737032053236
0.139495 8.62556361218252 70.3086237322291
0.139995 8.65648071893252 70.4395505461842
0.140495 8.68739782568251 70.5070603223253
0.140995 8.71831493243252 70.6900506729663
0.141495 8.74923203918252 70.8010489454786
0.141995 8.78014914593251 70.9852711613626
0.142495 8.81106625268252 71.1230604611871
0.142995 8.84198335943253 71.305815658198
0.143495 8.87290046618251 71.3546680084873
0.143995 8.90381757293252 71.5098018073462
0.144495 8.93473467968253 71.6330823053464
0.144995 8.96565178643252 71.8241539866369
0.145495 8.99656889318252 71.9697150719252
0.145995 9.02748599993253 72.0271005012443
0.146495 9.05840310668251 72.2445377886405
0.146995 9.08932021343252 72.3463100751691
0.147495 9.12023732018253 72.4831141197972
0.147995 9.15115442693251 72.6102799800694
0.148495 9.18207153368252 72.7799534430134
0.148995 9.21298864043252 72.8853897820649
0.149495 9.24390574718252 72.9684953199832
0.149995 9.27482285393252 73.169516624552
0.150495 9.30573996068252 73.2144874462179
0.150995 9.33665706743252 73.3931570625238
0.151495 9.36757417418252 73.5255623923063
0.151995 9.39849128093252 73.6551147059952
0.152495 9.42940838768252 73.7905622021394
0.152995 9.46032549443252 73.9027338758657
0.153495 9.49124260118252 74.0548246275633
0.153995 9.52215970793252 74.137040879253
0.154495 9.55307681468252 74.2890712780844
0.154995 9.58399392143252 74.373514246069
0.155495 9.61491102818252 74.5376441583026
0.155995 9.64582813493251 74.6871769214531
0.156495 9.67674524168252 74.7643486182161
0.156995 9.70766234843252 74.8834766015231
0.157495 9.73857945518251 74.9924683134171
0.157995 9.76949656193252 75.2043328157946
0.158495 9.80041366868252 75.2396337492625
0.158995 9.83133077543251 75.4427499534445
0.159495 9.86224788218252 75.4569449588722
0.159995 9.89316498893252 75.6781801503075
0.160495 9.92408209568251 75.7134169838417
0.160995 9.95499920243252 75.8712789006591
0.161495 9.98591630918253 75.9677627614934
0.161995 10.0168334159325 76.1587791144167
0.162495 10.0477505226825 76.1758032208937
0.162995 10.0786676294325 76.3296396602535
0.163495 10.1095847361825 76.3854165184173
0.163995 10.1405018429325 76.5661389094171
0.164495 10.1714189496825 76.6253705809604
0.164995 10.2023360564325 76.7732930830647
0.165495 10.2332531631825 76.8704498453559
0.165995 10.2641702699325 76.980235940414
0.166495 10.2950873766825 77.134395325093
0.166995 10.3260044834325 77.1784792076871
0.167495 10.3569215901825 77.3224553953595
0.167995 10.3878386969325 77.3960989476648
0.168495 10.4187558036825 77.5300531271617
0.168995 10.4496729104325 77.6222499401685
0.169495 10.4805900171825 77.7080114735843
0.169995 10.5115071239325 77.8516623069666
0.170495 10.5424242306825 77.9175341148982
0.170995 10.5733413374325 78.0893368523001
0.171495 10.6042584441825 78.1222060007709
0.171995 10.6351755509325 78.2970540713159
0.172495 10.6660926576825 78.337189640858
0.172995 10.6970097644325 78.4371756255515
0.173495 10.7279268711825 78.5884944084362
0.173995 10.7588439779325 78.6218300153636
0.174495 10.7897610846825 78.7986699180119
0.174995 10.8206781914325 78.7876695210006
0.175495 10.8515952981825 78.9795303432707
0.175995 10.8825124049325 79.0048612036065
0.176495 10.9134295116825 79.1319994296158
0.176995 10.9443466184325 79.2624600765223
0.177495 10.9752637251825 79.346774985517
0.177995 11.0061808319325 79.4978634933141
0.178495 11.0370979386825 79.506312542214
0.178995 11.0680150454325 79.6309574115675
0.179495 11.0989321521825 79.7466049341647
0.179995 11.1298492589325 79.8529132145711
0.180495 11.1607663656825 79.9121684598283
0.180995 11.1916834724325 80.0688405967579
0.181495 11.2226005791825 80.1180694847709
0.181995 11.2535176859325 80.1666030871838
0.182495 11.2844347926825 80.3159297115194
0.182995 11.3153518994325 80.3329891879033
0.183495 11.3462690061825 80.5259248917484
0.183995 11.3771861129325 80.5670862515369
0.184495 11.4081032196825 80.5981057701315
0.184995 11.4390203264325 80.8189927426273
0.185495 11.4699374331825 80.8161619717023
0.185995 11.5008545399325 80.9695899929029
0.186495 11.5317716466825 81.0348346888283
0.186995 11.5626887534325 81.11731006105
0.187495 11.5936058601825 81.1837910079102
0.187995 11.6245229669325 81.2882025203082
0.188495 11.6554400736825 81.3689525977599
0.188995 11.6863571804325 81.4467670260675
0.189495 11.7172742871825 81.5426942162739
0.189995 11.7481913939325 81.6310686437288
0.190495 11.7791085006825 81.7052786641682
0.190995 11.8100256074325 81.8305829649461
0.191495 11.8409427141825 81.9293361778502
0.191995 11.8718598209325 81.9760948788024
0.192495 11.9027769276825 82.1216455050495
0.192995 11.9336940344325 82.1351935659309
0.193495 11.9646111411825 82.1912066050176
0.193995 11.9955282479325 82.3050717218056
0.194495 12.0264453546825 82.4192399665127
0.194995 12.0573624614325 82.5265113522189
0.195495 12.0882795681825 82.5767118741021
0.195995 12.1191966749325 82.6534823446656
0.196495 12.1501137816825 82.7141442116326
0.196995 12.1810308884325 82.7848543027196
0.197495 12.2119479951825 82.9088756865749
0.197995 12.2428651019325 83.0303223507049
0.198495 12.2737822086825 83.0797474920896
0.198995 12.3046993154325 83.1107270884197
0.199495 12.3356164221825 83.2117349639506
0.199995 12.3665335289325 83.3302992040877
0.200495 12.3974506356825 83.380636002505
0.200995 12.4283677424325 83.4900572469768
0.201495 12.4592848491825 83.5146512363997
0.201995 12.4902019559325 83.5851774984895
0.202495 12.5211190626825 83.7135070126331
0.202995 12.5520361694325 83.7652058348304
0.203495 12.5829532761825 83.895918592049
0.203995 12.6138703829325 83.9470515232158
0.204495 12.6447874896825 83.9908780012133
0.204995 12.6757045964325 84.0710878214184
0.205495 12.7066217031825 84.2057110165362
0.205995 12.7375388099325 84.235039572214
0.206495 12.7684559166825 84.3050931286909
0.206995 12.7993730234325 84.3920524806123
0.207495 12.8302901301825 84.5248314103691
0.207995 12.8612072369325 84.5061460731136
0.208495 12.8921243436825 84.6543329822757
0.208995 12.9230414504325 84.7853676458877
0.209495 12.9539585571825 84.7348323479257
0.209995 12.9848756639325 84.8563087254934
0.210495 13.0157927706825 84.9456992538149
0.210995 13.0467098774325 85.0127626309451
0.211495 13.0776269841825 85.0209372997246
0.211995 13.1085440909325 85.1355227011774
0.212495 13.1394611976825 85.2520118535413
0.212995 13.1703783044325 85.2459024402838
0.213495 13.2012954111825 85.3705510641568
0.213995 13.2322125179325 85.4822372219966
0.214495 13.2631296246825 85.5361480363804
0.214995 13.2940467314325 85.5804420534101
0.215495 13.3249638381825 85.6287201461494
0.215995 13.3558809449325 85.7495991942127
0.216495 13.3867980516825 85.8809948771535
0.216995 13.4177151584325 85.8292498317138
0.217495 13.4486322651825 85.9480810014051
0.217995 13.4795493719325 85.9473789650322
0.218495 13.5104664786825 86.1568445927686
0.218995 13.5413835854325 86.1901566398386
0.219495 13.5723006921825 86.2412793391265
0.219995 13.6032177989325 86.2579383023909
0.220495 13.6341349056825 86.4419221077307
0.220995 13.6650520124325 86.4365369998042
0.221495 13.6959691191825 86.6056202420673
0.221995 13.7268862259325 86.647110283281
0.222495 13.7578033326825 86.6383225151943
0.222995 13.7887204394325 86.7166150664066
0.223495 13.8196375461825 86.8713088721317
0.223995 13.8505546529325 86.8499539807432
0.224495 13.8814717596825 86.986519773268
0.224995 13.9123888664325 87.0716821484826
0.225495 13.9433059731825 87.0743454864686
0.225995 13.9742230799325 87.2693706711181
0.226495 14.0051401866825 87.2373797314067
0.226995 14.0360572934325 87.3835674666525
0.227495 14.0669744001825 87.3644343208922
0.227995 14.0978915069325 87.4188041561608
0.228495 14.1288086136825 87.6027917302123
0.228995 14.1597257204325 87.6488566419848
0.229495 14.1906428271825 87.7333007648697
0.229995 14.2215599339325 87.6875890594149
0.230495 14.2524770406825 87.8200528500437
0.230995 14.2833941474325 88.0325514556837
0.231495 14.3143112541825 88.1092886301828
0.231995 14.3452283609325 88.0728233361327
0.232495 14.3761454676825 88.171608468032
0.232995 14.4070625744325 88.0756644658209
0.233495 14.4379796811825 88.2440380058027
0.233995 14.4688967879325 88.3681173518576
0.234495 14.4998138946825 88.3555877640583
0.234995 14.5307310014325 88.4822620306572
0.235495 14.5616481081825 88.470532693748
0.235995 14.5925652149325 88.6995624202356
0.236495 14.6234823216825 88.6919316138781
0.236995000000001 14.6543994284325 88.8380514565078
0.237495 14.6853165351825 88.9703376550673
0.237995 14.7162336419325 88.9310957140092
0.238495000000001 14.7471507486825 88.9539963483788
0.238995 14.7780678554325 89.1365456386115
0.239495 14.8089849621825 89.0993650091923
0.239995000000001 14.8399020689325 89.2141175366642
0.240495 14.8708191756825 89.2837607690557
0.240995 14.9017362824325 89.3156597443398
0.241495000000001 14.9326533891825 89.4415074724922
0.241995 14.9635704959325 89.489128711923
0.242495 14.9944876026825 89.6285675902751
0.242995 15.0254047094325 89.6594602775977
0.243495 15.0563218161825 89.7128889467651
0.243995 15.0872389229325 89.8936417472152
0.244495 15.1181560296825 89.903228211789
0.244995 15.1490731364325 90.0722019860343
0.245495 15.1799902431825 90.0210414085112
0.245995 15.2109073499325 90.1488582738286
0.246495 15.2418244566825 90.1940116564756
0.246995 15.2727415634325 90.2908115862863
0.247495 15.3036586701825 90.3417351552257
0.247995 15.3345757769325 90.3936048630125
0.248495 15.3654928836825 90.6167705639988
0.248995 15.3964099904325 90.6151389556097
0.249495 15.4273270971825 90.631409507726
0.249995 15.4582442039325 90.7134756799486
0.250495 15.4891613106825 90.8285875247183
0.250995 15.5200784174325 90.8122832919392
0.251495 15.5509955241825 90.9903859544537
0.251995 15.5819126309325 91.0476643181016
0.252495 15.6128297376825 91.084089661403
0.252995 15.6437468444325 91.4284509299783
0.253495 15.6746639511825 91.3646529587996
0.253995 15.7055810579325 91.5134142906926
0.254495 15.7364981646825 91.4104037466214
0.254995 15.7674152714325 91.4339296744212
0.255495 15.7983323781825 91.7294834380547
0.255995 15.8292494849325 91.7610880642491
0.256495 15.8601665916825 91.8316423784488
0.256995 15.8910836984325 91.725512880991
0.257495 15.9220008051825 92.0953784260124
0.257995 15.9529179119325 92.0742549954215
0.258495 15.9838350186825 92.0270073720305
0.258995 16.0147521254325 92.15281201008
0.259495 16.0456692321825 92.2672642562598
0.259995 16.0765863389325 92.4055577753786
0.260495 16.1075034456825 92.4292368102325
0.260995 16.1384205524325 92.4783333824305
0.261495 16.1693376591825 92.6977123228223
0.261995 16.2002547659325 92.7260452052694
0.262495 16.2311718726825 92.7686378376543
0.262995 16.2620889794325 92.85210243923
0.263495 16.2930060861825 92.7318724825721
0.263995 16.3239231929325 92.9982888205542
0.264495 16.3548402996825 93.0468785348005
0.264995 16.3857574064325 93.3950017062975
0.265495 16.4166745131825 93.249488561464
0.265995 16.4475916199325 93.5471861443141
0.266495 16.4785087266825 93.5513263483436
0.266995 16.5094258334325 93.6880851963677
0.267495 16.5403429401825 93.7325810367595
0.267995 16.5712600469325 93.6734657725985
0.268495 16.6021771536825 93.6355921516099
0.268995 16.6330942604325 93.8452416253595
0.269495 16.6640113671825 94.1777712086298
0.269995 16.6949284739325 94.1539624691914
0.270495 16.7258455806825 94.1940794146155
0.270995 16.7567626874325 94.1651119931551
0.271495 16.7876797941825 94.4031534230086
0.271995 16.8185969009325 94.6071485944453
0.272495 16.8495140076825 94.6649244214618
0.272995 16.8804311144325 94.9526046892916
0.273495 16.9113482211825 94.6989292881678
0.273995 16.9422653279325 95.0019321329296
0.274495 16.9731824346825 94.9601825549835
0.274995 17.0040995414325 95.1714877042085
0.275495 17.0350166481825 95.2176360506564
0.275995 17.0659337549325 95.2597006138963
0.276495 17.0968508616825 95.4263778008151
0.276995 17.1277679684325 95.3857653679999
0.277495 17.1586850751825 95.7749672355652
0.277995 17.1896021819325 95.8918648338403
0.278495 17.2205192886825 95.6566475213885
0.278995 17.2514363954325 95.8229091238995
0.279495 17.2823535021825 96.1252890813875
0.279995000000001 17.3132706089325 96.2570380234658
0.280495 17.3441877156825 96.1269502730833
0.280995 17.3751048224325 96.1558411465253
0.281495000000001 17.4060219291825 96.648835462067
0.281995 17.4369390359325 96.7191817281162
0.282495 17.4678561426825 96.717512938255
0.282995 17.4987732494325 96.6004891913672
0.283495 17.5296903561825 97.0195176905061
0.283995 17.5606074629325 96.6765341707703
0.284495 17.5915245696825 97.1531757412042
0.284995 17.6224416764325 97.2956396663184
0.285495 17.6533587831825 97.5184005404711
0.285995 17.6842758899325 97.6978974268486
0.286495 17.7151929966825 97.7616146056925
0.286995 17.7461101034325 97.8305627731072
0.287495000000001 17.7770272101825 98.0819778102813
0.287995 17.8079443169325 98.1093162851719
0.288495 17.8388614236825 98.1332584598527
0.288995000000001 17.8697785304325 98.4509829889704
0.289495 17.9006956371825 98.6558805106363
0.289995 17.9316127439325 98.7857478630872
0.290495 17.9625298506825 98.8776134498353
0.290995 17.9934469574325 98.8290215764656
0.291495 18.0243640641825 99.0185532953679
0.291995 18.0552811709325 99.0813273119932
0.292495 18.0861982776825 99.456916815065
0.292995 18.1171153844325 99.5770746977235
0.293495 18.1480324911825 100.026744131156
0.293995 18.1789495979325 99.8702895527752
0.294495 18.2098667046825 99.9070031936476
0.294995 18.2407838114325 100.125667770096
0.295495 18.2717009181825 100.232309923989
0.295995 18.3026180249325 100.477352531578
0.296495 18.3335351316825 100.65023366663
0.296995 18.3644522384325 100.515324235186
0.297495 18.3953693451825 101.025731096494
0.297995 18.4262864519325 101.190448495157
0.298495 18.4572035586825 101.400454241429
0.298995 18.4881206654325 101.229372301711
0.299495 18.5190377721825 101.653427880722
0.299995 18.5499548789325 101.942138042272
0.300495 18.5808719856825 102.21502163951
0.300995 18.6117890924325 102.035022601568
0.301495 18.6427061991825 102.487915020537
0.301995 18.6736233059325 102.573759673753
0.302495 18.7045404126825 103.009241085017
0.302995 18.7354575194325 102.892818520234
0.303495 18.7663746261825 103.036055673332
0.303995 18.7972917329325 103.306514030623
0.304495000000001 18.8282088396825 103.480259460728
0.304995 18.8591259464325 103.939113478161
0.305495 18.8900430531825 103.755088964868
0.305995000000001 18.9209601599325 104.335191166085
0.306495 18.9518772666825 104.421633406591
0.306995 18.9827943734325 104.927038105138
0.307495000000001 19.0137114801825 104.92521334264
0.307995 19.0446285869325 105.22143988777
0.308495 19.0755456936825 105.271706426882
0.308995000000001 19.1064628004325 105.206885605367
0.309495 19.1373799071825 105.84846901902
0.309995 19.1682970139325 105.966836174353
0.310495 19.1992141206825 106.178234795451
0.310995 19.2301312274325 106.73810109697
0.311495 19.2610483341825 106.591020706481
0.311995 19.2919654409325 107.132815939923
0.312495 19.3228825476825 107.304842792914
0.312995 19.3537996544325 107.538939626761
0.313495 19.3847167611825 107.87775043994
0.313995000000001 19.4156338679325 108.20949934174
0.314495 19.4465509746825 108.490202829034
0.314995 19.4774680814325 108.741685044835
0.315495000000001 19.5083851881825 108.951355679139
0.315995 19.5393022949325 109.254436736038
0.316495 19.5702194016825 109.346131793743
0.316995000000001 19.6011365084325 110.0975489674
0.317495 19.6320536151825 109.988665487314
0.317995 19.6629707219325 110.306649517763
0.318495 19.6938878286825 110.566102696023
0.318995 19.7248049354325 110.979748598155
0.319495 19.7557220421825 110.97456483456
0.319995 19.7866391489325 111.406965599454
0.320495 19.8175562556825 111.98967750919
0.320995 19.8484733624325 112.107303998727
0.321495 19.8793904691825 112.807919267675
0.321995 19.9103075759325 112.985294738706
0.322495 19.9412246826825 113.219101309926
0.322995000000001 19.9721417894325 113.32957710572
0.323495 20.0030588961825 113.674740859045
0.323995 20.0339760029325 114.198938623004
0.324495000000001 20.0648931096825 114.410457939776
0.324995 20.0958102164325 115.129023490455
0.325495 20.1267273231825 114.974412674783
0.325995000000001 20.1576444299325 115.499131787672
0.326495 20.1885615366825 116.268653107669
0.326995 20.2194786434325 115.919262219166
0.327495000000001 20.2503957501825 116.601979030782
0.327995 20.2813128569325 116.612318184833
0.328495 20.3122299636825 117.393392175756
0.328995 20.3431470704325 117.302105988763
0.329495 20.3740641771825 118.08460225802
0.329995 20.4049812839325 118.233769299852
0.330495 20.4358983906825 118.680947410726
0.330995 20.4668154974325 119.18931016821
0.331495 20.4977326041825 119.764333318416
0.331995 20.5286497109325 119.863534853893
0.332495 20.5595668176825 120.253457888459
0.332995 20.5904839244325 120.740618199171
0.333495 20.6214010311825 121.101442439696
0.333995 20.6523181379325 121.577347279287
0.334495 20.6832352446825 121.893720358654
0.334995 20.7141523514325 122.388664084388
0.335495 20.7450694581825 122.449713129434
0.335995 20.7759865649325 122.903226007868
0.336495 20.8069036716825 123.421422980812
0.336995 20.8378207784325 123.871389641213
0.337495 20.8687378851825 123.981896071461
0.337995 20.8996549919325 124.875726580872
0.338495 20.9305720986825 125.11276435645
0.338995 20.9614892054325 125.650297680122
0.339495 20.9924063121825 126.195119425826
0.339995 21.0233234189325 125.985966551899
0.340495 21.0542405256825 127.079707886475
0.340995 21.0851576324325 127.001887656743
0.341495 21.1160747391825 127.742253915509
0.341995 21.1469918459325 128.360909814395
0.342495 21.1779089526825 128.597086360782
0.342995 21.2088260594325 129.124831177468
0.343495 21.2397431661825 129.567606208578
0.343995 21.2706602729325 129.842256261369
0.344495 21.3015773796825 130.293197510359
0.344995 21.3324944864325 131.003771777237
0.345495 21.3634115931825 131.569199332004
0.345995000000001 21.3943286999325 132.024725373267
0.346495 21.4252458066825 132.22938558001
0.346995 21.4561629134325 132.579216727609
0.347495 21.4870800201825 132.966219739955
0.347995 21.5179971269325 133.405637356824
0.348495 21.5489142336825 133.974347526349
0.348995 21.5798313404325 134.232352361688
0.349495 21.6107484471825 135.145453067464
0.349995 21.6416655539325 135.276234297082
0.350495000000001 21.6725826606825 136.043402495735
0.350995 21.7034997674325 136.068324962235
0.351495 21.7344168741825 137.023706909609
0.351995000000001 21.7653339809325 137.296359964443
0.352495 21.7962510876825 137.950763425528
0.352995 21.8271681944325 138.26127183957
0.353495000000001 21.8580853011825 138.911991915187
0.353995 21.8890024079325 139.304422110289
0.354495 21.9199195146825 139.684973101508
0.354995000000001 21.9508366214325 140.390312127836
0.355495 21.9817537281825 140.725402166647
0.355995 22.0126708349325 141.368301264232
0.356495 22.0435879416825 141.768977575445
0.356995000000001 22.0745050484325 141.982876493005
0.357495 22.1054221551825 142.867271753981
0.357995 22.1363392619325 143.76735721766
0.358495000000001 22.1672563686825 143.572096904092
0.358995 22.1981734754325 144.254700000761
0.359495 22.2290905821825 145.099900471682
0.359995000000001 22.2600076889325 145.348104419162
0.360495 22.2909247956825 145.659015356904
0.360995 22.3218419024325 146.720768088666
0.361495000000001 22.3527590091825 146.496981987736
0.361995 22.3836761159325 147.643228120155
0.362495 22.4145932226825 148.10121932413
0.362995000000001 22.4455103294325 148.092910133649
0.363495 22.4764274361825 149.310476569776
0.363995 22.5073445429325 149.572318267756
0.364495000000001 22.5382616496825 150.085274361011
0.364995 22.5691787564325 150.868205881214
0.365495 22.6000958631825 151.343658671753
0.365995000000001 22.6310129699325 151.818601868878
0.366495 22.6619300766825 152.710230805721
0.366995 22.6928471834325 152.728242740474
0.367495000000001 22.7237642901825 153.586678184131
0.367995 22.7546813969325 153.938403856361
0.368495 22.7855985036825 154.539866385758
0.368995000000001 22.8165156104325 155.301460376778
0.369495 22.8474327171825 155.890186132456
0.369995 22.8783498239325 156.714193311236
0.370495000000001 22.9092669306825 157.060505888025
0.370995 22.9401840374325 157.655183648113
0.371495 22.9711011441825 158.047285230241
0.371995000000001 23.0020182509325 158.860142290131
0.372495 23.0329353576825 159.277540017653
0.372995 23.0638524644325 159.991186527743
0.373495000000001 23.0947695711825 160.964326987337
0.373995 23.1256866779325 161.142355690521
0.374495 23.1566037846825 161.889645999907
0.374995 23.1875208914325 163.122163833014
0.375495 23.2184379981825 163.361308303656
0.375995 23.2493551049325 163.951490020766
0.376495 23.2802722116825 164.714053284763
0.376995 23.3111893184325 165.326287349315
0.377495 23.3421064251825 165.943650201862
0.377995 23.3730235319325 166.362765431232
0.378495 23.4039406386825 167.152249539327
0.378995 23.4348577454325 167.617040755942
0.379495 23.4657748521825 168.708686059968
0.379995 23.4966919589325 169.293778842197
0.380495 23.5276090656825 170.043265084393
0.380995 23.5585261724325 170.616428325487
0.381495 23.5894432791825 171.076792521368
0.381995 23.6203603859325 172.069292325121
0.382495 23.6512774926825 172.988928405754
0.382995 23.6821945994325 173.432359058502
0.383495 23.7131117061825 174.319062499358
0.383995 23.7440288129325 174.898727974641
0.384495 23.7749459196825 175.711685888
0.384995 23.8058630264325 176.342513011171
0.385495 23.8367801331825 177.280822972278
0.385995 23.8676972399325 177.70208037781
0.386495 23.8986143466825 178.797402114013
0.386995 23.9295314534325 179.124577493687
0.387495 23.9604485601825 180.245508125989
0.387995 23.9913656669325 180.448890307407
0.388495 24.0222827736825 178.365417654357
0.388995000000001 24.0531998804325 171.50728020142
0.389495 24.0841169871825 161.831437210677
0.389995 24.1150340939325 153.995548437236
0.390495000000001 24.1459512006825 146.491012196198
0.390995 24.1768683074325 140.172183097841
0.391495 24.2077854141825 134.502110245389
0.391995000000001 24.2387025209325 129.669393641368
0.392495 24.2696196276825 124.447172043202
0.392995 24.3005367344325 119.52820539461
0.393495000000001 24.3314538411825 114.653396727193
0.393995 24.3623709479325 109.903966650174
0.394495 24.3932880546825 105.382664060266
0.394995 24.4242051614325 101.020908036726
0.395495 24.4551222681825 97.2166707980083
0.395995 24.4860393749325 93.2916316254895
0.396495 24.5169564816825 89.792091100695
0.396995 24.5478735884325 86.363485655733
0.397495 24.5787906951825 83.1557852304518
0.397995 24.6097078019325 80.0294115723792
0.398495 24.6406249086825 77.2232870809084
0.398995 24.6715420154325 74.4533971484321
0.399495 24.7024591221825 71.9302888924017
0.399995 24.7333762289325 69.4160189293907
0.400495 24.7642933356825 67.3138678130088
0.400995 24.7952104424325 65.2594927066149
0.401495000000001 24.8261275491825 63.4053604535947
0.401995 24.8570446559325 61.7203195144217
0.402495 24.8879617626825 60.2149445431914
0.402995000000001 24.9188788694325 58.9372755857232
0.403495 24.9497959761825 57.7494700746212
0.403995 24.9807130829325 56.7012201949336
0.404495000000001 25.0116301896825 55.7379501159003
0.404995 25.0425472964325 54.7817499463992
0.405495 25.0734644031825 53.8949254217784
0.405995000000001 25.1043815099325 52.9526111600023
0.406495 25.1352986166825 52.1046571401813
0.406995 25.1662157234325 51.190832127395
0.407495000000001 25.1971328301825 50.3905641970112
0.407995 25.2280499369325 49.5096981068678
0.408495 25.2589670436825 48.7378959791397
0.408995000000001 25.2898841504325 47.9202866288162
0.409495 25.3208012571825 47.1450818380254
0.409995 25.3517183639325 46.4078744120535
0.410495000000001 25.3826354706825 45.6369782327377
0.410995 25.4135525774325 44.917618740795
0.411495 25.4444696841825 44.2140880298287
0.411995000000001 25.4753867909325 43.526270885104
0.412495 25.5063038976825 42.8511141476484
0.412995 25.5372210044325 42.1560898680351
0.413495000000001 25.5681381111825 41.4618468594855
0.413995 25.5990552179325 40.7907512594038
0.414495 25.6299723246825 40.1405827217075
0.414995000000001 25.6608894314325 39.4971342034357
0.415495 25.6918065381825 38.8591526111407
0.415995 25.7227236449325 38.2284643664128
0.416495000000001 25.7536407516825 37.6040931570146
0.416995 25.7845578584325 36.9453405196471
0.417495 25.8154749651825 36.1872814487307
0.417995000000001 25.8463920719325 35.3898765880184
0.418495 25.8773091786825 34.5449562641461
0.418995 25.9082262854325 33.6354726105004
0.419495000000001 25.9391433921825 32.6925758538562
0.419995 25.9700604989325 31.6953381483359
0.420495 26.0009776056825 30.6409919663313
0.420995000000001 26.0318947124325 29.5366289862584
0.421495 26.0628118191825 28.3846112865035
0.421995 26.0937289259325 27.1775173956962
0.422495 26.1246460326825 25.9154122090918
0.422995 26.1555631394325 24.5963369856761
0.423495 26.1864802461825 23.2202471360369
0.423995 26.2173973529325 21.7870583761062
0.424495 26.2483144596825 20.2933375022636
0.424995 26.2792315664325 18.7366072406515
0.425495 26.3101486731825 17.1128671930503
0.425995 26.3410657799325 15.4197352038097
0.426495 26.3719828866825 13.665462371574
0.426995 26.4028999934325 11.9674920843984
0.427495000000001 26.4338171001825 10.411048045697
0.427995 26.4647342069325 8.8570459816812
0.428495 26.4956513136825 7.28125282819128
0.428995000000001 26.5265684204325 5.73777936651989
0.429495 26.5574855271825 4.17942464676275
0.429995 26.5884026339325 2.63156197769636
0.430495000000001 26.6193197406825 1.08087775692306
0.430995 26.6502368474325 -0.467879882003414
0.431495 26.6811539541825 -2.034883456403
0.431995000000001 26.7120710609325 -3.76291234912001
0.432495000000001 26.7429881676825 -5.61839433677222
0.432995 26.7739052744325 -7.61787275517353
0.433495000000001 26.8048223811825 -9.74283333091288
0.433995000000001 26.8357394879325 -11.985091870993
0.434495 26.8666565946825 -14.3432095214004
0.434995000000001 26.8975737014325 -16.8179774612434
0.435495000000001 26.9284908081825 -19.4070634414449
0.435995 26.9594079149325 -22.0959659544385
0.436495000000001 26.9903250216825 -24.8625371400755
0.436995000000001 27.0212421284325 -27.7073420352886
0.437495 27.0521592351825 -30.5751105528862
0.437995000000001 27.0830763419325 -33.4063055999224
0.438495000000001 27.1139934486825 -36.1129687465909
0.438995 27.1449105554325 -38.3623794675949
0.439495000000001 27.1758276621825 -33.9610750278803
0.439995000000001 27.2067447689325 -23.3062522339702
0.440495 27.2376618756825 -15.4471507290177
0.440995 27.2685789824325 -13.2220050471817
0.441495000000001 27.2994960891825 -11.0882907543471
0.441995 27.3304131959325 -8.07136248449375
0.442495 27.3613303026825 -5.54709476507437
0.442995000000001 27.3922474094325 -4.69840003737039
0.443495 27.4231645161825 -2.83110232231224
0.443995 27.4540816229325 -2.54451162645814
0.444495000000001 27.4849987296825 -2.96414102957274
0.444995 27.5159158364325 -3.01377815511117
0.445495 27.5468329431825 -3.70111463989077
0.445995000000001 27.5777500499325 -4.04412045499005
0.446495 27.6086671566825 -4.8596216498882
0.446995 27.6395842634325 -5.04214433047832
0.447495000000001 27.6705013701825 -5.27176448533761
0.447995 27.7014184769325 -4.73732497613776
0.448495 27.7323355836825 -4.24139871525815
0.448995000000001 27.7632526904325 -3.30393718438879
0.449495 27.7941697971825 -2.8122622900484
0.449995 27.8250869039325 -2.47891364941367
0.450495000000001 27.8560040106825 -1.99897877442204
0.450995 27.8869211174325 -1.23396218591459
0.451495 27.9178382241825 -0.689618963569332
0.451995000000001 27.9487553309325 -0.444382959928552
0.452495 27.9796724376825 -0.474592836687719
0.452995 28.0105895444325 -0.149383183401209
0.453495000000001 28.0415066511825 0.0436465435358986
0.453995 28.0724237579325 -0.392642670873267
0.454495 28.1033408646825 -0.590633385225687
0.454995000000001 28.1342579714325 -1.08271766561127
0.455495 28.1651750781825 -1.24636143051943
0.455995 28.1960921849325 -1.14035488976775
0.456495000000001 28.2270092916825 -0.914190047898061
0.456995 28.2579263984325 -0.515002445780679
0.457495 28.2888435051825 -0.117972233175063
0.457995000000001 28.3197606119325 -0.0190322072268982
0.458495 28.3506777186825 0.152674718497601
0.458995 28.3815948254325 0.154991712386929
0.459495 28.4125119321825 0.253225917347071
0.459995 28.4434290389325 0.182950078033326
0.460495 28.4743461456825 0.0697088674375544
0.460995 28.5052632524325 -0.0715612797596325
0.461495 28.5361803591825 -0.18877403606638
0.461995 28.5670974659325 -0.558297272996
0.462495 28.5980145726825 -0.796605346330415
0.462995 28.6289316794325 -1.02246270053386
0.463495 28.6598487861825 -1.17214969807995
0.463995 28.6907658929325 -1.4884096444041
0.464495 28.7216829996825 -1.94617925602281
0.464995 28.7526001064325 -2.1588904788124
0.465495 28.7835172131825 -2.47912298291638
0.465995 28.8144343199325 -2.48512608185894
0.466495 28.8453514266825 -2.7718741947756
0.466995 28.8762685334325 -2.33775241023945
0.467495 28.9071856401825 -2.09481611496596
0.467995 28.9381027469325 -1.74850112087306
0.468495 28.9690198536825 -1.39153409245867
0.468995 28.9999369604325 -0.72884963525354
0.469495 29.0308540671825 -0.175183198424053
0.469995 29.0617711739325 0.476729573589685
0.470495000000001 29.0926882806825 0.866109514728137
0.470995 29.1236053874325 1.25804313413917
0.471495 29.1545224941825 1.5844196496997
0.471995000000001 29.1854396009325 2.16506304442208
0.472495 29.2163567076825 2.49554413526637
0.472995 29.2472738144325 2.94696016831945
0.473495000000001 29.2781909211825 3.0813747972536
0.473995 29.3091080279325 3.1094227885235
0.474495 29.3400251346825 3.33727788634387
0.474995000000001 29.3709422414325 3.43747861720598
0.475495000000001 29.4018593481825 3.83017001733897
0.475995 29.4327764549325 4.10756315399972
0.476495000000001 29.4636935616825 4.32248179573482
0.476995000000001 29.4946106684325 4.62828582275958
0.477495 29.5255277751825 4.84085159131623
0.477995000000001 29.5564448819325 4.81015296928473
0.478495000000001 29.5873619886825 4.73833142528041
0.478995 29.6182790954325 4.85208084871085
0.479495000000001 29.6491962021825 4.90111286167272
0.479995000000001 29.6801133089325 4.88384012500137
0.480495 29.7110304156825 4.77675766227044
0.480995000000001 29.7419475224325 4.73590964214043
0.481495000000001 29.7728646291825 4.54152186556543
0.481995 29.8037817359325 4.27478558062225
0.482495000000001 29.8346988426825 3.89324560448005
0.482995000000001 29.8656159494325 3.66297023196471
0.483495 29.8965330561825 3.30951751692969
0.483995000000001 29.9274501629325 3.02040598121732
0.484495000000001 29.9583672696825 2.63833535543567
0.484995 29.9892843764325 2.26936904324497
0.485495000000001 30.0202014831825 1.76777932980392
0.485995000000001 30.0511185899325 1.34482990446979
0.486495 30.0820356966825 0.933416798563879
0.486995 30.1129528034325 0.677048614420702
0.487495000000001 30.1438699101825 0.407341404437391
0.487995 30.1747870169325 -0.10500145858373
0.488495 30.2057041236825 -0.645372347741959
0.488995000000001 30.2366212304325 -1.38143523051815
0.489495 30.2675383371825 -1.68759192013872
0.489995 30.2984554439325 -2.17189627835984
0.490495000000001 30.3293725506825 -2.42081060362832
0.490995 30.3602896574325 -2.63563737185088
0.491495 30.3912067641825 -3.19550899719389
0.491995000000001 30.4221238709325 -3.6034497109445
0.492495 30.4530409776825 -3.76965421489156
0.492995 30.4839580844325 -4.2224200449632
0.493495000000001 30.5148751911825 -4.47664587900069
0.493995 30.5457922979325 -4.83177082051456
0.494495 30.5767094046825 -4.9956501234536
0.494995000000001 30.6076265114325 -4.93851849020333
0.495495 30.6385436181825 -5.03751058537227
0.495995 30.6694607249325 -4.87881693878128
0.496495000000001 30.7003778316825 -5.02039862824094
0.496995 30.7312949384325 -5.03710915946096
0.497495 30.7622120451825 -4.83415149268972
0.497995000000001 30.7931291519325 -4.53315027961277
0.498495 30.8240462586825 -3.99210093321841
0.498995 30.8549633654325 -3.77307488290894
0.499495000000001 30.8858804721825 -3.46290744912868
0.499995 30.9167975789325 -3.07820882080124
