# Fix print output for fix Step
0 0 1.27790687070175
0.000494999999999992 0.0264068468234996 1.41300087594932
0.000994999999999878 0.0530804294734935 -2.69097730098224
0.00149499999999998 0.0797540121234988 0.550920367115939
0.00199500000000008 0.106427594773504 -1.04980933472732
0.00249500000000018 0.133101177423509 4.12607605287836
0.00299499999999985 0.159774760073492 4.53449145554792
0.00349499999999995 0.186448342723497 5.49860912063951
0.00399500000000005 0.213121925373503 1.33951083411474
0.00449500000000015 0.239795508023508 1.92147531875298
0.00499499999999982 0.26646909067349 2.10498629806292
0.00549499999999992 0.293142673323496 3.0655106927781
0.00599500000000002 0.319816255973501 5.99350395684073
0.00649500000000012 0.346489838623506 5.42908392152714
0.00699499999999979 0.373163421273489 4.59894087215612
0.00749499999999989 0.399837003923494 4.78380898108772
0.00799499999999999 0.426510586573499 6.14239355121687
0.00849500000000009 0.453184169223505 6.87452190501136
0.00899499999999998 0.479857751873499 7.01027320153127
0.00949499999999986 0.506531334523493 7.20968619306107
0.00999499999999996 0.533204917173498 6.25703542606818
0.0104950000000001 0.559878499823503 7.0717914201194
0.0109950000000002 0.586552082473509 6.96564026444892
0.0114949999999998 0.613225665123491 7.2022368805864
0.0119949999999999 0.639899247773496 8.21256467561837
0.012495 0.666572830423502 8.24336047217349
0.0129950000000001 0.693246413073507 9.15317477664015
0.0134949999999998 0.71991999572349 9.46019783473626
0.0139949999999999 0.746593578373495 9.87247948736969
0.014495 0.7732671610235 9.52695213882311
0.0149950000000001 0.799940743673506 9.71543998536112
0.015495 0.826614326323499 9.8741417006272
0.0159949999999999 0.853287908973493 10.087605873607
0.016495 0.879961491623499 10.5049571540124
0.0169950000000001 0.906635074273504 10.41503857897
0.0174950000000002 0.933308656923509 11.2851255902648
0.0179949999999998 0.959982239573492 11.3083499152545
0.0184949999999999 0.986655822223497 11.9864571731522
0.018995 1.0133294048735 12.2108064367084
0.0194950000000001 1.04000298752351 12.3789596782009
0.0199949999999998 1.06667657017349 12.639555089743
0.0204949999999999 1.0933501528235 12.6109633129888
0.020995 1.1200237354735 12.9541403674487
0.0214950000000001 1.14669731812351 12.845984721212
0.0219949999999998 1.17337090077349 13.4669523462382
0.0224949999999999 1.20004448342349 13.649239928966
0.022995 1.2267180660735 13.9728887245741
0.0234950000000001 1.2533916487235 14.3487061280308
0.023995 1.2800652313735 14.3414252852299
0.0244949999999999 1.30673881402349 15.1110948132555
0.024995 1.3334123966735 15.1565673415041
0.0254950000000001 1.3600859793235 15.5067696505903
0.0259950000000002 1.38675956197351 15.4506384510002
0.0264949999999998 1.41343314462349 15.5950802492064
0.0269949999999999 1.4401067272735 15.8212360956969
0.027495 1.4667803099235 16.2126506967946
0.0279950000000001 1.49345389257351 16.7412571462706
0.0284949999999998 1.52012747522349 16.7950594050559
0.0289949999999999 1.54680105787349 17.1424525153667
0.029495 1.5734746405235 17.0554636287755
0.0299950000000001 1.60014822317351 17.7257046360592
0.030495 1.6268218058235 17.8495148849267
0.0309949999999999 1.65349538847349 18.0975340731482
0.031495 1.6801689711235 18.298941124592
0.0319950000000001 1.7068425537735 18.315950480278
0.0324950000000002 1.73351613642351 18.733913160534
0.0329949999999999 1.76018971907349 18.9586527725684
0.0334949999999999 1.7868633017235 19.2144638197276
0.033995 1.8135368843735 19.5849143291125
0.0344950000000001 1.84021046702351 19.6995376909153
0.0349949999999998 1.86688404967349 20.0121905507061
0.0354949999999999 1.8935576323235 20.1956052370078
0.035995 1.9202312149735 20.7224170521561
0.0364950000000001 1.94690479762351 20.6318565608406
0.0369949999999998 1.97357838027349 21.0619398403422
0.0374949999999999 2.00025196292349 21.0589828695229
0.037995 2.0269255455735 21.4535027821083
0.0384950000000001 2.0535991282235 21.7101003080191
0.038995 2.0802727108735 21.8595316660607
0.0394949999999999 2.10694629352349 22.1587733822321
0.039995 2.1336198761735 22.2573675871945
0.0404950000000001 2.1602934588235 22.7568756070416
0.0409950000000002 2.18696704147351 22.9405126392001
0.0414949999999998 2.21364062412349 23.2017791961507
0.0419949999999999 2.2403142067735 23.3895638587134
0.042495 2.2669877894235 23.6828377783308
0.0429950000000001 2.29366137207351 23.8256991696103
0.0434949999999998 2.32033495472349 23.9020074567597
0.0439949999999999 2.34700853737349 24.2643885721628
0.044495 2.3736821200235 24.5596964497868
0.0449950000000001 2.40035570267351 24.7483928215735
0.045495 2.4270292853235 24.9778480221602
0.0459949999999999 2.45370286797349 25.2133899446937
0.046495 2.4803764506235 25.4510293633786
0.0469950000000001 2.5070500332735 25.6886550394006
0.0474950000000002 2.53372361592351 25.9981829960967
0.0479949999999998 2.56039719857349 26.0481141120824
0.0484949999999999 2.5870707812235 26.3848098457227
0.048995 2.6137443638735 26.5803034070048
0.0494950000000001 2.64041794652351 26.8419340133107
0.0499949999999998 2.66709152917349 27.0100182758314
0.0504949999999999 2.6937651118235 27.2847353079783
0.050995 2.7204386944735 27.5178986232693
0.0514950000000001 2.74711227712351 27.6178899852376
0.0519949999999998 2.77378585977349 27.9487663899194
0.0524949999999999 2.80045944242349 28.1813616794617
0.052995 2.8271330250735 28.4253625140444
0.0534950000000001 2.8538066077235 28.5917804590472
0.053995 2.8804801903735 28.8848820205494
0.0544949999999999 2.90715377302349 29.2224428261146
0.054995 2.9338273556735 29.2296152407468
0.0554950000000001 2.9605009383235 29.6496727763422
0.0559950000000002 2.98717452097351 29.8566732066682
0.0564949999999998 3.01384810362349 30.1035273303122
0.0569949999999999 3.0405216862735 30.1998619480296
0.057495 3.0671952689235 30.3251054373181
0.0579950000000001 3.09386885157351 30.8551995855853
0.0584949999999998 3.12054243422349 30.8984409223413
0.0589949999999999 3.14721601687349 31.0650047590683
0.059495 3.1738895995235 31.39446400805
0.0599950000000001 3.2005631821735 31.7700464181726
0.0604949999999998 3.22723676482349 31.8279057797479
0.0609949999999999 3.25391034747349 31.942880370361
0.061495 3.2805839301235 32.300040468088
0.0619950000000001 3.3072575127735 32.5684983227361
0.0624950000000002 3.33393109542351 32.7204589901242
0.0629949999999998 3.36060467807349 32.8712930455483
0.0634949999999999 3.3872782607235 33.1172373186037
0.063995 3.4139518433735 33.407949519411
0.0644950000000001 3.44062542602351 33.4816036963999
0.0649949999999998 3.46729900867349 33.6397854766192
0.0654949999999999 3.4939725913235 33.9216769977116
0.065995 3.5206461739735 34.3400875405788
0.0664950000000001 3.54731975662351 34.4052219893001
0.0669949999999998 3.57399333927349 34.5462448495988
0.0674949999999999 3.60066692192349 34.7895369735813
0.067995 3.6273405045735 35.1171339671714
0.0684950000000001 3.6540140872235 35.2209492586619
0.068995 3.6806876698735 35.4278387794182
0.0694949999999999 3.70736125252349 35.5803420315001
0.069995 3.7340348351735 35.7836981822478
0.0704950000000001 3.7607084178235 35.9785928928457
0.0709950000000002 3.78738200047351 36.1510084280287
0.0714949999999998 3.81405558312349 36.4631227071627
0.0719949999999999 3.8407291657735 36.6562765872325
0.072495 3.8674027484235 36.9426301495014
0.0729950000000001 3.89407633107351 37.1412794219626
0.0734949999999998 3.92074991372349 37.2489590444798
0.0739949999999999 3.94742349637349 37.5438599691034
0.074495 3.9740970790235 37.7200920019696
0.0749950000000001 4.0007706616735 38.0039008583438
0.075495 4.0274442443235 38.1295211061283
0.0759949999999999 4.05411782697349 38.2911290776672
0.076495 4.0807914096235 38.6582711585039
0.0769950000000001 4.1074649922735 38.7133571497309
0.0774950000000002 4.13413857492351 38.8635170179983
0.0779949999999998 4.16081215757349 38.8435751791872
0.0784949999999999 4.1874857402235 39.4363404916918
0.078995 4.2141593228735 39.626715707417
0.0794950000000001 4.24083290552351 39.7435439906638
0.0799949999999998 4.26750648817349 39.7564557974445
0.0804949999999999 4.2941800708235 39.9924494296655
0.080995 4.3208536534735 40.1438319080444
0.0814950000000001 4.34752723612351 40.5765613704719
0.0819949999999998 4.37420081877349 40.5638682184423
0.0824949999999999 4.40087440142349 40.9008607389346
0.082995 4.4275479840735 41.007705538512
0.0834950000000001 4.4542215667235 41.2753294729663
0.083995 4.4808951493735 41.2700830473976
0.0844949999999999 4.50756873202349 41.5722805408918
0.084995 4.5342423146735 41.7419812641143
0.0854950000000001 4.5609158973235 42.0386391596291
0.0859950000000002 4.58758947997351 42.1289253324963
0.0864949999999998 4.61426306262349 42.4512398791646
0.0869949999999999 4.6409366452735 42.5422719190715
0.087495 4.6676102279235 42.8957893244665
0.0879950000000001 4.69428381057351 42.9406653989408
0.0884949999999998 4.72095739322349 43.0785437107964
0.0889949999999999 4.74763097587349 43.1578606096458
0.089495 4.7743045585235 43.4282104394948
0.0899950000000001 4.8009781411735 43.7042862727623
0.090495 4.8276517238235 43.8589430069023
0.0909949999999999 4.85432530647349 44.1255589470772
0.091495 4.8809988891235 44.2634049481904
0.0919950000000001 4.9076724717735 44.3662473700348
0.0924950000000002 4.93434605442351 44.4587755602184
0.0929949999999998 4.96101963707349 44.7382313958987
0.0934949999999999 4.9876932197235 45.0236069658977
0.093995 5.0143668023735 45.0948371422298
0.0944950000000001 5.04104038502351 45.3596409815126
0.0949949999999998 5.06771396767349 45.5140921577689
0.0954949999999999 5.09438755032349 45.6013687926741
0.095995 5.1210611329735 45.8852789440541
0.0964950000000001 5.14773471562351 45.9315132068411
0.0969949999999998 5.17440829827349 46.0648300251873
0.0974949999999999 5.20108188092349 46.4030397131197
0.097995 5.2277554635735 46.6579626382504
0.0984950000000001 5.2544290462235 46.762092192727
0.098995 5.2811026288735 46.8222677083501
0.0994949999999999 5.30777621152349 46.9409515860949
0.099995 5.3344497941735 47.2135949584475
0.100495 5.3611233768235 47.4135757269904
0.100995 5.38779695947351 47.6659196194951
0.101495 5.41447054212349 47.7044062016986
0.101995 5.4411441247735 47.8237501796145
0.102495 5.4678177074235 48.0703741143049
0.102995 5.49449129007351 48.2293692911344
0.103495 5.52116487272349 48.4359282835672
0.103995 5.54783845537349 48.6339020647902
0.104495 5.5745120380235 48.7648852293507
0.104995 5.6011856206735 48.9469348634485
0.105495 5.6278592033235 48.9857588445571
0.105995 5.65453278597349 49.3741927395448
0.106495 5.6812063686235 49.3969787419471
0.106995 5.7078799512735 49.4802867653599
0.107495 5.73455353392351 49.5453923434688
0.107995 5.76122711657349 49.9220214383898
0.108495 5.7879006992235 50.0347491571065
0.108995 5.8145742818735 50.1866958986443
0.109495 5.84124786452351 50.369241950001
0.109995 5.86792144717349 50.5191480256928
0.110495 5.89459502982349 50.6422446909111
0.110995 5.9212686124735 50.7954740218451
0.111495 5.94794219512351 50.9171059939316
0.111995 5.97461577777349 51.1264644392977
0.112495 6.00128936042349 51.4149086661435
0.112995 6.0279629430735 51.5582434057372
0.113495 6.0546365257235 51.5672546572022
0.113995 6.0813101083735 51.76505186435
0.114495 6.10798369102349 51.9228286076843
0.114995 6.1346572736735 52.1082263235948
0.115495 6.1613308563235 52.3191025127598
0.115995 6.18800443897351 52.3531193682193
0.116495 6.21467802162349 52.5609545139932
0.116995 6.2413516042735 52.5719868255232
0.117495 6.2680251869235 52.8158476162968
0.117995 6.29469876957351 52.9794339474456
0.118495 6.32137235222349 53.2715622409149
0.118995 6.34804593487349 53.1977583566262
0.119495 6.3747195175235 53.4274155215451
0.119995 6.4013931001735 53.5906326769277
0.120495 6.4280666828235 53.7994200483
0.120995 6.45474026547349 53.7887910987619
0.121495 6.4814138481235 54.1117203777953
0.121995 6.5080874307735 54.2354691194064
0.122495 6.53476101342351 54.2670525669745
0.122995 6.56143459607349 54.4231561032815
0.123495 6.5881081787235 54.6229940968382
0.123995 6.6147817613735 54.6700042054079
0.124495 6.64145534402351 54.6943642612195
0.124995 6.66812892667349 54.9446236783864
0.125495 6.69480250932349 55.1393444723321
0.125995 6.7214760919735 55.3090614470509
0.126495 6.74814967462351 55.2997165728066
0.126995 6.77482325727349 55.6035963041178
0.127495 6.80149683992349 55.6787763559007
0.127995 6.8281704225735 55.8426532927878
0.128495 6.8548440052235 55.9014019262567
0.128995 6.8815175878735 56.1477634387488
0.129495 6.90819117052349 56.2307397965265
0.129995 6.9348647531735 56.3103175709356
0.130495 6.9615383358235 56.3970523747072
0.130995 6.98821191847351 56.6056379234361
0.131495 7.01488550112349 56.8952647108057
0.131995 7.0415590837735 56.8237107925528
0.132495 7.0682326664235 56.9791834527037
0.132995 7.09490624907351 57.117025578142
0.133495 7.12157983172349 57.3508249319582
0.133995 7.14825341437349 57.4709201188903
0.134495 7.1749269970235 57.6139188105873
0.134995 7.2016005796735 57.6114036127385
0.135495 7.2282741623235 57.9336739116048
0.135995 7.25494774497349 58.0162959350979
0.136495 7.2816213276235 58.0125774895131
0.136995 7.3082949102735 58.0477097445035
0.137495 7.33496849292351 58.3112462928482
0.137995 7.36164207557349 58.4126576995504
0.138495 7.3883156582235 58.5406140980305
0.138995 7.4149892408735 58.6461731921282
0.139495 7.44166282352351 58.7417845291821
0.139995 7.46833640617349 59.0715088124272
0.140495 7.49500998882349 58.9366513035524
0.140995 7.5216835714735 59.2063688599753
0.141495 7.54835715412351 59.3011207298682
0.141995 7.5750307367735 59.4882657975133
0.142495 7.60170431942349 59.4294460936631
0.142995 7.6283779020735 59.6779354691208
0.143495 7.6550514847235 59.7767044026074
0.143995 7.68172506737351 59.9816315195127
0.144495 7.70839865002349 60.0088336969956
0.144995 7.7350722326735 60.1567903172244
0.145495 7.7617458153235 60.2736218790976
0.145995 7.78841939797351 60.3265577858804
0.146495 7.81509298062349 60.5140768044366
0.146995 7.8417665632735 60.5183953968487
0.147495 7.8684401459235 60.7956075105138
0.147995 7.89511372857351 60.7581745778947
0.148495 7.92178731122349 60.9591591684971
0.148995 7.94846089387349 61.0106716404244
0.149495 7.9751344765235 61.2081699750418
0.149995 8.0018080591735 61.2087363565546
0.150495 8.02848164182349 61.4067826850263
0.150995 8.05515522447349 61.4953875027665
0.151495 8.0818288071235 61.6903377401305
0.151995 8.1085023897735 61.7004122362374
0.152495 8.1351759724235 61.7073565037088
0.152995 8.16184955507349 62.0025306247427
0.153495 8.1885231377235 62.0696207611606
0.153995 8.2151967203735 62.2226510724286
0.154495 8.24187030302351 62.1187286738766
0.154995 8.26854388567349 62.361631378833
0.155495 8.29521746832349 62.5203570918583
0.155995 8.3218910509735 62.6448941424738
0.156495 8.34856463362351 62.682507708923
0.156995 8.37523821627349 62.7058147563647
0.157495 8.40191179892349 62.8405561548518
0.157995 8.4285853815735 62.9890942054778
0.158495 8.4552589642235 63.1342865147859
0.158995 8.4819325468735 63.1778120715772
0.159495 8.50860612952349 63.4135639489331
0.159995 8.5352797121735 63.2945187372274
0.160495 8.5619532948235 63.5250196603234
0.160995 8.58862687747351 63.5487301613053
0.161495 8.61530046012349 63.7253796258633
0.161995 8.64197404277349 63.6724911555569
0.162495 8.6686476254235 63.9671795194756
0.162995 8.6953212080735 63.9765344872661
0.163495 8.72199479072349 64.0336595989356
0.163995 8.74866837337349 64.0981172322706
0.164495 8.7753419560235 64.3164252705886
0.164995 8.8020155386735 64.4011741522911
0.165495 8.8286891213235 64.4639446203167
0.165995 8.85536270397349 64.5166746949564
0.166495 8.8820362866235 64.6571687870179
0.166995 8.9087098692735 64.8070208354388
0.167495 8.93538345192351 64.8023777561652
0.167995 8.96205703457349 64.7937323132701
0.168495 8.9887306172235 64.9043679891494
0.168995 9.0154041998735 65.1604130565364
0.169495 9.04207778252351 65.3019206636159
0.169995 9.06875136517349 65.1904835069812
0.170495 9.09542494782349 65.3298453245004
0.170995 9.1220985304735 65.4251135206007
0.171495 9.1487721131235 65.689257027549
0.171995 9.1754456957735 65.5980505887559
0.172495 9.20211927842349 65.642024503025
0.172995 9.2287928610735 65.7756242240961
0.173495 9.2554664437235 65.9717774812515
0.173995 9.2821400263735 66.0485635783927
0.174495 9.30881360902349 65.9327633902902
0.174995 9.3354871916735 66.1370071563836
0.175495 9.3621607743235 66.308038835758
0.175995 9.38883435697351 66.3449496557918
0.176495 9.41550793962349 66.4198120492508
0.176995 9.4421815222735 66.5177974212098
0.177495 9.4688551049235 66.7092937861688
0.177995 9.49552868757351 66.5524282625437
0.178495 9.52220227022349 66.6931779412666
0.178995 9.54887585287349 66.8261167444245
0.179495 9.5755494355235 66.9964721686558
0.179995 9.6022230181735 66.9168042675952
0.180495 9.62889660082349 66.9781442448476
0.180995 9.65557018347349 67.167371090404
0.181495 9.6822437661235 67.2178322550279
0.181995 9.7089173487735 67.3186235267513
0.182495 9.73559093142351 67.2389363085564
0.182995 9.76226451407349 67.3913011533621
0.183495 9.78893809672349 67.5640852232646
0.183995 9.8156116793735 67.6634945669297
0.184495 9.84228526202351 67.5490320004338
0.184995 9.86895884467349 67.6991436827495
0.185495 9.89563242732349 67.8806894458342
0.185995 9.9223060099735 68.0107104467933
0.186495 9.94897959262351 68.0087371513403
0.186995 9.97565317527349 67.9270836457437
0.187495 10.0023267579235 68.1548467698955
0.187995 10.0290003405735 68.1616862613119
0.188495 10.0556739232235 68.3000203302095
0.188995 10.0823475058735 68.3893802244695
0.189495 10.1090210885235 68.4671897590388
0.189995 10.1356946711735 68.5422757897387
0.190495 10.1623682538235 68.5241179879539
0.190995 10.1890418364735 68.6042674878533
0.191495 10.2157154191235 68.7057630445958
0.191995 10.2423890017735 68.8792800693418
0.192495 10.2690625844235 68.7912529245289
0.192995 10.2957361670735 68.9687600573559
0.193495 10.3224097497235 69.0027311789896
0.193995 10.3490833323735 69.1052585670218
0.194495 10.3757569150235 69.1450956452365
0.194995 10.4024304976735 69.2860613655372
0.195495 10.4291040803235 69.2806607973736
0.195995 10.4557776629735 69.3373134870311
0.196495 10.4824512456235 69.4224168522077
0.196995 10.5091248282735 69.4473353867642
0.197495 10.5357984109235 69.6027660678964
0.197995 10.5624719935735 69.6049494992155
0.198495 10.5891455762235 69.7325409540358
0.198995 10.6158191588735 69.7309254454153
0.199495 10.6424927415235 69.9354601978358
0.199995 10.6691663241735 69.8666182918201
0.200495 10.6958399068235 69.9337466949073
0.200995 10.7225134894735 70.043219240612
0.201495 10.7491870721235 70.0522421389529
0.201995 10.7758606547735 70.1371988343552
0.202495 10.8025342374235 70.0915014688095
0.202995 10.8292078200735 70.2929775169469
0.203495 10.8558814027235 70.3385950484989
0.203995 10.8825549853735 70.4822276698203
0.204495 10.9092285680235 70.3758733398832
0.204995 10.9359021506735 70.5069872074993
0.205495 10.9625757333235 70.6650005270621
0.205995 10.9892493159735 70.7061523352199
0.206495 11.0159228986235 70.7212414328967
0.206995 11.0425964812735 70.5768469273363
0.207495 11.0692700639235 70.9194230471286
0.207995 11.0959436465735 70.9606919910043
0.208495 11.1226172292235 70.9758219658675
0.208995 11.1492908118735 70.8672916340319
0.209495 11.1759643945235 71.1944321043079
0.209995 11.2026379771735 71.2543914572522
0.210495 11.2293115598235 71.2124052204704
0.210995 11.2559851424735 71.1450576585452
0.211495 11.2826587251235 71.2602303156367
0.211995 11.3093323077735 71.5642817639752
0.212495 11.3360058904235 71.3633381650006
0.212995 11.3626794730735 71.5221734157436
0.213495 11.3893530557235 71.4723708970638
0.213995 11.4160266383735 71.8428359618616
0.214495 11.4427002210235 71.6985834415903
0.214995 11.4693738036735 71.6719536445541
0.215495 11.4960473863235 71.8049829614334
0.215995 11.5227209689735 71.960376146528
0.216495 11.5493945516235 72.0384944940954
0.216995 11.5760681342735 71.9536346014084
0.217495 11.6027417169235 72.104109124504
0.217995 11.6294152995735 72.1003505027353
0.218495 11.6560888822235 72.2656235718942
0.218995 11.6827624648735 72.2623924147045
0.219495 11.7094360475235 72.2822947306096
0.219995 11.7361096301735 72.2864120256032
0.220495 11.7627832128235 72.3907810580506
0.220995 11.7894567954735 72.4065449196959
0.221495 11.8161303781235 72.4999817402782
0.221995 11.8428039607735 72.6287320883874
0.222495 11.8694775434235 72.4902567604921
0.222995 11.8961511260735 72.6993906121662
0.223495 11.9228247087235 72.688683620103
0.223995 11.9494982913735 72.9012011902884
0.224495 11.9761718740235 72.8258680158743
0.224995 12.0028454566735 72.875775671615
0.225495 12.0295190393235 72.9440562179273
0.225995 12.0561926219735 73.0556850514747
0.226495 12.0828662046235 73.0769412007178
0.226995 12.1095397872735 73.1999606761036
0.227495 12.1362133699235 73.2825843818341
0.227995 12.1628869525735 73.2064391308581
0.228495 12.1895605352235 73.2857078439684
0.228995 12.2162341178735 73.3275099477636
0.229495 12.2429077005235 73.5131793640592
0.229995 12.2695812831735 73.4186557652021
0.230495 12.2962548658235 73.5381765385261
0.230995 12.3229284484735 73.662920587594
0.231495 12.3496020311235 73.6966187359552
0.231995 12.3762756137735 73.7979935715272
0.232495 12.4029491964235 73.8361249415979
0.232995 12.4296227790735 73.7502607133271
0.233495 12.4562963617235 73.9880581588718
0.233995 12.4829699443735 73.9844027207268
0.234495 12.5096435270235 74.1320214547933
0.234995 12.5363171096735 74.1227200675633
0.235495 12.5629906923235 74.1405794535756
0.235995 12.5896642749735 74.1229572245009
0.236495 12.6163378576235 74.3015543274441
0.236995 12.6430114402735 74.3011033804415
0.237495 12.6696850229235 74.4533811521346
0.237995 12.6963586055735 74.4570245236036
0.238495 12.7230321882235 74.5289818692084
0.238995 12.7497057708735 74.6098236335068
0.239495 12.7763793535235 74.5988863281689
0.239995 12.8030529361735 74.7359245899382
0.240495 12.8297265188235 74.7921480760112
0.240995 12.8564001014735 74.8407279836338
0.241495 12.8830736841235 74.7841474657384
0.241995 12.9097472667735 74.9990467627271
0.242495 12.9364208494235 74.9093843066422
0.242995 12.9630944320735 75.011512395908
0.243495 12.9897680147235 75.1299667180741
0.243995 13.0164415973735 75.0750938702581
0.244495 13.0431151800235 75.3737611096657
0.244995 13.0697887626735 75.3096270823596
0.245495 13.0964623453235 75.5161862765946
0.245995 13.1231359279735 75.47999284854
0.246495 13.1498095106235 75.4346579690935
0.246995 13.1764830932735 75.6125863376228
0.247495 13.2031566759235 75.5743782072013
0.247995 13.2298302585735 75.5801127947243
0.248495 13.2565038412235 75.7705412709091
0.248995 13.2831774238735 75.8631987778071
0.249495 13.3098510065235 75.7766139977408
0.249995 13.3365245891735 75.8300531193057
0.250495 13.3631981718235 75.9267490828727
0.250995 13.3898717544735 76.1044032004773
0.251495 13.4165453371235 76.0879866477203
0.251995 13.4432189197735 76.1819775492054
0.252495 13.4698925024235 76.3188333718198
0.252995 13.4965660850735 76.2857250204508
0.253495 13.5232396677235 76.3079272548369
0.253995 13.5499132503735 76.4852625086363
0.254495 13.5765868330235 76.4874082576726
0.254995 13.6032604156735 76.4125816758181
0.255495 13.6299339983235 76.5960546156065
0.255995 13.6566075809735 76.7094185784796
0.256495 13.6832811636235 76.8157310816795
0.256995 13.7099547462735 76.8522673415309
0.257495 13.7366283289235 76.8115697818678
0.257995 13.7633019115735 76.9558878622483
0.258495 13.7899754942235 77.2343608161065
0.258995 13.8166490768735 77.0299937761487
0.259495 13.8433226595235 77.1295351549257
0.259995 13.8699962421735 77.1543615774139
0.260495 13.8966698248235 77.2088398647528
0.260995 13.9233434074735 77.3471861527096
0.261495 13.9500169901235 77.3986600287742
0.261995 13.9766905727735 77.5591893171236
0.262495 14.0033641554235 77.5392615622572
0.262995 14.0300377380735 77.6580951230773
0.263495 14.0567113207235 77.7545247564647
0.263995 14.0833849033735 77.7522809399636
0.264495 14.1100584860235 77.8211032544839
0.264995 14.1367320686735 77.867353004205
0.265495 14.1634056513235 77.9648929848119
0.265995 14.1900792339735 78.0068928171863
0.266495 14.2167528166235 78.1288239159296
0.266995 14.2434263992735 78.3224363900251
0.267495 14.2700999819235 78.178227834793
0.267995 14.2967735645735 78.2938646283982
0.268495 14.3234471472235 78.3126007206561
0.268995 14.3501207298735 78.7064097461402
0.269495 14.3767943125235 78.5480268687383
0.269995 14.4034678951735 78.8930914458647
0.270495 14.4301414778235 78.7329680204342
0.270995 14.4568150604735 78.8065755548431
0.271495 14.4834886431235 78.9747019722884
0.271995 14.5101622257735 78.930898535876
0.272495 14.5368358084235 79.2726750290338
0.272995 14.5635093910735 79.1048507366383
0.273495 14.5901829737235 79.154446614986
0.273995 14.6168565563735 79.2877821515278
0.274495 14.6435301390235 79.3894146359915
0.274995 14.6702037216735 79.5184785190253
0.275495 14.6968773043235 79.4982965067659
0.275995 14.7235508869735 79.6781134897374
0.276495 14.7502244696235 79.6289225771104
0.276995 14.7768980522735 79.8683512728355
0.277495 14.8035716349235 80.0382166861666
0.277995 14.8302452175735 79.9846284655875
0.278495 14.8569188002235 79.8982017691104
0.278995 14.8835923828735 80.1670793632639
0.279495 14.9102659655235 80.2432870349026
0.279995 14.9369395481735 80.3181715962966
0.280495 14.9636131308235 80.7587392541635
0.280995 14.9902867134735 80.3753191827675
0.281495 15.0169602961235 80.5346349792829
0.281995 15.0436338787735 80.8569916593251
0.282495 15.0703074614235 81.0093006597406
0.282995 15.0969810440735 81.1229328029411
0.283495 15.1236546267235 80.8527000428061
0.283995 15.1503282093735 81.1273868997208
0.284495 15.1770017920235 81.3199504691129
0.284995 15.2036753746735 81.400977799997
0.285495 15.2303489573235 81.3786662319455
0.285995 15.2570225399735 81.488385768751
0.286495 15.2836961226235 81.7571420019929
0.286995 15.3103697052735 81.959766132364
0.287495 15.3370432879235 81.8176543453081
0.287995 15.3637168705735 81.9300238639553
0.288495 15.3903904532235 82.1927173280947
0.288995 15.4170640358735 82.2396747635865
0.289495 15.4437376185235 82.3549267138601
0.289995 15.4704112011735 82.4551309146645
0.290495 15.4970847838235 82.6201223760745
0.290995 15.5237583664735 82.8547572840519
0.291495 15.5504319491235 82.8647461049383
0.291995 15.5771055317735 82.8987120667602
0.292495 15.6037791144235 83.3307064936852
0.292995 15.6304526970735 83.169368592422
0.293495 15.6571262797235 83.2814404633508
0.293995 15.6837998623735 83.4811665028123
0.294495 15.7104734450235 83.4513962319002
0.294995 15.7371470276735 83.8627770374297
0.295495 15.7638206103235 83.4905725528159
0.295995 15.7904941929735 84.1142904453501
0.296495 15.8171677756235 84.1026075517083
0.296995 15.8438413582735 84.264062708837
0.297495 15.8705149409235 84.3973043057238
0.297995 15.8971885235735 84.6473862362723
0.298495 15.9238621062235 84.7991996068041
0.298995 15.9505356888735 84.7783831169363
0.299495 15.9772092715235 85.1108501742511
0.299995 16.0038828541735 85.248111915432
0.300495 16.0305564368235 85.2503796824537
0.300995 16.0572300194735 85.3251213643713
0.301495 16.0839036021235 85.6357517971658
0.301995 16.1105771847735 85.8489445782621
0.302495 16.1372507674235 86.0458037576096
0.302995 16.1639243500735 86.2645167330998
0.303495 16.1905979327235 86.405567637899
0.303995 16.2172715153735 86.4110501571594
0.304495 16.2439450980235 86.543947901926
0.304995 16.2706186806735 86.8231848771294
0.305495 16.2972922633235 86.77052188927
0.305995 16.3239658459735 87.1474160956512
0.306495 16.3506394286235 87.1445430915447
0.306995 16.3773130112735 87.4006427763946
0.307495 16.4039865939235 87.7269362955713
0.307995 16.4306601765735 87.7756720712612
0.308495 16.4573337592235 88.0124443157855
0.308995 16.4840073418735 88.3209493115972
0.309495 16.5106809245235 88.5386662978386
0.309995 16.5373545071735 88.5847004162774
0.310495 16.5640280898235 88.8987667966776
0.310995 16.5907016724735 89.2655193091391
0.311495 16.6173752551235 89.2459883047891
0.311995 16.6440488377735 89.3296342475337
0.312495 16.6707224204235 89.7790568795666
0.312995 16.6973960030735 89.7148001132531
0.313495 16.7240695857235 90.2882649354242
0.313995 16.7507431683735 90.519933338958
0.314495 16.7774167510235 90.4789097625201
0.314995 16.8040903336735 91.0341122581162
0.315495 16.8307639163235 91.0862675974215
0.315995 16.8574374989735 91.5997314780598
0.316495 16.8841110816235 91.463696951731
0.316995 16.9107846642735 91.4729883205433
0.317495 16.9374582469235 91.9494702565097
0.317995 16.9641318295735 92.1028384349213
0.318495 16.9908054122235 92.6055245085196
0.318995 17.0174789948735 92.5484901578974
0.319495 17.0441525775235 93.1333657293066
0.319995 17.0708261601735 93.4672471584236
0.320495 17.0974997428235 93.6603361571034
0.320995 17.1241733254735 93.6146642497132
0.321495 17.1508469081235 94.005818300561
0.321995 17.1775204907735 94.4317664908558
0.322495 17.2041940734235 94.447891095481
0.322995 17.2308676560735 94.8399456963966
0.323495 17.2575412387235 95.3816405794069
0.323995 17.2842148213735 95.3664247851045
0.324495 17.3108884040235 95.9211131260765
0.324995 17.3375619866735 95.7848848134685
0.325495 17.3642355693235 96.1039641239648
0.325995 17.3909091519735 96.3429572158736
0.326495 17.4175827346235 96.9030212213134
0.326995 17.4442563172735 97.1475181251904
0.327495 17.4709298999235 97.3467304289481
0.327995 17.4976034825735 97.9263317287424
0.328495 17.5242770652235 97.9888570516685
0.328995 17.5509506478735 98.0935551267324
0.329495 17.5776242305235 98.9590335073848
0.329995 17.6042978131735 98.6398784147099
0.330495 17.6309713958235 99.2983935969162
0.330995 17.6576449784735 99.4239135275776
0.331495 17.6843185611235 99.8821268769308
0.331995 17.7109921437735 100.115853460732
0.332495 17.7376657264235 100.322332579631
0.332995 17.7643393090735 100.957323398235
0.333495 17.7910128917235 101.055414472429
0.333995 17.8176864743735 101.669261565082
0.334495 17.8443600570235 101.897798397893
0.334995 17.8710336396735 102.248271768227
0.335495 17.8977072223235 102.821528293882
0.335995 17.9243808049735 102.921259497165
0.336495 17.9510543876235 103.057648219143
0.336995 17.9777279702735 103.480891864013
0.337495 18.0044015529235 103.695308789999
0.337995 18.0310751355735 104.120910122973
0.338495 18.0577487182235 104.293114328893
0.338995 18.0844223008735 104.972006375358
0.339495 18.1110958835235 104.781657321843
0.339995 18.1377694661735 105.851089476308
0.340495 18.1644430488235 105.704663014638
0.340995 18.1911166314735 106.302486347762
0.341495 18.2177902141235 106.655424096252
0.341995 18.2444637967735 107.184672232551
0.342495 18.2711373794235 107.213040902403
0.342995 18.2978109620735 107.920499810419
0.343495 18.3244845447235 108.097304980294
0.343995 18.3511581273735 108.404067762819
0.344495 18.3778317100235 108.818978806932
0.344995 18.4045052926735 109.228748140212
0.345495 18.4311788753235 109.649587404903
0.345995 18.4578524579735 109.63670132968
0.346495 18.4845260406235 110.558327082197
0.346995 18.5111996232735 110.250603453309
0.347495 18.5378732059235 111.077773649154
0.347995 18.5645467885735 111.057541661528
0.348495 18.5912203712235 111.591075478151
0.348995 18.6178939538735 112.224842160078
0.349495 18.6445675365235 112.447822037361
0.349995 18.6712411191735 112.833727630254
0.350495 18.6979147018235 113.161871515843
0.350995 18.7245882844735 113.919573595628
0.351495 18.7512618671235 113.603242041396
0.351995 18.7779354497735 114.923064079692
0.352495 18.8046090324235 114.853414818552
0.352995 18.8312826150735 115.125540688663
0.353495 18.8579561977235 115.853696801473
0.353995 18.8846297803735 116.195627877411
0.354495 18.9113033630235 116.447790626624
0.354995 18.9379769456735 116.600363099677
0.355495 18.9646505283235 117.141339985663
0.355995 18.9913241109735 117.620473635733
0.356495 19.0179976936235 118.011260819217
0.356995 19.0446712762735 118.748676106166
0.357495 19.0713448589235 118.722268444313
0.357995 19.0980184415735 119.25848324439
0.358495 19.1246920242235 119.947467158593
0.358995 19.1513656068735 120.080221967628
0.359495 19.1780391895235 120.501595982614
0.359995 19.2047127721735 121.329505283098
0.360495 19.2313863548235 121.726232519395
0.360995 19.2580599374735 121.879731925133
0.361495 19.2847335201235 122.485544512902
0.361995 19.3114071027735 122.941582264158
0.362495 19.3380806854235 123.35978836869
0.362995 19.3647542680735 123.548352839256
0.363495 19.3914278507235 124.351953076329
0.363995 19.4181014333735 125.027363620364
0.364495 19.4447750160235 124.976337676276
0.364995 19.4714485986735 125.665764138812
0.365495 19.4981221813235 125.798983094488
0.365995 19.5247957639735 126.580907306849
0.366495 19.5514693466235 127.283650564779
0.366995 19.5781429292735 127.351673783495
0.367495 19.6048165119235 127.683725451202
0.367995 19.6314900945735 128.064637043059
0.368495 19.6581636772235 128.755742673487
0.368995 19.6848372598735 129.476331691427
0.369495 19.7115108425235 129.896587794845
0.369995 19.7381844251735 130.602841194174
0.370495 19.7648580078235 130.659689268783
0.370995 19.7915315904735 131.276425719126
0.371495 19.8182051731235 131.735399117932
0.371995 19.8448787557735 132.550535308765
0.372495 19.8715523384235 132.875001151335
0.372995 19.8982259210735 133.517729380507
0.373495 19.9248995037235 134.04930433526
0.373995 19.9515730863735 134.708587325693
0.374495 19.9782466690235 134.98210057015
0.374995 20.0049202516735 135.715931483518
0.375495 20.0315938343235 135.783124735262
0.375995 20.0582674169735 136.271410309091
0.376495 20.0849409996235 136.801473262854
0.376995 20.1116145822735 137.432294510676
0.377495 20.1382881649235 138.198833918594
0.377995 20.1649617475735 138.899202581023
0.378495 20.1916353302235 139.164176584469
0.378995 20.2183089128735 139.950994442727
0.379495 20.2449824955235 140.715352608736
0.379995 20.2716560781735 141.225924255612
0.380495 20.2983296608235 141.584142262794
0.380995 20.3250032434735 141.659433127274
0.381495 20.3516768261235 142.377076831057
0.381995 20.3783504087735 143.033413833766
0.382495 20.4050239914235 143.864792331879
0.382995 20.4316975740735 144.473816978373
0.383495 20.4583711567235 145.401027744694
0.383995 20.4850447393735 144.297792767189
0.384495 20.5117183220235 140.279462525306
0.384995 20.5383919046735 132.620104866839
0.385495 20.5650654873235 123.948562635168
0.385995 20.5917390699735 116.725871037903
0.386495 20.6184126526235 110.396683550257
0.386995 20.6450862352735 104.094437635032
0.387495 20.6717598179235 98.7699503135582
0.387995 20.6984334005735 93.4419410739172
0.388495 20.7251069832235 88.636714556505
0.388995 20.7517805658735 83.9657795014661
0.389495 20.7784541485235 79.6367204554833
0.389995 20.8051277311735 75.5984372655318
0.390495 20.8318013138235 71.7333526370318
0.390995 20.8584748964735 67.9482077364281
0.391495 20.8851484791235 64.363955484826
0.391995 20.9118220617735 61.0131578029604
0.392495 20.9384956444235 58.1037612424049
0.392995 20.9651692270735 55.3930175691938
0.393495 20.9918428097235 53.1095235689281
0.393995 21.0185163923735 50.9896198810368
0.394495 21.0451899750235 49.361846132815
0.394995 21.0718635576735 48.0207768941567
0.395495 21.0985371403235 46.7599845065493
0.395995 21.1252107229735 45.6571470493797
0.396495 21.1518843056235 44.5303698921347
0.396995 21.1785578882735 43.4774287903872
0.397495 21.2052314709235 42.3742673945338
0.397995 21.2319050535735 41.3251162675128
0.398495 21.2585786362235 40.3155761697912
0.398995 21.2852522188735 39.3463599997689
0.399495 21.3119258015235 38.3650816258466
0.399995 21.3385993841735 37.4180388925048
0.400495 21.3652729668235 36.5030957534416
0.400995 21.3919465494735 35.6401690980359
0.401495 21.4186201321235 34.744492409702
0.401995 21.4452937147735 33.8875967633068
0.402495 21.4719672974235 33.0726779206575
0.402995 21.4986408800735 32.3153707810013
0.403495 21.5253144627235 31.5577803902705
0.403995 21.5519880453735 30.7487504341329
0.404495 21.5786616280235 30.000553072068
0.404995 21.6053352106735 29.1877824255048
0.405495 21.6320087933235 28.218472508577
0.405995 21.6586823759735 27.1730383181464
0.406495 21.6853559586235 26.0381936497718
0.406995 21.7120295412735 24.8431889655939
0.407495 21.7387031239235 23.543086211045
0.407995 21.7653767065735 22.1537973596399
0.408495 21.7920502892235 20.7424020551931
0.408995 21.8187238718735 19.2178919089726
0.409495 21.8453974545235 17.6293790978348
0.409995 21.8720710371735 15.916904477896
0.410495 21.8987446198235 14.1500105830454
0.410995 21.9254182024735 12.3157488629478
0.411495 21.9520917851235 10.3767288658447
0.411995 21.9787653677735 8.28345133163891
0.412495 22.0054389504235 6.15672141776284
0.412995 22.0321125330735 4.05622181193767
0.413495 22.0587861157235 2.18573841687194
0.413995 22.0854596983735 0.43547895614426
0.414495 22.1121332810235 -1.36518272576791
0.414995 22.1388068636735 -3.1303785804854
0.415495 22.1654804463235 -5.15863798672164
0.415995 22.1921540289735 -7.32816635397018
0.416495 22.2188276116235 -9.63340829387222
0.416995 22.2455011942735 -12.0860432711991
0.417495 22.2721747769235 -14.6584580392936
0.417995 22.2988483595735 -16.6335933541547
0.418495 22.3255219422235 -15.5308355438703
0.418995 22.3521955248735 -13.0963189888888
0.419495 22.3788691075235 -11.5163447533039
0.419995 22.4055426901735 -10.3475917669768
0.420495 22.4322162728235 -9.70925502502889
0.420995 22.4588898554735 -8.42496764422718
0.421495 22.4855634381235 -7.38969135794899
0.421995 22.5122370207735 -6.27304645351174
0.422495 22.5389106034235 -5.81922919794087
0.422995 22.5655841860735 -5.40833456007066
0.423495 22.5922577687235 -5.69804908016985
0.423995 22.6189313513735 -6.01712531678234
0.424495 22.6456049340235 -5.58770212480652
0.424995 22.6722785166735 -5.01769570027664
0.425495 22.6989520993235 -4.65749076976089
0.425995 22.7256256819735 -4.81329595468768
0.426495 22.7522992646235 -4.39800945925146
0.426995 22.7789728472735 -4.02465182921593
0.427495 22.8056464299235 -3.24164046528539
0.427995 22.8323200125735 -2.97723013741623
0.428495 22.8589935952235 -2.52322265884692
0.428995 22.8856671778735 -1.99170083807467
0.429495 22.9123407605235 -1.55886421183584
0.429995 22.9390143431735 -1.25500644249329
0.430495 22.9656879258235 -0.497635847990093
0.430995 22.9923615084735 -0.616478264607561
0.431495 23.0190350911235 0.032486712488181
0.431995 23.0457086737735 0.240438165623744
0.432495 23.0723822564235 0.118409754130642
0.432995 23.0990558390735 -0.506501281357788
0.433495 23.1257294217235 -0.621203218471949
0.433995 23.1524030043735 -0.955718258085844
0.434495 23.1790765870235 -1.21103365323263
0.434995 23.2057501696735 -1.4808724419207
0.435495 23.2324237523235 -1.63648317695951
0.435995 23.2590973349735 -1.88406408354242
0.436495 23.2857709176235 -2.18429724047558
0.436995 23.3124445002735 -1.6339078088705
0.437495 23.3391180829235 -1.31823125428397
0.437995 23.3657916655735 -1.23309401580913
0.438495 23.3924652482235 -1.18980404269994
0.438995 23.4191388308735 -0.911222494369635
0.439495 23.4458124135235 -0.667384339571116
0.439995 23.4724859961735 -1.16290953180391
0.440495 23.4991595788235 -1.08603990637481
0.440995 23.5258331614735 -0.948745261746472
0.441495 23.5525067441235 -0.883905345232917
0.441995 23.5791803267735 -0.583810914646713
0.442495 23.6058539094235 -0.580806334817877
0.442995 23.6325274920735 -0.790212890602733
0.443495 23.6592010747235 -1.01297406974212
0.443995 23.6858746573735 -1.12609463376987
0.444495 23.7125482400235 -1.25626032971077
0.444995 23.7392218226735 -1.23804736121403
0.445495 23.7658954053235 -1.10093329505332
0.445995 23.7925689879735 -1.02874762743386
0.446495 23.8192425706235 -0.931512073570612
0.446995 23.8459161532735 -0.877615803382408
0.447495 23.8725897359235 -0.47207234002187
0.447995 23.8992633185735 -0.482005841361988
0.448495 23.9259369012235 -0.394513954348328
0.448995 23.9526104838735 -0.349268728474676
0.449495 23.9792840665235 -0.449497056336724
0.449995 24.0059576491735 -0.235412743545368
0.450495 24.0326312318235 -0.172655930114827
0.450995 24.0593048144735 -0.132628441779468
0.451495 24.0859783971235 -0.221983273648909
0.451995 24.1126519797735 -0.238146176303985
0.452495 24.1393255624235 -0.225697324892805
0.452995 24.1659991450735 -0.320958300091513
0.453495 24.1926727277235 -0.284064496721084
0.453995 24.2193463103735 -0.355676105564727
0.454495 24.2460198930235 0.0128947483860712
0.454995 24.2726934756735 0.0122258373323838
0.455495 24.2993670583235 0.0235824526975296
0.455995 24.3260406409735 0.0580039280069354
0.456495 24.3527142236235 -0.30095067541753
0.456995 24.3793878062735 -0.311359076779349
0.457495 24.4060613889235 -0.405787063384635
0.457995 24.4327349715735 -0.458939655428817
0.458495 24.4594085542235 -0.649549307643273
0.458995 24.4860821368735 -0.6722876577345
0.459495 24.5127557195235 -0.795758107888031
0.459995 24.5394293021735 -0.85476751351004
0.460495 24.5661028848235 -0.929983186591686
0.460995 24.5927764674735 -1.04430755130783
0.461495 24.6194500501235 -1.13189766122587
0.461995 24.6461236327735 -1.4006652751152
0.462495 24.6727972154235 -1.23493291483908
0.462995 24.6994707980735 -1.46069348652823
0.463495 24.7261443807235 -1.52019427769103
0.463995 24.7528179633735 -1.52915691803371
0.464495 24.7794915460235 -1.13911891692877
0.464995 24.8061651286735 -1.12058433881435
0.465495 24.8328387113235 -0.6813086856121
0.465995 24.8595122939735 -0.878723129011553
0.466495 24.8861858766235 -0.738077330070917
0.466995 24.9128594592735 -0.607636419348076
0.467495 24.9395330419235 -0.528374467559007
0.467995 24.9662066245735 -0.425821536803283
0.468495 24.9928802072235 -0.654721086387251
0.468995 25.0195537898735 -0.458140477628625
0.469495 25.0462273725235 -0.8208628930677
0.469995 25.0729009551735 -1.05942257363958
0.470495 25.0995745378235 -1.08610446507624
0.470995 25.1262481204735 -0.658584357985548
0.471495 25.1529217031235 -0.640169988653932
0.471995 25.1795952857735 -0.448472777153057
0.472495 25.2062688684235 -0.277331811078742
0.472995 25.2329424510735 -0.199369312361792
0.473495 25.2596160337235 -0.461632809095833
0.473995 25.2862896163735 -0.526876009824743
0.474495 25.3129631990235 -0.404557990418991
0.474995 25.3396367816735 -0.0848926478012186
0.475495 25.3663103643235 -0.0194511497810928
0.475995 25.3929839469735 -0.0606970461771395
0.476495 25.4196575296235 -0.244138448239745
0.476995 25.4463311122735 -0.219548708206492
0.477495 25.4730046949235 -0.524710686333386
0.477995 25.4996782775735 -0.588143749816964
0.478495 25.5263518602235 -0.806124379745695
0.478995 25.5530254428735 -0.761568210605835
0.479495 25.5796990255235 -0.90252261569339
0.479995 25.6063726081735 -0.812707486535308
0.480495 25.6330461908235 -1.03335605938889
0.480995 25.6597197734735 -0.91847514866182
0.481495 25.6863933561235 -0.79294266075921
0.481995 25.7130669387735 -0.594081273660649
0.482495 25.7397405214235 -0.81100162129163
0.482995 25.7664141040735 -0.644668031187526
0.483495 25.7930876867235 -0.546335463616781
0.483995 25.8197612693735 -0.308548517708723
0.484495 25.8464348520235 -0.272184511296558
0.484995 25.8731084346735 0.138879112814848
0.485495 25.8997820173235 0.15221386071158
0.485995 25.9264555999735 0.209948044333992
0.486495 25.9531291826235 0.0206860210090246
0.486995 25.9798027652735 0.269068691972007
0.487495 26.0064763479235 0.24997870776779
0.487995 26.0331499305735 0.317817475165271
0.488495 26.0598235132235 0.243960408557995
0.488995 26.0864970958735 0.450689126545255
0.489495 26.1131706785235 0.478154153556819
0.489995 26.1398442611735 0.415712402839357
