# Fix print output for fix Step
0 0 0.603880712770754
0.000494999999999981 0.0120031121924995 0.858731089259204
0.000994999999999899 0.0241274679424976 1.16842321576308
0.00149499999999993 0.0362518236924984 1.55053598668723
0.00199499999999997 0.0483761794424993 1.75729518774942
0.00249500000000001 0.0605005351925001 1.96651045633319
0.00299500000000004 0.072624890942501 2.38222990593049
0.00349499999999996 0.084749246692499 2.39506375132068
0.003995 0.0968736024424999 2.79646206337077
0.00449499999999991 0.108997958192498 3.252190568852
0.00499499999999995 0.121122313942499 3.06337854996151
0.00549499999999998 0.1332466696925 3.75125776329815
0.00599500000000002 0.1453710254425 3.94459493636352
0.00649499999999994 0.157495381192498 3.86760787788886
0.00699499999999997 0.169619736942499 4.62358578147004
0.00749499999999989 0.181744092692497 4.5248363551851
0.00799499999999993 0.193868448442498 4.64464051504215
0.00849499999999996 0.205992804192499 5.41199264000807
0.008995 0.2181171599425 5.24964983160341
0.00949500000000003 0.230241515692501 5.48818387381638
0.00999499999999995 0.242365871442499 6.14504662687546
0.010495 0.2544902271925 6.01379811466817
0.0109949999999999 0.266614582942498 6.2399087730517
0.0114949999999999 0.278738938692499 6.80191290596331
0.011995 0.290863294442499 6.86141196516595
0.012495 0.3029876501925 7.15022454597517
0.012995 0.315112005942501 7.42629051500002
0.013495 0.327236361692499 7.51448692098617
0.013995 0.3393607174425 8.0203879828121
0.0144949999999999 0.351485073192498 8.18299660302947
0.014995 0.363609428942499 8.19996481748344
0.015495 0.3757337846925 8.64308150680315
0.015995 0.387858140442501 8.76326859050891
0.0164949999999999 0.399982496192499 8.94613440008225
0.016995 0.412106851942499 9.51866540146392
0.0174949999999999 0.424231207692498 9.5566743922639
0.0179949999999999 0.436355563442498 9.67074648691093
0.018495 0.448479919192499 10.0858058616954
0.018995 0.4606042749425 10.1387192370634
0.019495 0.472728630692501 10.5337592317487
0.019995 0.484852986442499 10.8866345453649
0.020495 0.4969773421925 10.7020550035031
0.0209949999999999 0.509101697942498 11.1387052206804
0.0214949999999999 0.521226053692499 11.57603869087
0.021995 0.5333504094425 11.6240739074249
0.022495 0.5454747651925 11.9330938229626
0.0229949999999999 0.557599120942498 12.1479793110942
0.023495 0.569723476692499 12.2077063622485
0.0239949999999999 0.581847832442497 12.6146445165481
0.0244949999999999 0.593972188192498 12.8175766251497
0.024995 0.606096543942499 12.9899541041389
0.025495 0.6182208996925 13.3394483966578
0.025995 0.630345255442501 13.4894143473028
0.0264949999999999 0.642469611192499 13.5414253031481
0.026995 0.6545939669425 13.9337906086371
0.0274949999999999 0.666718322692498 14.170128857286
0.0279949999999999 0.678842678442498 14.3361702119388
0.028495 0.690967034192499 14.5771571761762
0.028995 0.7030913899425 14.7711199935048
0.029495 0.715215745692501 14.9260411979402
0.029995 0.727340101442499 15.2889172482893
0.030495 0.7394644571925 15.4618821424169
0.0309949999999999 0.751588812942498 15.595229774793
0.031495 0.763713168692499 15.9876309453025
0.031995 0.7758375244425 16.1796761780864
0.032495 0.787961880192501 16.3374383192064
0.0329949999999999 0.800086235942499 16.6817323481371
0.033495 0.812210591692499 16.7492454485325
0.0339949999999999 0.824334947442497 16.9403308735579
0.0344949999999999 0.836459303192498 17.2579627401124
0.034995 0.848583658942499 17.3528893867546
0.035495 0.8607080146925 17.5858426799981
0.035995 0.872832370442501 17.9191809121935
0.036495 0.884956726192499 18.0700445037048
0.036995 0.8970810819425 18.2886007303287
0.0374949999999999 0.909205437692498 18.6062930237963
0.0379949999999999 0.921329793442499 18.6554527925258
0.038495 0.933454149192499 18.9505672812239
0.038995 0.9455785049425 19.1774390169185
0.0394949999999999 0.957702860692498 19.2862409102941
0.039995 0.969827216442499 19.5692369001184
0.040495 0.9819515721925 19.8032184744694
0.0409949999999999 0.994075927942498 19.8828886401653
0.041495 1.0062002836925 20.110351915931
0.041995 1.0183246394425 20.3434872196762
0.042495 1.0304489951925 20.4702971138982
0.0429949999999999 1.0425733509425 20.8123041302117
0.043495 1.0546977066925 21.0181441205102
0.0439949999999999 1.0668220624425 21.2385979159766
0.0444949999999999 1.0789464181925 21.4545434730713
0.044995 1.0910707739425 21.6693704939857
0.045495 1.1031951296925 21.8483520621629
0.045995 1.1153194854425 22.0033022035701
0.046495 1.1274438411925 22.1758004356052
0.046995 1.1395681969425 22.3231952927405
0.0474949999999999 1.1516925526925 22.4939404678789
0.0479949999999999 1.1638169084425 22.7158440866899
0.048495 1.1759412641925 22.8932951319409
0.048995 1.1880656199425 23.1351158653442
0.0494949999999999 1.2001899756925 23.3560455800442
0.049995 1.2123143314425 23.5824398470274
0.0504949999999999 1.2244386871925 23.8184949716357
0.0509949999999999 1.2365630429425 23.9638434853828
0.051495 1.2486873986925 24.2007668940221
0.051995 1.2608117544425 24.3922765179719
0.052495 1.2729361101925 24.5746421977978
0.052995 1.2850604659425 24.8035418591713
0.053495 1.2971848216925 25.0517638020696
0.0539949999999999 1.3093091774425 25.2031928307032
0.0544949999999999 1.3214335331925 25.3931343326396
0.054995 1.3335578889425 25.6092784789851
0.055495 1.3456822446925 25.7659442471415
0.0559949999999999 1.3578066004425 26.0752219782745
0.056495 1.3699309561925 26.1585415531037
0.056995 1.3820553119425 26.3860228300231
0.057495 1.3941796676925 26.6035503828472
0.0579949999999998 1.4063040234425 26.7177449515178
0.0584949999999999 1.4184283791925 26.9338088705212
0.0589949999999999 1.4305527349425 27.1109382728387
0.0594949999999999 1.4426770906925 27.2779078591703
0.059995 1.4548014464425 27.5606645851327
0.060495 1.4669258021925 27.6670231491625
0.0609949999999998 1.4790501579425 27.8143797438959
0.0614949999999999 1.4911745136925 28.0942038870829
0.0619949999999999 1.5032988694425 28.1933296802806
0.0624949999999999 1.5154232251925 28.4198479155941
0.062995 1.5275475809425 28.6755436279455
0.063495 1.5396719366925 28.7399646559827
0.063995 1.5517962924425 29.02205571605
0.0644949999999998 1.5639206481925 29.2068189302427
0.0649949999999999 1.5760450039425 29.3146447041551
0.0654949999999999 1.5881693596925 29.5625116881712
0.0659949999999999 1.6002937154425 29.7698559609289
0.066495 1.6124180711925 29.8743536857887
0.066995 1.6245424269425 30.0925883986596
0.067495 1.6366667826925 30.2575242889203
0.0679949999999998 1.6487911384425 30.4279418740391
0.0684949999999999 1.6609154941925 30.6845376915644
0.0689949999999999 1.6730398499425 30.790038158511
0.0694949999999999 1.6851642056925 30.9854110529954
0.069995 1.6972885614425 31.2164701125968
0.070495 1.7094129171925 31.2709781314142
0.0709950000000001 1.7215372729425 31.467637082232
0.0714949999999999 1.7336616286925 31.6892015686891
0.0719949999999999 1.7457859844425 31.8417578158108
0.0724949999999999 1.7579103401925 31.9847168787144
0.072995 1.7700346959425 32.1596502141917
0.073495 1.7821590516925 32.2744148894169
0.073995 1.7942834074425 32.4829796382877
0.0744950000000001 1.8064077631925 32.6524465324927
0.0749949999999999 1.8185321189425 32.8210920582244
0.0754949999999999 1.8306564746925 33.0238018950844
0.0759949999999999 1.8427808304425 33.1897219681003
0.076495 1.8549051861925 33.3368648306068
0.076995 1.8670295419425 33.5586391431642
0.0774949999999998 1.8791538976925 33.7128428662305
0.0779949999999999 1.8912782534425 33.9066932723676
0.0784949999999999 1.9034026091925 34.081668565188
0.0789949999999999 1.9155269649425 34.2057888518696
0.079495 1.9276513206925 34.3676561925894
0.079995 1.9397756764425 34.5427645462155
0.080495 1.9519000321925 34.6795637168396
0.0809949999999998 1.9640243879425 34.8622794643312
0.0814949999999999 1.9761487436925 35.0637504479872
0.0819949999999999 1.9882730994425 35.1580240456985
0.0824949999999999 2.0003974551925 35.308385959146
0.082995 2.0125218109425 35.5544622628683
0.083495 2.0246461666925 35.6694974424227
0.083995 2.0367705224425 35.9096552967609
0.0844949999999998 2.0488948781925 36.0745538553967
0.0849949999999999 2.0610192339425 36.1802445225956
0.0854949999999999 2.0731435896925 36.3548306535151
0.0859949999999999 2.0852679454425 36.5248293352372
0.086495 2.0973923011925 36.6138707434288
0.086995 2.1095166569425 36.8165490370193
0.0874950000000001 2.1216410126925 36.9463061048364
0.0879949999999999 2.1337653684425 37.081664375605
0.0884949999999999 2.1458897241925 37.2786289700611
0.0889949999999999 2.1580140799425 37.4405353482144
0.089495 2.1701384356925 37.5627944530024
0.089995 2.1822627914425 37.7524270614545
0.090495 2.1943871471925 37.8414394758089
0.0909950000000001 2.2065115029425 38.0110106401391
0.0914949999999999 2.2186358586925 38.2525370225705
0.0919949999999999 2.2307602144425 38.3766623039595
0.0924949999999999 2.2428845701925 38.4974944803618
0.092995 2.2550089259425 38.6630484099037
0.093495 2.2671332816925 38.8082252325835
0.0939949999999998 2.2792576374425 38.9692203618463
0.0944949999999998 2.2913819931925 39.1300414486144
0.0949949999999999 2.3035063489425 39.1944607976535
0.0954949999999999 2.3156307046925 39.4112592845096
0.095995 2.3277550604425 39.6377349921944
0.096495 2.3398794161925 39.7539546583752
0.096995 2.3520037719425 39.8885038937779
0.0974949999999998 2.3641281276925 39.9899549482979
0.0979949999999999 2.3762524834425 40.1118265670324
0.0984949999999999 2.3883768391925 40.3705911357138
0.0989949999999999 2.4005011949425 40.4688731490436
0.099495 2.4126255506925 40.5782382187163
0.099995 2.4247499064425 40.7077805930293
0.100495 2.4368742621925 40.8464009556582
0.100995 2.4489986179425 41.0609764360273
0.101495 2.4611229736925 41.2637155966925
0.101995 2.4732473294425 41.2888650736377
0.102495 2.4853716851925 41.3590247710102
0.102995 2.4974960409425 41.5946979550729
0.103495 2.5096203966925 41.7645767961023
0.103995 2.5217447524425 41.9567749157213
0.104495 2.5338691081925 42.0279904264086
0.104995 2.5459934639425 42.0956677739378
0.105495 2.5581178196925 42.2710135700762
0.105995 2.5702421754425 42.54458418051
0.106495 2.5823665311925 42.607231080327
0.106995 2.5944908869425 42.647971217063
0.107495 2.6066152426925 42.8044564035308
0.107995 2.6187395984425 42.9871712135634
0.108495 2.6308639541925 43.1935141213188
0.108995 2.6429883099425 43.2573895821375
0.109495 2.6551126656925 43.3253226727468
0.109995 2.6672370214425 43.5209317930016
0.110495 2.6793613771925 43.7392051136372
0.110995 2.6914857329425 43.7916061438162
0.111495 2.7036100886925 43.8572276518334
0.111995 2.7157344444425 44.0338965458436
0.112495 2.7278588001925 44.2388732024535
0.112995 2.7399831559425 44.3209795674621
0.113495 2.7521075116925 44.3857417277868
0.113995 2.7642318674425 44.5804544108011
0.114495 2.7763562231925 44.7591946084676
0.114995 2.7884805789425 44.8178530913635
0.115495 2.8006049346925 44.9104454392407
0.115995 2.8127292904425 45.1588301451605
0.116495 2.8248536461925 45.2200157584305
0.116995 2.8369780019425 45.284724714645
0.117495 2.8491023576925 45.4453654208688
0.117995 2.8612267134425 45.5831177646205
0.118495 2.8733510691925 45.7355820884688
0.118995 2.8854754249425 45.8037432698831
0.119495 2.8975997806925 45.9357272542481
0.119995 2.9097241364425 46.0947778442063
0.120495 2.9218484921925 46.2326109612852
0.120995 2.9339728479425 46.2841592608214
0.121495 2.9460972036925 46.4420182278841
0.121995 2.9582215594425 46.6076848843492
0.122495 2.9703459151925 46.6415386579391
0.122995 2.9824702709425 46.763722213585
0.123495 2.9945946266925 46.94358023733
0.123995 3.0067189824425 47.0830898283113
0.124495 3.0188433381925 47.1755108448156
0.124995 3.0309676939425 47.2524971192089
0.125495 3.0430920496925 47.370008500107
0.125995 3.0552164054425 47.5260836129981
0.126495 3.0673407611925 47.6234706437854
0.126995 3.0794651169425 47.760521198498
0.127495 3.0915894726925 47.8560290302954
0.127995 3.1037138284425 47.9496120170322
0.128495 3.1158381841925 48.1105565761448
0.128995 3.1279625399425 48.1738286651382
0.129495 3.1400868956925 48.3194748602926
0.129995 3.1522112514425 48.4476427066091
0.130495 3.1643356071925 48.5303889253201
0.130995 3.1764599629425 48.7025965891251
0.131495 3.1885843186925 48.790919524115
0.131995 3.2007086744425 48.8256345920553
0.132495 3.2128330301925 48.968225878823
0.132995 3.2249573859425 49.1107696600915
0.133495 3.2370817416925 49.2097020624082
0.133995 3.2492060974425 49.3570186993321
0.134495 3.2613304531925 49.4146067577393
0.134995 3.2734548089425 49.5508880577959
0.135495 3.2855791646925 49.6244591659159
0.135995 3.2977035204425 49.7501704422786
0.136495 3.3098278761925 49.8887986874954
0.136995 3.3219522319425 49.9871061653702
0.137495 3.3340765876925 50.0973748063427
0.137995 3.3462009434425 50.1902012151661
0.138495 3.3583252991925 50.2468393273009
0.138995 3.3704496549425 50.3774039138908
0.139495 3.3825740106925 50.4863076563705
0.139995 3.3946983664425 50.5554289146578
0.140495 3.4068227221925 50.6947415182866
0.140995 3.4189470779425 50.7798998467869
0.141495 3.4310714336925 50.8603004188295
0.141995 3.4431957894425 51.0312009870166
0.142495 3.4553201451925 51.1225958756021
0.142995 3.4674445009425 51.1877774895452
0.143495 3.4795688566925 51.2785725363409
0.143995 3.4916932124425 51.3994955928821
0.144495 3.5038175681925 51.531891518586
0.144995 3.5159419239425 51.5685615133685
0.145495 3.5280662796925 51.7127103168606
0.145995 3.5401906354425 51.7626038317231
0.146495 3.5523149911925 51.878013907486
0.146995 3.5644393469425 52.0177183817751
0.147495 3.5765637026925 52.0832708427147
0.147995 3.5886880584425 52.1584073424678
0.148495 3.6008124141925 52.2688646484803
0.148995 3.6129367699425 52.3448534576523
0.149495 3.6250611256925 52.428284623651
0.149995 3.6371854814425 52.5567687137683
0.150495 3.6493098371925 52.6174213530749
0.150995 3.6614341929425 52.7364732513618
0.151495 3.6735585486925 52.7878234811839
0.151995 3.6856829044425 52.9080751623643
0.152495 3.6978072601925 53.0265837133044
0.152995 3.7099316159425 53.0345905639912
0.153495 3.7220559716925 53.1883810211436
0.153995 3.7341803274425 53.2973226767007
0.154495 3.7463046831925 53.3360501569009
0.154995 3.7584290389425 53.4527697777879
0.155495 3.7705533946925 53.5240031858599
0.155995 3.7826777504425 53.6170712738791
0.156495 3.7948021061925 53.7324010132092
0.156995 3.8069264619425 53.8134976600731
0.157495 3.8190508176925 53.8738671458912
0.157995 3.8311751734425 53.9839547229888
0.158495 3.8432995291925 54.0483159562437
0.158995 3.8554238849425 54.1406046301065
0.159495 3.8675482406925 54.2030041049143
0.159995 3.8796725964425 54.3632190017811
0.160495 3.8917969521925 54.3566709618798
0.160995 3.9039213079425 54.5347824994928
0.161495 3.9160456636925 54.5092343123979
0.161995 3.9281700194425 54.6677243545728
0.162495 3.9402943751925 54.7521764497702
0.162995 3.9524187309425 54.8097018286197
0.163495 3.9645430866925 54.924051656497
0.163995 3.9766674424425 54.9631961177478
0.164495 3.9887917981925 55.0328152359039
0.164995 4.0009161539425 55.1289026658677
0.165495 4.0130405096925 55.1815183047519
0.165995 4.0251648654425 55.3144842575787
0.166495 4.0372892211925 55.3924821834864
0.166995 4.0494135769425 55.4423723290851
0.167495 4.0615379326925 55.5328876440351
0.167995 4.0736622884425 55.5534464597596
0.168495 4.0857866441925 55.6524174091493
0.168995 4.0979109999425 55.7162883444365
0.169495 4.1100353556925 55.8566748420194
0.169995 4.1221597114425 55.8702671856386
0.170495 4.1342840671925 55.9917534278617
0.170995 4.1464084229425 56.0507484207664
0.171495 4.1585327786925 56.1286148000288
0.171995 4.1706571344425 56.1891814989872
0.172495 4.1827814901925 56.2757387798009
0.172995 4.1949058459425 56.3364086464032
0.173495 4.2070302016925 56.3803393637091
0.173995 4.2191545574425 56.4654609935224
0.174495 4.2312789131925 56.5665776964432
0.174995 4.2434032689425 56.6049185057135
0.175495 4.2555276246925 56.6829564974496
0.175995 4.2676519804425 56.738528809065
0.176495 4.2797763361925 56.8530316076005
0.176995 4.2919006919425 56.8762515516933
0.177495 4.3040250476925 56.981506371757
0.177995 4.3161494034425 57.0305751128001
0.178495 4.3282737591925 57.128564930435
0.178995 4.3403981149425 57.1923447492908
0.179495 4.3525224706925 57.1993888437951
0.179995 4.3646468264425 57.3189999040558
0.180495 4.3767711821925 57.371056161525
0.180995 4.3888955379425 57.454040747388
0.181495 4.4010198936925 57.4695016172049
0.181995 4.4131442494425 57.586503427422
0.182495 4.4252686051925 57.684782702123
0.182995 4.4373929609425 57.6586144199285
0.183495 4.4495173166925 57.810954867422
0.183995 4.4616416724425 57.8119793892353
0.184495 4.4737660281925 57.9268913014017
0.184995 4.4858903839425 57.9614485563824
0.185495 4.4980147396925 58.0384486163751
0.185995 4.5101390954425 58.1290312670504
0.186495 4.5222634511925 58.1415910745098
0.186995 4.5343878069425 58.2257386227665
0.187495 4.5465121626925 58.2872805390837
0.187995 4.5586365184425 58.3433533924363
0.188495 4.5707608741925 58.4637169452426
0.188995 4.5828852299425 58.4901071359446
0.189495 4.5950095856925 58.5291632255433
0.189995 4.6071339414425 58.6137272095292
0.190495 4.6192582971925 58.6318296852983
0.190995 4.6313826529425 58.7204517031908
0.191495 4.6435070086925 58.8139869053124
0.191995 4.6556313644425 58.8960546931974
0.192495 4.6677557201925 58.8875848196991
0.192995 4.6798800759425 58.9936159754171
0.193495 4.6920044316925 58.9645937655475
0.193995 4.7041287874425 59.1336943030638
0.194495 4.7162531431925 59.1327091311179
0.194995 4.7283774989425 59.1772921617584
0.195495 4.7405018546925 59.2796421717368
0.195995 4.7526262104425 59.257591341442
0.196495 4.76475056619249 59.3757658348979
0.196995 4.7768749219425 59.4461319810696
0.197495 4.7889992776925 59.4528843518211
0.197995 4.8011236334425 59.5490250259136
0.198495 4.8132479891925 59.5970875053263
0.198995 4.8253723449425 59.6123573032536
0.199495 4.8374967006925 59.7454190123326
0.199995 4.8496210564425 59.7829733589434
0.200495 4.8617454121925 59.7220937835442
0.200995 4.8738697679425 59.9175527569287
0.201495 4.8859941236925 59.9809780356902
0.201995 4.8981184794425 59.9777585209975
0.202495 4.9102428351925 60.034010094924
0.202995 4.9223671909425 60.1642390422148
0.203495 4.9344915466925 60.1275664411794
0.203995 4.9466159024425 60.1265082774077
0.204495 4.9587402581925 60.2702181466083
0.204995 4.9708646139425 60.2774925907148
0.205495 4.9829889696925 60.4125077833043
0.205995 4.9951133254425 60.4868100694175
0.206495 5.0072376811925 60.4573378822792
0.206995 5.0193620369425 60.534971180563
0.207495 5.0314863926925 60.6579284141003
0.207995 5.0436107484425 60.6617651203503
0.208495 5.0557351041925 60.6734079309888
0.208995 5.0678594599425 60.8113075084811
0.209495 5.0799838156925 60.7874001323539
0.209995 5.0921081714425 60.898828807413
0.210495 5.1042325271925 60.8929197820086
0.210995 5.1163568829425 60.9631994770439
0.211495 5.1284812386925 61.0131642042062
0.211995 5.1406055944425 61.0404167825759
0.212495 5.1527299501925 61.1587433609364
0.212995 5.1648543059425 61.1688676136774
0.213495 5.1769786616925 61.2649195196389
0.213995 5.1891030174425 61.2793043752507
0.214495 5.2012273731925 61.2908511691122
0.214995 5.2133517289425 61.4102061999788
0.215495 5.2254760846925 61.4465797837068
0.215995 5.2376004404425 61.5155373298448
0.216495 5.2497247961925 61.4322930957313
0.216995 5.2618491519425 61.6244825179304
0.217495 5.2739735076925 61.7709991063721
0.217995 5.2860978634425 61.7210287486155
0.218495 5.2982222191925 61.7720413235789
0.218995 5.3103465749425 61.8251560523819
0.219495 5.3224709306925 61.9158031507879
0.219995 5.3345952864425 61.8348267147902
0.220495 5.3467196421925 61.9281105599407
0.220995 5.3588439979425 62.0191025946367
0.221495 5.3709683536925 62.023525501923
0.221995 5.3830927094425 62.0203626800947
0.222495 5.3952170651925 62.157907870658
0.222995 5.4073414209425 62.3290764609512
0.223495 5.4194657766925 62.3561897351718
0.223995 5.4315901324425 62.2744014050157
0.224495 5.4437144881925 62.4310642751474
0.224995 5.4558388439425 62.4847999236171
0.225495 5.4679631996925 62.4601075556753
0.225995 5.4800875554425 62.4443767904098
0.226495 5.4922119111925 62.4898806529526
0.226995 5.5043362669425 62.5808273796199
0.227495 5.5164606226925 62.7269275481498
0.227995 5.5285849784425 62.8002032495115
0.228495 5.5407093341925 62.8004369260537
0.228995 5.5528336899425 62.7550043291989
0.229495 5.5649580456925 62.9063924332692
0.229995 5.5770824014425 62.9648930878759
0.230495 5.5892067571925 63.10022881131
0.230995 5.6013311129425 63.092774843051
0.231495 5.6134554686925 62.9839690408875
0.231995 5.6255798244425 63.1368341445497
0.232495 5.6377041801925 63.235758010703
0.232995 5.6498285359425 63.3205694638981
0.233495 5.6619528916925 63.2386291317245
0.233995 5.6740772474425 63.3361618564914
0.234495 5.6862016031925 63.4730387896772
0.234995 5.6983259589425 63.4501269844048
0.235495 5.7104503146925 63.4451231108412
0.235995 5.7225746704425 63.5310571641403
0.236495 5.7346990261925 63.6209445753356
0.236995 5.7468233819425 63.6730289743166
0.237495 5.7589477376925 63.863221546383
0.237995 5.7710720934425 63.7609053445183
0.238495 5.7831964491925 63.8099411051565
0.238995 5.7953208049425 63.8978299850713
0.239495 5.8074451606925 64.0207404278049
0.239995 5.8195695164425 64.1946220242857
0.240495 5.8316938721925 63.9581948105801
0.240995 5.8438182279425 64.0580398297697
0.241495 5.8559425836925 63.9618706297442
0.241995 5.8680669394425 64.2931236857125
0.242495 5.8801912951925 64.3245865933277
0.242995 5.8923156509425 64.3539620936058
0.243495 5.9044400066925 64.2912184427336
0.243995 5.9165643624425 64.305270857173
0.244495 5.9286887181925 64.3351139305457
0.244995 5.9408130739425 64.5337487082041
0.245495 5.9529374296925 64.5440557397758
0.245995 5.9650617854425 64.6927528986222
0.246495 5.9771861411925 64.6734117113084
0.246995 5.9893104969425 64.7131891138709
0.247495 6.0014348526925 64.817141262125
0.247995 6.0135592084425 64.7825925918554
0.248495 6.0256835641925 64.9043133154688
0.248995 6.0378079199425 64.8542176654031
0.249495 6.0499322756925 65.1624835799602
0.249995 6.0620566314425 65.0554001017233
0.250495 6.0741809871925 65.1589448500453
0.250995 6.0863053429425 65.1798317850157
0.251495 6.0984296986925 65.1228196745974
0.251995 6.1105540544425 65.288521646369
0.252495 6.1226784101925 65.2746394400675
0.252995 6.1348027659425 65.4634348612843
0.253495 6.1469271216925 65.3942631810895
0.253995 6.1590514774425 65.3987991689494
0.254495 6.1711758331925 65.3957742630099
0.254995 6.1833001889425 65.7047699348681
0.255495 6.1954245446925 65.7889359508988
0.255995 6.2075489004425 65.5091410244831
0.256495 6.2196732561925 65.7636304302968
0.256995 6.2317976119425 65.8484218135429
0.257495 6.2439219676925 65.8743453531915
0.257995 6.2560463234425 65.8387977494509
0.258495 6.2681706791925 66.0470936409564
0.258995 6.28029503494249 65.9329193476465
0.259495 6.2924193906925 66.0991063396449
0.259995 6.3045437464425 66.3420436834809
0.260495 6.3166681021925 66.191673256633
0.260995 6.3287924579425 66.3355061154485
0.261495 6.3409168136925 66.294382394985
0.261995 6.3530411694425 66.3781725030484
0.262495 6.3651655251925 66.3287711139224
0.262995 6.3772898809425 66.6047537006154
0.263495 6.3894142366925 66.5441005983725
0.263995 6.4015385924425 66.7175489448086
0.264495 6.4136629481925 66.6035886376712
0.264995 6.4257873039425 66.7535430631114
0.265495 6.4379116596925 66.8077510233429
0.265995 6.4500360154425 66.6906835602403
0.266495 6.4621603711925 67.119400442329
0.266995 6.4742847269425 66.9663697753293
0.267495 6.4864090826925 66.9855826333978
0.267995 6.4985334384425 67.0794926504559
0.268495 6.5106577941925 67.2922648557271
0.268995 6.5227821499425 67.3295453939616
0.269495 6.5349065056925 67.3533811930339
0.269995 6.5470308614425 67.2848534849548
0.270495 6.5591552171925 67.6484517842959
0.270995 6.5712795729425 67.5774001473147
0.271495 6.5834039286925 67.7039421752274
0.271995 6.5955282844425 67.6984289739635
0.272495 6.6076526401925 67.6303711386263
0.272995 6.6197769959425 67.878490641342
0.273495 6.6319013516925 67.8059234964008
0.273995 6.6440257074425 67.8772631528085
0.274495 6.6561500631925 68.2413753180251
0.274995 6.6682744189425 67.8280634003537
0.275495 6.68039877469249 68.091547306486
0.275995 6.6925231304425 68.4479558871579
0.276495 6.7046474861925 68.4373360207727
0.276995 6.7167718419425 68.4447542613768
0.277495 6.7288961976925 68.4529503330212
0.277995 6.7410205534425 68.3425426347187
0.278495 6.7531449091925 68.8075801586011
0.278995 6.76526926494249 68.709131860198
0.279495 6.7773936206925 68.8236446767843
0.279995 6.7895179764425 68.8548988935766
0.280495 6.8016423321925 68.9189410933405
0.280995 6.8137666879425 68.9183789455117
0.281495 6.8258910436925 69.0742802356438
0.281995 6.8380153994425 69.2755231725717
0.282495 6.8501397551925 69.2223145935401
0.282995 6.8622641109425 69.3252704954611
0.283495 6.8743884666925 69.613143485145
0.283995 6.8865128224425 69.4439183063198
0.284495 6.8986371781925 69.732341391737
0.284995 6.9107615339425 69.5618819675896
0.285495 6.9228858896925 70.0130909332709
0.285995 6.9350102454425 69.7524837274444
0.286495 6.9471346011925 70.3218788680606
0.286995 6.9592589569425 70.3360767285516
0.287495 6.9713833126925 70.3736570206157
0.287995 6.9835076684425 70.3432741351548
0.288495 6.9956320241925 70.5472499614988
0.288995 7.0077563799425 70.2991383453108
0.289495 7.0198807356925 70.4090083985792
0.289995 7.0320050914425 70.5835569374538
0.290495 7.0441294471925 70.7005858252216
0.290995 7.0562538029425 70.8413848923089
0.291495 7.0683781586925 70.7922043387595
0.291995 7.0805025144425 71.1092991973753
0.292495 7.0926268701925 71.2076896522966
0.292995 7.1047512259425 71.492059048011
0.293495 7.1168755816925 71.142666998437
0.293995 7.1289999374425 71.8769551349539
0.294495 7.1411242931925 71.3651688466046
0.294995 7.1532486489425 71.8298385624873
0.295495 7.1653730046925 71.8963719376098
0.295995 7.1774973604425 71.7944009718598
0.296495 7.1896217161925 71.8589925355079
0.296995 7.2017460719425 72.1222489839182
0.297495 7.2138704276925 72.4968817526151
0.297995 7.2259947834425 72.4426904463323
0.298495 7.2381191391925 72.5266587813418
0.298995 7.2502434949425 72.6297638912633
0.299495 7.2623678506925 72.762252695545
0.299995 7.2744922064425 72.8947302789049
0.300495 7.2866165621925 72.8616415934135
0.300995 7.2987409179425 73.1123861000889
0.301495 7.3108652736925 73.3365468201473
0.301995 7.3229896294425 73.3996787449722
0.302495 7.3351139851925 73.3284522360113
0.302995 7.3472383409425 73.7805512252706
0.303495 7.3593626966925 73.7361927907358
0.303995 7.3714870524425 73.8601759033655
0.304495 7.3836114081925 73.9499549290846
0.304995 7.3957357639425 74.4073829525041
0.305495 7.4078601196925 74.5094148260889
0.305995 7.4199844754425 74.7293221812564
0.306495 7.4321088311925 74.7572928921472
0.306995 7.4442331869425 74.7006317798899
0.307495 7.4563575426925 75.0294263138401
0.307995 7.4684818984425 75.1057966112804
0.308495 7.4806062541925 75.0335861584661
0.308995 7.4927306099425 75.6369003273286
0.309495 7.5048549656925 75.8644301754753
0.309995 7.5169793214425 75.8143884708301
0.310495 7.5291036771925 75.9010614520455
0.310995 7.5412280329425 76.4388729384698
0.311495 7.5533523886925 76.43067476264
0.311995 7.5654767444425 76.6725714781615
0.312495 7.5776011001925 76.9366779609315
0.312995 7.5897254559425 76.6579402349756
0.313495 7.6018498116925 77.0878056692226
0.313995 7.6139741674425 77.684944264153
0.314495 7.6260985231925 77.5709987431584
0.314995 7.6382228789425 77.7325751376472
0.315495 7.6503472346925 77.9780222674775
0.315995 7.6624715904425 77.8394890989485
0.316495 7.6745959461925 78.3219694281247
0.316995 7.6867203019425 78.4752293966374
0.317495 7.6988446576925 78.5134975100516
0.317995 7.7109690134425 78.8478418598921
0.318495 7.7230933691925 79.1731048953342
0.318995 7.7352177249425 79.3657415730349
0.319495 7.7473420806925 80.0350643313872
0.319995 7.7594664364425 80.0226136486492
0.320495 7.7715907921925 79.9974604303417
0.320995 7.7837151479425 80.3657206788578
0.321495 7.79583950369249 80.5474397249989
0.321995 7.8079638594425 80.4205163149911
0.322495 7.8200882151925 81.1731934861376
0.322995 7.8322125709425 80.9642190242756
0.323495 7.8443369266925 81.7331243830604
0.323995 7.8564612824425 81.7616207389481
0.324495 7.8685856381925 81.9097011035753
0.324995 7.88070999394249 82.1677698252386
0.325495 7.8928343496925 82.1667094840166
0.325995 7.9049587054425 82.5397494068709
0.326495 7.9170830611925 82.6597344259349
0.326995 7.9292074169425 83.2524184480211
0.327495 7.9413317726925 83.2912969588678
0.327995 7.9534561284425 83.7337127801503
0.328495 7.9655804841925 83.9667785657459
0.328995 7.9777048399425 84.2934739615518
0.329495 7.9898291956925 84.3986444242016
0.329995 8.0019535514425 85.121092522216
0.330495 8.0140779071925 84.9098765253987
0.330995 8.0262022629425 85.5907531305116
0.331495 8.0383266186925 85.4928772812909
0.331995 8.05045097444249 86.0412870675365
0.332495 8.0625753301925 86.2820963936669
0.332995 8.0746996859425 86.6501292767783
0.333495 8.0868240416925 86.6365028901507
0.333995 8.0989483974425 87.2118821705032
0.334495 8.1110727531925 87.2220164251262
0.334995 8.1231971089425 87.6106788262645
0.335495 8.1353214646925 87.8706520194485
0.335995 8.1474458204425 88.2370390401989
0.336495 8.1595701761925 88.4965883362276
0.336995 8.1716945319425 88.8614601215432
0.337495 8.1838188876925 89.1812728136981
0.337995 8.1959432434425 89.2626847816637
0.338495 8.2080675991925 89.7701088131419
0.338995 8.2201919549425 89.808051699785
0.339495 8.2323163106925 89.9945520877216
0.339995 8.2444406664425 90.9391579087686
0.340495 8.2565650221925 91.044708599317
0.340995 8.2686893779425 91.2384738618869
0.341495 8.2808137336925 91.4051646628713
0.341995 8.2929380894425 92.0213482648318
0.342495 8.3050624451925 91.7674311695252
0.342995 8.3171868009425 92.7197991625304
0.343495 8.3293111566925 92.8262732100562
0.343995 8.3414355124425 92.7098371327827
0.344495 8.3535598681925 93.2888661430442
0.344995 8.36568422394249 93.7421298081155
0.345495 8.3778085796925 93.9583219164234
0.345995 8.3899329354425 94.5380024921869
0.346495 8.4020572911925 94.7410409091914
0.346995 8.4141816469425 94.8820454636636
0.347495 8.4263060026925 95.2893377546679
0.347995 8.4384303584425 96.1645896141254
0.348495 8.4505547141925 95.9552510315742
0.348995 8.4626790699425 95.9254754404082
0.349495 8.4748034256925 97.0078503094678
0.349995 8.4869277814425 96.5037922317434
0.350495 8.4990521371925 97.7779595221112
0.350995 8.5111764929425 97.6295001974823
0.351495 8.5233008486925 97.7316505940649
0.351995 8.53542520444249 98.5829020709396
0.352495 8.5475495601925 98.6595933627216
0.352995 8.5596739159425 99.3063518468627
0.353495 8.5717982716925 99.3681169241797
0.353995 8.5839226274425 99.808390630726
0.354495 8.5960469831925 100.271154377565
0.354995 8.6081713389425 100.122004061634
0.355495 8.6202956946925 101.146127173524
0.355995 8.6324200504425 101.289240702595
0.356495 8.6445444061925 101.486314208683
0.356995 8.6566687619425 101.784900709074
0.357495 8.6687931176925 102.45369713793
0.357995 8.6809174734425 102.277330975667
0.358495 8.6930418291925 102.980196860783
0.358995 8.7051661849425 103.486906749453
0.359495 8.7172905406925 103.692511220884
0.359995 8.7294148964425 103.873566953463
0.360495 8.7415392521925 104.419426765546
0.360995 8.7536636079425 105.09213121758
0.361495 8.7657879636925 105.375503022358
0.361995 8.7779123194425 105.258037518665
0.362495 8.7900366751925 105.866287458251
0.362995 8.8021610309425 106.406926986028
0.363495 8.8142853866925 106.84111088995
0.363995 8.8264097424425 107.204747986709
0.364495 8.8385340981925 107.39267444378
0.364995 8.8506584539425 108.17887924456
0.365495 8.8627828096925 108.544146378697
0.365995 8.8749071654425 109.091909938257
0.366495 8.8870315211925 109.022367841731
0.366995 8.8991558769425 109.58564939393
0.367495 8.9112802326925 109.926571143544
0.367995 8.9234045884425 110.383393386422
0.368495 8.93552894419249 111.21810714176
0.368995 8.9476532999425 111.437397464117
0.369495 8.9597776556925 111.277986509283
0.369995 8.9719020114425 112.220638034979
0.370495 8.9840263671925 112.576240578944
0.370995 8.9961507229425 113.13087317037
0.371495 9.0082750786925 113.52316500791
0.371995 9.0203994344425 113.753905357331
0.372495 9.0325237901925 114.666596106192
0.372995 9.0446481459425 115.028917794652
0.373495 9.0567725016925 114.886785170352
0.373995 9.0688968574425 115.500435398496
0.374495 9.0810212131925 116.017999384167
0.374995 9.0931455689425 116.559659944642
0.375495 9.1052699246925 116.941785745042
0.375995 9.1173942804425 117.633120985022
0.376495 9.1295186361925 117.801049771649
0.376995 9.1416429919425 118.792951517363
0.377495 9.1537673476925 119.167955215662
0.377995 9.1658917034425 119.539543433034
0.378495 9.1780160591925 119.421372088077
0.378995 9.1901404149425 120.301766753079
0.379495 9.2022647706925 120.670669949914
0.379995 9.2143891264425 121.067698991476
0.380495 9.2265134821925 121.975702208245
0.380995 9.2386378379425 122.36017588444
0.381495 9.25076219369249 122.81299102903
0.381995 9.2628865494425 123.329812545123
0.382495 9.2750109051925 124.088749929409
0.382995 9.2871352609425 124.181117451542
0.383495 9.2992596166925 124.979702345579
0.383995 9.3113839724425 125.944864981239
0.384495 9.3235083281925 126.208795957424
0.384995 9.3356326839425 126.394636117736
0.385495 9.3477570396925 127.250367664561
0.385995 9.3598813954425 127.514040456319
0.386495 9.3720057511925 128.322480069576
0.386995 9.3841301069425 128.925647293057
0.387495 9.3962544626925 129.791932962298
0.387995 9.4083788184425 129.964747149954
0.388495 9.4205031741925 128.036260736964
0.388995 9.4326275299425 119.788292157643
0.389495 9.4447518856925 104.941044193939
0.389995 9.4568762414425 87.6796132378903
0.390495 9.4690005971925 75.7009017530415
0.390995 9.48112495294249 65.6659415775723
0.391495 9.4932493086925 56.5588191647672
0.391995 9.5053736644425 49.4673432841255
0.392495 9.5174980201925 44.0722876429054
0.392995 9.5296223759425 40.6348180330992
0.393495 9.5417467316925 38.2514184197597
0.393995 9.5538710874425 35.9253694057161
0.394495 9.5659954431925 33.5477119604422
0.394995 9.5781197989425 31.3817197584548
0.395495 9.5902441546925 29.3599067068183
0.395995 9.6023685104425 27.4812850479561
0.396495 9.6144928661925 25.7432546500383
0.396995 9.6266172219425 24.0726154363704
0.397495 9.6387415776925 22.0030341727437
0.397995 9.65086593344249 19.5959694485669
0.398495 9.6629902891925 16.8867613049602
0.398995 9.6751146449425 13.9010376704962
0.399495 9.6872390006925 10.6834144247912
0.399995 9.6993633564425 7.18958145693689
0.400495 9.7114877121925 3.52870006723973
0.400995 9.7236120679425 0.408730913312005
0.401495 9.7357364236925 -2.4516191541251
0.401995 9.7478607794425 -5.55821827723029
0.402495 9.7599851351925 -9.5010588061448
0.402995 9.7721094909425 -13.550280233911
0.403495 9.7842338466925 -17.5716375248695
0.403995 9.7963582024425 -20.7835309389483
0.404495 9.8084825581925 -18.2921221047981
0.404995 9.82060691394249 -11.3372679508691
0.405495 9.8327312696925 -3.79746532331326
0.405995 9.8448556254425 -0.18426525985296
0.406495 9.8569799811925 1.02848445752361
0.406995 9.8691043369425 0.558837829884137
0.407495 9.8812286926925 -1.30621484521292
0.407995 9.8933530484425 -2.47454938716397
0.408495 9.9054774041925 -3.5973368633764
0.408995 9.9176017599425 -3.09297351496031
0.409495 9.9297261156925 -1.72984882765786
0.409995 9.9418504714425 0.0368567047533155
0.410495 9.9539748271925 1.10684438063093
0.410995 9.9660991829425 2.14306556553097
0.411495 9.9782235386925 2.54692815579152
0.411995 9.9903478944425 2.7919478348518
0.412495 10.0024722501925 2.79254157026168
0.412995 10.0145966059425 2.69168332108829
0.413495 10.0267209616925 3.06102406448511
0.413995 10.0388453174425 2.75865174017396
0.414495 10.0509696731925 2.86574281172492
0.414995 10.0630940289425 2.26175277186776
0.415495 10.0752183846925 1.54736717832919
0.415995 10.0873427404425 0.83033574662916
0.416495 10.0994670961925 -0.238342735661682
0.416995 10.1115914519425 -1.07444503782724
0.417495 10.1237158076925 -1.42728937311302
0.417995 10.1358401634425 -2.14499774081841
0.418495 10.1479645191925 -2.01792141060192
0.418995 10.1600888749425 -2.0171410602368
0.419495 10.1722132306925 -1.87471677935383
0.419995 10.1843375864425 -1.91772986406455
0.420495 10.1964619421925 -1.82287472835835
0.420995 10.2085862979425 -1.44453659410701
0.421495 10.2207106536925 -0.789666846506149
0.421995 10.2328350094425 0.313179029227968
0.422495 10.2449593651925 0.967712874578086
0.422995 10.2570837209425 1.55149502649815
0.423495 10.2692080766925 2.31548664219028
0.423995 10.2813324324425 2.18778924220835
0.424495 10.2934567881925 2.29503092108264
0.424995 10.3055811439425 2.15577332277047
0.425495 10.3177054996925 2.25183826913452
0.425995 10.3298298554425 2.32474956119832
0.426495 10.3419542111925 1.99857532121744
0.426995 10.3540785669425 1.29981075810819
0.427495 10.3662029226925 0.353799871165773
0.427995 10.3783272784425 -0.653883727422017
0.428495 10.3904516341925 -1.35560969428537
0.428995 10.4025759899425 -1.89410687550619
0.429495 10.4147003456925 -2.08639045907151
0.429995 10.4268247014425 -2.16357764691195
0.430495 10.4389490571925 -2.31174600353695
0.430995 10.4510734129425 -2.19447142227639
0.431495 10.4631977686925 -2.29625705726007
0.431995 10.4753221244425 -2.15007010714248
0.432495 10.4874464801925 -1.58877010652273
0.432995 10.4995708359425 -0.929274934040391
0.433495 10.5116951916925 -0.020802716472361
0.433995 10.5238195474425 0.843408543717085
0.434495 10.5359439031925 1.32077018657375
0.434995 10.5480682589425 1.85992429894959
0.435495 10.5601926146925 2.03786438702708
0.435995 10.5723169704425 2.2032081766288
0.436495 10.5844413261925 2.32462090942922
0.436995 10.5965656819425 2.26809661891075
0.437495 10.6086900376925 2.26384776437094
0.437995 10.6208143934425 2.08523252959447
0.438495 10.6329387491925 1.47804331370425
0.438995 10.6450631049425 0.79220080745623
0.439495 10.6571874606925 -0.049484343878871
0.439995 10.6693118164425 -0.823303966507564
0.440495 10.6814361721925 -1.3581200683414
0.440995 10.6935605279425 -1.84933135497529
0.441495 10.7056848836925 -2.32659078913769
0.441995 10.7178092394425 -2.28739419372912
0.442495 10.7299335951925 -2.54805841052377
0.442995 10.7420579509425 -2.5397240828815
0.443495 10.7541823066925 -2.30351987262565
0.443995 10.7663066624425 -2.04904468600314
0.444495 10.7784310181925 -1.29403726196482
0.444995 10.7905553739425 -0.386354055705823
0.445495 10.8026797296925 0.363658276973988
0.445995 10.8148040854425 1.16955844135298
0.446495 10.8269284411925 1.63407801554848
0.446995 10.8390527969425 1.96636822638298
0.447495 10.8511771526925 2.32784253623892
0.447995 10.8633015084425 2.41168811183391
0.448495 10.8754258641925 2.38974162872084
0.448995 10.8875502199425 2.4001100250327
0.449495 10.8996745756925 2.18769940413368
0.449995 10.9117989314425 1.79037142584893
0.450495 10.9239232871925 1.31028052894717
0.450995 10.9360476429425 0.488264245005812
0.451495 10.9481719986925 -0.264278568288339
0.451995 10.9602963544425 -0.897146703030486
0.452495 10.9724207101925 -1.57488056403963
0.452995 10.9845450659425 -1.91372094399081
0.453495 10.9966694216925 -2.15200290243549
0.453995 11.0087937774425 -2.40329064165155
0.454495 11.0209181331925 -2.46979062474272
0.454995 11.0330424889425 -2.43156025536682
0.455495 11.0451668446925 -2.15694904588694
0.455995 11.0572912004425 -1.80783604694387
0.456495 11.0694155561925 -1.0894665641038
0.456995 11.0815399119425 -0.561046447920156
0.457495 11.0936642676925 0.330099319110973
0.457995 11.1057886234425 0.939794730158927
0.458495 11.1179129791925 1.44737130707399
0.458995 11.1300373349425 1.88147330579768
0.459495 11.1421616906925 2.04733576821426
0.459995 11.1542860464425 2.29468293898504
0.460495 11.1664104021925 2.43855438023874
0.460995 11.1785347579425 2.49178994847556
0.461495 11.1906591136925 2.17757834370904
0.461995 11.2027834694425 1.77926806144094
0.462495 11.2149078251925 1.0980211371278
0.462995 11.2270321809425 0.47929446356885
0.463495 11.2391565366925 -0.139828766281586
0.463995 11.2512808924425 -0.940617198550838
0.464495 11.2634052481925 -1.42285628367414
0.464995 11.2755296039425 -1.809673485936
0.465495 11.2876539596925 -2.162880017733
0.465995 11.2997783154425 -2.32513948018348
0.466495 11.3119026711925 -2.55438294710297
0.466995 11.3240270269425 -2.4545742588639
0.467495 11.3361513826925 -2.26050836082758
0.467995 11.3482757384425 -1.65001463352177
0.468495 11.3604000941925 -1.13603243336891
0.468995 11.3725244499425 -0.447039363838446
0.469495 11.3846488056925 0.0217480988351973
0.469995 11.3967731614425 0.596565046153716
0.470495 11.4088975171925 0.926896354537552
0.470995 11.4210218729425 1.44409946856894
0.471495 11.4331462286925 1.7362688648512
0.471995 11.4452705844425 2.1664126620527
0.472495 11.4573949401925 2.34599015024601
0.472995 11.4695192959425 2.34146452786371
0.473495 11.4816436516925 2.3401710151822
0.473995 11.4937680074425 1.70756108972036
0.474495 11.5058923631925 1.25221593269555
0.474995 11.5180167189425 0.693156997809743
0.475495 11.5301410746925 0.0658431076017806
0.475995 11.5422654304425 -0.383989563806765
0.476495 11.5543897861925 -0.750157541400473
0.476995 11.5665141419425 -1.26678781813681
0.477495 11.5786384976925 -1.77789117816344
0.477995 11.5907628534425 -2.23298866730939
0.478495 11.6028872091925 -2.47012999984871
0.478995 11.6150115649425 -2.50028677211224
0.479495 11.6271359206925 -2.32803947329501
0.479995 11.6392602764425 -1.81591426881983
0.480495 11.6513846321925 -1.37338469571502
0.480995 11.6635089879425 -0.67419884004134
0.481495 11.6756333436925 -0.146021973467175
0.481995 11.6877576994425 0.267837395929431
0.482495 11.6998820551925 0.771719448556984
0.482995 11.7120064109425 1.24695599347615
0.483495 11.7241307666925 1.78521476863515
0.483995 11.7362551224425 2.15062576743066
0.484495 11.7483794781925 2.31926391550354
0.484995 11.7605038339425 2.50484004513772
0.485495 11.7726281896925 2.0891138587404
0.485995 11.7847525454425 1.87105390627441
0.486495 11.7968769011925 1.48971007190792
0.486995 11.8090012569425 0.810228009926938
0.487495 11.8211256126925 0.379879926570687
0.487995 11.8332499684425 -0.12361330189545
0.488495 11.8453743241925 -0.505744292959188
0.488995 11.8574986799425 -1.21282747351004
0.489495 11.8696230356925 -1.76684330313272
0.489995 11.8817473914425 -2.09041412226269
0.490495 11.8938717471925 -2.48394826830066
0.490995 11.9059961029425 -2.56970925563539
0.491495 11.9181204586925 -2.32556995472322
0.491995 11.9302448144425 -1.86813931670462
0.492495 11.9423691701925 -1.40762020861192
0.492995 11.9544935259425 -0.912945772678727
0.493495 11.9666178816925 -0.262926132024035
0.493995 11.9787422374425 -0.0496763027888837
0.494495 11.9908665931925 0.581346899346546
0.494995 12.0029909489425 1.09945519330543
0.495495 12.0151153046925 1.58431963743754
0.495995 12.0272396604425 2.12059057241408
0.496495 12.0393640161925 2.17962371395137
0.496995 12.0514883719425 2.27323854970964
0.497495 12.0636127276925 2.07325584553024
0.497995 12.0757370834425 1.72076327924956
0.498495 12.0878614391925 1.33578399881919
0.498995 12.0999857949425 0.955994007541246
0.499495 12.1121101506925 0.413506245577004
0.499995 12.1242345064425 0.132905133784912
