# Fix print output for fix Step
-1.23378056083968e-16 -1.13686837721616e-14 -0.53783115260622
0.00049499999999979 0.0456118263314806 2.01077385601322
0.000994999999999912 0.0916843781814919 0.178131140752031
0.00149499999999979 0.13775693003148 2.6169746068581
0.00199499999999991 0.183829481881492 1.08688184800584
0.00249499999999978 0.22990203373148 2.1653443504963
0.00299499999999991 0.275974585581491 3.40781448710129
0.00349499999999978 0.32204713743148 1.50935094330717
0.0039949999999999 0.368119689281491 4.11000504846206
0.00449499999999978 0.414192241131479 1.87980986614622
0.0049949999999999 0.460264792981491 4.79926265554536
0.00549499999999977 0.506337344831479 2.82055735949523
0.0059949999999999 0.55240989668149 4.69261922041946
0.00649499999999977 0.598482448531479 3.82255564883746
0.00699499999999989 0.64455500038149 5.10637717305103
0.00749499999999977 0.690627552231479 4.9050767083024
0.00799499999999989 0.73670010408149 4.49024218830412
0.00849499999999976 0.782772655931478 6.48726747021979
0.00899499999999989 0.82884520778149 4.48816092555489
0.00949499999999976 0.874917759631478 7.22710357262548
0.00999499999999988 0.920990311481489 4.65925010283002
0.0104949999999998 0.967062863331478 7.63976505661433
0.0109949999999999 1.01313541518149 5.64180174888349
0.0114949999999999 1.05920796703149 7.54295437137114
0.0119949999999999 1.10528051888149 6.71177498603332
0.0124949999999999 1.15135307073149 7.59987921605763
0.0129949999999999 1.19742562258149 7.64415232705663
0.0134949999999999 1.24349817443149 7.55639879300568
0.0139949999999999 1.28957072628149 8.52464660522591
0.0144949999999999 1.33564327813149 7.53794417036197
0.0149949999999999 1.38171582998149 9.55395842919713
0.0154949999999999 1.42778838183149 7.81078727617307
0.0159949999999999 1.47386093368149 9.78789737298033
0.0164949999999999 1.51993348553149 8.69855674640307
0.0169949999999999 1.56600603738149 9.98677147213535
0.0174949999999999 1.61207858923149 9.54885435251659
0.0179949999999999 1.65815114108149 10.0637158291219
0.018495 1.7042236929315 10.3990366584543
0.0189949999999999 1.75029624478149 10.1083623469759
0.019495 1.7963687966315 11.1780292740585
0.0199949999999998 1.84244134848149 10.2533107449713
0.020495 1.8885139003315 11.8660068364232
0.0209949999999998 1.93458645218149 10.810401989191
0.021495 1.9806590040315 12.1398575231947
0.0219949999999998 2.02673155588149 11.488092667937
0.022495 2.0728041077315 12.4135030854295
0.0229949999999998 2.11887665958149 12.2276256698057
0.023495 2.1649492114315 12.498582118068
0.0239949999999998 2.21102176328149 12.859287881144
0.024495 2.2570943151315 12.8024479967915
0.0249949999999998 2.30316686698148 13.6064494852643
0.025495 2.3492394188315 13.0323862408467
0.0259949999999998 2.39531197068148 14.024654873852
0.026495 2.4413845225315 13.478162890679
0.0269949999999998 2.48745707438148 14.4542943342397
0.027495 2.5335296262315 14.2534234668474
0.0279949999999998 2.57960217808148 14.6546605134278
0.0284949999999999 2.6256747299315 14.6952833329962
0.0289949999999998 2.67174728178148 15.065752113151
0.0294949999999999 2.71781983363149 15.35078637545
0.0299949999999998 2.76389238548148 15.274610609281
0.0304949999999999 2.80996493733149 15.7393165554078
0.0309949999999998 2.85603748918148 15.7937205883435
0.0314949999999999 2.90211004103149 16.3455525453744
0.0319949999999998 2.94818259288148 16.12524222329
0.0324949999999999 2.99425514473149 16.6912956674711
0.0329949999999998 3.04032769658148 16.5582288867679
0.0334949999999999 3.08640024843149 17.0299894366397
0.0339949999999998 3.13247280028148 17.0827462045
0.0344949999999999 3.17854535213149 17.5216461254313
0.0349949999999998 3.22461790398148 17.5965854059135
0.0354949999999999 3.27069045583149 17.9458520368991
0.0359949999999998 3.31676300768148 18.0429683558667
0.0364949999999999 3.36283555953149 18.3257157451341
0.0369949999999998 3.40890811138148 18.4471268963267
0.0374949999999999 3.45498066323149 18.8101363272803
0.0379949999999998 3.50105321508148 18.732348110068
0.0384949999999999 3.54712576693149 19.1488876612328
0.0389949999999998 3.59319831878148 19.233108684524
0.0394949999999999 3.63927087063149 19.681068220954
0.0399949999999998 3.68534342248148 19.7028897584104
0.0404949999999999 3.73141597433149 20.0328086091983
0.0409949999999998 3.77748852618148 20.0085023661448
0.0414949999999999 3.82356107803149 20.376244363857
0.0419949999999998 3.86963362988148 20.4892118267472
0.0424949999999999 3.91570618173149 20.7096467545945
0.0429949999999998 3.96177873358148 20.9639018848077
0.0434949999999999 4.00785128543149 21.1008202603767
0.0439949999999998 4.05392383728148 21.491800381438
0.0444949999999999 4.09999638913149 21.5205691231942
0.0449949999999998 4.14606894098148 21.8563316466798
0.0454949999999999 4.19214149283149 21.8452014080211
0.0459949999999999 4.23821404468149 22.1888524775673
0.0464949999999999 4.28428659653149 22.2695514805593
0.0469949999999998 4.33035914838148 22.5549739340114
0.0474949999999999 4.37643170023149 22.7204876981771
0.0479949999999999 4.42250425208149 22.9117930109224
0.0484949999999999 4.46857680393149 23.1945930130634
0.0489949999999999 4.51464935578149 23.3185715044286
0.0494949999999999 4.56072190763149 23.6373622636828
0.0499949999999999 4.60679445948149 23.723143123234
0.0504949999999999 4.65286701133149 24.0215475624057
0.0509949999999999 4.69893956318149 24.1205202572605
0.0514949999999999 4.74501211503149 24.4272295312193
0.0519949999999999 4.79108466688149 24.5044497778246
0.0524949999999999 4.83715721873149 24.6998583945078
0.0529949999999999 4.88322977058149 24.9469175247901
0.0534949999999999 4.92930232243149 25.1513265147677
0.0539949999999999 4.97537487428149 25.3533687190561
0.0544949999999999 5.02144742613149 25.4779390653128
0.0549949999999999 5.06751997798149 25.6746456008462
0.0554949999999999 5.11359252983149 25.8283990464665
0.0559949999999999 5.15966508168149 26.1314988856778
0.0564949999999999 5.20573763353149 26.2224222928786
0.0569949999999999 5.25181018538149 26.4925158988384
0.0574949999999999 5.29788273723149 26.6195915679271
0.0579949999999999 5.34395528908149 26.8684174048068
0.0584949999999999 5.39002784093149 27.0257921877699
0.0589949999999998 5.43610039278149 27.2578290010319
0.0594949999999998 5.48217294463149 27.3665705651371
0.059995 5.5282454964815 27.5392544909971
0.0604949999999998 5.57431804833149 27.7537252744537
0.060995 5.6203906001815 27.9623544967719
0.0614949999999998 5.66646315203149 28.2072599310175
0.061995 5.7125357038815 28.2311554680368
0.0624949999999998 5.75860825573149 28.5291760625791
0.062995 5.8046808075815 28.7566479273187
0.0634949999999998 5.85075335943148 28.9110329035597
0.063995 5.8968259112815 28.97750221055
0.0644949999999998 5.94289846313148 29.2247320607143
0.064995 5.9889710149815 29.4484509492776
0.0654949999999998 6.03504356683148 29.6203029021112
0.065995 6.0811161186815 29.7937015463002
0.0664949999999998 6.12718867053148 29.913937178923
0.0669949999999999 6.1732612223815 30.2249989519436
0.0674949999999998 6.21933377423148 30.2943679568481
0.0679949999999999 6.26540632608149 30.5827130516802
0.0684949999999998 6.31147887793148 30.5964229395762
0.0689949999999999 6.35755142978149 30.8924554054012
0.0694949999999998 6.40362398163148 30.9620437953578
0.0699949999999999 6.44969653348149 31.3797952005902
0.0704949999999998 6.49576908533148 31.3258683356704
0.0709949999999999 6.54184163718149 31.5699677452408
0.0714949999999998 6.58791418903148 31.7311103438073
0.0719949999999999 6.63398674088149 31.9759206187324
0.0724949999999998 6.68005929273148 32.0937419720391
0.0729949999999999 6.72613184458149 32.2607812319795
0.0734949999999998 6.77220439643148 32.5208196996824
0.0739949999999999 6.81827694828149 32.7122080722442
0.0744949999999998 6.86434950013148 32.8702246020462
0.0749949999999999 6.91042205198149 32.9494765507573
0.0754949999999998 6.95649460383148 33.2634101499327
0.0759949999999999 7.00256715568149 33.3105709236507
0.0764949999999998 7.04863970753148 33.539659759696
0.0769949999999999 7.09471225938149 33.6436458058265
0.0774949999999998 7.14078481123148 33.915019007549
0.0779949999999999 7.18685736308149 33.9608725832674
0.0784949999999998 7.23292991493148 34.1331413920062
0.0789949999999999 7.27900246678149 34.2930596698195
0.0794949999999998 7.32507501863148 34.4469183221462
0.0799949999999999 7.37114757048149 34.6769483889631
0.0804949999999998 7.41722012233148 34.8360114630414
0.0809949999999999 7.46329267418149 35.0527466509732
0.0814949999999998 7.50936522603148 35.1051582032896
0.0819949999999999 7.55543777788149 35.3859440807482
0.0824949999999999 7.60151032973149 35.4547263214599
0.0829949999999999 7.64758288158149 35.6702665441409
0.0834949999999998 7.69365543343148 35.7440826731297
0.0839949999999999 7.73972798528149 35.9651190567479
0.0844949999999999 7.78580053713149 36.1622851999605
0.0849949999999999 7.83187308898149 36.2815873434912
0.0854949999999999 7.87794564083149 36.4750108560238
0.0859949999999999 7.92401819268149 36.5623093642689
0.0864949999999999 7.97009074453149 36.8214548546902
0.0869949999999999 8.01616329638149 36.9338601973982
0.0874949999999999 8.06223584823149 37.1914027119656
0.0879949999999999 8.10830840008149 37.1453670836118
0.0884949999999999 8.15438095193149 37.4130298877746
0.0889949999999999 8.20045350378149 37.6039760610063
0.0894949999999999 8.24652605563149 37.7910759869503
0.0899949999999999 8.29259860748149 37.9114779582118
0.0904949999999999 8.33867115933149 38.0292295782191
0.0909949999999999 8.38474371118149 38.207517828457
0.0914949999999999 8.43081626303149 38.3222769049613
0.0919949999999999 8.47688881488149 38.5024329260154
0.0924949999999999 8.52296136673149 38.6063369326408
0.0929949999999999 8.56903391858149 38.8962190928497
0.0934949999999999 8.61510647043149 39.0202492313383
0.0939949999999999 8.66117902228149 39.1145929127429
0.0944949999999999 8.70725157413149 39.2364956915845
0.0949949999999999 8.75332412598149 39.3856258297009
0.0954949999999999 8.79939667783149 39.5560846782737
0.0959949999999999 8.84546922968149 39.7589466789865
0.0964949999999999 8.89154178153149 39.9061259878302
0.0969949999999998 8.93761433338149 39.9715135838106
0.0974949999999998 8.98368688523149 40.2003297718525
0.0979949999999998 9.02975943708149 40.2660980266388
0.0984949999999998 9.07583198893149 40.4712006354864
0.0989949999999998 9.12190454078149 40.5791495386294
0.0994949999999998 9.16797709263149 40.7710810725713
0.0999949999999998 9.21404964448149 40.9124389371696
0.100495 9.2601221963315 41.0476080690399
0.100995 9.30619474818149 41.2292290329397
0.101495 9.3522673000315 41.314855332541
0.101995 9.39833985188148 41.4836296489925
0.102495 9.4444124037315 41.5442846646889
0.102995 9.49048495558148 41.7664454964428
0.103495 9.5365575074315 41.8584499854645
0.103995 9.58263005928148 42.0825309912258
0.104495 9.6287026111315 42.1742909723545
0.104995 9.67477516298148 42.2555501345623
0.105495 9.7208477148315 42.4185636523502
0.105995 9.76692026668148 42.6583729640002
0.106495 9.81299281853149 42.7247869969413
0.106995 9.85906537038148 42.8508000010627
0.107495 9.90513792223149 42.9922733455246
0.107995 9.95121047408148 43.1851527144925
0.108495 9.99728302593149 43.2769262118411
0.108995 10.0433555777815 43.3385103221906
0.109495 10.0894281296315 43.5135833695984
0.109995 10.1355006814815 43.7003762546082
0.110495 10.1815732333315 43.8179345159346
0.110995 10.2276457851815 43.9304038544962
0.111495 10.2737183370315 44.0357489244418
0.111995 10.3197908888815 44.224302081913
0.112495 10.3658634407315 44.3315275007616
0.112995 10.4119359925815 44.4270070850198
0.113495 10.4580085444315 44.5250301444131
0.113995 10.5040810962815 44.7926054145374
0.114495 10.5501536481315 44.8559373370648
0.114995 10.5962261999815 44.9791435720108
0.115495 10.6422987518315 45.00999085289
0.115995 10.6883713036815 45.269537408917
0.116495 10.7344438555315 45.3885349670291
0.116995 10.7805164073815 45.4901941339896
0.117495 10.8265889592315 45.596023379455
0.117995 10.8726615110815 45.7338843974689
0.118495 10.9187340629315 45.8658803335555
0.118995 10.9648066147815 45.9900585281652
0.119495 11.0108791666315 46.166540994508
0.119995 11.0569517184815 46.1897770284093
0.120495 11.1030242703315 46.3282266373049
0.120995 11.1490968221815 46.4851437033164
0.121495 11.1951693740315 46.6015903506807
0.121995 11.2412419258815 46.708052149463
0.122495 11.2873144777315 46.8387143187921
0.122995 11.3333870295815 46.9767145808712
0.123495 11.3794595814315 47.1054162735175
0.123995 11.4255321332815 47.1893071424656
0.124495 11.4716046851315 47.3502524887462
0.124995 11.5176772369815 47.4136889653488
0.125495 11.5637497888315 47.5678425212983
0.125995 11.6098223406815 47.6757813322779
0.126495 11.6558948925315 47.7698389383463
0.126995 11.7019674443815 47.8539447017836
0.127495 11.7480399962315 48.0930177137405
0.127995 11.7941125480815 48.1237584123818
0.128495 11.8401850999315 48.2307746029095
0.128995 11.8862576517815 48.366643340919
0.129495 11.9323302036315 48.5094999680813
0.129995 11.9784027554815 48.5633542940182
0.130495 12.0244753073315 48.7418713085219
0.130995 12.0705478591815 48.7608988978196
0.131495 12.1166204110315 48.9095379421145
0.131995 12.1626929628815 49.0992969351753
0.132495 12.2087655147315 49.1369232667378
0.132995 12.2548380665815 49.2703496568015
0.133495 12.3009106184315 49.3461866759465
0.133995 12.3469831702815 49.485817388003
0.134495 12.3930557221315 49.5316204505759
0.134995 12.4391282739815 49.7574423369618
0.135495 12.4852008258315 49.7729609982148
0.135995 12.5312733776815 49.909903052141
0.136495 12.5773459295315 49.9964321343356
0.136995 12.6234184813815 50.1334908311762
0.137495 12.6694910332315 50.2952639379246
0.137995 12.7155635850815 50.2767043283421
0.138495 12.7616361369315 50.3845112118707
0.138995 12.8077086887815 50.5044213319459
0.139495 12.8537812406315 50.6700425883248
0.139995 12.8998537924815 50.7750171032966
0.140495 12.9459263443315 50.9243432016015
0.140995 12.9919988961815 50.8978425063581
0.141495 13.0380714480315 51.0915661268498
0.141995 13.0841439998815 51.1902748003212
0.142495 13.1302165517315 51.2982495640568
0.142995 13.1762891035815 51.32352817553
0.143495 13.2223616554315 51.4108979111153
0.143995 13.2684342072815 51.6228451700806
0.144495 13.3145067591315 51.6134697570992
0.144995 13.3605793109815 51.771415565456
0.145495 13.4066518628315 51.8038597940429
0.145995 13.4527244146815 51.9633776624447
0.146495 13.4987969665315 51.9772133147434
0.146995 13.5448695183815 52.1638655131309
0.147495 13.5909420702315 52.2704504225855
0.147995 13.6370146220815 52.3429548977205
0.148495 13.6830871739315 52.381553365111
0.148995 13.7291597257815 52.4592439295111
0.149495 13.7752322776315 52.6421913461061
0.149995 13.8213048294815 52.6441286732991
0.150495 13.8673773813315 52.8261436843079
0.150995 13.9134499331815 52.8655247859075
0.151495 13.9595224850315 53.0418064453599
0.151995 14.0055950368815 53.0124244767221
0.152495 14.0516675887315 53.1249385859569
0.152995 14.0977401405815 53.251905305876
0.153495 14.1438126924315 53.3350586712695
0.153995 14.1898852442815 53.4176875382072
0.154495 14.2359577961315 53.511704204382
0.154995 14.2820303479815 53.6081124551853
0.155495 14.3281028998315 53.7070677971031
0.155995 14.3741754516815 53.786225120865
0.156495 14.4202480035315 53.8596342625787
0.156995 14.4663205553815 53.934624532958
0.157495 14.5123931072315 54.1017546830737
0.157995 14.5584656590815 54.1666077214152
0.158495 14.6045382109315 54.2131446471713
0.158995 14.6506107627815 54.2742145097359
0.159495 14.6966833146315 54.361078848068
0.159995 14.7427558664815 54.453672978255
0.160495 14.7888284183315 54.5239818812353
0.160995 14.8349009701815 54.6868996434038
0.161495 14.8809735220315 54.6658071292548
0.161995 14.9270460738815 54.7873152692539
0.162495 14.9731186257315 54.8744945813858
0.162995 15.0191911775815 55.0328780990293
0.163495 15.0652637294315 55.0060877762798
0.163995 15.1113362812815 55.1018097689191
0.164495 15.1574088331315 55.1654462557388
0.164995 15.2034813849815 55.2728441313306
0.165495 15.2495539368315 55.3234214770253
0.165995 15.2956264886815 55.4400514686502
0.166495 15.3416990405315 55.5366032609841
0.166995 15.3877715923815 55.6247703237817
0.167495 15.4338441442315 55.6728347192835
0.167995 15.4799166960815 55.7315143451065
0.168495 15.5259892479315 55.814791286725
0.168995 15.5720617997815 55.8798426997021
0.169495 15.6181343516315 55.9905653067361
0.169995 15.6642069034815 56.0879939757431
0.170495 15.7102794553315 56.1032489388142
0.170995 15.7563520071815 56.1672906022231
0.171495 15.8024245590315 56.3040802156557
0.171995 15.8484971108815 56.4126323964777
0.172495 15.8945696627315 56.3847981731826
0.172995 15.9406422145815 56.4623510719928
0.173495 15.9867147664315 56.5883195672623
0.173995 16.0327873182815 56.6740126349503
0.174495 16.0788598701315 56.7202515273242
0.174995 16.1249324219815 56.8005992379986
0.175495 16.1710049738315 56.8685806604782
0.175995 16.2170775256815 56.9924168005399
0.176495 16.2631500775315 56.9449939915324
0.176995 16.3092226293815 57.0583185816409
0.177495 16.3552951812315 57.1685978164467
0.177995 16.4013677330815 57.2309745295054
0.178495 16.4474402849315 57.2559118610203
0.178995 16.4935128367815 57.305317953909
0.179495 16.5395853886315 57.4375055840767
0.179995 16.5856579404815 57.5007324691246
0.180495 16.6317304923315 57.5588145012766
0.180995 16.6778030441815 57.6192217975921
0.181495 16.7238755960315 57.7246952545387
0.181995 16.7699481478815 57.7583971969723
0.182495 16.8160206997315 57.823992949542
0.182995 16.8620932515815 57.8713293581618
0.183495 16.9081658034315 57.9719010006781
0.183995 16.9542383552815 57.9673693328796
0.184495 17.0003109071315 58.0665635229646
0.184995 17.0463834589815 58.1262357089091
0.185495 17.0924560108315 58.1822265599267
0.185995 17.1385285626815 58.2557742856322
0.186495 17.1846011145315 58.2991399510093
0.186995 17.2306736663815 58.4194035529744
0.187495 17.2767462182315 58.4729309719298
0.187995 17.3228187700815 58.5526815995537
0.188495 17.3688913219315 58.5734212794149
0.188995 17.4149638737815 58.5914588170358
0.189495 17.4610364256315 58.721358598711
0.189995 17.5071089774815 58.8020145785668
0.190495 17.5531815293315 58.8157181161319
0.190995 17.5992540811815 58.8430885269985
0.191495 17.6453266330315 58.9493577470331
0.191995 17.6913991848815 59.0085441274676
0.192495 17.7374717367315 59.0796126321044
0.192995 17.7835442885815 59.1364802083441
0.193495 17.8296168404315 59.1834385016555
0.193995 17.8756893922815 59.2466062166188
0.194495 17.9217619441315 59.275879149237
0.194995 17.9678344959815 59.3482089878643
0.195495 18.0139070478315 59.4009150198016
0.195995 18.0599795996815 59.4921800600603
0.196495 18.1060521515315 59.5169848619014
0.196995 18.1521247033815 59.5769746234857
0.197495 18.1981972552315 59.6907393769696
0.197995 18.2442698070815 59.7042520343056
0.198495 18.2903423589315 59.7522099991528
0.198995 18.3364149107815 59.8192409567314
0.199495 18.3824874626315 59.8550403634931
0.199995 18.4285600144815 59.9298857066315
0.200495 18.4746325663315 59.969014774014
0.200995 18.5207051181815 60.0068185393917
0.201495 18.5667776700315 60.039242223702
0.201995 18.6128502218815 60.1607910988469
0.202495 18.6589227737315 60.1728527927274
0.202995 18.7049953255815 60.3021719403692
0.203495 18.7510678774315 60.2968203914751
0.203995 18.7971404292815 60.3627909223132
0.204495 18.8432129811315 60.3682329446818
0.204995 18.8892855329815 60.5484811935405
0.205495 18.9353580848315 60.5132094022484
0.205995 18.9814306366815 60.5927189079802
0.206495 19.0275031885315 60.6374934149755
0.206995 19.0735757403815 60.6884671256987
0.207495 19.1196482922315 60.7915062619137
0.207995 19.1657208440815 60.8304707136691
0.208495 19.2117933959315 60.7992718378793
0.208995 19.2578659477815 60.8361824657229
0.209495 19.3039384996315 61.0264190108028
0.209995 19.3500110514815 60.9456820941213
0.210495 19.3960836033315 61.0468427000481
0.210995 19.4421561551815 61.0813828333422
0.211495 19.4882287070315 61.2384006668245
0.211995 19.5343012588815 61.1705023619565
0.212495 19.5803738107315 61.2542254160643
0.212995 19.6264463625815 61.3178427060604
0.213495 19.6725189144315 61.3601263826491
0.213995 19.7185914662815 61.4103013805066
0.214495 19.7646640181315 61.3899620976789
0.214995 19.8107365699815 61.5931775925837
0.215495 19.8568091218315 61.563199468891
0.215995 19.9028816736815 61.6156460882017
0.216495 19.9489542255315 61.6036127386669
0.216995 19.9950267773815 61.7703789909305
0.217495 20.0410993292315 61.761991289875
0.217995 20.0871718810815 61.8212405871009
0.218495 20.1332444329315 61.9086600908519
0.218995 20.1793169847815 61.9461602388539
0.219495 20.2253895366315 61.9152456665357
0.219995 20.2714620884815 61.9877293306831
0.220495 20.3175346403315 62.1129198572676
0.220995 20.3636071921815 62.0635800585847
0.221495 20.4096797440315 62.1201549918856
0.221995 20.4557522958815 62.2109179358093
0.222495 20.5018248477315 62.3230419066678
0.222995 20.5478973995815 62.3020964373312
0.223495 20.5939699514315 62.3543614906903
0.223995 20.6400425032815 62.3998867340752
0.224495 20.6861150551315 62.5078063257299
0.224995 20.7321876069815 62.5319567927679
0.225495 20.7782601588315 62.5474764467615
0.225995 20.8243327106815 62.6523780745138
0.226495 20.8704052625315 62.6483140769736
0.226995 20.9164778143815 62.6936632228226
0.227495 20.9625503662315 62.7142200999404
0.227995 21.0086229180815 62.8301856909107
0.228495 21.0546954699315 62.8539870144518
0.228995 21.1007680217815 62.9258526763371
0.229495 21.1468405736315 62.9366756470488
0.229995 21.1929131254815 63.0567805426477
0.230495 21.2389856773315 63.0775758557198
0.230995 21.2850582291815 63.0588972217522
0.231495 21.3311307810315 63.2077027619933
0.231995 21.3772033328815 63.1800623285115
0.232495 21.4232758847315 63.2645300285914
0.232995 21.4693484365815 63.2956014077721
0.233495 21.5154209884315 63.3493113982054
0.233995 21.5614935402815 63.4395624358976
0.234495 21.6075660921315 63.4363299928859
0.234995 21.6536386439815 63.4973771213255
0.235495 21.6997111958315 63.5761265537286
0.235995 21.7457837476815 63.6117727462455
0.236495 21.7918562995315 63.6154968650003
0.236995 21.8379288513815 63.7470805179778
0.237495 21.8840014032315 63.7358943316857
0.237995 21.9300739550815 63.859910827788
0.238495 21.9761465069315 63.9198994908957
0.238995 22.0222190587815 63.9356898062521
0.239495 22.0682916106315 63.9259785709465
0.239995 22.1143641624815 64.1055112492003
0.240495 22.1604367143315 64.1621129052893
0.240995 22.2065092661815 64.1109124937397
0.241495 22.2525818180315 64.1353489330132
0.241995 22.2986543698815 64.2451807633906
0.242495 22.3447269217315 64.3502146832842
0.242995 22.3907994735815 64.3157139315558
0.243495 22.4368720254315 64.3442865104685
0.243995 22.4829445772815 64.4899705935684
0.244495 22.5290171291315 64.5407379454729
0.244995 22.5750896809815 64.5959480440318
0.245495 22.6211622328315 64.5485409590176
0.245995 22.6672347846815 64.7837312922216
0.246495 22.7133073365315 64.7029900344274
0.246995 22.7593798883815 64.6679393779699
0.247495 22.8054524402315 64.8287789953379
0.247995 22.8515249920815 64.803265859427
0.248495 22.8975975439315 64.8982814093991
0.248995 22.9436700957815 64.9532763011134
0.249495 22.9897426476315 65.050195756105
0.249995 23.0358151994815 65.0776586874596
0.250495 23.0818877513315 65.1702568720487
0.250995 23.1279603031815 65.1747926346139
0.251495 23.1740328550315 65.189447535114
0.251995 23.2201054068815 65.3401634009276
0.252495 23.2661779587315 65.3955380425011
0.252995 23.3122505105815 65.439598818698
0.253495 23.3583230624315 65.3940987308721
0.253995 23.4043956142815 65.6054944043073
0.254495 23.4504681661315 65.557694729977
0.254995 23.4965407179815 65.5957216639682
0.255495 23.5426132698315 65.6330701693028
0.255995 23.5886858216815 65.7259546514425
0.256495 23.6347583735315 65.7262474181946
0.256995 23.6808309253815 65.8244902803375
0.257495 23.7269034772315 65.8677205241131
0.257995 23.7729760290815 65.9001319201249
0.258495 23.8190485809315 66.0246572832265
0.258995 23.8651211327815 66.0026720183894
0.259495 23.9111936846315 66.1159108542973
0.259995 23.9572662364815 66.2391418626531
0.260495 24.0033387883315 66.309203184745
0.260995 24.0494113401815 66.2283703738304
0.261495 24.0954838920315 66.520437839079
0.261995 24.1415564438815 66.3772621445907
0.262495 24.1876289957315 66.5063314387968
0.262995 24.2337015475815 66.6093949143264
0.263495 24.2797740994315 66.5679594664172
0.263995 24.3258466512815 66.6315105954988
0.264495 24.3719192031315 66.7885224441157
0.264995 24.4179917549815 66.8350675959295
0.265495 24.4640643068315 66.7783394268931
0.265995 24.5101368586815 66.8793426605207
0.266495 24.5562094105315 67.0066711470136
0.266995 24.6022819623815 67.0706963588094
0.267495 24.6483545142315 67.1084484213612
0.267995 24.6944270660815 67.0887271138511
0.268495 24.7404996179315 67.3450154744093
0.268995 24.7865721697815 67.3290331908749
0.269495 24.8326447216315 67.4034366997657
0.269995 24.8787172734815 67.4295917324462
0.270495 24.9247898253315 67.4866024783019
0.270995 24.9708623771815 67.5821030484512
0.271495 25.0169349290315 67.6995593416451
0.271995 25.0630074808815 67.6174990854648
0.272495 25.1090800327315 67.8007066702865
0.272995 25.1551525845815 67.8784525284763
0.273495 25.2012251364315 67.8962440408664
0.273995 25.2472976882815 67.9181139376696
0.274495 25.2933702401315 68.1052615696843
0.274995 25.3394427919815 68.2665382417123
0.275495 25.3855153438315 68.2676089785108
0.275995 25.4315878956815 68.2260991032215
0.276495 25.4776604475315 68.3787259571951
0.276995 25.5237329993815 68.4302411954654
0.277495 25.5698055512315 68.4893111927033
0.277995 25.6158781030815 68.5536933300886
0.278495 25.6619506549315 68.6171329371096
0.278995 25.7080232067815 68.7787004642498
0.279495 25.7540957586315 68.8275308221012
0.279995 25.8001683104815 68.9314370707748
0.280495 25.8462408623315 68.9279866212014
0.280995 25.8923134141815 69.0485905080177
0.281495 25.9383859660315 69.2604321648547
0.281995 25.9844585178815 69.3243614319451
0.282495 26.0305310697315 69.381805147121
0.282995 26.0766036215815 69.3513028050853
0.283495 26.1226761734315 69.6030646945582
0.283995 26.1687487252815 69.5552960711251
0.284495 26.2148212771315 69.5881116640654
0.284995 26.2608938289815 69.8160536306692
0.285495 26.3069663808315 69.837302588259
0.285995 26.3530389326815 69.9845485622234
0.286495 26.3991114845315 70.0277325464131
0.286995 26.4451840363815 70.0849138917688
0.287495 26.4912565882315 70.2173731492602
0.287995 26.5373291400815 70.4366855178067
0.288495 26.5834016919315 70.3525657910329
0.288995 26.6294742437815 70.5560275114233
0.289495 26.6755467956315 70.6900065134745
0.289995 26.7216193474815 70.6978330918254
0.290495 26.7676918993315 70.7630154147903
0.290995 26.8137644511815 70.9788199859625
0.291495 26.8598370030315 71.0715172694778
0.291995 26.9059095548815 71.1224851654801
0.292495 26.9519821067315 71.2029902635965
0.292995 26.9980546585815 71.4044809071647
0.293495 27.0441272104315 71.6648401106632
0.293995 27.0901997622815 71.6342069129581
0.294495 27.1362723141315 71.7097938921028
0.294995 27.1823448659815 71.762330357014
0.295495 27.2284174178315 72.0102643645137
0.295995 27.2744899696815 72.0926809253447
0.296495 27.3205625215315 72.1272030146754
0.296995 27.3666350733815 72.2335529093736
0.297495 27.4127076252315 72.3176267089039
0.297995 27.4587801770815 72.4927781962662
0.298495 27.5048527289315 72.693588349553
0.298995 27.5509252807815 72.7949540673482
0.299495 27.5969978326315 72.9354581881387
0.299995 27.6430703844815 73.1492400851215
0.300495 27.6891429363315 73.1846713594342
0.300995 27.7352154881815 73.1677634817443
0.301495 27.7812880400315 73.4213150411745
0.301995 27.8273605918815 73.7081629374699
0.302495 27.8734331437315 73.7135127914012
0.302995 27.9195056955815 73.9647237430269
0.303495 27.9655782474315 74.0422727110456
0.303995 28.0116507992815 74.2152431699608
0.304495 28.0577233511315 74.3535317596291
0.304995 28.1037959029815 74.4539384374548
0.305495 28.1498684548315 74.7582089463624
0.305995 28.1959410066815 74.7398323776487
0.306495 28.2420135585315 74.9277967095057
0.306995 28.2880861103815 75.2485599794796
0.307495 28.3341586622315 75.2855376334956
0.307995 28.3802312140815 75.5972941015575
0.308495 28.4263037659315 75.5740405631504
0.308995 28.4723763177815 75.6990331981591
0.309495 28.5184488696315 76.0901404098298
0.309995 28.5645214214815 76.0872384717113
0.310495 28.6105939733315 76.4036285966694
0.310995 28.6566665251815 76.554515514183
0.311495 28.7027390770315 76.7259572768408
0.311995 28.7488116288815 76.8538442545741
0.312495 28.7948841807315 77.1508192178427
0.312995 28.8409567325815 77.1382955101957
0.313495 28.8870292844315 77.5007209252445
0.313995 28.9331018362815 77.7101166950468
0.314495 28.9791743881315 77.8300433859662
0.314995 29.0252469399815 78.1826728493998
0.315495 29.0713194918315 78.2858667739317
0.315995 29.1173920436815 78.3535176137313
0.316495 29.1634645955315 78.7574900190837
0.316995 29.2095371473815 78.76931733103
0.317495 29.2556096992315 79.198887249479
0.317995 29.3016822510815 79.3098892068759
0.318495 29.3477548029315 79.4027929298563
0.318995 29.3938273547815 79.6554076215128
0.319495 29.4398999066315 79.8623460432031
0.319995 29.4859724584815 80.1749226811735
0.320495 29.5320450103315 80.3665390777783
0.320995 29.5781175621815 80.663583700185
0.321495 29.6241901140315 80.6616947907829
0.321995 29.6702626658815 81.0051103581559
0.322495 29.7163352177315 81.1667565373099
0.322995 29.7624077695815 81.3155210565176
0.323495 29.8084803214315 81.8485228758127
0.323995 29.8545528732815 82.0931806340891
0.324495 29.9006254251315 82.2108373735701
0.324995 29.9466979769815 82.4603945530805
0.325495 29.9927705288315 82.8052509092985
0.325995 30.0388430806815 83.0069308052221
0.326495 30.0849156325315 83.0722723497204
0.326995 30.1309881843815 83.5659002476478
0.327495 30.1770607362315 83.8257048932336
0.327995 30.2231332880815 83.7233832177512
0.328495 30.2692058399315 84.3326079637586
0.328995 30.3152783917815 84.6189557930535
0.329495 30.3613509436315 84.6934744346001
0.329995 30.4074234954815 85.1912832134019
0.330495 30.4534960473315 85.0859205541424
0.330995 30.4995685991815 85.5826085159479
0.331495 30.5456411510315 85.9163871876826
0.331995 30.5917137028815 85.9973267764122
0.332495 30.6377862547315 86.3699048660567
0.332995 30.6838588065815 86.6400012360404
0.333495 30.7299313584315 86.9430725838771
0.333995 30.7760039102815 87.1777895467754
0.334495 30.8220764621315 87.409164252811
0.334995 30.8681490139815 87.9061657401768
0.335495 30.9142215658315 88.0825284130085
0.335995 30.9602941176815 88.5236376986641
0.336495 31.0063666695315 88.6021904163268
0.336995 31.0524392213815 88.8106305506714
0.337495 31.0985117732315 89.2059167648348
0.337995 31.1445843250815 89.7106349145939
0.338495 31.1906568769315 89.7415711970513
0.338995 31.2367294287815 90.1117013834473
0.339495 31.2828019806315 90.4731320668588
0.339995 31.3288745324815 90.506447029575
0.340495 31.3749470843315 91.2336316119748
0.340995 31.4210196361815 91.1244588861827
0.341495 31.4670921880315 91.8129633726134
0.341995 31.5131647398815 91.957964375413
0.342495 31.5592372917315 92.3120501764485
0.342995 31.6053098435815 92.6544945768961
0.343495 31.6513823954315 92.8606408104291
0.343995 31.6974549472815 93.2056516328407
0.344495 31.7435274991315 93.4391062431199
0.344995 31.7896000509815 93.9746110134903
0.345495 31.8356726028315 93.9818920916775
0.345995 31.8817451546815 94.4769432419569
0.346495 31.9278177065315 94.765242231513
0.346995 31.9738902583815 95.2303859872495
0.347495 32.0199628102315 95.367513399693
0.347995 32.0660353620815 95.5649716565164
0.348495 32.1121079139315 96.2607753535354
0.348995 32.1581804657815 96.3825487537237
0.349495 32.2042530176315 96.6178961083197
0.349995 32.2503255694815 97.2471640598311
0.350495 32.2963981213315 97.4662622178908
0.350995 32.3424706731815 97.5843983643574
0.351495 32.3885432250315 98.2328415360184
0.351995 32.4346157768815 98.3629333817197
0.352495 32.4806883287315 98.8129661441957
0.352995 32.5267608805815 99.1035797739645
0.353495 32.5728334324315 99.4096058935579
0.353995 32.6189059842815 99.6564565673158
0.354495 32.6649785361315 100.077296187803
0.354995 32.7110510879815 100.447358905813
0.355495 32.7571236398315 100.940012661518
0.355995 32.8031961916815 101.186679931025
0.356495 32.8492687435315 101.357436832428
0.356995 32.8953412953815 101.931719739843
0.357495 32.9414138472315 102.44218629531
0.357995 32.9874863990815 102.346427779366
0.358495 33.0335589509315 102.927689952003
0.358995 33.0796315027815 103.61492459558
0.359495 33.1257040546315 103.61857184614
0.359995 33.1717766064815 104.185090749027
0.360495 33.2178491583315 104.422068652475
0.360995 33.2639217101815 104.624100498109
0.361495 33.3099942620315 105.236594172409
0.361995 33.3560668138815 105.703474913728
0.362495 33.4021393657315 106.010622326556
0.362995 33.4482119175815 106.183255194826
0.363495 33.4942844694315 106.639141004318
0.363995 33.5403570212815 107.236901614716
0.364495 33.5864295731315 107.413600679646
0.364995 33.6325021249815 107.959724694701
0.365495 33.6785746768315 108.164809554709
0.365995 33.7246472286815 108.581776516979
0.366495 33.7707197805315 109.160900983482
0.366995 33.8167923323815 109.445738117148
0.367495 33.8628648842315 110.097287498197
0.367995 33.9089374360815 110.537255065663
0.368495 33.9550099879315 110.751354417192
0.368995 34.0010825397815 111.286391173089
0.369495 34.0471550916315 111.5636198712
0.369995 34.0932276434815 111.968670266693
0.370495 34.1393001953315 112.642840281403
0.370995 34.1853727471815 112.834994336194
0.371495 34.2314452990315 113.320180815623
0.371995 34.2775178508815 113.966320153668
0.372495 34.3235904027315 114.000445022975
0.372995 34.3696629545815 114.764978023866
0.373495 34.4157355064315 115.112720605374
0.373995 34.4618080582815 115.438497332751
0.374495 34.5078806101315 116.060375921363
0.374995 34.5539531619815 116.777763275465
0.375495 34.6000257138315 117.133095204232
0.375995 34.6460982656815 117.636730053857
0.376495 34.6921708175315 118.014379366353
0.376995 34.7382433693815 118.425752481969
0.377495 34.7843159212315 118.933894796946
0.377995 34.8303884730815 119.255746558715
0.378495 34.8764610249315 119.639085617714
0.378995 34.9225335767815 120.142648568441
0.379495 34.9686061286315 120.636501642653
0.379995 35.0146786804815 121.051978824218
0.380495 35.0607512323315 121.818748133278
0.380995 35.1068237841815 122.118426201552
0.381495 35.1528963360315 122.820782319629
0.381995 35.1989688878815 123.423798709438
0.382495 35.2450414397315 123.801315822326
0.382995 35.2911139915815 124.131638583412
0.383495 35.3371865434315 124.775091959048
0.383995 35.3832590952815 124.754026786179
0.384495 35.4293316471315 123.486827287507
0.384995 35.4754041989815 120.133250232583
0.385495 35.5214767508315 113.9929633898
0.385995 35.5675493026815 106.545183628376
0.386495 35.6136218545315 98.8133853806746
0.386995 35.6596944063815 91.7867363710561
0.387495 35.7057669582315 85.8868842355101
0.387995 35.7518395100815 80.7482665761434
0.388495 35.7979120619315 76.2066482855415
0.388995 35.8439846137815 72.5825331430242
0.389495 35.8900571656315 69.4247792148051
0.389995 35.9361297174815 66.5683158414401
0.390495 35.9822022693315 63.6271232661083
0.390995 36.0282748211815 60.7677101106427
0.391495 36.0743473730315 58.0416986703801
0.391995 36.1204199248815 55.4243802230055
0.392495 36.1664924767315 52.8265710995567
0.392995 36.2125650285815 50.2330353192917
0.393495 36.2586375804315 47.5704057759945
0.393995 36.3047101322815 44.9147994964735
0.394495 36.3507826841315 42.3755789139359
0.394995 36.3968552359815 39.8709662841677
0.395495 36.4429277878315 37.4201158008491
0.395995 36.4890003396815 35.140229090645
0.396495 36.5350728915315 33.1423954062301
0.396995 36.5811454433815 31.5261108279817
0.397495 36.6272179952315 30.1940921303874
0.397995 36.6732905470815 29.0750253651902
0.398495 36.7193630989315 28.2027358039195
0.398995 36.7654356507815 27.5865737629492
0.399495 36.8115082026315 27.1100006029839
0.399995 36.8575807544815 26.722503855196
0.400495 36.9036533063315 26.3680121945693
0.400995 36.9497258581815 26.0718447043885
0.401495 36.9957984100315 25.8406339042867
0.401995 37.0418709618815 25.5793512067429
0.402495 37.0879435137315 25.2505414759493
0.402995 37.1340160655815 24.8860070724114
0.403495 37.1800886174315 24.4826494442753
0.403995 37.2261611692815 24.0494709179781
0.404495 37.2722337211315 23.6037529944204
0.404995 37.3183062729815 23.129860675468
0.405495 37.3643788248315 22.6569884818737
0.405995 37.4104513766815 22.1692345882055
0.406495 37.4565239285315 21.6567971312341
0.406995 37.5025964803815 21.1805890433719
0.407495 37.5486690322315 20.6732499591969
0.407995 37.5947415840815 20.1333884972143
0.408495 37.6408141359315 19.6008186817868
0.408995 37.6868866877815 19.0866460478186
0.409495 37.7329592396315 18.6017177226189
0.409995 37.7790317914815 18.1291691402947
0.410495 37.8251043433315 17.675255938308
0.410995 37.8711768951815 17.2081509478764
0.411495 37.9172494470315 16.6509304460531
0.411995 37.9633219988815 16.0641490693849
0.412495 38.0093945507315 15.4206923292233
0.412995 38.0554671025815 14.7536031939149
0.413495 38.1015396544315 14.0658099873819
0.413995 38.1476122062815 13.3571891692853
0.414495 38.1936847581315 12.5919748748009
0.414995 38.2397573099815 11.8236338197875
0.415495 38.2858298618315 11.0063228130535
0.415995 38.3319024136815 10.1474865321975
0.416495 38.3779749655315 9.2586215476433
0.416995 38.4240475173815 8.28573076269521
0.417495 38.4701200692315 7.28680299423198
0.417995 38.5161926210815 6.22534658943201
0.418495 38.5622651729315 5.09173241160663
0.418995 38.6083377247815 3.93533084132592
0.419495 38.6544102766315 2.71108799641539
0.419995 38.7004828284815 1.42812629138497
0.420495 38.7465553803315 0.143351420247184
0.420995 38.7926279321815 -1.03522832167765
0.421495 38.8387004840315 -2.03888588668239
0.421995 38.8847730358815 -3.12849392825036
0.422495 38.9308455877315 -4.35362448874122
0.422995 38.9769181395815 -5.62794440405856
0.423495 39.0229906914315 -6.89192257547582
0.423995 39.0690632432815 -7.89145433753461
0.424495 39.1151357951315 -8.21600272561231
0.424995 39.1612083469815 -7.98396495561599
0.425495 39.2072808988315 -7.57069685478677
0.425995 39.2533534506815 -6.81255141255282
0.426495 39.2994260025315 -5.97075107217016
0.426995 39.3454985543815 -5.14606191275644
0.427495 39.3915711062315 -4.48421293635275
0.427995 39.4376436580815 -3.89618579846953
0.428495 39.4837162099315 -3.45397738389338
0.428995 39.5297887617815 -3.09071644528872
0.429495 39.5758613136315 -2.73385915455033
0.429995 39.6219338654815 -2.61482212155087
0.430495 39.6680064173315 -2.36578777840545
0.430995 39.7140789691815 -2.03381791794925
0.431495 39.7601515210315 -1.98736655101086
0.431995 39.8062240728815 -2.16897536416869
0.432495 39.8522966247315 -2.04274025150171
0.432995 39.8983691765815 -2.35632169514411
0.433495 39.9444417284315 -2.302022343748
0.433995 39.9905142802815 -2.37737191923127
0.434495 40.0365868321315 -2.51578051159914
0.434995 40.0826593839815 -2.75779284414427
0.435495 40.1287319358315 -2.89250383593803
0.435995 40.1748044876815 -2.76522115141174
0.436495 40.2208770395315 -2.73778829819563
0.436995 40.2669495913815 -2.82241664819697
0.437495 40.3130221432315 -2.5727020747248
0.437995 40.3590946950815 -2.33063848482179
0.438495 40.4051672469315 -2.12697970223806
0.438995 40.4512397987815 -1.9208339009545
0.439495 40.4973123506315 -1.75628205681911
0.439995 40.5433849024815 -1.22694689939812
0.440495 40.5894574543315 -1.18833870623257
0.440995 40.6355300061815 -0.959018128538777
0.441495 40.6816025580315 -0.915765724669464
0.441995 40.7276751098815 -0.965092920831433
0.442495 40.7737476617315 -0.939113030372831
0.442995 40.8198202135815 -0.903894346874095
0.443495 40.8658927654315 -0.930063201725563
0.443995 40.9119653172815 -0.928172836152287
0.444495 40.9580378691315 -0.699105660800308
0.444995 41.0041104209815 -0.556039744496804
0.445495 41.0501829728315 -0.456905738661037
0.445995 41.0962555246815 -0.524124394934691
0.446495 41.1423280765315 -0.398946218591405
0.446995 41.1884006283815 -0.361331585547664
0.447495 41.2344731802315 -0.158542617677907
0.447995 41.2805457320815 -0.180667483544751
0.448495 41.3266182839315 -0.168162691986558
0.448995 41.3726908357815 -0.0930662035181984
0.449495 41.4187633876315 -0.22548567582141
0.449995 41.4648359394815 -0.279801062321768
0.450495 41.5109084913315 -0.389983576064158
0.450995 41.5569810431815 -0.4876220378149
0.451495 41.6030535950315 -0.458779581718977
0.451995 41.6491261468815 -0.614666925071713
0.452495 41.6951986987315 -0.856913889094092
0.452995 41.7412712505815 -0.802174430087437
0.453495 41.7873438024315 -0.903127564865477
0.453995 41.8334163542815 -1.09226423653402
0.454495 41.8794889061315 -1.1097306035739
0.454995 41.9255614579815 -1.01664934821727
0.455495 41.9716340098315 -0.812276576341501
0.455995 42.0177065616815 -0.53021316235744
0.456495 42.0637791135315 -0.535985885961967
0.456995 42.1098516653815 -0.556853030854751
0.457495 42.1559242172315 -0.288517037533042
0.457995 42.2019967690815 -0.355131079058044
0.458495 42.2480693209315 -0.186207592029338
0.458995 42.2941418727815 -0.0996913595447658
0.459495 42.3402144246315 -0.257896692350804
0.459995 42.3862869764815 -0.213662043223763
0.460495 42.4323595283315 -0.374278447060668
0.460995 42.4784320801815 -0.40642447964973
0.461495 42.5245046320315 -0.520251328731646
0.461995 42.5705771838815 -0.666018231925896
0.462495 42.6166497357315 -0.716560735331394
0.462995 42.6627222875815 -0.797792349154498
0.463495 42.7087948394315 -0.71497458907619
0.463995 42.7548673912815 -0.496764019156229
0.464495 42.8009399431315 -0.449996605916527
0.464995 42.8470124949815 -0.448446110940226
0.465495 42.8930850468315 -0.481962980816687
0.465995 42.9391575986815 -0.47440344782501
0.466495 42.9852301505315 -0.305758574465827
0.466995 43.0313027023815 -0.360310322657607
0.467495 43.0773752542315 -0.351026175370612
0.467995 43.1234478060815 -0.273141830371604
0.468495 43.1695203579315 -0.417574789070772
0.468995 43.2155929097815 -0.350845829061963
0.469495 43.2616654616315 -0.426956036509257
0.469995 43.3077380134815 -0.275918909740989
0.470495 43.3538105653315 -0.407401052591398
0.470995 43.3998831171815 -0.394848527495827
0.471495 43.4459556690315 -0.4814216505181
0.471995 43.4920282208815 -0.526143209505586
0.472495 43.5381007727315 -0.60862643297153
0.472995 43.5841733245815 -0.662059876664651
0.473495 43.6302458764315 -0.569444396861466
0.473995 43.6763184282815 -0.442759315677845
0.474495 43.7223909801315 -0.378775978613775
0.474995 43.7684635319815 -0.352946484075075
0.475495 43.8145360838315 -0.47751409783084
0.475995 43.8606086356815 -0.416289815821569
0.476495 43.9066811875315 -0.498472169398615
0.476995 43.9527537393815 -0.41248386423649
0.477495 43.9988262912315 -0.377582374976028
0.477995 44.0448988430815 -0.324261327404959
0.478495 44.0909713949315 -0.425577103496583
0.478995 44.1370439467815 -0.396472809455699
0.479495 44.1831164986315 -0.434644244514277
0.479995 44.2291890504815 -0.338834636168978
0.480495 44.2752616023315 -0.110674100021912
0.480995 44.3213341541815 -0.253051512850287
0.481495 44.3674067060315 -0.220513484622887
0.481995 44.4134792578815 -0.326756707527626
0.482495 44.4595518097315 -0.359831228742552
0.482995 44.5056243615815 -0.275091295108496
0.483495 44.5516969134315 -0.30395852402453
0.483995 44.5977694652815 -0.272295532841602
0.484495 44.6438420171315 -0.349320990519967
0.484995 44.6899145689815 -0.452751537692569
0.485495 44.7359871208315 -0.463411649068951
0.485995 44.7820596726815 -0.507107402006336
0.486495 44.8281322245315 -0.674614719069051
0.486995 44.8742047763815 -0.63100390415831
0.487495 44.9202773282315 -0.645472516815595
0.487995 44.9663498800815 -0.535142871190732
0.488495 45.0124224319315 -0.732542799878132
0.488995 45.0584949837815 -0.650192772939924
0.489495 45.1045675356315 -0.559990221978911
0.489995 45.1506400874815 -0.564437388825123
0.490495 45.1967126393315 -0.64802711260368
0.490995 45.2427851911815 -0.659653034784684
0.491495 45.2888577430315 -0.532606023364964
0.491995 45.3349302948815 -0.47235580743151
0.492495 45.3810028467315 -0.383086931212479
0.492995 45.4270753985815 -0.248833501444726
0.493495 45.4731479504315 -0.216553427210114
0.493995 45.5192205022815 -0.248710194239174
0.494495 45.5652930541315 -0.229177824241243
0.494995 45.6113656059815 -0.162837656155605
0.495495 45.6574381578315 -0.16874933169989
0.495995 45.7035107096815 -0.205466686923521
0.496495 45.7495832615315 -0.223427592458064
0.496995 45.7956558133815 -0.214294879381221
0.497495 45.8417283652315 -0.0142626243695658
0.497995 45.8878009170815 -0.116743508219037
0.498495 45.9338734689315 -0.00341236943841497
0.498995 45.9799460207815 0.103546620388964
0.499495 46.0260185726315 -0.0173360994131369
0.499995 46.0720911244815 -0.0858247386485015
