# Fix print output for fix Step
1.14910936121165e-16 1.4210854715202e-15 -1.59505347209499
0.000495000000000176 0.00612158713650217 2.88760752447964
0.000995000000000226 0.0123050084865028 0.62770914364598
0.00149500000000016 0.018488429836502 3.60875770740271
0.0019950000000001 0.0246718511865012 0.835066538727897
0.00249500000000015 0.0308552725365018 3.48973453617098
0.0029950000000002 0.0370386938865025 3.03564759794542
0.00349500000000014 0.0432221152365017 4.12108647626477
0.00399500000000019 0.0494055365865023 3.41528459869763
0.00449500000000012 0.0555889579365015 3.25327565802371
0.00499500000000017 0.0617723792865021 5.16386894335739
0.00549500000000011 0.0679558006365013 4.53682815476649
0.00599500000000016 0.074139221986502 6.99774238480179
0.00649500000000021 0.0803226433365026 3.59350746499384
0.00699500000000015 0.0865060646865018 7.6151274678829
0.00749500000000008 0.092689486036501 4.74151148274872
0.00799500000000013 0.0988729073865016 8.88013173221876
0.00849500000000018 0.105056328736502 5.41449484703135
0.00899500000000012 0.111239750086501 9.32734150572175
0.00949500000000017 0.117423171436502 5.46842447657228
0.00999500000000022 0.123606592786503 10.3843466108763
0.0104950000000002 0.129790014136502 7.24569030004714
0.0109950000000001 0.135973435486501 10.2491025818025
0.0114950000000001 0.142156856836502 7.7681369926419
0.0119950000000002 0.148340278186502 10.4090463034715
0.0124950000000001 0.154523699536502 9.57868530145676
0.0129950000000002 0.160707120886502 10.9901468172044
0.0134950000000001 0.166890542236501 10.8631593698921
0.0139950000000002 0.173073963586502 10.6773189333038
0.0144950000000001 0.179257384936501 11.79003297835
0.0149950000000002 0.185440806286502 11.2395798230421
0.0154950000000002 0.191624227636503 12.9924289588123
0.0159950000000001 0.197807648986502 10.9724607219176
0.0164950000000002 0.203991070336502 13.626607313311
0.0169950000000001 0.210174491686502 11.9119831448039
0.0174950000000002 0.216357913036502 14.9081472835657
0.0179950000000001 0.222541334386501 12.0433992342466
0.0184950000000002 0.228724755736502 15.1363844251623
0.0189950000000002 0.234908177086503 12.9004281416399
0.0194950000000002 0.241091598436502 16.3090802019074
0.0199950000000001 0.247275019786501 13.9141328666934
0.0204950000000001 0.253458441136502 16.2444848811082
0.0209950000000002 0.259641862486502 14.625512277455
0.0214950000000001 0.265825283836502 17.0026714207495
0.0219950000000002 0.272008705186502 16.2516326510316
0.0224950000000002 0.278192126536503 16.9710046333772
0.0229950000000002 0.284375547886502 16.6666177254741
0.0234950000000001 0.290558969236501 17.6083711125354
0.0239950000000002 0.296742390586502 18.0396011285403
0.0244950000000002 0.302925811936502 17.866401253962
0.0249950000000001 0.309109233286502 18.9513699221543
0.0254950000000002 0.315292654636502 18.2989811414482
0.0259950000000001 0.321476075986502 19.6352364156525
0.0264950000000002 0.327659497336502 18.1223321800041
0.0269950000000001 0.333842918686501 20.5406218354605
0.0274950000000002 0.340026340036502 19.1307355508587
0.0279950000000002 0.346209761386503 21.3118373734603
0.0284950000000001 0.352393182736502 19.7064264581702
0.0289950000000001 0.358576604086501 21.6507629372586
0.0294950000000001 0.364760025436502 19.7797122078268
0.0299950000000002 0.370943446786502 22.1245841339124
0.0304950000000001 0.377126868136502 20.7911904335714
0.0309950000000002 0.383310289486502 22.9820477178878
0.0314950000000002 0.389493710836503 21.9127883592304
0.0319950000000002 0.395677132186502 23.538960857206
0.0324950000000001 0.401860553536501 22.3427523650567
0.0329950000000001 0.408043974886502 23.6518424798698
0.0334950000000002 0.414227396236502 22.9611713861899
0.0339950000000001 0.420410817586502 24.2188066770313
0.0344950000000002 0.426594238936502 24.1952694969947
0.0349950000000001 0.432777660286501 24.8943553424426
0.0354950000000002 0.438961081636502 24.3768100590053
0.0359950000000001 0.445144502986501 25.1458172382951
0.036495 0.451327924336501 25.4768824881847
0.0369950000000002 0.457511345686503 25.7517667662342
0.0374950000000001 0.463694767036502 25.5990031086309
0.0379950000000001 0.469878188386501 25.8271732929293
0.038495 0.4760616097365 26.6308105476983
0.0389950000000002 0.482245031086502 27.0235669698951
0.0394950000000001 0.488428452436501 27.3924160290439
0.0399950000000001 0.494611873786501 26.9890342002783
0.0404950000000002 0.500795295136503 27.9119374148781
0.0409950000000002 0.506978716486502 27.6095961530832
0.0414950000000001 0.513162137836501 28.8615506445616
0.041995 0.5193455591865 28.3542500594599
0.0424950000000002 0.525528980536502 29.0371694631491
0.0429950000000001 0.531712401886502 28.0530180205806
0.0434950000000001 0.537895823236501 29.5364963470516
0.0439950000000002 0.544079244586503 29.1461907998511
0.0444950000000002 0.550262665936502 30.6860031500358
0.0449950000000001 0.556446087286501 29.7488464547341
0.045495 0.562629508636501 30.841347371384
0.0459950000000002 0.568812929986503 30.2855924946438
0.0464950000000001 0.574996351336502 31.7593696213628
0.0469950000000001 0.581179772686501 31.3655171109168
0.047495 0.5873631940365 32.284389117545
0.0479950000000002 0.593546615386502 31.4082899154834
0.0484950000000001 0.599730036736501 32.4211426645736
0.0489950000000001 0.605913458086501 32.242408265893
0.0494950000000002 0.612096879436503 33.7144677522012
0.0499950000000002 0.618280300786502 32.9425765809093
0.0504950000000001 0.624463722136501 33.3203459753404
0.050995 0.6306471434865 33.2546476671736
0.0514950000000002 0.636830564836502 34.2434557839194
0.0519950000000001 0.643013986186502 34.5594769502022
0.0524950000000001 0.649197407536501 34.625341806799
0.0529950000000002 0.655380828886503 34.827432308298
0.0534950000000002 0.661564250236502 34.9819420844033
0.0539950000000001 0.667747671586501 35.5570483683773
0.054495 0.6739310929365 35.6536831246408
0.0549950000000002 0.680114514286502 36.1895339751053
0.0554950000000001 0.686297935636502 36.0885016464544
0.0559950000000001 0.692481356986501 36.5819050927113
0.056495 0.6986647783365 36.4738795585097
0.0569950000000002 0.704848199686502 37.5493634356881
0.0574950000000001 0.711031621036501 37.0735625527462
0.057995 0.717215042386501 37.7813016897204
0.0584950000000002 0.723398463736503 37.4388070586014
0.0589950000000002 0.729581885086502 38.3108972442885
0.0594950000000001 0.735765306436501 38.2049405849495
0.059995 0.7419487277865 38.9697166841532
0.0604950000000002 0.748132149136502 38.8308766947171
0.0609950000000001 0.754315570486501 39.3387748963443
0.0614950000000001 0.760498991836501 39.5450357150866
0.0619950000000002 0.766682413186503 40.0493238044529
0.0624950000000002 0.772865834536502 39.8417953671918
0.0629950000000001 0.779049255886501 40.0530142694876
0.063495 0.7852326772365 40.4735588551295
0.0639950000000002 0.791416098586502 40.8965630681741
0.0644950000000001 0.797599519936502 41.1389021665436
0.0649950000000001 0.803782941286501 41.4116547751841
0.0654950000000002 0.809966362636503 41.4920290854128
0.0659950000000002 0.816149783986502 41.7089758306303
0.0664950000000001 0.822333205336501 41.980927578385
0.066995 0.828516626686501 41.7919725679708
0.0674950000000002 0.834700048036503 42.5773691551601
0.0679950000000001 0.840883469386502 42.5326395563519
0.0684950000000001 0.847066890736501 42.7428747019915
0.068995 0.8532503120865 42.5383450969461
0.0694950000000002 0.859433733436502 43.734062913738
0.0699950000000001 0.865617154786501 43.595547360929
0.0704950000000001 0.871800576136501 44.3856276013862
0.0709950000000002 0.877983997486503 43.6625114215815
0.0714950000000002 0.884167418836502 44.4487741726036
0.0719950000000001 0.890350840186501 44.5854128631838
0.072495 0.8965342615365 45.4489449973625
0.0729950000000002 0.902717682886502 44.6121917795388
0.0734950000000001 0.908901104236502 45.6371130512635
0.0739950000000001 0.915084525586501 45.3544819835074
0.0744950000000002 0.921267946936503 46.3931574368471
0.0749950000000002 0.927451368286502 45.8252026655861
0.0754950000000001 0.933634789636501 46.6451621909
0.075995 0.9398182109865 46.3328827300553
0.0764950000000002 0.946001632336502 47.3104889408655
0.0769950000000001 0.952185053686502 46.984976710232
0.0774950000000001 0.958368475036501 47.5748822659162
0.077995 0.9645518963865 47.4527731291949
0.0784950000000002 0.970735317736502 48.0809825337868
0.0789950000000001 0.976918739086501 47.8201443879482
0.0794950000000001 0.983102160436501 48.4251240791741
0.0799950000000002 0.989285581786503 48.8040316150379
0.0804950000000001 0.995469003136502 48.6751859908376
0.0809950000000001 1.0016524244865 48.633814890507
0.081495 1.0078358458365 49.0411621270341
0.0819950000000002 1.0140192671865 49.633174927124
0.0824950000000001 1.0202026885365 49.7832728619576
0.0829950000000001 1.0263861098865 49.8899958859542
0.0834950000000002 1.0325695312365 49.6691349470885
0.0839950000000002 1.0387529525865 50.5119709853641
0.0844950000000001 1.0449363739365 50.6111549027701
0.084995 1.0511197952865 50.718489376588
0.0854950000000002 1.0573032166365 50.7296072586601
0.0859950000000001 1.0634866379865 51.4256937790662
0.0864950000000001 1.0696700593365 51.3887923579638
0.0869950000000002 1.0758534806865 51.6788421173106
0.0874950000000002 1.0820369020365 51.691282714163
0.0879950000000001 1.0882203233865 52.3878043193916
0.088495 1.0944037447365 52.2060919845847
0.0889950000000002 1.1005871660865 52.63290258702
0.0894950000000001 1.1067705874365 52.6969236228719
0.0899950000000001 1.1129540087865 53.0780439330578
0.0904950000000003 1.1191374301365 53.1174183589639
0.0909950000000002 1.1253208514865 53.0236069349184
0.0914950000000001 1.1315042728365 53.6843962022256
0.0919950000000001 1.1376876941865 53.9718609897219
0.0924950000000002 1.1438711155365 54.1846956552266
0.0929950000000002 1.1500545368865 53.878256908925
0.0934950000000001 1.1562379582365 54.3483893169953
0.093995 1.1624213795865 54.5971303758188
0.0944950000000002 1.1686048009365 54.9042405860671
0.0949950000000001 1.1747882222865 54.9684718150537
0.0954950000000001 1.1809716436365 55.6765128152586
0.095995 1.1871550649865 55.562895190924
0.0964950000000002 1.1933384863365 55.7551990304176
0.0969950000000001 1.1995219076865 55.5200905440156
0.097495 1.2057053290365 56.5228722756262
0.0979950000000002 1.2118887503865 56.437837118507
0.0984950000000001 1.2180721717365 56.685188490221
0.0989950000000001 1.2242555930865 56.2039065449738
0.099495 1.2304390144365 56.9422460772648
0.0999950000000002 1.2366224357865 57.196907887136
0.100495 1.2428058571365 57.6264771966157
0.100995 1.2489892784865 57.2676187001102
0.101495 1.2551726998365 57.8223386719067
0.101995 1.2613561211865 58.0302843003962
0.102495 1.2675395425365 58.4035318180443
0.102995 1.2737229638865 57.8786839471962
0.103495 1.2799063852365 58.4307921219163
0.103995 1.2860898065865 58.8093294966437
0.104495 1.2922732279365 59.0772161361002
0.104995 1.2984566492865 58.7885639189522
0.105495 1.3046400706365 59.2611444118363
0.105995 1.3108234919865 59.5560822567383
0.106495 1.3170069133365 59.7459743281869
0.106995 1.3231903346865 59.8412165511137
0.107495 1.3293737560365 59.7047886950002
0.107995 1.3355571773865 60.2168538415726
0.108495 1.3417405987365 60.7226621399981
0.108995 1.3479240200865 60.3702763092643
0.109495 1.3541074414365 60.3551445195536
0.109995 1.3602908627865 61.2206594278686
0.110495 1.3664742841365 61.2213415006745
0.110995 1.3726577054865 61.5380197157593
0.111495 1.3788411268365 61.6282072344964
0.111995 1.3850245481865 61.8966764771643
0.112495 1.3912079695365 61.5964713751951
0.112995 1.3973913908865 62.2101706297158
0.113495 1.4035748122365 62.1678626984781
0.113995 1.4097582335865 62.4290926470372
0.114495 1.4159416549365 62.4986394035104
0.114995 1.4221250762865 63.2249119088867
0.115495 1.4283084976365 63.0205775221074
0.115995 1.4344919189865 63.308042608782
0.116495 1.4406753403365 63.0896510260036
0.116995 1.4468587616865 63.8510096380816
0.117495 1.4530421830365 63.6592642849275
0.117995 1.4592256043865 64.117073390085
0.118495 1.4654090257365 63.9993811282232
0.118995 1.4715924470865 64.47204584919
0.119495 1.4777758684365 64.0764763872183
0.119995 1.4839592897865 65.0653260752829
0.120495 1.4901427111365 64.5343408759702
0.120995 1.4963261324865 65.1425950245032
0.121495 1.5025095538365 64.8691476108115
0.121995 1.5086929751865 65.7559967420389
0.122495 1.5148763965365 65.4211063896525
0.122995 1.5210598178865 65.9585610138221
0.123495 1.5272432392365 65.3783815608215
0.123995 1.5334266605865 65.7978804238032
0.124495 1.5396100819365 66.0177366344167
0.124995 1.5457935032865 66.4915286823334
0.125495 1.5519769246365 66.175896860829
0.125995 1.5581603459865 66.909901735115
0.126495 1.5643437673365 66.4906558926479
0.126995 1.5705271886865 66.995930947242
0.127495 1.5767106100365 67.0835524459859
0.127995 1.5828940313865 67.3810693964922
0.128495 1.5890774527365 67.2407812610857
0.128995 1.5952608740865 67.7700389311822
0.129495 1.6014442954365 67.7146877631399
0.129995 1.6076277167865 67.8953674834138
0.130495 1.6138111381365 68.0837944809782
0.130995 1.6199945594865 68.3865588717264
0.131495 1.6261779808365 68.4774782985204
0.131995 1.6323614021865 68.5081211452567
0.132495 1.6385448235365 68.6020062792702
0.132995 1.6447282448865 68.9345054549602
0.133495 1.6509116662365 68.9713297251143
0.133995 1.6570950875865 69.2204037324248
0.134495 1.6632785089365 69.3043529777114
0.134995 1.6694619302865 69.2849773803992
0.135495 1.6756453516365 69.7766109152061
0.135995 1.6818287729865 69.8475691713502
0.136495 1.6880121943365 69.8065135615641
0.136995 1.6941956156865 70.0587403377284
0.137495 1.7003790370365 70.0264682223362
0.137995 1.7065624583865 70.1399204031543
0.138495 1.7127458797365 70.4206720454044
0.138995 1.7189293010865 70.5771939609704
0.139495 1.7251127224365 71.0856133396211
0.139995 1.7312961437865 70.8955898531245
0.140495 1.7374795651365 70.9778966146311
0.140995 1.7436629864865 70.9788442404783
0.141495 1.7498464078365 71.3625047632181
0.141995 1.7560298291865 71.425068637819
0.142495 1.7622132505365 71.7449347106938
0.142995 1.7683966718865 71.8397294457239
0.143495 1.7745800932365 72.1273231030642
0.143995 1.7807635145865 71.7191980982428
0.144495 1.7869469359365 71.9949684643295
0.144995 1.7931303572865 72.1462470771973
0.145495 1.7993137786365 72.5357901408635
0.145995 1.8054971999865 72.3374494017911
0.146495 1.8116806213365 72.6785498796628
0.146995 1.8178640426865 72.7111674693234
0.147495 1.8240474640365 73.2710247687342
0.147995 1.8302308853865 73.1315164523377
0.148495 1.8364143067365 73.1714505568589
0.148995 1.8425977280865 73.1874419227185
0.149495 1.8487811494365 73.7224994055698
0.149995 1.8549645707865 73.5398750122494
0.150495 1.8611479921365 73.7144197774872
0.150995 1.8673314134865 73.8794715396285
0.151495 1.8735148348365 74.100844638609
0.151995 1.8796982561865 74.1014113423123
0.152495 1.8858816775365 74.2893768074642
0.152995 1.8920650988865 74.3735113908711
0.153495 1.8982485202365 74.4610916384125
0.153995 1.9044319415865 74.4816913014325
0.154495 1.9106153629365 74.6779144715649
0.154995 1.9167987842865 74.6721728355888
0.155495 1.9229822056365 75.0135808397195
0.155995 1.9291656269865 75.2659991305877
0.156495 1.9353490483365 75.163096876581
0.156995 1.9415324696865 75.0630049784373
0.157495 1.9477158910365 75.302231236563
0.157995 1.9538993123865 75.5637070688615
0.158495 1.9600827337365 75.7749055538148
0.158995 1.9662661550865 75.5961286013874
0.159495 1.9724495764365 75.8853333386291
0.159995 1.9786329977865 76.0074110680672
0.160495 1.9848164191365 76.1582504234302
0.160995 1.9909998404865 76.0897383978445
0.161495 1.9971832618365 76.066537757339
0.161995 2.0033666831865 76.2607603200521
0.162495 2.0095501045365 76.9056251494595
0.162995 2.0157335258865 76.8417432002041
0.163495 2.0219169472365 76.9761444139759
0.163995 2.0281003685865 76.7453335883261
0.164495 2.0342837899365 76.985712198505
0.164995 2.0404672112865 77.0963390475085
0.165495 2.0466506326365 77.0405186657003
0.165995 2.0528340539865 77.3133549176155
0.166495 2.0590174753365 77.5990678296593
0.166995 2.0652008966865 77.5506076510366
0.167495 2.0713843180365 77.4161238681978
0.167995 2.0775677393865 77.936192675609
0.168495 2.0837511607365 77.9542996244625
0.168995 2.0899345820865 77.8197187309668
0.169495 2.0961180034365 77.9936457284669
0.169995 2.1023014247865 78.0617759232694
0.170495 2.1084848461365 78.4858968621013
0.170995 2.1146682674865 78.519460548823
0.171495 2.1208516888365 78.4620021468384
0.171995 2.1270351101865 78.6379663568259
0.172495 2.1332185315365 78.6381473920496
0.172995 2.1394019528865 79.0231395847376
0.173495 2.1455853742365 79.044554327707
0.173995 2.1517687955865 78.9320261296982
0.174495 2.1579522169365 79.1179670758226
0.174995 2.1641356382865 79.468924067613
0.175495 2.1703190596365 79.4117324525888
0.175995 2.1765024809865 79.4401046679584
0.176495 2.1826859023365 79.4105719666639
0.176995 2.1888693236865 79.6623800775898
0.177495 2.1950527450365 79.7146189559932
0.177995 2.2012361663865 79.8606096027669
0.178495 2.2074195877365 79.7609230422249
0.178995 2.2136030090865 80.3479994748492
0.179495 2.2197864304365 80.3091803002144
0.179995 2.2259698517865 80.5390410243613
0.180495 2.2321532731365 80.2912162106558
0.180995 2.2383366944865 80.5668054998279
0.181495 2.2445201158365 80.271455356301
0.181995 2.2507035371865 80.6595106110387
0.182495 2.2568869585365 80.6062995883705
0.182995 2.2630703798865 81.2597892570569
0.183495 2.2692538012365 80.8464018953203
0.183995 2.2754372225865 81.0084527573128
0.184495 2.2816206439365 80.7702748937604
0.184995 2.2878040652865 81.320958265939
0.185495 2.2939874866365 80.970063851599
0.185995 2.3001709079865 81.4414896360188
0.186495 2.3063543293365 81.1774432891177
0.186995 2.3125377506865 81.6359514740349
0.187495 2.3187211720365 81.5286487216765
0.187995 2.3249045933865 81.692723510268
0.188495 2.3310880147365 81.4154191695465
0.188995 2.3372714360865 82.1241759137584
0.189495 2.3434548574365 81.9459720358775
0.189995 2.3496382787865 82.1151589429244
0.190495 2.3558217001365 81.8583094917958
0.190995 2.3620051214865 82.4627367451953
0.191495 2.3681885428365 82.2148120796262
0.191995 2.3743719641865 82.4871329913626
0.192495 2.3805553855365 82.1712697381912
0.192995 2.3867388068865 82.4966755614603
0.193495 2.3929222282365 82.6486089498509
0.193995 2.3991056495865 82.7312495156908
0.194495 2.4052890709365 82.6474924711845
0.194995 2.4114724922865 82.9533974611535
0.195495 2.4176559136365 83.0485080802589
0.195995 2.4238393349865 82.9682016273597
0.196495 2.4300227563365 82.9968514824114
0.196995 2.4362061776865 83.2896881749442
0.197495 2.4423895990365 83.4153237773264
0.197995 2.4485730203865 83.2041849123555
0.198495 2.4547564417365 83.4003533763956
0.198995 2.4609398630865 83.4393470831735
0.199495 2.4671232844365 83.8166465388521
0.199995 2.4733067057865 83.5521657435997
0.200495 2.4794901271365 83.8004226389549
0.200995 2.4856735484865 83.8165038553651
0.201495 2.4918569698365 83.8373139152131
0.201995 2.4980403911865 84.0149468879937
0.202495 2.5042238125365 84.19242920838
0.202995 2.5104072338865 84.0526828594342
0.203495 2.5165906552365 84.2547305724496
0.203995 2.5227740765865 84.2867032766784
0.204495 2.5289574979365 84.4387468383804
0.204995 2.5351409192865 84.4635588818808
0.205495 2.5413243406365 84.4350206851642
0.205995 2.5475077619865 84.6368712233174
0.206495 2.5536911833365 84.7252785014474
0.206995 2.5598746046865 84.5383899083551
0.207495 2.5660580260365 84.7401120392028
0.207995 2.5722414473865 84.8357114001075
0.208495 2.5784248687365 84.8835224911353
0.208995 2.5846082900865 84.9084454206723
0.209495 2.5907917114365 85.0889863654422
0.209995 2.5969751327865 85.0793874183063
0.210495 2.6031585541365 85.2390006779111
0.210995 2.6093419754865 85.1783528358551
0.211495 2.6155253968365 85.2338998141417
0.211995 2.6217088181865 85.503791377045
0.212495 2.6278922395365 85.6948735383153
0.212995 2.6340756608865 85.4588935289571
0.213495 2.6402590822365 85.7066813849809
0.213995 2.6464425035865 85.5972165932333
0.214495 2.6526259249365 85.857227267233
0.214995 2.6588093462865 85.6568560955704
0.215495 2.6649927676365 85.9306155529095
0.215995 2.6711761889865 85.9264804836381
0.216495 2.6773596103365 86.2041199792341
0.216995 2.6835430316865 86.0403261098651
0.217495 2.6897264530365 86.1774326797355
0.217995 2.6959098743865 86.1942737129843
0.218495 2.7020932957365 86.4758781814763
0.218995 2.7082767170865 86.3636601812814
0.219495 2.7144601384365 86.4543402801548
0.219995 2.7206435597865 86.7212721688584
0.220495 2.7268269811365 86.7694926993307
0.220995 2.7330104024865 86.6346035571571
0.221495 2.7391938238365 86.6818065752697
0.221995 2.7453772451865 86.9645422636732
0.222495 2.7515606665365 86.9011402318033
0.222995 2.7577440878865 87.1596795319469
0.223495 2.7639275092365 87.2586999123913
0.223995 2.7701109305865 87.3579450519621
0.224495 2.7762943519365 87.2517333753269
0.224995 2.7824777732865 87.6502356523535
0.225495 2.7886611946365 87.4713258283468
0.225995 2.7948446159865 87.5697506707964
0.226495 2.8010280373365 87.5334207539137
0.226995 2.8072114586865 87.8049740731482
0.227495 2.8133948800365 87.4874392893091
0.227995 2.8195783013865 87.8077952628562
0.228495 2.8257617227365 87.5964042773646
0.228995 2.8319451440865 88.1995972058677
0.229495 2.8381285654365 87.9520924074212
0.229995 2.8443119867865 88.2513644973677
0.230495 2.8504954081365 88.0143409440225
0.230995 2.8566788294865 88.347413482951
0.231495 2.8628622508365 88.0911631659555
0.231995 2.8690456721865 88.4523267854383
0.232495 2.8752290935365 88.1662947304945
0.232995 2.8814125148865 88.7641330640747
0.233495 2.8875959362365 88.4641288498258
0.233995 2.8937793575865 89.1893649193485
0.234495 2.8999627789365 88.5362029708579
0.234995 2.9061462002865 89.1157819235601
0.235495 2.9123296216365 88.4508094725998
0.235995 2.9185130429865 89.0460659805755
0.236495 2.9246964643365 88.9782724305813
0.236995 2.9308798856865 89.0977127660431
0.237495 2.9370633070365 89.2567677905518
0.237995 2.9432467283865 89.2603072482696
0.238495 2.9494301497365 89.1050588664076
0.238995 2.9556135710865 89.3321025313363
0.239495 2.9617969924365 89.6593596467255
0.239995 2.9679804137865 89.6049335914034
0.240495 2.9741638351365 89.2715845799259
0.240995 2.9803472564865 89.7374988550688
0.241495 2.9865306778365 89.8090820331055
0.241995 2.9927140991865 89.8311852877798
0.242495 2.9988975205365 90.0283198537422
0.242995 3.0050809418865 89.7019769676363
0.243495 3.0112643632365 89.952704140014
0.243995 3.0174477845865 90.4888315057059
0.244495 3.0236312059365 90.436659685446
0.244995 3.0298146272865 90.1002141970447
0.245495 3.0359980486365 90.2720389670081
0.245995 3.0421814699865 90.3204415112206
0.246495 3.0483648913365 90.831647279832
0.246995 3.0545483126865 90.2051947821748
0.247495 3.0607317340365 90.7613319500155
0.247995 3.0669151553865 90.702652480905
0.248495 3.0730985767365 91.0898073317399
0.248995 3.0792819980865 90.757790690654
0.249495 3.0854654194365 91.2316889826363
0.249995 3.0916488407865 90.7897452144282
0.250495 3.0978322621365 91.6310103062505
0.250995 3.1040156834865 90.9467323216981
0.251495 3.1101991048365 91.1482668953928
0.251995 3.1163825261865 91.3374801821817
0.252495 3.1225659475365 91.3231321253162
0.252995 3.1287493688865 91.2029604572275
0.253495 3.1349327902365 91.4555142331674
0.253995 3.1411162115865 91.3661185931019
0.254495 3.1472996329365 91.913799772546
0.254995 3.1534830542865 91.7762335730648
0.255495 3.1596664756365 92.0762929084849
0.255995 3.1658498969865 91.8465430344625
0.256495 3.1720333183365 92.2998256844647
0.256995 3.1782167396865 92.2538104984168
0.257495 3.1844001610365 92.5394779087301
0.257995 3.1905835823865 92.4761917403086
0.258495 3.1967670037365 92.1286515787982
0.258995 3.2029504250865 92.4153151759682
0.259495 3.2091338464365 93.0239160438398
0.259995 3.2153172677865 92.4922047442372
0.260495 3.2215006891365 92.5899580259055
0.260995 3.2276841104865 92.5903161729628
0.261495 3.2338675318365 92.7192390324491
0.261995 3.2400509531865 93.201948472538
0.262495 3.2462343745365 93.2619485634619
0.262995 3.2524177958865 93.2633475820025
0.263495 3.2586012172365 92.7078133218896
0.263995 3.2647846385865 92.9882380389394
0.264495 3.2709680599365 93.2537055618798
0.264995 3.2771514812865 93.9814534961205
0.265495 3.2833349026365 93.0880336860173
0.265995 3.2895183239865 93.7922075589349
0.266495 3.2957017453365 93.8638536023464
0.266995 3.3018851666865 94.0442705064439
0.267495 3.3080685880365 94.1175052333268
0.267995 3.3142520093865 94.2646431021666
0.268495 3.3204354307365 93.9548437372976
0.268995 3.3266188520865 93.811227180626
0.269495 3.3328022734365 93.703994364603
0.269995 3.3389856947865 94.3785667519342
0.270495 3.3451691161365 94.8465399432599
0.270995 3.3513525374865 94.9773355142871
0.271495 3.3575359588365 94.8722052448699
0.271995 3.3637193801865 94.9105711896589
0.272495 3.3699028015365 94.8129173716945
0.272995 3.3760862228865 95.5698494448927
0.273495 3.3822696442365 95.3132230743906
0.273995 3.3884530655865 95.6445687530214
0.274495 3.3946364869365 96.0062635694359
0.274995 3.4008199082865 95.8693692826353
0.275495 3.4070033296365 95.3888514232402
0.275995 3.4131867509865 96.0003732819367
0.276495 3.4193701723365 96.0303784431812
0.276995 3.4255535936865 96.5882608916406
0.277495 3.4317370150365 95.1523331443385
0.277995 3.4379204363865 96.3354240925913
0.278495 3.4441038577365 96.1115887674038
0.278995 3.4502872790865 96.0123894487367
0.279495 3.4564707004365 95.863000008951
0.279995 3.4626541217865 96.5151995208758
0.280495 3.4688375431365 96.7858314667478
0.280995 3.4750209644865 96.7190267289202
0.281495 3.4812043858365 97.1970673813463
0.281995 3.4873878071865 96.753204687649
0.282495 3.4935712285365 96.7373040915693
0.282995 3.4997546498865 97.410028909511
0.283495 3.5059380712365 97.6708986501109
0.283995 3.5121214925865 97.111987370183
0.284495 3.5183049139365 97.2676719428678
0.284995 3.5244883352865 97.8589109022546
0.285495 3.5306717566365 97.8826886283111
0.285995 3.5368551779865 98.0768053023081
0.286495 3.5430385993365 98.162009472539
0.286995 3.5492220206865 97.9721885951439
0.287495 3.5554054420365 98.3720544096951
0.287995 3.5615888633865 98.8622538471549
0.288495 3.5677722847365 98.5404638720518
0.288995 3.5739557060865 98.3739738552075
0.289495 3.5801391274365 98.5422774331722
0.289995 3.5863225487865 99.9740833523255
0.290495 3.5925059701365 99.9847525957807
0.290995 3.5986893914865 99.8440836401243
0.291495 3.6048728128365 99.6285308989037
0.291995 3.6110562341865 100.241105841931
0.292495 3.6172396555365 99.4490796648628
0.292995 3.6234230768865 100.527430996474
0.293495 3.6296064982365 100.148322559642
0.293995 3.6357899195865 100.25735465382
0.294495 3.6419733409365 100.49416021711
0.294995 3.6481567622865 100.672359919272
0.295495 3.6543401836365 100.789005200414
0.295995 3.6605236049865 101.046880874174
0.296495 3.6667070263365 101.440412536221
0.296995 3.6728904476865 101.976691205346
0.297495 3.6790738690365 101.628840266806
0.297995 3.6852572903865 101.847857590888
0.298495 3.6914407117365 101.651514999741
0.298995 3.6976241330865 102.511394518534
0.299495 3.7038075544365 102.211446509361
0.299995 3.7099909757865 102.303715426486
0.300495 3.7161743971365 102.901059259959
0.300995 3.7223578184865 103.732829978297
0.301495 3.7285412398365 103.362774877551
0.301995 3.7347246611865 103.629207993394
0.302495 3.7409080825365 104.187073277825
0.302995 3.7470915038865 104.156914107396
0.303495 3.7532749252365 104.251815367446
0.303995 3.7594583465865 104.344394802051
0.304495 3.76564176793651 104.458616186213
0.304995 3.7718251892865 104.895544108869
0.305495 3.7780086106365 105.160828828079
0.305995 3.7841920319865 105.462582230303
0.306495 3.7903754533365 105.7931484018
0.306995 3.7965588746865 105.407771674597
0.307495 3.8027422960365 105.401838036215
0.307995 3.8089257173865 106.907126194409
0.308495 3.8151091387365 106.622078140553
0.308995 3.8212925600865 106.249935376375
0.309495 3.8274759814365 106.411369488787
0.309995 3.8336594027865 107.343179448938
0.310495 3.8398428241365 107.373941043477
0.310995 3.8460262454865 107.213397605719
0.311495 3.8522096668365 107.780708802812
0.311995 3.8583930881865 107.767681180986
0.312495 3.8645765095365 108.980628664789
0.312995 3.8707599308865 109.041385808714
0.313495 3.8769433522365 108.533822259445
0.313995 3.8831267735865 110.025924757092
0.314495 3.8893101949365 109.188383586732
0.314995 3.8954936162865 110.636119348358
0.315495 3.9016770376365 111.189344902986
0.315995 3.9078604589865 110.439713392628
0.316495 3.9140438803365 110.545984581513
0.316995 3.9202273016865 110.990638124241
0.317495 3.9264107230365 111.138069271691
0.317995 3.9325941443865 111.365727256238
0.318495 3.9387775657365 112.100055601909
0.318995 3.9449609870865 112.326442435192
0.319495 3.9511444084365 112.677839048382
0.319995 3.9573278297865 112.588419526104
0.320495 3.9635112511365 113.485332670322
0.320995 3.9696946724865 113.781416816118
0.321495 3.9758780938365 114.028605687389
0.321995 3.9820615151865 113.974909391921
0.322495 3.9882449365365 115.027442867951
0.322995 3.9944283578865 115.386459516817
0.323495 4.0006117792365 115.318849776756
0.323995 4.0067952005865 115.846900893216
0.324495 4.0129786219365 115.73468375656
0.324995 4.0191620432865 116.883900760812
0.325495 4.0253454646365 117.504178589454
0.325995 4.0315288859865 118.423476469418
0.326495 4.0377123073365 117.485007286874
0.326995 4.0438957286865 117.937830200981
0.327495 4.0500791500365 117.970078987561
0.327995 4.0562625713865 119.126926889416
0.328495 4.0624459927365 119.015869183463
0.328995 4.0686294140865 119.39384625273
0.329495 4.0748128354365 120.270502659629
0.329995 4.0809962567865 119.433214012229
0.330495 4.0871796781365 121.525207681763
0.330995 4.0933630994865 121.478280326683
0.331495 4.0995465208365 122.265438384346
0.331995 4.1057299421865 121.107725859681
0.332495 4.1119133635365 122.260592642153
0.332995 4.1180967848865 122.526120055279
0.333495 4.1242802062365 123.387310612622
0.333995 4.1304636275865 123.412853537229
0.334495 4.1366470489365 124.009086433703
0.334995 4.1428304702865 123.85149333615
0.335495 4.1490138916365 124.936149715645
0.335995 4.1551973129865 125.959816407494
0.336495 4.1613807343365 125.692702837124
0.336995 4.1675641556865 126.726900427532
0.337495 4.1737475770365 126.337148922179
0.337995 4.1799309983865 127.038270935005
0.338495 4.1861144197365 127.089995919775
0.338995 4.1922978410865 127.958136558897
0.339495 4.1984812624365 128.558589646855
0.339995 4.2046646837865 128.508905138271
0.340495 4.2108481051365 129.5091312074
0.340995 4.2170315264865 128.657292984502
0.341495 4.2232149478365 130.376813209907
0.341995 4.2293983691865 130.234353866001
0.342495 4.2355817905365 131.301328583809
0.342995 4.2417652118865 131.232781815885
0.343495 4.2479486332365 132.074695777441
0.343995 4.2541320545865 131.590907811208
0.344495 4.2603154759365 133.285324856603
0.344995 4.2664988972865 132.801016390574
0.345495 4.2726823186365 133.267734812344
0.345995 4.2788657399865 133.488181916839
0.346495 4.2850491613365 135.450840829241
0.346995 4.2912325826865 135.278194880611
0.347495 4.2974160040365 135.830026776456
0.347995 4.3035994253865 135.849519159847
0.348495 4.3097828467365 137.434575797221
0.348995 4.3159662680865 137.433268525933
0.349495 4.3221496894365 137.306939968354
0.349995 4.3283331107865 138.604627150586
0.350495 4.3345165321365 138.882492137485
0.350995 4.3406999534865 138.783028987375
0.351495 4.3468833748365 139.200521341389
0.351995 4.3530667961865 141.335890659356
0.352495 4.3592502175365 139.445133821691
0.352995 4.3654336388865 140.80096138669
0.353495 4.3716170602365 141.522297422422
0.353995 4.3778004815865 142.582442667382
0.354495 4.3839839029365 142.964036435141
0.354995 4.3901673242865 142.470431716238
0.355495 4.3963507456365 143.53371772824
0.355995 4.4025341669865 144.485914855519
0.356495 4.4087175883365 145.032985525502
0.356995 4.4149010096865 145.549186276536
0.357495 4.4210844310365 145.515215175432
0.357995 4.4272678523865 146.40871547583
0.358495 4.4334512737365 147.098537717981
0.358995 4.4396346950865 147.440574965025
0.359495 4.4458181164365 147.904467742301
0.359995 4.4520015377865 148.633550216324
0.360495 4.4581849591365 148.664642935434
0.360995 4.4643683804865 148.876341208778
0.361495 4.4705518018365 148.842424289562
0.361995 4.4767352231865 150.73325447549
0.362495 4.4829186445365 151.86687158493
0.362995 4.4891020658865 152.124270953759
0.363495 4.4952854872365 151.863559603257
0.363995 4.5014689085865 153.558148935398
0.364495 4.5076523299365 153.587336153446
0.364995 4.5138357512865 154.564386888106
0.365495 4.5200191726365 154.446252815557
0.365995 4.5262025939865 155.405124218984
0.366495 4.5323860153365 156.489606510457
0.366995 4.5385694366865 156.23247378275
0.367495 4.5447528580365 157.049055762234
0.367995 4.5509362793865 157.777102801165
0.368495 4.5571197007365 158.545693009412
0.368995 4.5633031220865 158.830651880629
0.369495 4.5694865434365 160.108282603032
0.369995 4.5756699647865 160.311822921916
0.370495 4.5818533861365 159.635576306087
0.370995 4.5880368074865 160.502164243889
0.371495 4.5942202288365 161.365089923015
0.371995 4.6004036501865 162.829403414174
0.372495 4.6065870715365 164.446861570034
0.372995 4.6127704928865 164.312843910538
0.373495 4.6189539142365 165.249026928581
0.373995 4.6251373355865 164.279996368537
0.374495 4.6313207569365 165.376811082193
0.374995 4.6375041782865 166.655819414995
0.375495 4.6436875996365 167.819263868298
0.375995 4.6498710209865 167.314040386467
0.376495 4.6560544423365 169.04176526391
0.376995 4.6622378636865 169.084146605449
0.377495 4.6684212850365 169.748976985392
0.377995 4.6746047063865 170.328462206984
0.378495 4.6807881277365 169.862938941428
0.378995 4.6869715490865 170.821827679697
0.379495 4.6931549704365 172.83443623052
0.379995 4.6993383917865 173.611563370486
0.380495 4.7055218131365 174.223530148903
0.380995 4.7117052344865 174.826887493269
0.381495 4.7178886558365 175.970063828479
0.381995 4.7240720771865 177.118587093047
0.382495 4.7302554985365 178.063643039839
0.382995 4.7364389198865 177.847929803405
0.383495 4.7426223412365 178.589824938467
0.383995 4.7488057625865 178.742902833014
0.384495 4.7549891839365 179.989435159285
0.384995 4.7611726052865 180.433944590546
0.385495 4.7673560266365 180.120741115144
0.385995 4.7735394479865 173.391945405532
0.386495 4.7797228693365 145.35322642792
0.386995 4.7859062906865 102.069318232665
0.387495 4.7920897120365 68.1875451592349
0.387995 4.7982731333865 52.141571735568
0.388495 4.8044565547365 41.8230391673341
0.388995 4.8106399760865 33.5575400790963
0.389495 4.8168233974365 25.9223842243796
0.389995 4.8230068187865 16.4287927375806
0.390495 4.8291902401365 5.7246262372021
0.390995 4.8353736614865 -6.52412053565712
0.391495 4.8415570828365 -15.4167223832822
0.391995 4.8477405041865 -18.0533120402478
0.392495 4.8539239255365 -17.668087488216
0.392995 4.8601073468865 -10.0521381205217
0.393495 4.8662907682365 -0.164361985345746
0.393995 4.8724741895865 6.88064195473315
0.394495 4.8786576109365 9.34704184045403
0.394995 4.8848410322865 10.0674471284504
0.395495 4.8910244536365 9.17017497605681
0.395995 4.8972078749865 4.97059079919706
0.396495 4.9033912963365 -0.206721781029416
0.396995 4.9095747176865 -5.61408763737065
0.397495 4.9157581390365 -8.13848069112452
0.397995 4.9219415603865 -9.44270354148669
0.398495 4.9281249817365 -8.46023093150641
0.398995 4.9343084030865 -5.21162017030695
0.399495 4.9404918244365 0.256255807729597
0.399995 4.9466752457865 3.2147562434258
0.400495 4.9528586671365 4.76926007420673
0.400995 4.9590420884865 5.2269660103083
0.401495 4.9652255098365 5.21117359420609
0.401995 4.9714089311865 3.68928352156905
0.402495 4.9775923525365 0.427613304589229
0.402995 4.9837757738865 -2.7503306217926
0.403495 4.9899591952365 -3.62238076603956
0.403995 4.9961426165865 -4.30625278594657
0.404495 5.0023260379365 -4.55859299876907
0.404995 5.0085094592865 -3.37964035462806
0.405495 5.0146928806365 -0.673861094575023
0.405995 5.0208763019865 1.8099197010448
0.406495 5.0270597233365 2.53036672451026
0.406995 5.0332431446865 2.81249903039302
0.407495 5.0394265660365 3.42832312939675
0.407995 5.0456099873865 2.58501106298062
0.408495 5.0517934087365 1.30316151180687
0.408995 5.0579768300865 -0.997277093506101
0.409495 5.0641602514365 -1.74715555650816
0.409995 5.0703436727865 -2.20889186702948
0.410495 5.0765270941365 -2.67896946564009
0.410995 5.0827105154865 -2.83024658429231
0.411495 5.0888939368365 -0.534876319349307
0.411995 5.0950773581865 1.03470150767946
0.412495 5.1012607795365 1.3407941242387
0.412995 5.1074442008865 2.34787358216725
0.413495 5.1136276222365 2.98435293142275
0.413995 5.1198110435865 2.81563047814341
0.414495 5.1259944649365 0.961390060704347
0.414995 5.1321778862865 -0.34350387282592
0.415495 5.1383613076365 -1.53590606672141
0.415995 5.1445447289865 -2.11654168236182
0.416495 5.1507281503365 -2.64907949902681
0.416995 5.1569115716865 -1.88303909582922
0.417495 5.1630949930365 -0.89828981195594
0.417995 5.1692784143865 0.631213716676317
0.418495 5.1754618357365 1.49097368189037
0.418995 5.1816452570865 1.9615395107916
0.419495 5.1878286784365 2.00326014846117
0.419995 5.1940120997865 1.80838517778971
0.420495 5.2001955211365 1.23220690271297
0.420995 5.2063789424865 -0.770411961851206
0.421495 5.2125623638365 -1.2946097225765
0.421995 5.2187457851865 -1.93561262614097
0.422495 5.2249292065365 -1.61689855460699
0.422995 5.2311126278865 -1.02750392819196
0.423495 5.2372960492365 -0.502497464865531
0.423995 5.2434794705865 1.15813010295184
0.424495 5.2496628919365 0.901451554696836
0.424995 5.2558463132865 1.34978908410383
0.425495 5.2620297346365 0.990726372420089
0.425995 5.2682131559865 0.426302409442603
0.426495 5.27439657733651 -0.89630995322254
0.426995 5.2805799986865 -0.99858606755003
0.427495 5.2867634200365 -1.14093508083957
0.427995 5.2929468413865 -1.02857476596994
0.428495 5.2991302627365 -0.889338152874377
0.428995 5.3053136840865 0.321745285753911
0.429495 5.3114971054365 1.00557898105376
0.429995 5.3176805267865 1.6999482673543
0.430495 5.3238639481365 0.812522011343112
0.430995 5.3300473694865 1.00565289449707
0.431495 5.3362307908365 0.464651986799182
0.431995 5.3424142121865 0.0205999984955862
0.432495 5.3485976335365 -0.800419274096698
0.432995 5.3547810548865 -0.778949898051491
0.433495 5.36096447623651 -0.996082613867769
0.433995 5.3671478975865 -0.663247415540621
0.434495 5.3733313189365 -0.304249216335825
0.434995 5.3795147402865 0.153037962822814
0.435495 5.3856981616365 0.567478747561867
0.435995 5.3918815829865 0.626364591659903
0.436495 5.3980650043365 0.311374172132
0.436995 5.4042484256865 -0.16760062452075
0.437495 5.4104318470365 0.00940740456298921
0.437995 5.4166152683865 -0.360353573533203
0.438495 5.4227986897365 -0.561152716331643
0.438995 5.4289821110865 -0.923632555461008
0.439495 5.4351655324365 -0.494337917198934
0.439995 5.4413489537865 -0.199189549213961
0.440495 5.4475323751365 0.381252759529151
0.440995 5.4537157964865 -0.0217021816884047
0.441495 5.4598992178365 0.746431480470343
0.441995 5.4660826391865 0.218875132214302
0.442495 5.4722660605365 0.60660565071448
0.442995 5.4784494818865 -0.496085988500357
0.443495 5.4846329032365 -0.0145169484090429
0.443995 5.4908163245865 -0.485189730414938
0.444495 5.4969997459365 -0.404321176876666
0.444995 5.5031831672865 -0.631423892852919
0.445495 5.5093665886365 0.00430196325739039
0.445995 5.5155500099865 0.209868427508254
0.446495 5.5217334313365 0.017318389987768
0.446995 5.5279168526865 -0.0350226787830577
0.447495 5.5341002740365 0.426456884523018
0.447995 5.5402836953865 0.019007064029799
0.448495 5.5464671167365 0.0219221600420028
0.448995 5.5526505380865 -0.340519087710119
0.449495 5.5588339594365 -0.439219213763003
0.449995 5.5650173807865 -0.0260120754864926
0.450495 5.5712008021365 -0.165640877627158
0.450995 5.5773842234865 -0.00593743815197574
0.451495 5.5835676448365 -0.242072864919993
0.451995 5.5897510661865 0.222042771829868
0.452495 5.5959344875365 0.357292937610139
0.452995 5.6021179088865 -0.329386357399209
0.453495 5.6083013302365 0.0937849926557746
0.453995 5.6144847515865 -0.250301001188882
0.454495 5.6206681729365 -0.0811460627412051
0.454995 5.6268515942865 -0.197925873281598
0.455495 5.6330350156365 -0.406610568579367
0.455995 5.6392184369865 0.304511106563593
0.456495 5.6454018583365 0.0155980777439441
0.456995 5.6515852796865 0.166866675195805
0.457495 5.6577687010365 0.0297832218545046
0.457995 5.6639521223865 0.222888052463413
0.458495 5.6701355437365 0.334373575671838
0.458995 5.6763189650865 -0.0337470561632551
0.459495 5.6825023864365 0.173883421753334
0.459995 5.6886858077865 -0.207491550930654
0.460495 5.6948692291365 0.0863238457313206
0.460995 5.7010526504865 -0.209110905144126
0.461495 5.7072360718365 -0.0020924061309299
0.461995 5.7134194931865 -0.279327304132439
0.462495 5.7196029145365 0.517943739889856
0.462995 5.7257863358865 0.0903814129232799
0.463495 5.7319697572365 0.284191100233841
0.463995 5.7381531785865 -0.141780754121376
0.464495 5.7443365999365 -0.12663935561251
0.464995 5.7505200212865 -0.30145662282443
0.465495 5.7567034426365 -0.431871656549888
0.465995 5.7628868639865 -0.209035518801251
0.466495 5.7690702853365 -0.451704394189592
0.466995 5.7752537066865 -0.477020356389407
0.467495 5.7814371280365 0.165708216790163
0.467995 5.7876205493865 -0.0402351838104638
0.468495 5.7938039707365 0.480524211149834
0.468995 5.7999873920865 0.110044540569966
0.469495 5.8061708134365 0.548245521781215
0.469995 5.8123542347865 -0.0544636056325508
0.470495 5.8185376561365 -0.064531682841714
0.470995 5.8247210774865 -0.193285773139913
0.471495 5.8309044988365 -0.38273956220824
0.471995 5.8370879201865 -0.337905964952602
0.472495 5.8432713415365 -0.000787102119377597
0.472995 5.8494547628865 0.0278127806790567
0.473495 5.8556381842365 -0.084837349598015
0.473995 5.8618216055865 0.0756235351136128
0.474495 5.8680050269365 0.265190508553382
0.474995 5.8741884482865 0.241928846831309
0.475495 5.8803718696365 0.200934805242281
0.475995 5.8865552909865 0.236350834496857
0.476495 5.8927387123365 -0.175039532871226
0.476995 5.8989221336865 0.156375952649007
0.477495 5.9051055550365 -0.389169784735372
0.477995 5.9112889763865 -0.241435136693485
0.478495 5.9174723977365 -0.329459566913863
0.478995 5.9236558190865 0.199206725346882
0.479495 5.9298392404365 -0.177152477969247
0.479995 5.9360226617865 0.311525696322834
0.480495 5.9422060831365 0.232159165787702
0.480995 5.9483895044865 0.184689566780965
0.481495 5.9545729258365 0.507006551235927
0.481995 5.9607563471865 0.138029003491656
0.482495 5.9669397685365 0.032014301490457
0.482995 5.9731231898865 -0.173732367794114
0.483495 5.9793066112365 -0.015631612639842
0.483995 5.9854900325865 -0.594445367684473
0.484495 5.9916734539365 -0.41192475005975
0.484995 5.9978568752865 -0.232178830560259
0.485495 6.0040402966365 0.0471224412184792
0.485995 6.0102237179865 0.0343302212421901
0.486495 6.0164071393365 0.125333977804001
0.486995 6.0225905606865 0.486692805633518
0.487495 6.0287739820365 0.173832044581858
0.487995 6.0349574033865 0.375896858806881
0.488495 6.0411408247365 0.199218880525542
0.488995 6.0473242460865 -0.04646209206154
0.489495 6.0535076674365 -0.0508491110408232
0.489995 6.0596910887865 -0.334396434260056
0.490495 6.0658745101365 -0.658965300574556
0.490995 6.0720579314865 -0.539319098351467
0.491495 6.0782413528365 -0.131857088586684
0.491995 6.0844247741865 -0.166419013817771
0.492495 6.0906081955365 -0.145352634447333
0.492995 6.0967916168865 0.568468148765525
0.493495 6.1029750382365 0.137154101615538
0.493995 6.1091584595865 0.229949493273506
0.494495 6.1153418809365 -0.0830756446115328
0.494995 6.1215253022865 0.110621623117801
0.495495 6.1277087236365 -0.609308078955086
0.495995 6.1338921449865 -0.273074838667411
0.496495 6.1400755663365 -0.577956954396111
0.496995 6.1462589876865 -0.158602553622497
0.497495 6.1524424090365 0.0911457889294625
0.497995 6.15862583038651 0.0547479662681317
0.498495 6.1648092517365 0.139623342562612
0.498995 6.1709926730865 0.432451619004174
0.499495 6.1771760944365 0.468952640427281
0.499995 6.1833595157865 0.00219773529444974
