# Fix print output for fix Step
0 0 2.88424495081594
0.000495000000000018 0.00612158716919993 3.03202701998081
0.000994999999999978 0.0123050085522294 4.1172803439089
0.00149500000000005 0.0184884299352603 4.72218064471855
0.00199500000000001 0.0246718513182898 5.80169734017228
0.00249499999999997 0.0308552727013193 7.84150735139981
0.00299500000000004 0.0370386940843503 9.22796936149395
0.003495 0.0432221154673798 8.53071686287977
0.00399499999999996 0.0494055368504092 8.49645656372074
0.00449500000000004 0.0555889582334402 8.72031827900557
0.00499500000000011 0.0617723796164711 8.1360641534903
0.00549499999999996 0.0679558009994992 7.28797129063127
0.00599500000000003 0.0741392223825301 7.31659453912539
0.0064950000000001 0.080322643765561 8.31532707775473
0.00699499999999995 0.0865060651485891 8.13062413167926
0.00749500000000002 0.09268948653162 9.6582035770522
0.0079950000000001 0.0988729079146509 10.0238345055159
0.00849499999999994 0.105056329297679 10.4078737750956
0.00899500000000002 0.11123975068071 11.1133188166964
0.00949500000000009 0.117423172063741 10.7444317506293
0.00999499999999993 0.123606593446769 10.8192571143732
0.010495 0.1297900148298 11.1828188196258
0.0109950000000001 0.135973436212831 10.8972141741149
0.0114949999999999 0.142156857595859 11.1461388391435
0.011995 0.14834027897889 11.3248224562797
0.0124950000000001 0.154523700361921 11.6332221131184
0.0129949999999999 0.160707121744949 12.0275493194691
0.013495 0.16689054312798 12.3638291277399
0.0139950000000001 0.173073964511011 13.0268369602272
0.0144949999999999 0.179257385894039 13.1505437333298
0.014995 0.18544080727707 13.4673946518812
0.0154950000000001 0.1916242286601 13.6513887111963
0.015995 0.19780765004313 14.0688522066042
0.016495 0.203991071426159 14.0672385155215
0.0169950000000001 0.21017449280919 14.3949869845316
0.017495 0.21635791419222 14.8639089515711
0.017995 0.222541335575249 14.930689439499
0.018495 0.22872475695828 15.2482435104907
0.0189950000000001 0.234908178341311 15.227632144161
0.019495 0.241091599724339 15.5914729254152
0.019995 0.24727502110737 15.798808628295
0.0204950000000001 0.253458442490401 16.1543150854551
0.020995 0.259641863873429 16.0535463798644
0.021495 0.26582528525646 16.7020424112005
0.0219950000000001 0.272008706639491 17.122738321279
0.022495 0.278192128022519 17.6140379043276
0.022995 0.28437554940555 17.8365479665001
0.0234950000000001 0.290558970788581 18.0213516398473
0.0239949999999999 0.296742392171609 18.1794304826644
0.024495 0.30292581355464 18.2306772387509
0.0249950000000001 0.309109234937671 18.5757216199073
0.0254949999999999 0.315292656320699 18.614211211893
0.025995 0.32147607770373 18.8373360515343
0.0264950000000001 0.327659499086761 18.7882704525301
0.0269949999999999 0.333842920469789 19.0977737340525
0.027495 0.34002634185282 19.455376392393
0.0279950000000001 0.346209763235851 20.1300288451397
0.0284949999999999 0.352393184618879 20.1607403895169
0.028995 0.35857660600191 20.4861761808672
0.0294950000000001 0.364760027384941 20.9345310378373
0.0299949999999999 0.370943448767969 20.8071700696908
0.030495 0.377126870151 21.2581544768691
0.0309950000000001 0.383310291534031 21.5820047623624
0.0314949999999999 0.389493712917059 21.3581853946603
0.031995 0.395677134300089 21.8991483104054
0.0324950000000001 0.40186055568312 21.8777635015713
0.0329949999999999 0.408043977066148 22.259672491193
0.033495 0.414227398449179 22.4357917764975
0.0339950000000001 0.42041081983221 22.6252894364906
0.0344950000000001 0.426594241215241 23.1617085856587
0.034995 0.432777662598269 23.4595696407607
0.035495 0.4389610839813 23.4413675173047
0.0359950000000001 0.445144505364331 23.6009663280882
0.036495 0.451327926747359 23.8105950002464
0.036995 0.45751134813039 23.9811198596271
0.0374950000000001 0.463694769513421 24.5406050784684
0.037995 0.469878190896449 24.4887341370916
0.038495 0.47606161227948 25.0567704223297
0.0389950000000001 0.482245033662511 25.2896249187776
0.0394949999999999 0.488428455045539 25.2155596343849
0.039995 0.49461187642857 25.3669699808272
0.0404950000000001 0.500795297811601 25.7677358511307
0.0409949999999999 0.506978719194629 26.0099477601223
0.041495 0.51316214057766 26.1506154024217
0.0419950000000001 0.519345561960691 26.7089494832987
0.0424949999999999 0.525528983343719 26.1252818788604
0.042995 0.53171240472675 26.6934172543513
0.0434950000000001 0.537895826109781 26.5540145013957
0.0439949999999999 0.544079247492809 27.0640740333348
0.044495 0.55026266887584 26.8306757698804
0.0449950000000001 0.556446090258871 27.2890677815991
0.0454949999999999 0.562629511641899 27.4347692667949
0.045995 0.56881293302493 27.5534118080559
0.0464950000000001 0.574996354407961 28.2682016906471
0.0469949999999999 0.581179775790989 28.2136054624045
0.047495 0.58736319717402 28.6373156630824
0.0479950000000001 0.59354661855705 29.2217267903757
0.0484950000000001 0.599730039940081 28.87657550669
0.048995 0.605913461323109 29.1000406840426
0.0494950000000001 0.61209688270614 29.4759245014877
0.0499950000000001 0.618280304089171 29.1982378027458
0.050495 0.624463725472199 29.7757611122435
0.050995 0.63064714685523 29.599273555275
0.0514950000000001 0.636830568238261 29.9835450406779
0.051995 0.643013989621289 30.629582841106
0.052495 0.64919741100432 30.467150656512
0.0529950000000001 0.655380832387351 30.5015219042215
0.053495 0.661564253770379 31.2178219528346
0.053995 0.66774767515341 30.8093380897243
0.0544950000000001 0.673931096536441 31.2560280011388
0.054995 0.680114517919469 31.6642099955275
0.055495 0.6862979393025 31.3257747000154
0.0559950000000001 0.692481360685531 31.6308530427146
0.0564949999999999 0.698664782068559 31.957667627739
0.056995 0.70484820345159 32.5389978854464
0.0574950000000001 0.711031624834621 32.281944089464
0.0579949999999999 0.717215046217649 32.734141154188
0.058495 0.72339846760068 32.8825682317384
0.0589950000000001 0.729581888983711 32.672731661564
0.0594949999999999 0.735765310366739 32.9840032210574
0.059995 0.74194873174977 33.0875356100219
0.0604950000000001 0.748132153132801 33.2169467579285
0.0609949999999999 0.754315574515829 33.6193862424305
0.061495 0.76049899589886 33.6943703531443
0.0619950000000001 0.766682417281891 34.1593361048144
0.0624950000000001 0.772865838664922 34.3291592903666
0.062995 0.77904926004795 34.9177497487912
0.0634950000000001 0.78523268143098 34.7999249648454
0.0639949999999999 0.791416102814009 34.8400501065579
0.064495 0.797599524197039 34.9168513897888
0.0649950000000001 0.80378294558007 35.0494904317678
0.0654950000000001 0.809966366963101 34.6176318601694
0.065995 0.816149788346129 35.3207967831552
0.0664950000000001 0.82233320972916 35.2607838919911
0.0669950000000001 0.828516631112191 36.0192222489201
0.067495 0.834700052495219 36.0296835027589
0.067995 0.84088347387825 36.2869200962531
0.0684950000000001 0.847066895261281 36.4655798351954
0.068995 0.853250316644309 36.7430432681423
0.069495 0.85943373802734 36.7677617484643
0.0699950000000001 0.865617159410371 36.798113076378
0.070495 0.871800580793399 36.8858670556845
0.070995 0.87798400217643 37.1557855954831
0.0714950000000001 0.884167423559461 37.4664935682319
0.0719949999999999 0.890350844942489 37.0412302420092
0.072495 0.89653426632552 37.8654720781974
0.0729950000000001 0.902717687708551 37.8439677284439
0.0734949999999999 0.908901109091579 38.4803114924562
0.073995 0.91508453047461 38.3528585554594
0.0744950000000001 0.921267951857641 38.8752740500214
0.0749950000000002 0.927451373240672 38.6629518610298
0.075495 0.9336347946237 38.5721519035977
0.0759950000000001 0.939818216006731 38.8215774886923
0.0764949999999999 0.946001637389759 39.0424788305207
0.076995 0.95218505877279 39.2901659561675
0.0774950000000001 0.958368480155821 39.451256377247
0.0779950000000001 0.964551901538852 39.7068150422649
0.078495 0.97073532292188 39.6412061615376
0.0789950000000001 0.976918744304911 39.6933506555234
0.0794949999999999 0.983102165687939 40.1306989920273
0.079995 0.98928558707097 40.1913427287658
0.0804950000000001 0.995469008454 39.6831344273877
0.0809950000000001 1.00165242983703 40.5112007325402
0.081495 1.00783585122006 40.5798178662375
0.0819950000000001 1.01401927260309 40.7549560509616
0.0824950000000001 1.02020269398612 40.7244986702174
0.082995 1.02638611536915 40.9344203096927
0.083495 1.03256953675218 41.1174916061726
0.0839950000000001 1.03875295813521 41.1212853296392
0.084495 1.04493637951824 41.6633720513015
0.084995 1.05111980090127 41.9767557410775
0.0854950000000001 1.0573032222843 42.012246979213
0.085995 1.06348664366733 41.8678919503296
0.086495 1.06967006505036 41.8569706376852
0.0869950000000001 1.07585348643339 41.7893390245773
0.0874949999999999 1.08203690781642 42.4033196723931
0.087995 1.08822032919945 42.5057769851671
0.0884950000000001 1.09440375058248 42.7493373161982
0.0889949999999999 1.10058717196551 42.5056278945476
0.089495 1.10677059334854 43.0582374523566
0.0899950000000001 1.11295401473157 43.0826780793209
0.0904950000000002 1.1191374361146 42.9156309595946
0.090995 1.12532085749763 43.1894127210456
0.0914950000000001 1.13150427888066 43.6290358024572
0.0919949999999999 1.13768770026369 43.5521253703158
0.092495 1.14387112164672 44.0425179863299
0.0929950000000001 1.15005454302975 44.3953783668921
0.0934950000000001 1.15623796441278 43.9622395775731
0.093995 1.16242138579581 44.1932531203486
0.0944950000000001 1.16860480717884 44.3131585266292
0.0949950000000001 1.17478822856187 44.6445805494962
0.095495 1.1809716499449 45.1208790722519
0.0959950000000001 1.18715507132793 44.790225830564
0.0964950000000001 1.19333849271096 45.1882742707539
0.096995 1.19952191409399 45.0338515371446
0.0974950000000001 1.20570533547702 45.1424537011599
0.0979950000000001 1.21188875686005 45.1371550141081
0.098495 1.21807217824308 45.1873659042733
0.0989950000000001 1.22425559962611 45.5423442290351
0.0994950000000001 1.23043902100914 45.9367966779273
0.099995 1.23662244239217 45.9488267584415
0.100495 1.2428058637752 45.9375101621651
0.100995 1.24898928515823 45.909492153597
0.101495 1.25517270654126 46.1255532042454
0.101995 1.26135612792429 46.5914707486666
0.102495 1.26753954930732 46.6796212165981
0.102995 1.27372297069035 46.8089960930761
0.103495 1.27990639207338 46.7212720331733
0.103995 1.28608981345641 46.9363722946441
0.104495 1.29227323483944 47.0034409201402
0.104995 1.29845665622247 47.0598791671995
0.105495 1.3046400776055 47.3756628185074
0.105995 1.31082349898853 47.3133342685813
0.106495 1.31700692037156 47.3311384202584
0.106995 1.32319034175459 47.1235584698172
0.107495 1.32937376313762 48.0026991575413
0.107995 1.33555718452065 47.7851577952082
0.108495 1.34174060590368 47.8103989153703
0.108995 1.34792402728671 48.0828263476063
0.109495 1.35410744866974 48.2433162845541
0.109995 1.36029087005277 48.478760673392
0.110495 1.3664742914358 48.6559985661184
0.110995 1.37265771281883 48.3874385044726
0.111495 1.37884113420186 48.598425377464
0.111995 1.38502455558489 48.5697978280298
0.112495 1.39120797696792 48.4947409244439
0.112995 1.39739139835095 48.7607099666762
0.113495 1.40357481973398 48.7733500166951
0.113995 1.40975824111701 49.3541290010603
0.114495 1.41594166250004 49.5570543923336
0.114995 1.42212508388307 49.4733993725851
0.115495 1.4283085052661 49.6461236318087
0.115995 1.43449192664913 49.7543862268808
0.116495 1.44067534803216 49.9274505195839
0.116995 1.44685876941519 49.9203989869551
0.117495 1.45304219079822 49.9537806067582
0.117995 1.45922561218125 50.1633813921624
0.118495 1.46540903356428 50.1384797353071
0.118995 1.47159245494731 50.2279029092768
0.119495 1.47777587633034 50.2727446325663
0.119995 1.48395929771337 50.4974689787554
0.120495 1.4901427190964 50.6155590101025
0.120995 1.49632614047943 50.9216331310919
0.121495 1.50250956186246 50.8450233167407
0.121995 1.50869298324549 51.0405347786526
0.122495 1.51487640462852 50.7864145206404
0.122995 1.52105982601155 51.5231782950985
0.123495 1.52724324739458 51.0886653496474
0.123995 1.53342666877761 51.295306543698
0.124495 1.53961009016064 51.3645058427713
0.124995 1.54579351154367 51.6655526965223
0.125495 1.5519769329267 51.6010487916675
0.125995 1.55816035430973 51.9528069493196
0.126495 1.56434377569276 52.2001555490527
0.126995 1.57052719707579 51.979517406854
0.127495 1.57671061845882 51.8547311385055
0.127995 1.58289403984185 52.1942863477522
0.128495 1.58907746122488 51.8372513525286
0.128995 1.59526088260791 52.2803002075655
0.129495 1.60144430399094 52.2854519774894
0.129995 1.60762772537397 52.2864533811885
0.130495 1.613811146757 52.6739233572322
0.130995 1.61999456814003 52.9226066794923
0.131495 1.62617798952306 53.0534651841453
0.131995 1.63236141090609 53.2226286979254
0.132495 1.63854483228912 53.1985727833928
0.132995 1.64472825367215 53.2772604268201
0.133495 1.65091167505518 53.5564087462121
0.133995 1.65709509643821 53.6162179412635
0.134495 1.66327851782124 53.8223516957274
0.134995 1.66946193920427 53.4476296175121
0.135495 1.6756453605873 53.6817024463543
0.135995 1.68182878197033 53.9710161511749
0.136495 1.68801220335336 53.7782580943886
0.136995 1.69419562473639 54.1711308527128
0.137495 1.70037904611942 53.8387190707578
0.137995 1.70656246750245 54.3028597559252
0.138495 1.71274588888548 54.3779287204362
0.138995 1.71892931026851 54.3460122322987
0.139495 1.72511273165154 53.955782817041
0.139995 1.73129615303457 54.3846344541163
0.140495 1.7374795744176 54.3044179952386
0.140995 1.74366299580063 54.9913433654794
0.141495 1.74984641718366 54.8432300156572
0.141995 1.75602983856669 55.0722730558897
0.142495 1.76221325994972 55.2725576205932
0.142995 1.76839668133275 54.9435190591592
0.143495 1.77458010271578 54.7799741257967
0.143995 1.78076352409881 55.0293290435197
0.144495 1.78694694548184 55.0007080616806
0.144995 1.79313036686487 55.5933930863933
0.145495 1.7993137882479 55.4400414642167
0.145995 1.80549720963093 55.7648764683721
0.146495 1.81168063101396 56.1717585661759
0.146995 1.81786405239699 55.6747696998629
0.147495 1.82404747378002 55.7663693164827
0.147995 1.83023089516305 56.0251263261907
0.148495 1.83641431654608 56.2489573994483
0.148995 1.84259773792911 56.2153113024078
0.149495 1.84878115931214 56.4425001985717
0.149995 1.85496458069517 56.2367908526415
0.150495 1.8611480020782 56.4476209898695
0.150995 1.86733142346123 56.2529661822926
0.151495 1.87351484484426 56.2836475318528
0.151995 1.87969826622729 56.5908589756127
0.152495 1.88588168761032 56.2389395312913
0.152995 1.89206510899335 56.9579181741814
0.153495 1.89824853037638 57.0536770498627
0.153995 1.90443195175941 57.1757170514139
0.154495 1.91061537314244 57.0728533413827
0.154995 1.91679879452547 56.75377888185
0.155495 1.9229822159085 57.1387022329195
0.155995 1.92916563729153 57.3652301711727
0.156495 1.93534905867456 57.4768143491301
0.156995 1.94153248005759 57.4799332010922
0.157495 1.94771590144062 57.4954938337796
0.157995 1.95389932282365 57.4196876206936
0.158495 1.96008274420668 57.5977296258626
0.158995 1.96626616558971 57.6506026692805
0.159495 1.97244958697274 57.5761010340273
0.159995 1.97863300835577 58.1755525760701
0.160495 1.9848164297388 57.7607194252046
0.160995 1.99099985112183 58.0878450624612
0.161495 1.99718327250486 58.3657720178144
0.161995 2.00336669388789 58.03566976511
0.162495 2.00955011527092 58.4263892894385
0.162995 2.01573353665395 58.2948428246198
0.163495 2.02191695803698 58.5226620624416
0.163995 2.02810037942001 58.7392425329329
0.164495 2.03428380080304 58.9440744916157
0.164995 2.04046722218607 58.7673284463239
0.165495 2.0466506435691 59.0247890444575
0.165995 2.05283406495213 58.9814380182107
0.166495 2.05901748633516 59.1286918021726
0.166995 2.06520090771819 59.4113638747299
0.167495 2.07138432910122 59.4836204011735
0.167995 2.07756775048425 59.2207391405297
0.168495 2.08375117186728 59.5625864298182
0.168995 2.08993459325031 59.6953950070773
0.169495 2.09611801463334 59.8447338660544
0.169995 2.10230143601637 59.825880004374
0.170495 2.1084848573994 59.5392421422788
0.170995 2.11466827878243 59.9891744776232
0.171495 2.12085170016546 59.7814421161456
0.171995 2.12703512154849 60.1698119104118
0.172495 2.13321854293152 59.9796991056194
0.172995 2.13940196431455 59.8073079326445
0.173495 2.14558538569758 60.1554764724483
0.173995 2.15176880708061 60.3047514655301
0.174495 2.15795222846364 60.3033549302221
0.174995 2.16413564984667 60.3402660308283
0.175495 2.1703190712297 60.6276844666973
0.175995 2.17650249261273 60.370633257886
0.176495 2.18268591399576 60.6603352553699
0.176995 2.18886933537879 60.7905123974814
0.177495 2.19505275676182 60.8254676672934
0.177995 2.20123617814485 60.778357761248
0.178495 2.20741959952788 60.7226798138382
0.178995 2.21360302091091 61.1442469816179
0.179495 2.21978644229394 61.0836514568436
0.179995 2.22596986367697 61.1572419276569
0.180495 2.23215328506 61.2574824622952
0.180995 2.23833670644303 61.3285893740294
0.181495 2.24452012782606 61.4126480995877
0.181995 2.25070354920909 61.1226564781613
0.182495 2.25688697059212 61.3615542769331
0.182995 2.26307039197515 61.524310356646
0.183495 2.26925381335818 62.2354953067097
0.183995 2.27543723474121 62.067182683188
0.184495 2.28162065612424 61.9195625611893
0.184995 2.28780407750727 61.7001605102351
0.185495 2.2939874988903 61.8597691264251
0.185995 2.30017092027333 61.9902248457339
0.186495 2.30635434165636 62.2562282428537
0.186995 2.31253776303939 62.2666102508033
0.187495 2.31872118442242 62.4478692230693
0.187995 2.32490460580545 62.666955487187
0.188495 2.33108802718848 62.5348510200231
0.188995 2.33727144857151 62.8040759159533
0.189495 2.34345486995454 62.8748399983839
0.189995 2.34963829133757 62.8593469696588
0.190495 2.3558217127206 63.2436488528014
0.190995 2.36200513410363 62.904232882971
0.191495 2.36818855548666 62.9042986524833
0.191995 2.37437197686969 63.3816840065602
0.192495 2.38055539825272 63.3093891614713
0.192995 2.38673881963575 63.7790731193333
0.193495 2.39292224101878 63.5444031837887
0.193995 2.39910566240181 63.3555157408474
0.194495 2.40528908378484 63.3216034015376
0.194995 2.41147250516787 63.4929106723787
0.195495 2.4176559265509 63.1954585997908
0.195995 2.42383934793393 63.9736411806529
0.196495 2.43002276931696 63.5340410180973
0.196995 2.43620619069999 63.7601935351061
0.197495 2.44238961208302 64.0796836478351
0.197995 2.44857303346605 63.4413338673091
0.198495 2.45475645484908 63.6612251351781
0.198995 2.46093987623211 63.6780736262493
0.199495 2.46712329761514 63.7019662894582
0.199995 2.47330671899817 64.2703930546661
0.200495 2.4794901403812 64.5353528140622
0.200995 2.48567356176423 64.5677013097652
0.201495 2.49185698314726 64.5510525125073
0.201995 2.49804040453029 64.2250192073517
0.202495 2.50422382591332 64.8017503294419
0.202995 2.51040724729635 64.390260035472
0.203495 2.51659066867938 64.4473735250829
0.203995 2.52277409006241 64.4248769608284
0.204495 2.52895751144544 64.6444544550968
0.204995 2.53514093282847 64.8332715457327
0.205495 2.5413243542115 64.9277455136058
0.205995 2.54750777559453 65.269385955989
0.206495 2.55369119697756 65.6841517478434
0.206995 2.55987461836059 65.6435840006827
0.207495 2.56605803974362 65.6684352837563
0.207995 2.57224146112665 65.5740560860282
0.208495 2.57842488250968 65.5701529104154
0.208995 2.58460830389271 65.7202901369467
0.209495 2.59079172527574 66.0239583359625
0.209995 2.59697514665877 65.9000215953985
0.210495 2.6031585680418 66.2408562507989
0.210995 2.60934198942483 66.1903123847078
0.211495 2.61552541080786 65.9785246354175
0.211995 2.62170883219089 66.0669026982557
0.212495 2.62789225357392 65.9578293831612
0.212995 2.63407567495695 66.7620303200443
0.213495 2.64025909633998 66.4830419462836
0.213995 2.64644251772301 66.6275048548901
0.214495 2.65262593910604 66.8446611127985
0.214995 2.65880936048907 67.2007831111701
0.215495 2.6649927818721 66.8588738108293
0.215995 2.67117620325513 66.8672140160922
0.216495 2.67735962463816 66.567183699517
0.216995 2.68354304602119 67.0517098093344
0.217495 2.68972646740422 67.3461993129291
0.217995 2.69590988878725 67.1695353632764
0.218495 2.70209331017028 67.2086434190237
0.218995 2.70827673155331 67.5932561810477
0.219495 2.71446015293634 66.840102559756
0.219995 2.72064357431937 67.4824259438255
0.220495 2.7268269957024 67.6867602183299
0.220995 2.73301041708543 67.4621740741413
0.221495 2.73919383846846 67.4169108233324
0.221995 2.74537725985149 67.1255787853067
0.222495 2.75156068123452 67.2583238199759
0.222995 2.75774410261755 68.3632775275423
0.223495 2.76392752400058 67.8929081216637
0.223995 2.77011094538361 68.3034355213365
0.224495 2.77629436676664 67.7669379363574
0.224995 2.78247778814967 67.6921767073755
0.225495 2.7886612095327 68.2875127260736
0.225995 2.79484463091573 68.3828503369578
0.226495 2.80102805229876 68.628339461273
0.226995 2.80721147368179 68.7535186686952
0.227495 2.81339489506482 68.508900631038
0.227995 2.81957831644785 67.9062132131264
0.228495 2.82576173783088 68.28366086857
0.228995 2.83194515921391 68.3895617659519
0.229495 2.83812858059694 68.9754894897879
0.229995 2.84431200197997 69.1754915910585
0.230495 2.850495423363 69.245396770532
0.230995 2.85667884474603 69.4264785261925
0.231495 2.86286226612906 70.0225374011796
0.231995 2.86904568751209 69.3926308829444
0.232495 2.87522910889512 69.618381854794
0.232995 2.88141253027815 69.7963524019103
0.233495 2.88759595166118 69.7454739644939
0.233995 2.89377937304421 69.8211397339302
0.234495 2.89996279442724 69.5845359576378
0.234995 2.90614621581027 70.0692780714787
0.235495 2.9123296371933 69.8298383835863
0.235995 2.91851305857633 70.5632932747403
0.236495 2.92469647995936 70.3068666925387
0.236995 2.93087990134239 70.3423043808226
0.237495 2.93706332272542 69.9867757803342
0.237995 2.94324674410845 69.9521131436873
0.238495 2.94943016549148 70.2085333197607
0.238995 2.95561358687451 70.1043457655461
0.239495 2.96179700825754 70.4825563973928
0.239995 2.96798042964057 70.2943999651378
0.240495 2.9741638510236 70.731995028938
0.240995 2.98034727240663 71.5697401403325
0.241495 2.98653069378966 70.9147180252853
0.241995 2.99271411517269 71.0657107435357
0.242495 2.99889753655572 71.5780130288927
0.242995 3.00508095793875 71.5687635086995
0.243495 3.01126437932178 71.3751454598762
0.243995 3.01744780070481 71.2381351947399
0.244495 3.02363122208784 71.2460161566699
0.244995 3.02981464347087 71.4660517944762
0.245495 3.0359980648539 71.9563323876482
0.245995 3.04218148623693 72.2855895425752
0.246495 3.04836490761996 72.5077068828345
0.246995 3.05454832900299 72.1747417819365
0.247495 3.06073175038602 72.5728234444715
0.247995 3.06691517176905 72.2476021300771
0.248495 3.07309859315208 72.3172143118753
0.248995 3.07928201453511 72.2975543178028
0.249495 3.08546543591814 72.1895632445598
0.249995 3.09164885730117 72.9828453593498
0.250495 3.0978322786842 71.9268509019122
0.250995 3.10401570006723 72.5012460450374
0.251495 3.11019912145026 72.4976314501264
0.251995 3.11638254283329 72.8690029599163
0.252495 3.12256596421632 73.9880518388857
0.252995 3.12874938559935 72.9786472089613
0.253495 3.13493280698238 73.5607311072138
0.253995 3.14111622836541 73.9505925227104
0.254495 3.14729964974844 73.1127788636462
0.254995 3.15348307113147 73.2499943713803
0.255495 3.1596664925145 73.8957185880932
0.255995 3.16584991389753 73.8628800598785
0.256495 3.17203333528056 74.9665375857673
0.256995 3.17821675666359 74.4254650102662
0.257495 3.18440017804662 74.2057677633809
0.257995 3.19058359942965 74.969144217316
0.258495 3.19676702081268 74.3549945614666
0.258995 3.20295044219571 74.3182529609481
0.259495 3.20913386357874 74.8640176399839
0.259995 3.21531728496177 75.143210456866
0.260495 3.2215007063448 74.8927462735629
0.260995 3.22768412772783 74.98814100375
0.261495 3.23386754911086 75.0930439792439
0.261995 3.24005097049389 75.3145283394414
0.262495 3.24623439187692 75.3394763326257
0.262995 3.25241781325995 75.8244306143165
0.263495 3.25860123464298 75.0452796976815
0.263995 3.26478465602601 75.6414914588332
0.264495 3.27096807740904 76.4428362914608
0.264995 3.27715149879207 76.4013552379125
0.265495 3.2833349201751 76.4629478288873
0.265995 3.28951834155813 76.3019052050105
0.266495 3.29570176294116 76.6001196258741
0.266995 3.30188518432419 76.9880339792241
0.267495 3.30806860570722 76.7908175028371
0.267995 3.31425202709025 77.3462546815179
0.268495 3.32043544847328 77.5845060918193
0.268995 3.32661886985631 77.3713093645116
0.269495 3.33280229123934 77.7052940258942
0.269995 3.33898571262237 77.8250298062409
0.270495 3.3451691340054 77.5585234034118
0.270995 3.35135255538843 77.9605046261818
0.271495 3.35753597677146 78.5267941426404
0.271995 3.36371939815449 78.3691402892893
0.272495 3.36990281953752 78.3367380345388
0.272995 3.37608624092055 78.4754931283265
0.273495 3.38226966230358 78.5511870974368
0.273995 3.38845308368661 78.7918967615872
0.274495 3.39463650506964 78.7178388944169
0.274995 3.40081992645267 79.2635814861521
0.275495 3.4070033478357 79.550013748894
0.275995 3.41318676921873 79.4492624590847
0.276495 3.41937019060176 80.1425391447383
0.276995 3.42555361198479 78.8879806238314
0.277495 3.43173703336782 80.151532644445
0.277995 3.43792045475085 80.2741620859278
0.278495 3.44410387613388 80.073039350913
0.278995 3.45028729751691 80.3210702953398
0.279495 3.45647071889994 80.407758163261
0.279995 3.46265414028297 80.7899650615717
0.280495 3.468837561666 81.842303821941
0.280995 3.47502098304903 81.1613517200836
0.281495 3.48120440443206 81.6918944840574
0.281995 3.48738782581509 81.5936995855394
0.282495 3.49357124719812 81.1290417836033
0.282995 3.49975466858115 81.9936597420056
0.283495 3.50593808996418 82.5202306595323
0.283995 3.51212151134721 82.1762441077366
0.284495 3.51830493273024 82.4675346930741
0.284995 3.52448835411327 83.1619126007556
0.285495 3.5306717754963 83.0919579589915
0.285995 3.53685519687933 82.9538872008515
0.286495 3.54303861826236 83.3629152288121
0.286995 3.54922203964539 83.6861146097233
0.287495 3.55540546102842 83.8224663791597
0.287995 3.56158888241145 84.8987032088038
0.288495 3.56777230379448 84.8905262585109
0.288995 3.57395572517751 84.2176162358013
0.289495 3.58013914656054 84.7785734805669
0.289995 3.58632256794357 84.7430206578118
0.290495 3.5925059893266 85.6690455547082
0.290995 3.59868941070963 86.2254668957135
0.291495 3.60487283209266 85.7093168573792
0.291995 3.61105625347569 86.2001855886557
0.292495 3.61723967485872 85.9054109092329
0.292995 3.62342309624175 86.8913439263242
0.293495 3.62960651762478 86.8983016828366
0.293995 3.63578993900781 87.7405763070825
0.294495 3.64197336039084 87.6387971323141
0.294995 3.64815678177387 87.4254562929652
0.295495 3.6543402031569 88.1530758932037
0.295995 3.66052362453993 88.1257908462108
0.296495 3.66670704592296 88.0339905275864
0.296995 3.67289046730599 87.8980947655142
0.297495 3.67907388868902 89.1527078192104
0.297995 3.68525731007205 89.8310142757544
0.298495 3.69144073145508 89.5150118173895
0.298995 3.69762415283811 89.8510155237557
0.299495 3.70380757422114 89.7148260427248
0.299995 3.70999099560417 90.3895452299763
0.300495 3.7161744169872 89.9039451884921
0.300995 3.72235783837023 90.4874050036627
0.301495 3.72854125975326 90.9708010595189
0.301995 3.73472468113629 90.8580067827966
0.302495 3.74090810251932 91.3190428494644
0.302995 3.74709152390235 92.0056709143493
0.303495 3.75327494528538 91.3307123864705
0.303995 3.75945836666841 92.8733199651553
0.304495 3.76564178805144 92.0900393464612
0.304995 3.77182520943447 92.7668709843304
0.305495 3.7780086308175 93.0019363294611
0.305995 3.78419205220053 94.5273045970081
0.306495 3.79037547358356 93.3824332088547
0.306995 3.79655889496659 94.4117030124075
0.307495 3.80274231634962 94.4265796347136
0.307995 3.80892573773265 95.2592842741829
0.308495 3.81510915911568 95.6208141127561
0.308995 3.82129258049871 95.6915493216535
0.309495 3.82747600188174 95.6202471070795
0.309995 3.83365942326477 96.1259666709423
0.310495 3.8398428446478 96.153802467092
0.310995 3.84602626603083 96.1283327673547
0.311495 3.85220968741386 96.7625147343084
0.311995 3.85839310879689 97.8096892873155
0.312495 3.86457653017992 97.1127680730026
0.312995 3.87075995156295 97.8956628764528
0.313495 3.87694337294598 98.4111190975036
0.313995 3.88312679432901 98.5049749697135
0.314495 3.88931021571204 99.1293037941696
0.314995 3.89549363709507 99.9358462430759
0.315495 3.9016770584781 100.226734833643
0.315995 3.90786047986113 99.4383422012901
0.316495 3.91404390124416 99.6892147576103
0.316995 3.92022732262719 101.094821293879
0.317495 3.92641074401022 101.320301640025
0.317995 3.93259416539325 100.464298890279
0.318495 3.93877758677628 102.476516934948
0.318995 3.94496100815931 101.862878138883
0.319495 3.95114442954234 102.117002777556
0.319995 3.95732785092537 102.671066675393
0.320495 3.9635112723084 102.206610494323
0.320995 3.96969469369143 103.410107653558
0.321495 3.97587811507446 102.68653706666
0.321995 3.98206153645749 103.746023574938
0.322495 3.98824495784052 104.049798391328
0.322995 3.99442837922355 103.990139128647
0.323495 4.00061180060658 105.002503333606
0.323995 4.00679522198961 104.995734313759
0.324495 4.01297864337264 105.519851771728
0.324995 4.01916206475567 106.321347899998
0.325495 4.0253454861387 106.166392665872
0.325995 4.03152890752173 107.278123836257
0.326495 4.03771232890476 105.825034652272
0.326995 4.04389575028779 108.333327000349
0.327495 4.05007917167082 107.413473280806
0.327995 4.05626259305385 107.963928161243
0.328495 4.06244601443688 107.335401736909
0.328995 4.06862943581991 109.134616461463
0.329495 4.07481285720294 108.274404565612
0.329995 4.08099627858597 109.370936974928
0.330495 4.087179699969 109.051079744833
0.330995 4.09336312135203 110.032722677823
0.331495 4.09954654273506 110.043734947111
0.331995 4.10572996411809 110.560016224506
0.332495 4.11191338550112 111.042845132145
0.332995 4.11809680688415 111.765874471985
0.333495 4.12428022826718 112.435121875108
0.333995 4.13046364965021 112.18039646769
0.334495 4.13664707103324 112.880467215156
0.334995 4.14283049241627 113.334993395791
0.335495 4.1490139137993 113.378582688829
0.335995 4.15519733518233 114.72487631239
0.336495 4.16138075656536 113.722577374256
0.336995 4.16756417794839 114.694509050671
0.337495 4.17374759933142 114.404737136034
0.337995 4.17993102071445 114.903569011414
0.338495 4.18611444209748 115.88310699026
0.338995 4.19229786348051 115.229084004329
0.339495 4.19848128486354 116.872169553362
0.339995 4.20466470624657 117.251662148862
0.340495 4.2108481276296 117.172873448437
0.340995 4.21703154901263 117.968697400955
0.341495 4.22321497039566 118.648619619356
0.341995 4.22939839177869 118.174823725968
0.342495 4.23558181316172 118.731341876681
0.342995 4.24176523454475 119.448843301699
0.343495 4.24794865592778 119.839554136394
0.343995 4.25413207731081 120.072717918951
0.344495 4.26031549869384 120.016469710385
0.344995 4.26649892007687 121.078882528451
0.345495 4.2726823414599 121.924932347574
0.345995 4.27886576284293 121.776746963248
0.346495 4.28504918422596 122.383163926439
0.346995 4.29123260560899 123.234758296815
0.347495 4.29741602699202 123.297505699522
0.347995 4.30359944837505 122.549071648954
0.348495 4.30978286975808 124.624174114124
0.348995 4.31596629114111 124.809962582749
0.349495 4.32214971252414 124.671461676183
0.349995 4.32833313390717 125.256261738509
0.350495 4.3345165552902 125.091992676061
0.350995 4.34069997667323 125.916209255591
0.351495 4.34688339805626 126.750597830156
0.351995 4.35306681943929 126.981678281009
0.352495 4.35925024082232 128.448600624768
0.352995 4.36543366220535 127.981272474153
0.353495 4.37161708358838 128.013620294564
0.353995 4.37780050497141 128.847913834106
0.354495 4.38398392635444 128.940094137432
0.354995 4.39016734773747 130.299905186607
0.355495 4.3963507691205 131.11484417955
0.355995 4.40253419050353 130.900447735575
0.356495 4.40871761188656 131.436298239119
0.356995 4.41490103326959 131.566471970883
0.357495 4.42108445465262 131.873556276359
0.357995 4.42726787603565 133.291301744008
0.358495 4.43345129741868 133.766860439957
0.358995 4.43963471880171 134.475387266468
0.359495 4.44581814018474 134.483363065841
0.359995 4.45200156156777 135.903626643876
0.360495 4.4581849829508 134.91590493221
0.360995 4.46436840433383 136.139131377369
0.361495 4.47055182571686 135.564697985472
0.361995 4.47673524709989 137.73872629381
0.362495 4.48291866848292 136.934068043808
0.362995 4.48910208986595 137.96848015068
0.363495 4.49528551124898 138.192533479468
0.363995 4.50146893263201 138.700568313445
0.364495 4.50765235401504 139.717226023368
0.364995 4.51383577539807 139.045482072955
0.365495 4.5200191967811 141.085124245457
0.365995 4.52620261816413 140.109213674763
0.366495 4.53238603954716 141.220370482901
0.366995 4.53856946093019 141.793414593457
0.367495 4.54475288231322 142.194360365745
0.367995 4.55093630369625 143.185950682612
0.368495 4.55711972507928 143.510003893986
0.368995 4.56330314646231 144.179980694366
0.369495 4.56948656784534 144.892547692373
0.369995 4.57566998922837 144.179006263396
0.370495 4.5818534106114 131.887587169218
0.370995 4.58803683199443 94.9297553718951
0.371495 4.59422025337746 62.0956187338513
0.371995 4.60040367476049 41.724560178851
0.372495 4.60658709614352 32.3264857462067
0.372995 4.61277051752655 25.179198445512
0.373495 4.61895393890958 18.8578948596725
0.373995 4.62513736029261 12.291926977469
0.374495 4.63132078167564 4.11150736177409
0.374995 4.63750420305867 -5.89171779796273
0.375495 4.6436876244417 -15.4867501491694
0.375995 4.64987104582473 -17.2208891764739
0.376495 4.65605446720776 -16.4115956068221
0.376995 4.66223788859079 -13.6079201432889
0.377495 4.66842130997382 -6.22986868036114
0.377995 4.67460473135685 2.904674198175
0.378495 4.68078815273988 8.36324453412413
0.378995 4.68697157412291 8.36114136379352
0.379495 4.69315499550594 8.37978381426638
0.379995 4.69933841688897 7.33306492447047
0.380495 4.705521838272 4.45307291139032
0.380995 4.71170525965503 -0.20796282047186
0.381495 4.71788868103806 -5.8005909860072
0.381995 4.72407210242109 -6.94186988901103
0.382495 4.73025552380412 -8.786992455489
0.382995 4.73643894518715 -8.14456017228938
0.383495 4.74262236657018 -5.38649526774001
0.383995 4.74880578795321 -0.665386283189136
0.384495 4.75498920933624 3.45258042084516
0.384995 4.76117263071927 4.48974789241206
0.385495 4.7673560521023 5.62234621121893
0.385995 4.77353947348533 6.47382844026067
0.386495 4.77972289486836 5.08581594829697
0.386995 4.78590631625139 2.20097369568478
0.387495 4.79208973763442 -2.39574554826857
0.387995 4.79827315901745 -3.56908464709509
0.388495 4.80445658040048 -6.01890771532107
0.388995 4.81064000178351 -7.13049169294032
0.389495 4.81682342316654 -5.45460744683062
0.389995 4.82300684454957 -1.74443731690982
0.390495 4.8291902659326 1.72283780967104
0.390995 4.83537368731563 2.30528550310071
0.391495 4.84155710869866 4.79853546978719
0.391995 4.84774053008169 5.50489555121016
0.392495 4.85392395146472 4.42353448875767
0.392995 4.86010737284775 1.74740108251447
0.393495 4.86629079423078 -0.932803567736803
0.393995 4.87247421561381 -1.80566422580497
0.394495 4.87865763699684 -3.97619620925016
0.394995 4.88484105837987 -4.76465440575929
0.395495 4.8910244797629 -4.00190040312884
0.395995 4.89720790114593 -1.76278037221006
0.396495 4.90339132252896 0.343078694135795
0.396995 4.90957474391199 1.06557111843455
0.397495 4.91575816529502 2.91850048372305
0.397995 4.92194158667805 3.5932512174796
0.398495 4.92812500806108 3.23185825694311
0.398995 4.93430842944411 1.41702129723447
0.399495 4.94049185082714 -0.242333852380929
0.399995 4.94667527221017 -1.01139784684087
0.400495 4.9528586935932 -2.97879284067122
0.400995 4.95904211497623 -3.84046234453861
0.401495 4.96522553635926 -3.60536041780611
0.401995 4.97140895774229 -0.985671931967551
0.402495 4.97759237912532 0.0499461952591076
0.402995 4.98377580050835 1.44291373949417
0.403495 4.98995922189138 2.83720400262576
0.403995 4.99614264327441 2.79156718506545
0.404495 5.00232606465744 2.29948451449466
0.404995 5.00850948604047 -0.0617264536765697
0.405495 5.0146929074235 -0.194853653265287
0.405995 5.02087632880653 -1.37349899481798
0.406495 5.02705975018956 -2.64878623655713
0.406995 5.03324317157259 -3.31657328989257
0.407495 5.03942659295562 -2.82674894653069
0.407995 5.04561001433865 -0.897254107171918
0.408495 5.05179343572168 0.183327209585205
0.408995 5.05797685710471 1.34957659893363
0.409495 5.06416027848774 2.09260714053254
0.409995 5.07034369987077 2.72987500103294
0.410495 5.0765271212538 2.39553215413474
0.410995 5.08271054263683 0.638388864095555
0.411495 5.08889396401986 -0.0406476572109821
0.411995 5.09507738540289 -1.63918355976305
0.412495 5.10126080678592 -2.05417044090993
0.412995 5.10744422816895 -2.98297473025997
0.413495 5.11362764955198 -2.25775986401805
0.413995 5.11981107093501 -1.05003090772938
0.414495 5.12599449231804 -0.216382022320208
0.414995 5.13217791370107 1.18710529041671
0.415495 5.1383613350841 1.83853993439782
0.415995 5.14454475646713 2.44897621704062
0.416495 5.15072817785016 2.05513350625445
0.416995 5.15691159923319 1.18214104594066
0.417495 5.16309502061622 0.646749049927277
0.417995 5.16927844199925 -0.475433442506431
0.418495 5.17546186338228 -1.81720366319282
0.418995 5.18164528476531 -3.14147054535914
0.419495 5.18782870614834 -2.43645922208594
0.419995 5.19401212753137 -2.13165026941651
0.420495 5.2001955489144 -0.814931377237585
0.420995 5.20637897029743 0.720818970946857
0.421495 5.21256239168046 1.91324077586947
0.421995 5.21874581306349 2.37597700998257
0.422495 5.22492923444652 2.14486151103333
0.422995 5.23111265582955 1.64841347602931
0.423495 5.23729607721258 0.280531168102247
0.423995 5.24347949859561 -0.989832265087197
0.424495 5.24966291997864 -2.6109378568011
0.424995 5.25584634136167 -3.08505293600379
0.425495 5.2620297627447 -2.51121034798203
0.425995 5.26821318412773 -2.07765169010236
0.426495 5.27439660551076 -0.685582590069823
0.426995 5.28058002689379 0.434360649390944
0.427495 5.28676344827682 1.80198798512139
0.427995 5.29294686965985 2.23060410471048
0.428495 5.29913029104288 2.11950295504231
0.428995 5.30531371242591 1.64660400423199
0.429495 5.31149713380894 1.05035958948553
0.429995 5.31768055519197 -0.219926681697533
0.430495 5.323863976575 -1.35402762736029
0.430995 5.33004739795803 -1.89015340153348
0.431495 5.33623081934106 -1.66323285128884
0.431995 5.34241424072409 -1.57746711569573
0.432495 5.34859766210712 -1.30533280526575
0.432995 5.35478108349015 0.0147973650235914
0.433495 5.36096450487318 0.953461898010781
0.433995 5.36714792625621 0.89116884686351
0.434495 5.37333134763924 1.3354482763622
0.434995 5.37951476902227 0.994908115611132
0.435495 5.3856981904053 0.372049648066096
0.435995 5.39188161178833 -0.241657320577848
0.436495 5.39806503317136 -1.233102395939
0.436995 5.40424845455439 -1.17192532143852
0.437495 5.41043187593742 -1.36836302455928
0.437995 5.41661529732045 -0.982426271841018
0.438495 5.42279871870348 -0.810790466975364
0.438995 5.42898214008651 -0.0848700436066426
0.439495 5.43516556146954 0.428932261922635
0.439995 5.44134898285257 0.430434054417159
0.440495 5.4475324042356 0.811113561623827
0.440995 5.45371582561863 0.38293207307569
0.441495 5.45989924700166 0.314165926474024
0.441995 5.46608266838469 -0.887346142332053
0.442495 5.47226608976772 -1.29664469279107
0.442995 5.47844951115075 -1.04126764743754
0.443495 5.48463293253378 -1.23670358250267
0.443995 5.49081635391681 -0.648039530718149
0.444495 5.49699977529984 -0.154982379273757
0.444995 5.50318319668287 0.783771649547149
0.445495 5.5093666180659 0.849524218355648
0.445995 5.51555003944893 0.871648015677821
0.446495 5.52173346083196 1.26434712569148
0.446995 5.52791688221499 0.336587706565006
0.447495 5.53410030359802 -0.351947089005914
0.447995 5.54028372498105 -1.06865577763065
0.448495 5.54646714636408 -1.54289308780239
0.448995 5.55265056774711 -1.59372410668226
0.449495 5.55883398913014 -1.08740253549921
0.449995 5.56501741051317 -0.00981319835326777
0.450495 5.5712008318962 0.39914278799351
0.450995 5.57738425327923 1.13975508891524
0.451495 5.58356767466226 1.38953377381325
0.451995 5.58975109604529 1.38320639980767
0.452495 5.59593451742832 0.996042596448149
0.452995 5.60211793881135 0.293879429943878
0.453495 5.60830136019438 -0.510940947360286
0.453995 5.61448478157741 -1.25930929220791
0.454495 5.62066820296044 -1.26301476993536
0.454995 5.62685162434347 -1.09806809139762
0.455495 5.6330350457265 -0.482583492732367
0.455995 5.63921846710953 0.0946289485218176
0.456495 5.64540188849256 0.453431052437597
0.456995 5.65158530987559 1.18245789820109
0.457495 5.65776873125862 0.990254366113773
0.457995 5.66395215264165 1.03393319739741
0.458495 5.67013557402468 0.277627952988294
0.458995 5.67631899540771 -0.600122371025789
0.459495 5.68250241679074 -0.59484570007076
0.459995 5.68868583817377 -1.41344382252336
0.460495 5.6948692595568 -1.27065656211075
0.460995 5.70105268093983 -0.958852574429459
0.461495 5.70723610232286 -0.957719578180406
0.461995 5.71341952370589 0.114028204102856
0.462495 5.71960294508892 0.280949536935066
0.462995 5.72578636647195 0.702739468447573
0.463495 5.73196978785498 0.766080435353358
0.463995 5.73815320923801 0.875397322608559
0.464495 5.74433663062104 0.153373636107222
0.464995 5.75052005200407 -0.531997566175446
0.465495 5.7567034733871 -0.874253197253116
0.465995 5.76288689477013 -0.850271337229117
0.466495 5.76907031615316 -1.54081767936647
0.466995 5.77525373753619 -0.961849926282247
0.467495 5.78143715891922 0.222364760738549
0.467995 5.78762058030225 0.184733207559513
0.468495 5.79380400168528 0.787166581110334
0.468995 5.79998742306831 0.752629105401839
0.469495 5.80617084445134 0.291327097469714
0.469995 5.81235426583437 0.363024682961117
0.470495 5.8185376872174 -0.571923659430545
0.470995 5.82472110860043 -0.9240749926008
0.471495 5.83090452998346 -1.08421925129458
0.471995 5.83708795136649 -1.28671985423004
0.472495 5.84327137274952 -0.825463843428438
0.472995 5.84945479413255 -0.398226488489018
0.473495 5.85563821551558 -0.266968467423341
0.473995 5.86182163689861 0.606679008845274
0.474495 5.86800505828164 1.07098970477655
0.474995 5.87418847966467 0.663671074962081
0.475495 5.8803719010477 0.600199589456849
0.475995 5.88655532243073 0.0725339373528691
0.476495 5.89273874381376 -0.143434741316156
0.476995 5.89892216519679 -0.528693813182792
0.477495 5.90510558657982 -0.536495807149725
0.477995 5.91128900796285 -0.503180666402811
0.478495 5.91747242934588 -0.538423463224226
0.478995 5.92365585072891 -0.126169242848525
0.479495 5.92983927211194 -0.299455325724042
0.479995 5.93602269349497 0.276098205463175
0.480495 5.942206114878 -0.179618137611922
0.480995 5.94838953626103 -0.295025967772627
0.481495 5.95457295764406 0.112740144647374
0.481995 5.96075637902709 -0.174966149295801
0.482495 5.96693980041012 -0.0340746962963588
0.482995 5.97312322179315 -0.315666758636088
0.483495 5.97930664317618 0.226415834724796
0.483995 5.98549006455921 0.216557119380531
0.484495 5.99167348594224 0.0223059434392816
0.484995 5.99785690732527 0.128285220399806
0.485495 6.0040403287083 -0.0114425564514218
0.485995 6.01022375009133 -0.235271255356033
0.486495 6.01640717147436 -0.475488985258457
0.486995 6.02259059285739 -0.283108379083575
0.487495 6.02877401424042 -0.323958379534021
0.487995 6.03495743562345 -0.382911994972918
0.488495 6.04114085700648 -0.586437059022105
0.488995 6.04732427838951 -0.658259928012767
0.489495 6.05350769977254 0.0610958513261108
0.489995 6.05969112115557 -0.179960404100033
0.490495 6.0658745425386 -0.195908857846895
0.490995 6.07205796392163 0.0880295709208761
0.491495 6.07824138530466 -0.123475006755275
0.491995 6.08442480668769 0.0266688996713858
0.492495 6.09060822807072 -0.116210345319036
0.492995 6.09679164945375 0.0171713977389703
0.493495 6.10297507083678 -0.0321148094720851
0.493995 6.10915849221981 -0.0350098240674572
0.494495 6.11534191360284 0.0989841516134855
0.494995 6.12152533498587 -0.0330615481678799
0.495495 6.1277087563689 -0.147851398814439
0.495995 6.13389217775193 -0.151311823988741
0.496495 6.14007559913496 -0.311347779621657
0.496995 6.14625902051799 -0.517482200199558
0.497495 6.15244244190102 -0.527976763530891
0.497995 6.15862586328405 -0.584657905363255
0.498495 6.16480928466708 -0.199787115485861
0.498995 6.17099270605011 -0.227187060819013
0.499495 6.17717612743314 -0.339471157010085
0.499995 6.18335954881617 0.137485944104168
