# Fix print output for fix Step
0 0 -0.998944886079421
0.000495000000000098 0.0265268777332039 0.390197110096589
0.000994999999999995 0.0533217037263285 0.374661184576864
0.0014950000000001 0.0801165297194643 0.290334051452673
0.001995 0.106911355712589 1.39545319928339
0.00249500000000011 0.133706181705725 1.03343660666051
0.00299500000000001 0.160501007698849 1.40918880969728
0.00349499999999991 0.187295833691974 2.16058004224987
0.00399500000000002 0.21409065968511 1.71408728889292
0.00449500000000013 0.240885485678245 2.56936309306831
0.00499500000000002 0.26768031167137 2.83798522462886
0.00549499999999992 0.294475137664494 2.76986685650003
0.00599500000000003 0.32126996365763 3.64162219526431
0.00649500000000014 0.348064789650766 3.58425013432603
0.00699500000000004 0.374859615643891 3.80941388128705
0.00749499999999993 0.401654441637015 4.47654325901285
0.00799500000000004 0.428449267630151 4.42330406690206
0.00849500000000015 0.455244093623287 4.88720487408129
0.00899500000000005 0.482038919616411 5.16350999843183
0.00949499999999995 0.508833745609536 5.40581669617584
0.00999500000000006 0.535628571602672 5.73878183561255
0.0104950000000002 0.562423397595808 5.90362880823988
0.0109950000000001 0.589218223588932 6.35305493247613
0.011495 0.616013049582057 6.50706131400464
0.0119950000000001 0.642807875575193 6.80557330329845
0.0124950000000002 0.669602701568328 7.24482530012588
0.0129950000000001 0.696397527561453 7.27284373756081
0.013495 0.723192353554577 7.73070596405053
0.0139950000000001 0.749987179547713 7.92490712141025
0.0144950000000002 0.776782005540849 8.15481974408421
0.0149950000000001 0.803576831533974 8.60923070868585
0.015495 0.830371657527098 8.60933069827285
0.0159950000000001 0.857166483520234 9.00289615140821
0.0164950000000002 0.88396130951337 9.32227302005234
0.0169950000000001 0.910756135506494 9.66879263687327
0.017495 0.937550961499619 9.96687757810363
0.0179950000000001 0.964345787492755 9.90523665732393
0.018495 0.991140613485879 10.4298655167307
0.0189950000000001 1.01793543947902 10.7403577113
0.019495 1.04473026547214 10.8749653870523
0.0199949999999999 1.07152509146526 11.2755983429182
0.020495 1.0983199174584 11.3395478028339
0.0209950000000001 1.12511474345154 11.8603514010464
0.021495 1.15190956944466 11.9535690992498
0.0219949999999999 1.17870439543778 12.1423745935504
0.022495 1.20549922143092 12.7174337052435
0.0229950000000002 1.23229404742406 12.6491038527306
0.023495 1.25908887341718 13.1069615351669
0.0239949999999999 1.28588369941031 13.4038730539017
0.0244950000000001 1.31267852540344 13.4558034470332
0.0249950000000002 1.33947335139658 13.9797326771535
0.0254950000000001 1.3662681773897 13.9280821731642
0.025995 1.39306300338283 14.2421932825809
0.0264950000000001 1.41985782937596 14.6425158424596
0.0269950000000002 1.4466526553691 14.7025593063254
0.0274950000000001 1.47344748136222 15.239490216232
0.027995 1.50024230735535 15.3669574111418
0.0284950000000001 1.52703713334848 15.6041912954483
0.0289950000000002 1.55383195934162 15.8953534201579
0.0294950000000001 1.58062678533474 16.0296202215252
0.029995 1.60742161132787 16.3636076932631
0.0304950000000001 1.634216437321 16.5273329897239
0.0309950000000002 1.66101126331414 16.8411646213619
0.0314950000000001 1.68780608930726 17.0628146386553
0.031995 1.71460091530039 17.2638308466347
0.0324950000000001 1.74139574129352 17.6380950182264
0.032995 1.76819056728665 17.7857407640771
0.0334950000000001 1.79498539327979 18.1628545487379
0.033995 1.82178021927291 18.3951831823701
0.0344949999999999 1.84857504526603 18.5560012690542
0.034995 1.87536987125917 18.8199734588758
0.0354950000000001 1.90216469725231 19.0028608014578
0.035995 1.92895952324543 19.2826361402994
0.0364949999999999 1.95575434923855 19.5074122290417
0.036995 1.98254917523169 19.7276407120393
0.0374950000000001 2.00934400122483 19.9804191070504
0.037995 2.03613882721795 20.17811614245
0.0384949999999999 2.06293365321108 20.4742732277847
0.0389950000000001 2.08972847920421 20.658185080437
0.0394950000000002 2.11652330519735 20.895636077361
0.0399950000000001 2.14331813119047 21.1858377090849
0.040495 2.1701129571836 21.3350428827828
0.0409950000000001 2.19690778317673 21.6392599882554
0.0414950000000002 2.22370260916987 21.8092206210439
0.0419950000000001 2.25049743516299 22.0085145810861
0.042495 2.27729226115612 22.3045278368541
0.0429950000000001 2.30408708714925 22.5170768929436
0.0434950000000002 2.33088191314239 22.8315994083422
0.0439950000000001 2.35767673913551 23.0171662200228
0.044495 2.38447156512864 23.2295175181627
0.0449950000000001 2.41126639112177 23.5412994665026
0.0454950000000002 2.43806121711491 23.7127684900303
0.0459950000000001 2.46485604310803 23.9671554365445
0.046495 2.49165086910116 24.2093793517882
0.0469950000000001 2.51844569509429 24.3372574210391
0.0474950000000002 2.54524052108743 24.5929273847778
0.0479950000000001 2.57203534708056 24.7366337815354
0.048495 2.59883017307368 24.984435723763
0.0489949999999999 2.6256249990668 25.2136066361803
0.049495 2.65241982505994 25.4791350718828
0.0499950000000001 2.67921465105308 25.655884439124
0.050495 2.7060094770462 25.9073222565105
0.0509949999999999 2.73280430303932 26.1408869579507
0.051495 2.75959912903246 26.3512095151318
0.0519950000000001 2.7863939550256 26.56059210501
0.052495 2.81318878101872 26.7875784772579
0.0529949999999999 2.83998360701185 27.0029407714541
0.053495 2.86677843300498 27.2708990664422
0.0539950000000002 2.89357325899812 27.424480922269
0.0544950000000001 2.92036808499124 27.6880153777362
0.0549949999999999 2.94716291098437 27.7990267162406
0.0554950000000001 2.9739577369775 28.0648981382126
0.0559950000000002 3.00075256297064 28.3492760526684
0.0564950000000001 3.02754738896376 28.461473208385
0.056995 3.05434221495689 28.7991868135406
0.0574950000000001 3.08113704095002 28.908120094082
0.0579950000000002 3.10793186694316 29.1672126896492
0.0584950000000001 3.13472669293628 29.4580129527969
0.058995 3.16152151892941 29.5642609446191
0.0594950000000001 3.18831634492254 29.8638799682631
0.0599950000000002 3.21511117091568 30.0283558893519
0.0604950000000001 3.2419059969088 30.2278784509917
0.060995 3.26870082290193 30.4939252755144
0.0614950000000001 3.29549564889506 30.7057569997232
0.0619950000000002 3.3222904748882 30.9162558219371
0.0624950000000001 3.34908530088132 31.0963297173168
0.062995 3.37588012687445 31.3057705494348
0.0634950000000001 3.40267495286759 31.4775994814737
0.0639950000000002 3.42946977886072 31.7301334133711
0.0644950000000001 3.45626460485385 31.972893153795
0.064995 3.48305943084697 32.1295947660326
0.0654949999999999 3.50985425684009 32.4130820309229
0.065995 3.53664908283323 32.5542733760221
0.0664950000000001 3.56344390882637 32.7216022340403
0.066995 3.59023873481949 32.9462981711755
0.0674949999999999 3.61703356081262 33.1183573501553
0.067995 3.64382838680575 33.3210972990443
0.0684950000000002 3.67062321279889 33.5136859420958
0.068995 3.69741803879201 33.698088255085
0.0694949999999999 3.72421286478514 33.943269906647
0.0699950000000001 3.75100769077827 34.0943096633291
0.0704950000000002 3.77780251677141 34.35857081465
0.0709950000000001 3.80459734276453 34.5203354563603
0.071495 3.83139216875766 34.7837214547424
0.0719950000000001 3.85818699475079 34.9373189470342
0.0724950000000002 3.88498182074393 35.0566300233035
0.0729950000000001 3.91177664673705 35.3606083976726
0.073495 3.93857147273018 35.4922550956903
0.0739950000000001 3.96536629872331 35.6910756228396
0.0744950000000002 3.99216112471645 35.8690203257042
0.0749950000000001 4.01895595070957 36.0166275956247
0.075495 4.0457507767027 36.2510775022136
0.0759950000000001 4.07254560269583 36.4123628370913
0.0764950000000002 4.09934042868897 36.7078208658923
0.0769950000000001 4.12613525468209 36.8789348516475
0.077495 4.15293008067522 37.0882871753533
0.0779950000000001 4.17972490666835 37.3392150299083
0.0784950000000002 4.20651973266149 37.4140536652205
0.0789950000000001 4.23331455865462 37.6466471984954
0.079495 4.26010938464774 37.7204814398473
0.0799949999999999 4.28690421064086 37.9647782184644
0.080495 4.313699036634 38.163330935703
0.0809950000000001 4.34049386262714 38.2684882593852
0.081495 4.36728868862026 38.5995206948431
0.0819949999999999 4.39408351461338 38.7155224334116
0.082495 4.42087834060652 38.923316190356
0.0829950000000002 4.44767316659966 39.169243982066
0.083495 4.47446799259278 39.2544044049503
0.0839949999999999 4.50126281858591 39.4931797864347
0.0844950000000001 4.52805764457904 39.6076921943778
0.0849950000000002 4.55485247057218 39.7981824959546
0.0854950000000001 4.5816472965653 40.046347312841
0.085995 4.60844212255843 40.1350513523832
0.0864950000000001 4.63523694855156 40.4081870697612
0.0869950000000002 4.6620317745447 40.5611204589253
0.0874950000000001 4.68882660053782 40.7214336735685
0.087995 4.71562142653095 40.9205215383678
0.0884950000000001 4.74241625252408 41.0233670935312
0.0889950000000002 4.76921107851722 41.275264190054
0.0894950000000001 4.79600590451034 41.3645029038542
0.089995 4.82280073050347 41.5997635201471
0.0904950000000001 4.8495955564966 41.776524760392
0.0909950000000002 4.87639038248974 41.9454272326692
0.0914950000000001 4.90318520848286 42.1275801083068
0.091995 4.92998003447599 42.1831428543704
0.0924950000000001 4.95677486046912 42.4526105723128
0.0929950000000002 4.98356968646226 42.6316017674249
0.0934950000000001 5.01036451245538 42.7925002336995
0.093995 5.03715933844851 43.0165893654614
0.0944950000000001 5.06395416444165 43.0619536495077
0.094995 5.09074899043477 43.2773085179307
0.0954950000000001 5.11754381642791 43.4747657812763
0.095995 5.14433864242103 43.6215592125831
0.0964949999999999 5.17113346841415 43.839105919981
0.096995 5.19792829440729 43.8527557894277
0.0974950000000001 5.22472312040043 44.0791681423195
0.097995 5.25151794639355 44.2912315834743
0.0984949999999999 5.27831277238668 44.4769043422958
0.098995 5.30510759837981 44.6851985627213
0.0994950000000002 5.33190242437295 44.7162107295484
0.0999950000000001 5.35869725036607 44.9116813165206
0.100495 5.3854920763592 45.1287351232111
0.100995 5.41228690235233 45.276080966599
0.101495 5.43908172834547 45.3966639722142
0.101995 5.46587655433859 45.5263122145489
0.102495 5.49267138033172 45.7393331840749
0.102995 5.51946620632485 45.9539526618339
0.103495 5.54626103231799 46.024463877307
0.103995 5.57305585831111 46.1605793978874
0.104495 5.59985068430424 46.3243327255764
0.104995 5.62664551029737 46.5938705936837
0.105495 5.65344033629051 46.7306611848681
0.105995 5.68023516228363 46.7535876194156
0.106495 5.70702998827676 46.9956155597331
0.106995 5.73382481426989 47.2329633503163
0.107495 5.76061964026303 47.2927929354739
0.107995 5.78741446625615 47.3987537589928
0.108495 5.81420929224928 47.56093171766
0.108995 5.84100411824241 47.8167156908573
0.109495 5.86779894423554 47.9041581094876
0.109995 5.89459377022868 47.9882268575612
0.110495 5.9213885962218 48.1985499800249
0.110995 5.94818342221492 48.3480036723831
0.111495 5.97497824820807 48.5045650904665
0.111995 6.0017730742012 48.5578496350454
0.112495 6.02856790019432 48.8012322313919
0.112995 6.05536272618744 49.0189767091529
0.113495 6.08215755218058 49.0373848674407
0.113995 6.10895237817372 49.1749177193692
0.114495 6.13574720416684 49.3903230083799
0.114995 6.16254203015997 49.5290934851645
0.115495 6.1893368561531 49.6078046632122
0.115995 6.21613168214624 49.7956262397007
0.116495 6.24292650813936 49.9735098195195
0.116995 6.26972133413249 50.0085039316104
0.117495 6.29651616012562 50.2285540261537
0.117995 6.32331098611876 50.4312610783517
0.118495 6.35010581211188 50.5117637430036
0.118995 6.37690063810501 50.6134224351109
0.119495 6.40369546409814 50.8210356935667
0.119995 6.43049029009128 50.9541942961052
0.120495 6.4572851160844 50.9928327933219
0.120995 6.48407994207753 51.2295386755905
0.121495 6.51087476807066 51.3891793304162
0.121995 6.5376695940638 51.4158113188751
0.122495 6.56446442005692 51.5818176130252
0.122995 6.59125924605005 51.7349233995634
0.123495 6.61805407204318 51.8551875718562
0.123995 6.64484889803631 52.0021009308699
0.124495 6.67164372402945 52.1777617523625
0.124995 6.69843855002257 52.2207401876155
0.125495 6.72523337601569 52.3718424091907
0.125995 6.75202820200884 52.5636594097388
0.126495 6.77882302800197 52.5966118794349
0.126995 6.80561785399509 52.8089039989202
0.127495 6.83241267998821 52.9222468883457
0.127995 6.85920750598135 52.9373080195671
0.128495 6.88600233197449 53.2373654097818
0.128995 6.91279715796761 53.2994023980481
0.129495 6.93959198396074 53.4086152175439
0.129995 6.96638680995387 53.6004052006006
0.130495 6.99318163594701 53.653009242976
0.130995 7.01997646194013 53.7531662491359
0.131495 7.04677128793326 53.9850229785259
0.131995 7.07356611392639 53.9964049323256
0.132495 7.10036093991953 54.203424176944
0.132995 7.12715576591265 54.2828726652649
0.133495 7.15395059190578 54.3437765069047
0.133995 7.18074541789891 54.5752265009711
0.134495 7.20754024389205 54.6254992716535
0.134995 7.23433506988517 54.7800631632828
0.135495 7.2611298958783 54.9568376292091
0.135995 7.28792472187143 55.0466470665352
0.136495 7.31471954786457 55.1499785799393
0.136995 7.34151437385769 55.2129260130063
0.137495 7.36830919985082 55.4158902269524
0.137995 7.39510402584395 55.4780919105493
0.138495 7.42189885183709 55.6682116539904
0.138995 7.44869367783022 55.7239476139237
0.139495 7.47548850382334 55.8936060465662
0.139995 7.50228332981648 55.9755402386955
0.140495 7.52907815580961 56.09160999865
0.140995 7.55587298180274 56.1911799475305
0.141495 7.58266780779586 56.2444986461181
0.141995 7.60946263378898 56.4063832446819
0.142495 7.63625745978212 56.4999309236079
0.142995 7.66305228577526 56.6971626352414
0.143495 7.68984711176838 56.7525588026205
0.143995 7.71664193776151 56.911431620948
0.144495 7.74343676375465 56.9669816451706
0.144995 7.77023158974778 57.0842179217831
0.145495 7.7970264157409 57.1652777492631
0.145995 7.82382124173403 57.3189773434387
0.146495 7.85061606772716 57.4081885496997
0.146995 7.8774108937203 57.5251078617243
0.147495 7.90420571971342 57.6538222927592
0.147995 7.93100054570655 57.7174416486112
0.148495 7.95779537169968 57.8443435168213
0.148995 7.98459019769282 57.9014025430555
0.149495 8.01138502368594 58.0884799914272
0.149995 8.03817984967907 58.1559948679102
0.150495 8.0649746756722 58.220889740335
0.150995 8.09176950166534 58.4152617656501
0.151495 8.11856432765846 58.3998974786915
0.151995 8.14535915365159 58.597100623678
0.152495 8.17215397964472 58.6320249278608
0.152995 8.19894880563786 58.8065878932823
0.153495 8.22574363163099 58.8493018978286
0.153995 8.25253845762411 59.0079941366341
0.154495 8.27933328361723 59.099597233776
0.154995 8.30612810961038 59.1887867795434
0.155495 8.33292293560351 59.2885677157008
0.155995 8.35971776159663 59.3587377020889
0.156495 8.38651258758975 59.5169001922815
0.156995 8.41330741358289 59.5493642659101
0.157495 8.44010223957603 59.662926748631
0.157995 8.46689706556915 59.7246195329752
0.158495 8.49369189156227 59.8516508987503
0.158995 8.52048671755542 59.9949330731658
0.159495 8.54728154354855 60.1058290660411
0.159995 8.57407636954167 60.1606032455515
0.160495 8.6008711955348 60.2298371797366
0.160995 8.62766602152793 60.2976155166616
0.161495 8.65446084752107 60.4277431256605
0.161995 8.68125567351419 60.5207359153966
0.162495 8.70805049950732 60.6268433059278
0.162995 8.73484532550045 60.6777235051232
0.163495 8.76164015149359 60.8102281162717
0.163995 8.78843497748671 60.8176041814066
0.164495 8.81522980347984 60.9959651415351
0.164995 8.84202462947297 61.0399067106281
0.165495 8.86881945546611 61.1665597395297
0.165995 8.89561428145923 61.1845493224353
0.166495 8.92240910745236 61.3591284819337
0.166995 8.94920393344549 61.3818796490745
0.167495 8.97599875943863 61.5212583041703
0.167995 9.00279358543176 61.6165604009217
0.168495 9.02958841142488 61.7097097672303
0.168995 9.05638323741801 61.771931413761
0.169495 9.08317806341115 61.8416402291913
0.169995 9.10997288940428 61.9368538382539
0.170495 9.1367677153974 62.0101255865536
0.170995 9.16356254139054 62.0968241344758
0.171495 9.19035736738367 62.2301535746895
0.171995 9.2171521933768 62.24551665572
0.172495 9.24394701936992 62.3234187865385
0.172995 9.27074184536304 62.4554602752423
0.173495 9.29753667135619 62.506286245811
0.173995 9.32433149734932 62.5435851337828
0.174495 9.35112632334244 62.6388304132686
0.174995 9.37792114933557 62.7267291673771
0.175495 9.4047159753287 62.865367562838
0.175995 9.43151080132184 62.8781062417546
0.176495 9.45830562731496 62.9761414769294
0.176995 9.48510045330809 63.0219094884742
0.177495 9.51189527930123 63.0907714965366
0.177995 9.53869010529436 63.2167896568029
0.178495 9.56548493128748 63.27539868808
0.178995 9.59227975728061 63.3566461224835
0.179495 9.61907458327374 63.4088352553166
0.179995 9.64586940926688 63.503396185902
0.180495 9.67266423526 63.6042722579355
0.180995 9.69945906125313 63.6739099946287
0.181495 9.72625388724626 63.7746560389728
0.181995 9.7530487132394 63.8356373774929
0.182495 9.77984353923252 63.8416060432059
0.182995 9.80663836522565 63.9629744868006
0.183495 9.83343319121878 64.0244462717721
0.183995 9.86022801721192 64.1254491103481
0.184495 9.88702284320505 64.2211975387186
0.184995 9.91381766919817 64.2392426417308
0.185495 9.94061249519129 64.3146101316038
0.185995 9.96740732118444 64.378007718701
0.186495 9.99420214717757 64.5116231085391
0.186995 10.0209969731707 64.5609993166563
0.187495 10.0477917991638 64.6326366643081
0.187995 10.074586625157 64.6824679825597
0.188495 10.1013814511501 64.6936294190847
0.188995 10.1281762771432 64.813881589423
0.189495 10.1549711031363 64.9310884831949
0.189995 10.1817659291295 64.967316650226
0.190495 10.2085607551226 65.0582415150273
0.190995 10.2353555811157 65.15578892227
0.191495 10.2621504071089 65.1140141574758
0.191995 10.288945233102 65.2204185603911
0.192495 10.3157400590951 65.350626556265
0.192995 10.3425348850883 65.3441540640999
0.193495 10.3693297110814 65.4792975647243
0.193995 10.3961245370745 65.5466956386578
0.194495 10.4229193630676 65.4932045249151
0.194995 10.4497141890608 65.6505627026868
0.195495 10.4765090150539 65.7375612069113
0.195995 10.503303841047 65.7993182221654
0.196495 10.5300986670402 65.8277446085493
0.196995 10.5568934930333 65.9666188482253
0.197495 10.5836883190264 66.0061718058947
0.197995 10.6104831450196 65.9854909580415
0.198495 10.6372779710127 66.124278290546
0.198995 10.6640727970058 66.1892423156059
0.199495 10.6908676229989 66.2244648804207
0.199995 10.7176624489921 66.3247536655734
0.200495 10.7444572749852 66.4049290873488
0.200995 10.7712521009783 66.4012917699694
0.201495 10.7980469269715 66.5001389627255
0.201995 10.8248417529646 66.5633330420887
0.202495 10.8516365789577 66.583906854568
0.202995 10.8784314049509 66.6541485354989
0.203495 10.905226230944 66.8151385041843
0.203995 10.9320210569371 66.8600259650274
0.204495 10.9588158829302 66.8523008854694
0.204995 10.9856107089234 66.9938348704045
0.205495 11.0124055349165 67.0321530003933
0.205995 11.0392003609096 67.1052545576974
0.206495 11.0659951869028 67.1199138539891
0.206995 11.0927900128959 67.1642063519701
0.207495 11.119584838889 67.2930173223494
0.207995 11.1463796648821 67.3314466651619
0.208495 11.1731744908753 67.3868151661678
0.208995 11.1999693168684 67.4650408309575
0.209495 11.2267641428615 67.4662474041588
0.209995 11.2535589688547 67.5852295596575
0.210495 11.2803537948478 67.6087315828517
0.210995 11.3071486208409 67.6573865532086
0.211495 11.3339434468341 67.7273932373965
0.211995 11.3607382728272 67.8228763470623
0.212495 11.3875330988203 67.8680838127129
0.212995 11.4143279248135 67.8599360206921
0.213495 11.4411227508066 67.9253952645598
0.213995 11.4679175767997 68.0386918747682
0.214495 11.4947124027928 68.0933221178276
0.214995 11.521507228786 68.1426267183917
0.215495 11.5483020547791 68.1990060927172
0.215995 11.5750968807722 68.2974367008526
0.216495 11.6018917067654 68.3422761713781
0.216995 11.6286865327585 68.4892950686052
0.217495 11.6554813587516 68.3771834956082
0.217995 11.6822761847448 68.4396464845876
0.218495 11.7090710107379 68.6070954793521
0.218995 11.735865836731 68.6228003269034
0.219495 11.7626606627241 68.7563868315682
0.219995 11.7894554887173 68.7449236896739
0.220495 11.8162503147104 68.8506062684638
0.220995 11.8430451407035 68.8801572257674
0.221495 11.8698399666967 68.8854355610896
0.221995 11.8966347926898 69.0664403698903
0.222495 11.9234296186829 69.0310050420615
0.222995 11.9502244446761 69.1109234461737
0.223495 11.9770192706692 69.1059512923809
0.223995 12.0038140966623 69.2069587747403
0.224495 12.0306089226554 69.2697328688806
0.224995 12.0574037486486 69.2370595691109
0.225495 12.0841985746417 69.338941553124
0.225995 12.1109934006348 69.4560271148356
0.226495 12.137788226628 69.5945271027181
0.226995 12.1645830526211 69.4715428706776
0.227495 12.1913778786142 69.7314486203566
0.227995 12.2181727046074 69.7281943456279
0.228495 12.2449675306005 69.782322533435
0.228995 12.2717623565936 69.7927269762287
0.229495 12.2985571825868 69.9366721336806
0.229995 12.3253520085799 69.820171178446
0.230495 12.352146834573 69.9258144810046
0.230995 12.3789416605661 70.0869563821839
0.231495 12.4057364865593 70.1219027361397
0.231995 12.4325313125524 70.1970564866138
0.232495 12.4593261385455 70.206408839692
0.232995 12.4861209645387 70.2523759584728
0.233495 12.5129157905318 70.2941518262717
0.233995 12.5397106165249 70.3862841271206
0.234495 12.566505442518 70.3805457914792
0.234995 12.5933002685112 70.4838528833083
0.235495 12.6200950945043 70.6125536480793
0.235995 12.6468899204974 70.6444373821044
0.236495 12.6736847464906 70.7239710768484
0.236995 12.7004795724837 70.8138094282469
0.237495 12.7272743984768 70.8797095342236
0.237995 12.75406922447 70.8228503523634
0.238495 12.7808640504631 70.8183137357112
0.238995 12.8076588764562 70.9038251496555
0.239495 12.8344537024494 71.0162174711957
0.239995 12.8612485284425 71.1670370739382
0.240495 12.8880433544356 71.1480777688347
0.240995 12.9148381804287 71.2768642081069
0.241495 12.9416330064219 71.414977520192
0.241995 12.968427832415 71.1767408307235
0.242495 12.9952226584081 71.2310451445782
0.242995 13.0220174844012 71.568669622063
0.243495 13.0488123103944 71.5083753617126
0.243995 13.0756071363875 71.6677937332599
0.244495 13.1024019623806 71.6718877944749
0.244995 13.1291967883738 71.7664754509119
0.245495 13.1559916143669 71.7322587985952
0.245995 13.18278644036 71.8423238944574
0.246495 13.2095812663532 71.8014223138996
0.246995 13.2363760923463 71.9503988622522
0.247495 13.2631709183394 71.953802411416
0.247995 13.2899657443326 72.1695030917443
0.248495 13.3167605703257 72.1093192837434
0.248995 13.3435553963188 72.2868767315571
0.249495 13.3703502223119 72.232785270538
0.249995 13.3971450483051 72.4008371121008
0.250495 13.4239398742982 72.3770712463281
0.250995 13.4507347002913 72.357890052697
0.251495 13.4775295262845 72.6065578760214
0.251995 13.5043243522776 72.52801501119
0.252495 13.5311191782707 72.6069059044308
0.252995 13.5579140042639 72.6475589964047
0.253495 13.584708830257 72.7362415823734
0.253995 13.6115036562501 72.7966073960303
0.254495 13.6382984822432 72.8299578688897
0.254995 13.6650933082364 72.9363532605584
0.255495 13.6918881342295 73.0610950315428
0.255995 13.7186829602226 73.0097682094624
0.256495 13.7454777862158 73.1234882973174
0.256995 13.7722726122089 73.1684402089106
0.257495 13.799067438202 73.3206607252773
0.257995 13.8258622641952 73.1983158353986
0.258495 13.8526570901883 73.3882308097549
0.258995 13.8794519161814 73.3133923297373
0.259495 13.9062467421745 73.4995280205713
0.259995 13.9330415681677 73.7628899933076
0.260495 13.9598363941608 73.7874028854828
0.260995 13.9866312201539 73.7401614581111
0.261495 14.0134260461471 73.7341207650393
0.261995 14.0402208721402 73.8335868446296
0.262495 14.0670156981333 73.821400859958
0.262995 14.0938105241265 74.0294077360184
0.263495 14.1206053501196 74.1223969326993
0.263995 14.1474001761127 74.2154945895251
0.264495 14.1741950021059 74.1405686057271
0.264995 14.200989828099 74.4007431065668
0.265495 14.2277846540921 74.4810383235864
0.265995 14.2545794800852 74.4300854160952
0.266495 14.2813743060784 74.4959508852695
0.266995 14.3081691320715 74.6657055973153
0.267495 14.3349639580646 74.6410982609165
0.267995 14.3617587840577 74.7137601474367
0.268495 14.3885536100509 74.8827947540953
0.268995 14.415348436044 74.817946936702
0.269495 14.4421432620371 74.8956180201562
0.269995 14.4689380880303 74.9609140921453
0.270495 14.4957329140234 75.2726057963822
0.270995 14.5225277400165 75.2804014767062
0.271495 14.5493225660097 75.1754583499416
0.271995 14.5761173920028 75.3279697347803
0.272495 14.6029122179959 75.5005719544629
0.272995 14.6297070439891 75.4711976058898
0.273495 14.6565018699822 75.3574927564775
0.273995 14.6832966959753 75.6960155882501
0.274495 14.7100915219684 75.9595947031667
0.274995 14.7368863479616 75.7729073855293
0.275495 14.7636811739547 75.7745544159
0.275995 14.7904759999478 75.9182620900065
0.276495 14.817270825941 76.1249452387638
0.276995 14.8440656519341 76.2231161886891
0.277495 14.8708604779272 76.2853606302207
0.277995 14.8976553039204 76.35964361319
0.278495 14.9244501299135 76.4171599763615
0.278995 14.9512449559066 76.7436934819679
0.279495 14.9780397818997 76.4614344401773
0.279995 15.0048346078929 76.5416180512934
0.280495 15.031629433886 76.5423308317583
0.280995 15.0584242598791 76.9699797331888
0.281495 15.0852190858723 76.9243532243799
0.281995 15.1120139118654 77.1741460856099
0.282495 15.1388087378585 77.0938134544265
0.282995 15.1656035638517 77.4162189334568
0.283495 15.1923983898448 77.4418910476132
0.283995 15.2191932158379 77.4314361073721
0.284495 15.245988041831 77.2901250944811
0.284995 15.2727828678242 77.5408408549394
0.285495 15.2995776938173 77.6169853993283
0.285995 15.3263725198104 78.0419149460104
0.286495 15.3531673458036 78.0474850372646
0.286995 15.3799621717967 77.9564721504439
0.287495 15.4067569977898 78.0821299282286
0.287995 15.433551823783 78.3738253293609
0.288495 15.4603466497761 78.3594616559584
0.288995 15.4871414757692 78.299507711568
0.289495 15.5139363017624 78.515147357438
0.289995 15.5407311277555 78.5733223407557
0.290495 15.5675259537486 78.8972440357714
0.290995 15.5943207797417 78.7474760305099
0.291495 15.6211156057349 79.1409484751411
0.291995 15.647910431728 78.9808907422255
0.292495 15.6747052577211 78.9971034220351
0.292995 15.7015000837143 79.3201333768259
0.293495 15.7282949097074 79.3144437928993
0.293995 15.7550897357005 79.685386103593
0.294495 15.7818845616936 79.7921823890158
0.294995 15.8086793876868 79.8257333519949
0.295495 15.8354742136799 80.2385712745215
0.295995 15.862269039673 80.1036410415417
0.296495 15.8890638656662 80.1077214919739
0.296995 15.9158586916593 80.3046894947149
0.297495 15.9426535176524 80.4342511119255
0.297995 15.9694483436456 80.5511581323046
0.298495 15.9962431696387 80.7187380429831
0.298995 16.0230379956318 80.976597740708
0.299495 16.0498328216249 81.0191292949648
0.299995 16.0766276476181 81.4349729674936
0.300495 16.1034224736112 81.1461703763866
0.300995 16.1302172996043 81.5822570762587
0.301495 16.1570121255975 81.4123719517349
0.301995 16.1838069515906 81.9467121265445
0.302495 16.2106017775837 81.9797431641271
0.302995 16.2373966035768 81.9270822038757
0.303495 16.26419142957 82.4551846173611
0.303995 16.2909862555631 82.1305944899744
0.304495 16.3177810815562 82.6341456161368
0.304995 16.3445759075494 82.6329358866674
0.305495 16.3713707335425 83.0005053155243
0.305995 16.3981655595356 83.2188619977072
0.306495 16.4249603855288 83.430757027504
0.306995 16.4517552115219 83.5199794513413
0.307495 16.478550037515 83.9796926921739
0.307995 16.5053448635082 83.9737734323754
0.308495 16.5321396895013 83.892374540279
0.308995 16.5589345154944 84.2510199169222
0.309495 16.5857293414875 84.4811478195587
0.309995 16.6125241674807 84.2825647864701
0.310495 16.6393189934738 84.53557767195
0.310995 16.6661138194669 85.2125122948158
0.311495 16.6929086454601 85.0289073804879
0.311995 16.7197034714532 85.2923859012515
0.312495 16.7464982974463 85.6049728419485
0.312995 16.7732931234395 85.9008422602349
0.313495 16.8000879494326 85.7739481177142
0.313995 16.8268827754257 85.7525348640417
0.314495 16.8536776014188 86.4488058619013
0.314995 16.880472427412 86.5593164840949
0.315495 16.9072672534051 86.9540405126974
0.315995 16.9340620793982 87.1104424671461
0.316495 16.9608569053914 86.9803258049362
0.316995 16.9876517313845 87.5225483923607
0.317495 17.0144465573776 87.8669138615176
0.317995 17.0412413833708 88.3092847881339
0.318495 17.0680362093639 88.145384760511
0.318995 17.094831035357 88.2627972169912
0.319495 17.1216258613501 88.6098628728103
0.319995 17.1484206873433 89.1923040269247
0.320495 17.1752155133364 89.3135376189972
0.320995 17.2020103393295 89.4280009099165
0.321495 17.2288051653227 89.6795108251216
0.321995 17.2555999913158 89.9754345287774
0.322495 17.2823948173089 90.2491542557637
0.322995 17.3091896433021 90.5779968800418
0.323495 17.3359844692952 90.9705907634263
0.323995 17.3627792952883 91.1433178444171
0.324495 17.3895741212814 91.2409961994997
0.324995 17.4163689472746 91.5808130609306
0.325495 17.4431637732677 91.7848351741494
0.325995 17.4699585992608 91.7013069778296
0.326495 17.496753425254 92.5260387834632
0.326995 17.5235482512471 91.7578961630661
0.327495 17.5503430772402 93.263264000314
0.327995 17.5771379032333 92.888553061449
0.328495 17.6039327292265 93.6084410293654
0.328995 17.6307275552196 93.4753096513608
0.329495 17.6575223812127 93.7978934766519
0.329995 17.6843172072059 94.6139507033865
0.330495 17.711112033199 94.5399943117575
0.330995 17.7379068591921 94.6748188874904
0.331495 17.7647016851853 95.203743826176
0.331995 17.7914965111784 95.195605899748
0.332495 17.8182913371715 95.9945712169731
0.332995 17.8450861631647 96.247841954473
0.333495 17.8718809891578 96.3770711735737
0.333995 17.8986758151509 96.8783020338021
0.334495 17.925470641144 97.1189501779344
0.334995 17.9522654671372 97.6049392583741
0.335495 17.9790602931303 97.8396057452155
0.335995 18.0058551191234 97.7464507357796
0.336495 18.0326499451166 98.7154693387478
0.336995 18.0594447711097 98.7534670400525
0.337495 18.0862395971028 99.2546269130622
0.337995 18.113034423096 99.4098686254105
0.338495 18.1398292490891 99.6457735951263
0.338995 18.1666240750822 100.547854142985
0.339495 18.1934189010753 100.135778387491
0.339995 18.2202137270685 100.794396547539
0.340495 18.2470085530616 100.850649736163
0.340995 18.2738033790547 101.636542315873
0.341495 18.3005982050479 101.84981358825
0.341995 18.327393031041 101.87422188132
0.342495 18.3541878570341 102.491916028901
0.342995 18.3809826830273 102.992668945447
0.343495 18.4077775090204 103.145212346318
0.343995 18.4345723350135 103.617076212145
0.344495 18.4613671610066 103.931641272153
0.344995 18.4881619869998 104.429435884547
0.345495 18.5149568129929 104.267102548311
0.345995 18.541751638986 105.209714143857
0.346495 18.5685464649792 105.45247923101
0.346995 18.5953412909723 105.387260338086
0.347495 18.6221361169654 106.166180879338
0.347995 18.6489309429586 106.101258645539
0.348495 18.6757257689517 106.727792209691
0.348995 18.7025205949448 107.506763007948
0.349495 18.729315420938 107.297775238468
0.349995 18.7561102469311 107.67846441419
0.350495 18.7829050729242 108.364436961287
0.350995 18.8096998989173 108.477043649324
0.351495 18.8364947249105 108.938294438888
0.351995 18.8632895509036 109.10284395237
0.352495 18.8900843768967 109.811268144874
0.352995 18.9168792028899 110.376961195808
0.353495 18.943674028883 110.498102224857
0.353995 18.9704688548761 110.64452365145
0.354495 18.9972636808692 111.608670903062
0.354995 19.0240585068624 111.612912012491
0.355495 19.0508533328555 111.716477254585
0.355995 19.0776481588486 112.898073518944
0.356495 19.1044429848418 113.170404389535
0.356995 19.1312378108349 112.927327852728
0.357495 19.158032636828 113.845346936427
0.357995 19.1848274628212 114.565612348382
0.358495 19.2116222888143 114.612610656785
0.358995 19.2384171148074 114.894130448099
0.359495 19.2652119408006 115.111752794151
0.359995 19.2920067667937 115.473009641818
0.360495 19.3188015927868 116.422518990295
0.360995 19.3455964187799 116.719200661576
0.361495 19.3723912447731 116.81217982868
0.361995 19.3991860707662 117.446339167553
0.362495 19.4259808967593 118.222875388709
0.362995 19.4527757227524 118.037415406844
0.363495 19.4795705487456 118.429331747326
0.363995 19.5063653747387 119.262797804169
0.364495 19.5331602007318 120.04895154939
0.364995 19.559955026725 119.96918876247
0.365495 19.5867498527181 120.829575762792
0.365995 19.6135446787112 120.560180967567
0.366495 19.6403395047044 121.688133387186
0.366995 19.6671343306975 121.515747507002
0.367495 19.6939291566906 122.525917534445
0.367995 19.7207239826838 122.584166151499
0.368495 19.7475188086769 123.506164026419
0.368995 19.77431363467 124.00522527143
0.369495 19.8011084606631 124.344462392325
0.369995 19.8279032866563 124.865510742685
0.370495 19.8546981126494 124.984595634263
0.370995 19.8814929386425 125.636019749003
0.371495 19.9082877646357 126.142376403616
0.371995 19.9350825906288 126.263858288515
0.372495 19.9618774166219 127.424444771779
0.372995 19.9886722426151 127.703429833776
0.373495 20.0154670686082 128.421515446942
0.373995 20.0422618946013 128.649529480478
0.374495 20.0690567205944 128.940738818193
0.374995 20.0958515465876 129.457249730552
0.375495 20.1226463725807 129.740660010629
0.375995 20.1494411985738 130.669495994521
0.376495 20.176236024567 131.244729738898
0.376995 20.2030308505601 131.956374139965
0.377495 20.2298256765532 132.384671917865
0.377995 20.2566205025464 133.176870708669
0.378495 20.2834153285395 133.474621189543
0.378995 20.3102101545326 134.46144988449
0.379495 20.3370049805257 134.640499082171
0.379995 20.3637998065189 135.019315987021
0.380495 20.390594632512 135.648679948593
0.380995 20.4173894585051 136.136171674367
0.381495 20.4441842844983 136.256858678838
0.381995 20.4709791104914 136.925927412295
0.382495 20.4977739364845 137.316807563597
0.382995 20.5245687624777 138.415998449884
0.383495 20.5513635884708 139.021874218321
0.383995 20.5781584144639 139.56178347275
0.384495 20.6049532404571 139.871100392969
0.384995 20.6317480664502 140.695867958138
0.385495 20.6585428924433 141.219633120337
0.385995 20.6853377184364 141.550298806422
0.386495 20.7121325444296 142.742995345244
0.386995 20.7389273704227 143.152540981416
0.387495 20.7657221964158 143.735870049154
0.387995 20.7925170224089 144.096374921886
0.388495 20.8193118484021 144.684640635569
0.388995 20.8461066743952 145.553014651989
0.389495 20.8729015003883 146.382088198763
0.389995 20.8996963263815 147.133100968303
0.390495 20.9264911523746 147.66680359354
0.390995 20.9532859783677 147.451368943554
0.391495 20.9800808043609 143.340781595806
0.391995 21.006875630354 133.383204260503
0.392495 21.0336704563471 123.737454754474
0.392995 21.0604652823403 112.031350276797
0.393495 21.0872601083334 102.209056555238
0.393995 21.1140549343265 93.6669590165227
0.394495 21.1408497603196 85.2724847690653
0.394995 21.1676445863128 77.623409011501
0.395495 21.1944394123059 72.9106904258659
0.395995 21.221234238299 69.889123420709
0.396495 21.2480290642922 66.8698752883176
0.396995 21.2748238902853 63.4277286194472
0.397495 21.3016187162784 59.7201921306273
0.397995 21.3284135422716 55.7975448276299
0.398495 21.3552083682647 52.0135586207785
0.398995 21.3820031942578 48.5435639032496
0.399495 21.4087980202509 45.7083026296776
0.399995 21.4355928462441 43.4254929648397
0.400495 21.4623876722372 41.6068274138856
0.400995 21.4891824982303 40.1239988414829
0.401495 21.5159773242235 38.9427417122621
0.401995 21.5427721502166 37.8864274663371
0.402495 21.5695669762097 36.7991186858008
0.402995 21.5963618022029 35.7102468845228
0.403495 21.623156628196 34.6307586952044
0.403995 21.6499514541891 33.6356757125166
0.404495 21.6767462801822 32.71589960222
0.404995 21.7035411061754 31.8840809220601
0.405495 21.7303359321685 31.0906204541857
0.405995 21.7571307581616 30.2868353719782
0.406495 21.7839255841548 29.487052302183
0.406995 21.8107204101479 28.7011753958647
0.407495 21.837515236141 27.9006084980923
0.407995 21.8643100621342 27.1166433519929
0.408495 21.8911048881273 26.3805245821161
0.408995 21.9178997141204 25.6711105761563
0.409495 21.9446945401136 24.9724524044
0.409995 21.9714893661067 24.3142657080506
0.410495 21.9982841920998 23.5983851063034
0.410995 22.0250790180929 22.7771408226455
0.411495 22.0518738440861 21.8579747235515
0.411995 22.0786686700792 20.8189138808718
0.412495 22.1054634960723 19.7086832150103
0.412995 22.1322583220655 18.5397225057122
0.413495 22.1590531480586 17.3013718565738
0.413995 22.1858479740517 15.9819058233846
0.414495 22.2126428000448 14.579226918555
0.414995 22.239437626038 13.0833206110991
0.415495 22.2662324520311 11.4904171451084
0.415995 22.2930272780242 9.80114166513042
0.416495 22.3198221040174 8.00580782176135
0.416995 22.3466169300105 6.09070575504781
0.417495 22.3734117560036 4.17867980885301
0.417995 22.4002065819968 2.52005377749043
0.418495 22.4270014079899 0.907615938210551
0.418995 22.453796233983 -0.679841800800329
0.419495 22.4805910599762 -2.33642038805851
0.419995 22.5073858859693 -4.19118475228094
0.420495 22.5341807119624 -6.23629598334758
0.420995 22.5609755379555 -8.45647166537634
0.421495 22.5877703639487 -10.8513315739998
0.421995 22.6145651899418 -13.3760465489253
0.422495 22.6413600159349 -16.0487044529679
0.422995 22.6681548419281 -18.8846844639749
0.423495 22.6949496679212 -21.7399273788028
0.423995 22.7217444939143 -24.6424938405456
0.424495 22.7485393199074 -27.3468943550443
0.424995 22.7753341459006 -29.6416298465038
0.425495 22.8021289718937 -28.3305186037741
0.425995 22.8289237978868 -16.8558344680147
0.426495 22.85571862388 -11.1398119409264
0.426995 22.8825134498731 -4.02708284614687
0.427495 22.9093082758662 -2.88438127352322
0.427995 22.9361031018594 -2.93740424500037
0.428495 22.9628979278525 -2.85462598507708
0.428995 22.9896927538456 -3.52361089298782
0.429495 23.0164875798387 -2.98191497192924
0.429995 23.0432824058319 -2.24692309134892
0.430495 23.070077231825 -1.86107899792469
0.430995 23.0968720578181 -2.25137089768487
0.431495 23.1236668838113 -2.61611465996639
0.431995 23.1504617098044 -2.68319133189322
0.432495 23.1772565357975 -2.22868985602575
0.432995 23.2040513617907 -2.04193550571996
0.433495 23.2308461877838 -1.48192537841158
0.433995 23.2576410137769 -1.47624138039704
0.434495 23.28443583977 -1.09877602434977
0.434995 23.3112306657632 -0.936809874245635
0.435495 23.3380254917563 -0.74751057571178
0.435995 23.3648203177494 -0.912809729916566
0.436495 23.3916151437426 -0.71024815036711
0.436995 23.4184099697357 -0.805336001793604
0.437495 23.4452047957288 -1.00422178636607
0.437995 23.471999621722 -1.19853148128659
0.438495 23.4987944477151 -1.41870491138547
0.438995 23.5255892737082 -1.43518395691865
0.439495 23.5523840997013 -1.31401364491087
0.439995 23.5791789256945 -1.07497881373564
0.440495 23.6059737516876 -0.721224201420781
0.440995 23.6327685776807 -0.16774009533801
0.441495 23.6595634036739 0.496000547408204
0.441995 23.686358229667 1.22354449303421
0.442495 23.7131530556601 1.84748596145103
0.442995 23.7399478816533 2.3698439245196
0.443495 23.7667427076464 3.03549036012985
0.443995 23.7935375336395 3.68796391461853
0.444495 23.8203323596327 4.14750778000661
0.444995 23.8471271856258 4.58463669848565
0.445495 23.8739220116189 4.76897540365308
0.445995 23.900716837612 4.65331399007054
0.446495 23.9275116636052 4.74167410577733
0.446995 23.9543064895983 4.82843121123324
0.447495 23.9811013155914 4.73620662848897
0.447995 24.0078961415845 4.476585347818
0.448495 24.0346909675777 4.34725593646756
0.448995 24.0614857935708 4.40934935830525
0.449495 24.0882806195639 4.21809413000253
0.449995 24.1150754455571 3.99918434704558
0.450495 24.1418702715502 3.59842178243913
0.450995 24.1686650975433 3.03027535962667
0.451495 24.1954599235365 2.01778921273913
0.451995 24.2222547495296 1.02437172099986
0.452495 24.2490495755227 0.47828566768487
0.452995 24.2758444015159 -0.185085735617009
0.453495 24.302639227509 -0.611633461468462
0.453995 24.3294340535021 -0.893382148377045
0.454495 24.3562288794952 -1.66878982838724
0.454995 24.3830237054884 -2.47879657781959
0.455495 24.4098185314815 -3.2423117512165
0.455995 24.4366133574746 -3.67388524449056
0.456495 24.4634081834678 -3.92844042587765
0.456995 24.4902030094609 -4.14441376141175
0.457495 24.516997835454 -4.30373093632529
0.457995 24.5437926614471 -4.85971149003211
0.458495 24.5705874874403 -5.24473567721747
0.458995 24.5973823134334 -5.08792792536047
0.459495 24.6241771394265 -4.67393133918078
0.459995 24.6509719654197 -4.21100375004775
0.460495 24.6777667914128 -4.0778370677384
0.460995 24.7045616174059 -3.99520950185761
0.461495 24.7313564433991 -3.50521884941329
0.461995 24.7581512693922 -2.71918789506726
0.462495 24.7849460953853 -2.16220453689932
0.462995 24.8117409213785 -1.49265567484843
0.463495 24.8385357473716 -0.995545324196431
0.463995 24.8653305733647 -0.327055516955089
0.464495 24.8921253993578 0.103194512395617
0.464995 24.918920225351 0.608053749400814
0.465495 24.9457150513441 1.16196214426435
0.465995 24.9725098773372 1.48309101008847
0.466495 24.9993047033304 1.86778351680928
0.466995 25.0260995293235 2.68099052959301
0.467495 25.0528943553166 3.03452228793857
0.467995 25.0796891813098 3.48933428987187
0.468495 25.1064840073029 3.93761359249744
0.468995 25.133278833296 3.79454610520777
0.469495 25.1600736592892 4.23788730812319
0.469995 25.1868684852823 4.14109035515387
0.470495 25.2136633112754 3.55166599764559
0.470995 25.2404581372685 3.55830599618921
0.471495 25.2672529632617 3.25681772072323
0.471995 25.2940477892548 3.07606884214069
0.472495 25.3208426152479 2.92226381384981
0.472995 25.3476374412411 2.4972556099263
0.473495 25.3744322672342 2.27196906343548
0.473995 25.4012270932273 1.82393724875905
0.474495 25.4280219192204 1.27087117074975
0.474995 25.4548167452136 0.995841890236238
0.475495 25.4816115712067 0.476799504701605
0.475995 25.5084063971998 0.125151481498738
0.476495 25.535201223193 0.00596021405207333
0.476995 25.5619960491861 -0.34239357011524
0.477495 25.5887908751792 -0.62156269575217
0.477995 25.6155857011724 -1.22187231082406
0.478495 25.6423805271655 -1.95381492806658
0.478995 25.6691753531586 -2.54496850155479
0.479495 25.6959701791518 -3.01944708357486
0.479995 25.7227650051449 -3.38015148123361
0.480495 25.749559831138 -3.46905835735893
0.480995 25.7763546571311 -3.46817726196975
0.481495 25.8031494831243 -3.21342494194321
0.481995 25.8299443091174 -3.15289833515414
0.482495 25.8567391351105 -2.80947138166873
0.482995 25.8835339611036 -2.69452579202042
0.483495 25.9103287870968 -2.43070666540033
0.483995 25.9371236130899 -2.24139017033012
0.484495 25.963918439083 -1.94548565162768
0.484995 25.9907132650762 -1.71816975535398
0.485495 26.0175080910693 -1.49525697626445
0.485995 26.0443029170624 -1.20650604187717
0.486495 26.0710977430556 -0.789840673740959
0.486995 26.0978925690487 -0.529024293686536
0.487495 26.1246873950418 -0.0289401243865131
0.487995 26.151482221035 0.367773713921003
0.488495 26.1782770470281 0.97424684197085
0.488995 26.2050718730212 1.35216982402622
0.489495 26.2318666990143 1.74373166056702
0.489995 26.2586615250075 2.16418338369713
0.490495 26.2854563510006 2.09763298451743
0.490995 26.3122511769937 2.23459945784562
0.491495 26.3390460029869 2.23892033707674
0.491995 26.36584082898 2.11165958572414
0.492495 26.3926356549731 1.98014363588412
0.492995 26.4194304809663 1.6525491565992
0.493495 26.4462253069594 1.47259097209084
0.493995 26.4730201329525 1.28085347625064
0.494495 26.4998149589456 1.0394194436722
0.494995 26.5266097849388 0.672352457426924
0.495495 26.5534046109319 0.303978761982579
0.495995 26.580199436925 -0.0256397221010684
0.496495 26.6069942629182 -0.202104341844796
0.496995 26.6337890889113 -0.236321546658084
0.497495 26.6605839149044 -0.47646674127288
0.497995 26.6873787408976 -0.269226632170694
0.498495 26.7141735668907 -0.45681748077365
0.498995 26.7409683928838 -0.771263766433655
0.499495 26.7677632188769 -0.801729753373835
0.499995 26.7945580448701 -0.968159987617327
