# Fix print output for fix Step
1.45150656153051e-16 1.13686837721616e-14 -1.60243498779697
0.000495000000000188 0.0387700518645147 2.94096841303229
0.00099500000000022 0.0779317204145173 0.598160812970028
0.00149500000000025 0.11709338896452 3.73143671569538
0.00199500000000014 0.156255057514511 0.532895885089771
0.00249500000000017 0.195416726064514 3.91914615318559
0.00299500000000021 0.234578394614516 2.89487328489901
0.00349500000000024 0.273740063164519 4.31397422178766
0.00399500000000027 0.312901731714521 3.34832980121288
0.00449500000000016 0.352063400264512 3.71732724488795
0.00499500000000019 0.391225068814515 5.13856527418085
0.00549500000000022 0.430386737364518 4.52921609633996
0.00599500000000026 0.46954840591452 6.38920697550137
0.00649500000000029 0.508710074464523 4.13315502135583
0.00699500000000018 0.547871743014514 7.2406805717048
0.00749500000000021 0.587033411564516 4.99253627917917
0.00799500000000024 0.626195080114519 8.8709755987805
0.00849500000000013 0.66535674866451 5.06091191894426
0.00899500000000016 0.704518417214513 9.30230602896799
0.00949500000000019 0.743680085764515 5.77285481182071
0.00999500000000023 0.782841754314518 10.3837522561671
0.0104950000000003 0.82200342286452 6.81800620483259
0.0109950000000001 0.861165091414512 10.4248078641013
0.0114950000000002 0.900326759964514 7.57218842720431
0.0119950000000002 0.939488428514517 11.0082196564113
0.0124950000000002 0.978650097064519 9.28052328483773
0.0129950000000003 1.01781176561452 10.9714773455695
0.0134950000000002 1.05697343416451 10.2578033901197
0.0139950000000002 1.09613510271452 11.1242169607606
0.0144950000000002 1.13529677126452 11.7200765730804
0.0149950000000003 1.17445843981452 11.4342650308055
0.0154950000000002 1.21362010836451 12.5936488814168
0.0159950000000002 1.25278177691451 11.3956664013506
0.0164950000000002 1.29194344546452 13.7776367971293
0.0169950000000002 1.33110511401452 12.0447273779115
0.0174950000000001 1.37026678256451 14.6848496132906
0.0179950000000002 1.40942845111451 12.3065086570305
0.0184950000000002 1.44859011966452 15.2959054880301
0.0189950000000002 1.48775178821452 12.9962210751866
0.0194950000000003 1.52691345676452 16.1173160867198
0.0199950000000002 1.56607512531451 13.6699250929557
0.0204950000000002 1.60523679386451 16.6140323618799
0.0209950000000002 1.64439846241452 14.5519622601238
0.0214950000000003 1.68356013096452 17.148549410905
0.0219950000000003 1.72272179951452 15.5354933968107
0.0224950000000002 1.76188346806451 17.4410924984632
0.0229950000000002 1.80104513661452 16.3425503809432
0.0234950000000002 1.84020680516452 17.6894810116812
0.0239950000000003 1.87936847371452 17.5075287763353
0.0244950000000002 1.91853014226451 18.233777567899
0.0249950000000002 1.95769181081452 18.4733792967349
0.0254950000000002 1.99685347936452 18.3033077504888
0.0259950000000003 2.03601514791452 19.4001016521387
0.0264950000000001 2.07517681646451 18.7170761067398
0.0269950000000002 2.11433848501451 20.4444456912953
0.0274950000000002 2.15350015356452 19.0610496281168
0.0279950000000002 2.19266182211452 21.1853147120443
0.0284950000000003 2.23182349066452 19.6175378774557
0.0289950000000002 2.27098515921451 21.9854982883365
0.0294950000000002 2.31014682776452 19.9736238027589
0.0299950000000002 2.34930849631452 22.6113749106373
0.0304950000000003 2.38847016486452 20.6271455215805
0.0309950000000003 2.42763183341452 23.3408104492654
0.0314950000000002 2.46679350196451 21.2982440699023
0.0319950000000002 2.50595517051452 23.6612983611971
0.0324950000000002 2.54511683906452 21.9934392972167
0.0329950000000001 2.58427850761451 24.1534186332377
0.0334950000000002 2.62344017616451 22.9185258213907
0.0339950000000002 2.66260184471452 24.5167899188752
0.0344950000000002 2.70176351326452 23.6456027680464
0.0349950000000003 2.74092518181452 24.8352599442672
0.0354950000000002 2.78008685036451 24.6067636103279
0.0359950000000002 2.81924851891451 25.364494164556
0.0364950000000002 2.85841018746452 25.3975302046298
0.0369950000000002 2.89757185601452 25.5796063879385
0.0374950000000003 2.93673352456452 26.1817406328075
0.0379950000000002 2.97589519311451 25.9944363375435
0.0384950000000002 3.01505686166452 26.9344435729033
0.0389950000000002 3.05421853021452 26.3133445088774
0.0394950000000003 3.09338019876452 27.6696823740081
0.0399950000000003 3.13254186731452 26.9511334546581
0.0404950000000002 3.17170353586451 28.4226799922602
0.0409950000000002 3.21086520441452 27.3966027811776
0.0414950000000003 3.25002687296452 29.0052813238442
0.0419950000000001 3.28918854151451 27.9180937761339
0.0424950000000002 3.32835021006451 29.7437408592496
0.0429950000000002 3.36751187861452 28.4140862245779
0.0434950000000002 3.40667354716452 30.2155859572305
0.0439950000000003 3.44583521571452 28.9995069600054
0.0444950000000002 3.48499688426451 30.7406640971763
0.0449950000000002 3.52415855281451 29.6614532507724
0.0454950000000002 3.56332022136452 31.2789509168263
0.0459950000000003 3.60248188991452 30.1978364090963
0.0464950000000003 3.64164355846452 31.7583453116809
0.0469950000000002 3.68080522701451 30.9707319327734
0.0474950000000002 3.71996689556452 32.240172889205
0.0479950000000002 3.75912856411452 31.7017153376426
0.0484950000000003 3.79829023266452 32.7644574641213
0.0489950000000002 3.83745190121451 32.4269969395366
0.0494950000000002 3.87661356976452 33.218612573156
0.0499950000000002 3.91577523831452 33.1248848433831
0.0504950000000003 3.95493690686452 33.6825248580093
0.0509950000000001 3.99409857541451 33.8389825461081
0.0514950000000002 4.03326024396451 34.0483254932111
0.0519950000000002 4.07242191251452 34.3163445876211
0.0524950000000002 4.11158358106452 34.4271842331568
0.0529950000000003 4.15074524961452 35.0848009302325
0.0534950000000002 4.18990691816451 34.7674110519157
0.0539950000000002 4.22906858671452 35.6002888528265
0.0544950000000002 4.26823025526452 35.2623973948615
0.0549950000000003 4.30739192381452 36.3658960003191
0.0554950000000003 4.34655359236452 35.7511037960892
0.0559950000000002 4.38571526091451 36.7626299107722
0.0564950000000002 4.42487692946452 36.1675556365625
0.0569950000000002 4.46403859801452 37.5325693088964
0.0574950000000003 4.50320026656452 36.7963937727265
0.0579950000000002 4.54236193511451 37.8995915681792
0.0584950000000002 4.58152360366452 37.1603097202887
0.0589950000000002 4.62068527221452 38.4318702937777
0.0594950000000003 4.65984694076452 37.8942295416643
0.0599950000000002 4.69900860931451 38.9798364476917
0.0604950000000002 4.73817027786451 38.4052654767336
0.0609950000000002 4.77733194641452 39.4537261717843
0.0614950000000003 4.81649361496452 38.9556515110832
0.0619950000000003 4.85565528351452 39.8264662782826
0.0624950000000002 4.89481695206451 39.5393498261368
0.0629950000000002 4.93397862061452 40.518033644708
0.0634950000000002 4.97314028916452 40.2569804128273
0.0639950000000003 5.01230195771452 40.7334121426872
0.0644950000000003 5.05146362626452 40.7403040841608
0.0649950000000002 5.09062529481452 41.3269196512301
0.0654950000000002 5.12978696336452 41.4690131927525
0.0659950000000003 5.16894863191452 41.7896787468686
0.0664950000000001 5.20811030046451 41.9864455932637
0.0669950000000002 5.24727196901451 42.2323195028002
0.0674950000000002 5.28643363756452 42.5563478337147
0.0679950000000002 5.32559530611452 42.6059679532618
0.0684950000000003 5.36475697466452 43.145351723296
0.0689950000000002 5.40391864321451 43.0604553859246
0.0694950000000002 5.44308031176452 43.5150858546675
0.0699950000000002 5.48224198031452 43.3313199713515
0.0704950000000003 5.52140364886452 44.1491092527044
0.0709950000000003 5.56056531741452 43.9405852106795
0.0714950000000002 5.59972698596451 44.6551686475543
0.0719950000000002 5.63888865451452 44.3577192190508
0.0724950000000002 5.67805032306452 45.2043718966333
0.0729950000000003 5.71721199161452 44.9570401588828
0.0734950000000003 5.75637366016452 45.7736003734662
0.0739950000000002 5.79553532871452 45.476673581972
0.0744950000000002 5.83469699726452 46.3052758726588
0.0749950000000003 5.87385866581452 45.8455234276011
0.0754950000000001 5.91302033436451 46.6582069918971
0.0759950000000002 5.95218200291451 46.3262083133442
0.0764950000000002 5.99134367146452 47.0881859185981
0.0769950000000002 6.03050534001452 46.8694879349754
0.0774950000000003 6.06966700856452 47.4745554607984
0.0779950000000002 6.10882867711451 47.2600808765456
0.0784950000000002 6.14799034566452 48.0108860653358
0.0789950000000002 6.18715201421452 47.949459047786
0.0794950000000003 6.22631368276452 48.4522986772555
0.0799950000000003 6.26547535131452 48.37105264639
0.0804950000000002 6.30463701986451 48.8469435759843
0.0809950000000002 6.34379868841452 48.7905640690991
0.0814950000000002 6.38296035696452 49.2752935866306
0.0819950000000003 6.42212202551452 49.3670343188285
0.0824950000000003 6.46128369406452 49.6471835871402
0.0829950000000002 6.50044536261452 49.7552047864318
0.0834950000000002 6.53960703116452 50.1028316781082
0.0839950000000003 6.57876869971452 50.3736955713645
0.0844950000000002 6.61793036826451 50.6234645853604
0.0849950000000002 6.65709203681452 50.8739418024012
0.0854950000000002 6.69625370536452 50.916930473675
0.0859950000000003 6.73541537391452 51.193684357644
0.0864950000000003 6.77457704246452 51.3810311930684
0.0869950000000002 6.81373871101451 51.7504295384017
0.0874950000000002 6.85290037956452 51.870469565882
0.0879950000000002 6.89206204811452 52.112741766622
0.0884950000000003 6.93122371666452 52.2496559466265
0.0889950000000003 6.97038538521452 52.681541350348
0.0894950000000002 7.00954705376452 52.7189678633421
0.0899950000000002 7.04870872231452 53.0161870526248
0.0904950000000003 7.08787039086452 53.1938228310895
0.0909950000000003 7.12703205941452 53.5314137692798
0.0914950000000002 7.16619372796451 53.4626079571423
0.0919950000000002 7.20535539651452 53.8696696453187
0.0924950000000002 7.24451706506452 54.0436567168027
0.0929950000000003 7.28367873361452 54.329959326816
0.0934950000000002 7.32284040216451 54.3545231687073
0.0939950000000002 7.36200207071452 54.751526079809
0.0944950000000002 7.40116373926452 54.8407465219256
0.0949950000000003 7.44032540781452 55.177652231096
0.0954950000000003 7.47948707636452 55.2749707248
0.0959950000000002 7.51864874491451 55.5665566222103
0.0964950000000002 7.55781041346452 55.6589505257564
0.0969950000000002 7.59697208201452 56.0184495700817
0.0974950000000003 7.63613375056452 56.1946883730321
0.0979950000000002 7.67529541911451 56.2775959504623
0.0984950000000002 7.71445708766452 56.4592399683441
0.0989950000000002 7.75361875621452 56.7760817594359
0.0994950000000003 7.79278042476452 56.8844966076045
0.0999950000000002 7.83194209331451 57.1801723751754
0.100495 7.87110376186452 57.3698763214608
0.100995 7.91026543041452 57.4570420682527
0.101495 7.94942709896452 57.6813644662225
0.101995 7.98858876751452 57.9105337389238
0.102495 8.02775043606451 58.1365775034984
0.102995 8.06691210461452 58.2566763905675
0.103495 8.10607377316452 58.60480677717
0.103995 8.14523544171452 58.6878976757152
0.104495 8.18439711026452 58.9234941743975
0.104995 8.22355877881452 59.0516434495409
0.105495 8.26272044736452 59.3160141549468
0.105995 8.30188211591452 59.5691531666842
0.106495 8.34104378446452 59.6770589851891
0.106995 8.38020545301453 59.7940840984483
0.107495 8.41936712156452 60.1399868735685
0.107995 8.45852879011452 60.3076322260638
0.108495 8.49769045866452 60.3758966803778
0.108995 8.53685212721451 60.6669315439984
0.109495 8.57601379576452 60.9013710001131
0.109995 8.61517546431452 60.9873821449102
0.110495 8.65433713286452 61.2418491646205
0.110995 8.69349880141452 61.5188611160045
0.111495 8.73266046996451 61.4865057752401
0.111995 8.77182213851452 61.8267837433528
0.112495 8.81098380706452 61.9710346196671
0.112995 8.85014547561452 62.1693230739165
0.113495 8.88930714416452 62.2430457389517
0.113995 8.92846881271452 62.5421070930415
0.114495 8.96763048126452 62.652827148174
0.114995 9.00679214981452 62.9949574674663
0.115495 9.04595381836452 63.0826368465905
0.115995 9.08511548691451 63.1200266716893
0.116495 9.12427715546452 63.2300194915988
0.116995 9.16343882401452 63.6569075150179
0.117495 9.20260049256452 63.7967547757016
0.117995 9.24176216111451 63.9160330710053
0.118495 9.28092382966452 63.996610291544
0.118995 9.32008549821452 64.3065024493878
0.119495 9.35924716676452 64.4405144209353
0.119995 9.39840883531452 64.6189317184683
0.120495 9.43757050386452 64.7571830054487
0.120995 9.47673217241452 64.9271224658305
0.121495 9.51589384096452 65.1127609294465
0.121995 9.55505550951452 65.3560687022006
0.122495 9.59421717806453 65.3937568867711
0.122995 9.63337884661452 65.8004681502345
0.123495 9.67254051516452 65.6818759913553
0.123995 9.71170218371452 65.8422418698778
0.124495 9.75086385226451 66.0095510183512
0.124995 9.79002552081452 66.2854582185582
0.125495 9.82918718936452 66.4087544376495
0.125995 9.86834885791452 66.5394692435609
0.126495 9.90751052646452 66.6922025258451
0.126995 9.94667219501451 66.9589819955829
0.127495 9.98583386356452 67.0828512916673
0.127995 10.0249955321145 67.2465651104266
0.128495 10.0641572006645 67.2988474246905
0.128995 10.1033188692145 67.5880138625111
0.129495 10.1424805377645 67.7859049832001
0.129995 10.1816422063145 67.9035198563211
0.130495 10.2208038748645 67.9272858593062
0.130995 10.2599655434145 68.1579113144483
0.131495 10.2991272119645 68.4703999437292
0.131995 10.3382888805145 68.555310824014
0.132495 10.3774505490645 68.5025664082905
0.132995 10.4166122176145 68.7394909266686
0.133495 10.4557738861645 69.0531139385298
0.133995 10.4949355547145 69.1428783760147
0.134495 10.5340972232645 69.2368314290906
0.134995 10.5732588918145 69.3921296549215
0.135495 10.6124205603645 69.6156013101125
0.135995 10.6515822289145 69.8169913095981
0.136495 10.6907438974645 69.8116514593728
0.136995 10.7299055660145 69.8709667098669
0.137495 10.7690672345645 70.2131950958062
0.137995 10.8082289031145 70.2178458872242
0.138495 10.8473905716645 70.5246995298522
0.138995 10.8865522402145 70.458602086331
0.139495 10.9257139087645 70.8302587649199
0.139995 10.9648755773145 70.827637247429
0.140495 11.0040372458645 71.1098242328913
0.140995 11.0431989144145 71.097564224442
0.141495 11.0823605829645 71.3369017531268
0.141995 11.1215222515145 71.3101557773764
0.142495 11.1606839200645 71.7792339294953
0.142995 11.1998455886145 71.5978051294813
0.143495 11.2390072571645 71.9373333001631
0.143995 11.2781689257145 71.867834216387
0.144495 11.3173305942645 72.3052245850144
0.144995 11.3564922628145 72.0684213112706
0.145495 11.3956539313645 72.4024622662779
0.145995 11.4348155999145 72.4863644332085
0.146495 11.4739772684645 72.8394028022271
0.146995 11.5131389370145 72.7763694519275
0.147495 11.5523006055645 72.8950394705336
0.147995 11.5914622741145 73.0532466975206
0.148495 11.6306239426645 73.1648463356844
0.148995 11.6697856112145 73.2817133450713
0.149495 11.7089472797645 73.5098836083557
0.149995 11.7481089483145 73.496336515952
0.150495 11.7872706168645 73.6795899736153
0.150995 11.8264322854145 73.8300156336135
0.151495 11.8655939539645 74.1329827435514
0.151995 11.9047556225145 74.0235809225536
0.152495 11.9439172910645 74.1516456250454
0.152995 11.9830789596145 74.2899716272836
0.153495 12.0222406281645 74.5437457526872
0.153995 12.0614022967145 74.6191884550887
0.154495 12.1005639652645 74.6765637916222
0.154995 12.1397256338145 74.803930040163
0.155495 12.1788873023645 75.0624146885065
0.155995 12.2180489709145 75.0585698680935
0.156495 12.2572106394645 75.1890304033608
0.156995 12.2963723080145 75.2544934504876
0.157495 12.3355339765645 75.5193889557602
0.157995 12.3746956451145 75.5148545907699
0.158495 12.4138573136645 75.7000439854185
0.158995 12.4530189822145 75.7559607536295
0.159495 12.4921806507645 75.8976395913896
0.159995 12.5313423193145 76.0555632668394
0.160495 12.5705039878645 76.1523534956625
0.160995 12.6096656564145 76.3406012395192
0.161495 12.6488273249645 76.2292538958951
0.161995 12.6879889935145 76.6561993255203
0.162495 12.7271506620645 76.7087292231207
0.162995 12.7663123306145 76.857376575742
0.163495 12.8054739991645 76.7097877170156
0.163995 12.8446356677145 76.960004732086
0.164495 12.8837973362645 77.0856642603397
0.164995 12.9229590048145 77.2336571550983
0.165495 12.9621206733645 77.1754304113341
0.165995 13.0012823419145 77.5315232832989
0.166495 13.0404440104645 77.5139778218043
0.166995 13.0796056790145 77.65009205057
0.167495 13.1187673475645 77.6974222513783
0.167995 13.1579290161145 77.8275437756816
0.168495 13.1970906846645 77.9453443711954
0.168995 13.2362523532145 78.1406030337815
0.169495 13.2754140217645 78.0369582566211
0.169995 13.3145756903145 78.3400708902649
0.170495 13.3537373588645 78.3688760046914
0.170995 13.3928990274145 78.5837954183049
0.171495 13.4320606959645 78.5012989186201
0.171995 13.4712223645145 78.7213652278095
0.172495 13.5103840330645 78.6905959498377
0.172995 13.5495457016145 78.971401599121
0.173495 13.5887073701645 78.9272673193843
0.173995 13.6278690387145 79.139406840165
0.174495 13.6670307072645 79.214573144285
0.174995 13.7061923758145 79.3103400134617
0.175495 13.7453540443645 79.3035966720076
0.175995 13.7845157129145 79.523907463329
0.176495 13.8236773814645 79.6086727879485
0.176995 13.8628390500145 79.7330481024425
0.177495 13.9020007185645 79.6476584092812
0.177995 13.9411623871145 79.9059031009052
0.178495 13.9803240556645 79.9118093291381
0.178995 14.0194857242145 80.0175240997998
0.179495 14.0586473927645 80.1524917629367
0.179995 14.0978090613145 80.2585128440612
0.180495 14.1369707298645 80.3594435844473
0.180995 14.1761323984145 80.383026755306
0.181495 14.2152940669645 80.5197574034835
0.181995 14.2544557355145 80.5919265218086
0.182495 14.2936174040645 80.8146188129609
0.182995 14.3327790726145 80.6985531821815
0.183495 14.3719407411645 80.9388343592916
0.183995 14.4111024097145 80.8780794386546
0.184495 14.4502640782645 81.1698564660682
0.184995 14.4894257468145 81.1463042355676
0.185495 14.5285874153645 81.2221453487551
0.185995 14.5677490839145 81.2194452782968
0.186495 14.6069107524645 81.4792872671429
0.186995 14.6460724210145 81.3951471211226
0.187495 14.6852340895645 81.6367838224221
0.187995 14.7243957581145 81.5663701799837
0.188495 14.7635574266645 81.7511709184935
0.188995 14.8027190952145 81.8441595061237
0.189495 14.8418807637645 82.0565003360934
0.189995 14.8810424323145 81.9177425179014
0.190495 14.9202041008645 82.0972796067027
0.190995 14.9593657694145 82.0577606055693
0.191495 14.9985274379645 82.2803759182263
0.191995 15.0376891065145 82.3589836886419
0.192495 15.0768507750645 82.4051678408962
0.192995 15.1160124436145 82.3655499059035
0.193495 15.1551741121645 82.6169874461274
0.193995 15.1943357807145 82.6248118836887
0.194495 15.2334974492645 82.8174316716675
0.194995 15.2726591178145 82.669905194966
0.195495 15.3118207863645 83.0028751744402
0.195995 15.3509824549145 82.9583511977037
0.196495 15.3901441234645 83.0949384814767
0.196995 15.4293057920145 83.0770335315537
0.197495 15.4684674605645 83.194858765965
0.197995 15.5076291291145 83.2509421082816
0.198495 15.5467907976645 83.3675585693408
0.198995 15.5859524662145 83.3865084959746
0.199495 15.6251141347645 83.5674715816886
0.199995 15.6642758033145 83.5955901455742
0.200495 15.7034374718645 83.7782716057195
0.200995 15.7425991404145 83.6636951209368
0.201495 15.7817608089645 83.8258054174039
0.201995 15.8209224775145 83.935642999031
0.202495 15.8600841460645 84.1105278680807
0.202995 15.8992458146145 84.0008645725974
0.203495 15.9384074831645 84.207825037357
0.203995 15.9775691517145 84.2585305257582
0.204495 16.0167308202645 84.3759919094388
0.204995 16.0558924888145 84.3739368649635
0.205495 16.0950541573645 84.4613069417805
0.205995 16.1342158259145 84.5094943618948
0.206495 16.1733774944645 84.5817475893461
0.206995 16.2125391630145 84.7390424750082
0.207495 16.2517008315645 84.8128566910604
0.207995 16.2908625001145 84.8899218724762
0.208495 16.3300241686645 84.9184517833127
0.208995 16.3691858372145 84.9829793994078
0.209495 16.4083475057645 85.0555398620377
0.209995 16.4475091743145 85.0239096267836
0.210495 16.4866708428645 85.2931285182706
0.210995 16.5258325114145 85.2529050513333
0.211495 16.5649941799645 85.4070106789424
0.211995 16.6041558485145 85.407609454975
0.212495 16.6433175170645 85.4809782833372
0.212995 16.6824791856145 85.5848639856503
0.213495 16.7216408541645 85.7962793544092
0.213995 16.7608025227145 85.7826104767262
0.214495 16.7999641912645 85.6760001851869
0.214995 16.8391258598145 85.956495959999
0.215495 16.8782875283645 86.1464539304824
0.215995 16.9174491969145 86.1175362076907
0.216495 16.9566108654645 86.0797124049145
0.216995 16.9957725340145 86.1579047860372
0.217495 17.0349342025645 86.3195496186645
0.217995 17.0740958711145 86.3782523485887
0.218495 17.1132575396645 86.3012355144073
0.218995 17.1524192082145 86.5027956629973
0.219495 17.1915808767645 86.6692820780889
0.219995 17.2307425453145 86.6242933238555
0.220495 17.2699042138645 86.5355096985133
0.220995 17.3090658824145 86.6536562140824
0.221495 17.3482275509645 86.857604002277
0.221995 17.3873892195145 87.0816274188655
0.222495 17.4265508880645 86.9676280772393
0.222995 17.4657125566145 87.1270446370855
0.223495 17.5048742251645 87.0733851698525
0.223995 17.5440358937145 87.266175112159
0.224495 17.5831975622645 87.2305051847801
0.224995 17.6223592308145 87.3612607632316
0.225495 17.6615208993645 87.3788331418729
0.225995 17.7006825679145 87.5014292484244
0.226495 17.7398442364645 87.5471119219742
0.226995 17.7790059050145 87.7854276830855
0.227495 17.8181675735645 87.655543211248
0.227995 17.8573292421145 87.7095350535287
0.228495 17.8964909106645 88.0253102589172
0.228995 17.9356525792145 87.9424978856338
0.229495 17.9748142477645 88.0060915090215
0.229995 18.0139759163145 87.9871433663238
0.230495 18.0531375848645 88.2184533187373
0.230995 18.0922992534145 88.1631448483084
0.231495 18.1314609219645 88.2910650231013
0.231995 18.1706225905145 88.2599101388111
0.232495 18.2097842590645 88.3346090654763
0.232995 18.2489459276145 88.4620553109379
0.233495 18.2881075961645 88.6518244446645
0.233995 18.3272692647145 88.5308775484668
0.234495 18.3664309332645 88.6771995544613
0.234995 18.4055926018145 88.7141339393911
0.235495 18.4447542703645 88.952342153657
0.235995 18.4839159389145 88.9365002218619
0.236495 18.5230776074645 88.9867818326421
0.236995 18.5622392760145 88.9488211054754
0.237495 18.6014009445645 89.1457064566301
0.237995 18.6405626131145 89.2566748722585
0.238495 18.6797242816645 89.3717797254955
0.238995 18.7188859502145 89.4650121143083
0.239495 18.7580476187645 89.3540817659743
0.239995 18.7972092873145 89.3185952849093
0.240495 18.8363709558645 89.7467693062928
0.240995 18.8755326244145 89.7382296997999
0.241495 18.9146942929645 89.7020977000299
0.241995 18.9538559615145 89.8725423604593
0.242495 18.9930176300645 89.8699894278417
0.242995 19.0321792986145 90.1506350495648
0.243495 19.0713409671645 90.3037452943222
0.243995 19.1105026357145 90.3023186238155
0.244495 19.1496643042645 90.0956132520193
0.244995 19.1888259728145 90.0995490251049
0.245495 19.2279876413645 90.3814791345443
0.245995 19.2671493099145 90.5057496845073
0.246495 19.3063109784645 90.5083382116722
0.246995 19.3454726470145 90.5466090828491
0.247495 19.3846343155645 90.6504261618577
0.247995 19.4237959841145 90.7213105750875
0.248495 19.4629576526645 90.832781624057
0.248995 19.5021193212145 90.7805462160914
0.249495 19.5412809897645 91.0388411856327
0.249995 19.5804426583145 91.1603755222098
0.250495 19.6196043268645 91.2145247870584
0.250995 19.6587659954145 91.2566975753127
0.251495 19.6979276639645 91.2047338483717
0.251995 19.7370893325145 91.2594383985169
0.252495 19.7762510010645 91.49098658474
0.252995 19.8154126696145 91.53881159398
0.253495 19.8545743381645 91.6330033933912
0.253995 19.8937360067145 91.7447112572527
0.254495 19.9328976752645 91.672782788021
0.254995 19.9720593438145 91.9092277587087
0.255495 20.0112210123645 91.8001820104143
0.255995 20.0503826809145 91.9769463729729
0.256495 20.0895443494645 92.0875646024587
0.256995 20.1287060180145 92.2444503473073
0.257495 20.1678676865645 92.2167920187684
0.257995 20.2070293551145 92.2433584137997
0.258495 20.2461910236645 92.4001004155763
0.258995 20.2853526922145 92.5106009958413
0.259495 20.3245143607645 92.6520509951472
0.259995 20.3636760293145 92.8045353641038
0.260495 20.4028376978645 92.6668912940065
0.260995 20.4419993664145 92.7728238385696
0.261495 20.4811610349645 92.8036160290861
0.261995 20.5203227035145 93.149458019505
0.262495 20.5594843720645 93.0583525193775
0.262995 20.5986460406145 93.0722556245863
0.263495 20.6378077091645 93.4067417379041
0.263995 20.6769693777145 93.4679884222265
0.264495 20.7161310462645 93.4252583588238
0.264995 20.7552927148145 93.509118946584
0.265495 20.7944543833645 93.6040527332207
0.265995 20.8336160519145 93.8537315943213
0.266495 20.8727777204645 93.7984323104502
0.266995 20.9119393890145 93.9275669504139
0.267495 20.9511010575645 94.0324474923653
0.267995 20.9902627261145 94.2300727204932
0.268495 21.0294243946645 94.0732703613328
0.268995 21.0685860632145 94.2426664655918
0.269495 21.1077477317645 94.2532739893986
0.269995 21.1469094003145 94.7502517187786
0.270495 21.1860710688645 94.6321753217473
0.270995 21.2252327374145 94.8980938656476
0.271495 21.2643944059645 94.7792667659681
0.271995 21.3035560745145 94.8518263628017
0.272495 21.3427177430645 94.9422591767798
0.272995 21.3818794116145 95.1755324724992
0.273495 21.4210410801645 95.105630763408
0.273995 21.4602027487145 95.1880130661023
0.274495 21.4993644172645 95.5007987328876
0.274995 21.5385260858145 95.3791520085486
0.275495 21.5776877543645 95.3089054320859
0.275995 21.6168494229145 95.7758872327126
0.276495 21.6560110914645 95.8007629997143
0.276995 21.6951727600145 95.8561732711427
0.277495 21.7343344285645 95.7656255661675
0.277995 21.7734960971145 96.1547541352399
0.278495 21.8126577656645 96.3077197248578
0.278995 21.8518194342145 96.4948875655929
0.279495 21.8909811027645 96.3997575806257
0.279995 21.9301427713145 96.4706725634303
0.280495 21.9693044398645 96.6361224468042
0.280995 22.0084661084145 96.9272651754481
0.281495 22.0476277769645 97.2013698880069
0.281995 22.0867894455145 97.142057209123
0.282495 22.1259511140645 97.0297720898419
0.282995 22.1651127826145 97.3001090583039
0.283495 22.2042744511645 97.3890860493357
0.283995 22.2434361197145 97.6471232300969
0.284495 22.2825977882645 97.6852698192462
0.284995 22.3217594568145 97.8285297225677
0.285495 22.3609211253645 97.9274166187467
0.285995 22.4000827939145 98.228401788244
0.286495 22.4392444624645 98.2310861754323
0.286995 22.4784061310145 98.3965430529454
0.287495 22.5175677995645 98.4983738163231
0.287995 22.5567294681145 98.8164320789544
0.288495 22.5958911366645 99.0495947412836
0.288995 22.6350528052145 98.9984537268261
0.289495 22.6742144737645 98.8046854367336
0.289995 22.7133761423145 99.0756991367873
0.290495 22.7525378108645 99.4596991139705
0.290995 22.7916994794145 99.8770917018112
0.291495 22.8308611479645 99.738736826169
0.291995 22.8700228165145 99.8060853076426
0.292495 22.9091844850645 100.114050300583
0.292995 22.9483461536145 100.140039346108
0.293495 22.9875078221645 100.461583388979
0.293995 23.0266694907145 100.385741164621
0.294495 23.0658311592645 100.864613425428
0.294995 23.1049928278145 100.893566305296
0.295495 23.1441544963645 101.14184408991
0.295995 23.1833161649145 101.173330337296
0.296495 23.2224778334645 101.28237803073
0.296995 23.2616395020145 101.455109409746
0.297495 23.3008011705645 101.726846942748
0.297995 23.3399628391145 101.882091723311
0.298495 23.3791245076645 102.314263251327
0.298995 23.4182861762145 102.491781905344
0.299495 23.4574478447645 102.359268544111
0.299995 23.4966095133145 102.594878566052
0.300495 23.5357711818645 102.908955608205
0.300995 23.5749328504145 103.041626075566
0.301495 23.6140945189645 103.247601530009
0.301995 23.6532561875145 103.460386684801
0.302495 23.6924178560645 103.635184740161
0.302995 23.7315795246145 104.078364312379
0.303495 23.7707411931645 104.486455452306
0.303995 23.8099028617145 104.205375525484
0.304495 23.8490645302645 104.572538731699
0.304995 23.8882261988145 104.798915889536
0.305495 23.9273878673645 105.257636194243
0.305995 23.9665495359145 105.520466169362
0.306495 24.0057112044645 105.631739350999
0.306995 24.0448728730145 105.618657762871
0.307495 24.0840345415645 106.175003361943
0.307995 24.1231962101145 106.2702024566
0.308495 24.1623578786645 106.567597667706
0.308995 24.2015195472145 106.66727870701
0.309495 24.2406812157645 107.186129208376
0.309995 24.2798428843145 107.205791666779
0.310495 24.3190045528645 107.275827818809
0.310995 24.3581662214145 107.667912226354
0.311495 24.3973278899645 108.200713239889
0.311995 24.4364895585145 108.160162966045
0.312495 24.4756512270645 108.110458704654
0.312995 24.5148128956145 108.862661957406
0.313495 24.5539745641645 109.220856947979
0.313995 24.5931362327145 109.40560052545
0.314495 24.6322979012645 109.572352975751
0.314995 24.6714595698145 110.154510278232
0.315495 24.7106212383645 110.336042240599
0.315995 24.7497829069145 110.772632620773
0.316495 24.7889445754645 111.014497549879
0.316995 24.8281062440145 111.180452910944
0.317495 24.8672679125645 111.436019186418
0.317995 24.9064295811145 111.91650962366
0.318495 24.9455912496645 111.771173788604
0.318995 24.9847529182145 112.62899414696
0.319495 25.0239145867645 113.201047248194
0.319995 25.0630762553145 112.916930734959
0.320495 25.1022379238645 113.449951929059
0.320995 25.1413995924145 113.734830303856
0.321495 25.1805612609645 114.121074445226
0.321995 25.2197229295145 114.552930709519
0.322495 25.2588845980645 114.837168862591
0.322995 25.2980462666145 115.16642605121
0.323495 25.3372079351645 115.311477469579
0.323995 25.3763696037145 115.57038650641
0.324495 25.4155312722645 116.449398807888
0.324995 25.4546929408145 116.548303955248
0.325495 25.4938546093645 116.617488701827
0.325995 25.5330162779145 117.382469076245
0.326495 25.5721779464645 117.521658526209
0.326995 25.6113396150145 118.150692677868
0.327495 25.6505012835645 118.192574185033
0.327995 25.6896629521145 118.800182247417
0.328495 25.7288246206645 119.088524870269
0.328995 25.7679862892145 119.657793925976
0.329495 25.8071479577645 120.059887898535
0.329995 25.8463096263145 120.307036995038
0.330495 25.8854712948645 120.500553942834
0.330995 25.9246329634145 121.106279329928
0.331495 25.9637946319645 121.275867255215
0.331995 26.0029563005145 122.107922692118
0.332495 26.0421179690645 122.269310334682
0.332995 26.0812796376145 122.737475050208
0.333495 26.1204413061645 123.162275936416
0.333995 26.1596029747145 123.490842181025
0.334495 26.1987646432645 124.04224759055
0.334995 26.2379263118145 124.488170038234
0.335495 26.2770879803645 125.019213036187
0.335995 26.3162496489145 125.236765594372
0.336495 26.3554113174645 125.440587182344
0.336995 26.3945729860145 126.078891941547
0.337495 26.4337346545645 126.424812628552
0.337995 26.4728963231145 126.823338657544
0.338495 26.5120579916645 127.62800418636
0.338995 26.5512196602145 127.79340825835
0.339495 26.5903813287645 128.621264718055
0.339995 26.6295429973145 128.760369279869
0.340495 26.6687046658645 129.629589141259
0.340995 26.7078663344145 129.565238811055
0.341495 26.7470280029645 130.494423743048
0.341995 26.7861896715145 130.402534785496
0.342495 26.8253513400645 131.19081424978
0.342995 26.8645130086145 131.228864559372
0.343495 26.9036746771645 131.932803818232
0.343995 26.9428363457145 132.397882408511
0.344495 26.9819980142645 132.368452496347
0.344995 27.0211596828145 133.625948026679
0.345495 27.0603213513645 133.385582056539
0.345995 27.0994830199145 134.322069628799
0.346495 27.1386446884645 134.965934182715
0.346995 27.1778063570145 135.050800370997
0.347495 27.2169680255645 135.440070586761
0.347995 27.2561296941145 136.198309818113
0.348495 27.2952913626645 136.57589677385
0.348995 27.3344530312145 137.065532841741
0.349495 27.3736146997645 137.395130150434
0.349995 27.4127763683145 138.44446575233
0.350495 27.4519380368645 138.405140947201
0.350995 27.4910997054145 138.828362083985
0.351495 27.5302613739645 139.452950017462
0.351995000000001 27.5694230425145 140.537379972579
0.352495 27.6085847110645 140.182786401019
0.352995 27.6477463796145 141.187976207433
0.353495 27.6869080481645 141.40497978258
0.353995 27.7260697167145 142.153773001133
0.354495 27.7652313852645 142.529894515658
0.354995 27.8043930538145 143.31144889775
0.355495 27.8435547223645 143.560300810408
0.355995 27.8827163909145 144.079226825021
0.356495 27.9218780594645 144.697253203615
0.356995 27.9610397280145 145.238285750525
0.357495 28.0002013965645 145.655691640478
0.357995 28.0393630651145 146.429420562973
0.358495000000001 28.0785247336645 146.765674711946
0.358995 28.1176864022145 147.440737952291
0.359495 28.1568480707645 147.489904192947
0.359995 28.1960097393145 148.350367901682
0.360495 28.2351714078645 148.847552443871
0.360995 28.2743330764145 149.323310720877
0.361495 28.3134947449645 150.506896006673
0.361995 28.3526564135145 150.552831426088
0.362495 28.3918180820645 150.947255161595
0.362995 28.4309797506145 151.365641357498
0.363495000000001 28.4701414191645 152.351397352302
0.363995 28.5093030877145 153.290633133353
0.364495 28.5484647562645 153.802487508619
0.364995 28.5876264248145 154.053669997031
0.365495 28.6267880933645 154.703859699044
0.365995 28.6659497619145 155.271453930156
0.366495 28.7051114304645 155.870332077838
0.366995 28.7442730990145 156.453374248062
0.367495 28.7834347675645 157.047003505936
0.367995 28.8225964361145 157.685992427014
0.368495 28.8617581046645 158.137276408156
0.368995 28.9009197732145 158.388377457704
0.369495 28.9400814417645 159.568982540317
0.369995000000001 28.9792431103145 160.092227862641
0.370495 29.0184047788645 160.458680049843
0.370995 29.0575664474145 161.453071907856
0.371495 29.0967281159645 161.706945499225
0.371995 29.1358897845145 162.33084714811
0.372495 29.1750514530645 163.302340728816
0.372995 29.2142131216145 164.21926735954
0.373495 29.2533747901645 164.661188539131
0.373995 29.2925364587145 165.031195771574
0.374495 29.3316981272645 165.502430431829
0.374995 29.3708597958145 166.528851651147
0.375495 29.4100214643645 167.219865766027
0.375995 29.4491831329145 167.931478126047
0.376495000000001 29.4883448014645 168.321166776515
0.376995 29.5275064700145 168.94691066819
0.377495 29.5666681385645 169.526427603318
0.377995 29.6058298071145 170.303634299575
0.378495 29.6449914756645 170.991809161051
0.378995 29.6841531442145 171.759104747466
0.379495 29.7233148127645 172.50732912601
0.379995 29.7624764813145 173.465880464874
0.380495 29.8016381498645 174.222650497307
0.380995 29.8407998184145 174.633049359752
0.381495 29.8799614869645 175.35885221046
0.381995 29.9191231555145 176.57815626187
0.382495 29.9582848240645 177.245539041507
0.382995 29.9974464926145 176.78486649336
0.383495 30.0366081611645 173.231927621148
0.383995 30.0757698297145 165.213342173375
0.384495 30.1149314982645 158.337669433117
0.384995 30.1540931668145 152.083183376742
0.385495 30.1932548353645 146.447183317297
0.385995 30.2324165039145 141.43218515229
0.386495 30.2715781724645 137.050040129707
0.386995 30.3107398410145 132.817668195946
0.387495 30.3499015095645 128.932744852708
0.387995 30.3890631781145 124.81496636899
0.388495 30.4282248466645 120.754252421859
0.388995 30.4673865152145 116.879427590161
0.389495 30.5065481837645 113.246470690455
0.389995 30.5457098523145 109.194087332032
0.390495 30.5848715208645 105.617706683401
0.390995 30.6240331894145 101.894716882222
0.391495 30.6631948579645 98.5951398230788
0.391995 30.7023565265145 95.5675651459813
0.392495 30.7415181950645 92.5817040409359
0.392995 30.7806798636145 89.4980915450273
0.393495 30.8198415321645 86.653680637711
0.393995 30.8590032007145 84.0270689262754
0.394495 30.8981648692645 81.4323820822406
0.394995 30.9373265378145 78.9102615963614
0.395495 30.9764882063645 76.4061915734745
0.395995 31.0156498749145 74.1032318596637
0.396495 31.0548115434645 71.8862730814141
0.396995 31.0939732120145 69.8727757634996
0.397495 31.1331348805645 67.9667052420331
0.397995 31.1722965491145 66.2195329514298
0.398495 31.2114582176645 64.7024847392187
0.398995 31.2506198862145 63.2229123920896
0.399495 31.2897815547645 61.8765536255011
0.399995 31.3289432233145 60.6133702635338
0.400495 31.3681048918645 59.5054543666499
0.400995 31.4072665604145 58.549444125843
0.401495 31.4464282289645 57.5986541443134
0.401995 31.4855898975145 56.8028194805833
0.402495 31.5247515660645 56.0365663047207
0.402995 31.5639132346145 55.2348575100409
0.403495 31.6030749031645 54.4339595584605
0.403995 31.6422365717145 53.6162000802739
0.404495 31.6813982402645 52.8001941458368
0.404995 31.7205599088145 52.0271367095348
0.405495 31.7597215773645 51.2989889065086
0.405995 31.7988832459145 50.6239219622431
0.406495 31.8380449144645 49.9193384043194
0.406995 31.8772065830145 49.2340818110126
0.407495 31.9163682515645 48.5326492012992
0.407995 31.9555299201145 47.8166001244641
0.408495 31.9946915886645 47.1021624275473
0.408995 32.0338532572145 46.4219232312953
0.409495 32.0730149257645 45.7235234664372
0.409995 32.1121765943145 45.1251450578628
0.410495 32.1513382628645 44.4517660082878
0.410995 32.1904999314145 43.8994083680128
0.411495 32.2296615999645 43.3182443151764
0.411995 32.2688232685145 42.7679797209781
0.412495 32.3079849370645 42.2216504371471
0.412995 32.3471466056145 41.652655531717
0.413495 32.3863082741645 41.0437671198073
0.413995000000001 32.4254699427145 40.4920153911812
0.414495 32.4646316112645 39.9335602211471
0.414995 32.5037932798145 39.388520029759
0.415495 32.5429549483645 38.7823410532985
0.415995 32.5821166169145 38.2355643581637
0.416495 32.6212782854645 37.5862135963843
0.416995 32.6604399540145 37.0564371520909
0.417495 32.6996016225645 36.4047560031073
0.417995 32.7387632911145 35.7004124314532
0.418495 32.7779249596645 34.9561875249498
0.418995000000001 32.8170866282145 34.1850244508892
0.419495 32.8562482967645 33.4123413526151
0.419995 32.8954099653145 32.6085435252008
0.420495 32.9345716338645 31.7514441103906
0.420995 32.9737333024145 30.8630327876183
0.421495 33.0128949709645 29.9632721659151
0.421995 33.0520566395145 29.0570671446734
0.422495 33.0912183080645 28.1121610643416
0.422995 33.1303799766145 27.0945748804718
0.423495 33.1695416451645 25.957941662555
0.423995 33.2087033137145 24.8150086574587
0.424495 33.2478649822645 23.595101023928
0.424995 33.2870266508145 22.3547255772162
0.425495000000001 33.3261883193645 21.0690729041335
0.425995 33.3653499879145 19.7540533615415
0.426495 33.4045116564645 18.393994045979
0.426995 33.4436733250145 17.0171833067946
0.427495 33.4828349935645 15.5618810461947
0.427995 33.5219966621145 14.0499345650015
0.428495 33.5611583306645 12.4850456487146
0.428995 33.6003199992145 10.834885011946
0.429495 33.6394816677645 9.21587335923565
0.429995 33.6786433363145 7.72913982270726
0.430495000000001 33.7178050048645 6.38134995715972
0.430995 33.7569666734145 4.95880823765701
0.431495 33.7961283419645 3.5980647360164
0.431995000000001 33.8352900105145 2.22732099982121
0.432495 33.8744516790645 0.833347649240562
0.432995 33.9136133476145 -0.535306175857515
0.433495 33.9527750161645 -1.93438261315989
0.433995 33.9919366847145 -3.40648692445081
0.434495 34.0310983532645 -4.95355715366497
0.434995 34.0702600218145 -6.61017229834684
0.435495 34.1094216903645 -8.31948453325693
0.435995 34.1485833589145 -10.1007263660314
0.436495 34.1877450274645 -11.9798426638893
0.436995000000001 34.2269066960145 -13.9162095045253
0.437495 34.2660683645645 -15.9276756390254
0.437995 34.3052300331145 -18.0158255700603
0.438495 34.3443917016645 -20.1978705926595
0.438995 34.3835533702145 -22.3670277106236
0.439495 34.4227150387645 -24.2993157736479
0.439995 34.4618767073145 -23.9846987721094
0.440495 34.5010383758645 -21.8086602114308
0.440995 34.5402000444145 -21.9217149559385
0.441495 34.5793617129645 -21.1433989146642
0.441995 34.6185233815145 -20.1230657570549
0.442495 34.6576850500645 -19.4699163366834
0.442995 34.6968467186145 -19.0052868231931
0.443495 34.7360083871645 -18.2908885166066
0.443995 34.7751700557145 -16.2914163428598
0.444495 34.8143317242645 -13.5810894154034
0.444995 34.8534933928145 -10.6542987063551
0.445495 34.8926550613645 -8.5915552279577
0.445995 34.9318167299145 -6.96691411992054
0.446495 34.9709783984645 -6.16505046656116
0.446995 35.0101400670145 -6.28134164602937
0.447495 35.0493017355645 -5.86772585465823
0.447995 35.0884634041145 -5.58355362686454
0.448495 35.1276250726645 -5.06020956217415
0.448995 35.1667867412145 -4.49426169773345
0.449495 35.2059484097645 -4.246304087979
0.449995 35.2451100783145 -4.07888717440983
0.450495 35.2842717468645 -3.57766055350841
0.450995 35.3234334154145 -3.09135970131488
0.451495 35.3625950839645 -2.46997722395624
0.451995 35.4017567525145 -1.44809316210529
0.452495 35.4409184210645 -0.444989220919904
0.452995 35.4800800896145 0.0720398462148794
0.453495 35.5192417581645 0.606581004997046
0.453995 35.5584034267145 0.597476263679608
0.454495 35.5975650952645 0.327401056187172
0.454995 35.6367267638145 0.317589735835744
0.455495 35.6758884323645 0.8129270679755
0.455995 35.7150501009145 1.59581064768673
0.456495 35.7542117694645 2.0738187542074
0.456995 35.7933734380145 2.63930662495774
0.457495 35.8325351065645 2.9095364295971
0.457995 35.8716967751145 3.04494582672495
0.458495 35.9108584436645 3.11844926916113
0.458995 35.9500201122145 3.0878025886818
0.459495 35.9891817807645 2.8435386095817
0.459995 36.0283434493145 2.74620021437456
0.460495 36.0675051178645 2.170246497923
0.460995 36.1066667864145 1.46486821338777
0.461495 36.1458284549645 0.245704606627791
0.461995 36.1849901235145 -1.08025483603113
0.462495 36.2241517920645 -1.93700496521886
0.462995 36.2633134606145 -2.4765826804387
0.463495 36.3024751291645 -2.64572489948833
0.463995 36.3416367977145 -2.88880789537187
0.464495 36.3807984662645 -3.44194042847612
0.464995 36.4199601348145 -3.68269561009621
0.465495 36.4591218033645 -3.64901935291777
0.465995 36.4982834719145 -3.82207723975068
0.466495 36.5374451404645 -3.88528142209255
0.466995 36.5766068090145 -3.74853653123691
0.467495 36.6157684775645 -3.22738104912274
0.467995000000001 36.6549301461145 -2.9212301861232
0.468495 36.6940918146645 -2.71023001669673
0.468995 36.7332534832145 -2.61900487804972
0.469495 36.7724151517645 -2.41050664370336
0.469995 36.8115768203145 -1.63440214275396
0.470495 36.8507384888645 -1.09421597521556
0.470995 36.8899001574145 -0.74818855420794
0.471495 36.9290618259645 -0.127901693867773
0.471995 36.9682234945145 0.216650368721171
0.472495 37.0073851630645 0.343150389137778
0.472995 37.0465468316145 0.127453796212584
0.473495 37.0857085001645 0.179754604152362
0.473995 37.1248701687145 0.0399803366269917
0.474495 37.1640318372645 -0.000219654872777248
0.474995 37.2031935058145 -0.13316791803288
0.475495 37.2423551743645 0.0320991431237079
0.475995000000001 37.2815168429145 0.200471605952803
0.476495 37.3206785114645 0.13794752911182
0.476995 37.3598401800145 0.432326440316641
0.477495 37.3990018485645 0.435472092678055
0.477995 37.4381635171145 0.630008772505742
0.478495 37.4773251856645 0.383060350755022
0.478995 37.5164868542145 0.161677565205068
0.479495 37.5556485227645 -0.0633647623896354
0.479995 37.5948101913145 -0.336412682406973
0.480495 37.6339718598645 -0.764951894566081
0.480995000000001 37.6731335284145 -0.866151997481081
0.481495 37.7122951969645 -1.20137761809644
0.481995 37.7514568655145 -1.11424244144862
0.482495 37.7906185340645 -1.21271730587006
0.482995 37.8297802026145 -1.14758256904562
0.483495 37.8689418711645 -1.28822416885167
0.483995 37.9081035397145 -1.33117190381797
0.484495 37.9472652082645 -1.38534653415909
0.484995 37.9864268768145 -1.49477746568698
0.485495 38.0255885453645 -1.84776340744195
0.485995000000001 38.0647502139145 -1.91125044159065
0.486495 38.1039118824645 -2.30892217752522
0.486995 38.1430735510145 -2.15526743492993
0.487495000000001 38.1822352195645 -2.20826779661319
0.487995 38.2213968881145 -1.84716454503829
0.488495 38.2605585566645 -1.79907692715042
0.488995 38.2997202252145 -1.6626932805201
0.489495 38.3388818937645 -1.45897862695178
0.489995 38.3780435623145 -1.23862466904463
0.490495 38.4172052308645 -0.979200279239009
0.490995 38.4563668994145 -0.788221085889013
0.491495 38.4955285679645 -0.428799899025574
0.491995 38.5346902365145 -0.12196572272345
0.492495000000001 38.5738519050645 0.145135070244738
0.492995 38.6130135736145 0.390262382300433
0.493495 38.6521752421645 0.716350395239835
0.493995 38.6913369107145 0.810600349333925
0.494495 38.7304985792645 1.11564578492629
0.494995 38.7696602478145 1.32215649704814
0.495495 38.8088219163645 1.29242690693128
0.495995 38.8479835849145 1.10428619086898
0.496495 38.8871452534645 0.961451668477941
0.496995 38.9263069220145 0.559263631587349
0.497495 38.9654685905645 0.266955165278675
0.497995 39.0046302591145 0.034839571849775
0.498495 39.0437919276645 -0.266711824639691
0.498995000000001 39.0829535962145 -0.582209616586929
0.499495 39.1221152647645 -0.941861935008149
0.499995 39.1612769333145 -1.41008923196331
