# Fix print output for fix Step
-1.37893122608814e-16 -2.8421709430404e-15 -0.999682661463472
0.000494999999999811 0.0102026452819956 0.367031793649881
0.000994999999999794 0.0205083475870452 0.437683842913382
0.00149499999999978 0.0308140498920949 0.198119472075163
0.00199499999999976 0.0411197521971445 1.54659784472657
0.00249499999999974 0.0514254545021942 0.87758042472088
0.002995 0.0617311568072495 1.47262691136133
0.00349499999999998 0.0720368591122991 2.25263054153201
0.00399499999999996 0.0823425614173487 1.56480454630182
0.00449499999999995 0.0926482637223984 2.75883695173139
0.00499499999999993 0.102953966027448 2.82623877745975
0.00549499999999991 0.113259668332498 2.80154653538331
0.00599499999999989 0.123565370637547 3.58678908887698
0.00649499999999988 0.133871072942597 3.44613383579066
0.00699499999999986 0.144176775247647 3.89427276607166
0.00749499999999984 0.154482477552696 4.37685684558803
0.00799499999999982 0.164788179857746 4.18468665281431
0.0084949999999998 0.175093882162795 5.13290545275793
0.00899499999999979 0.185399584467845 5.09786954527539
0.00949499999999977 0.195705286772895 5.21742337184786
0.00999499999999975 0.206010989077944 5.97432605810492
0.0104949999999999 0.216316691382997 5.65007607233619
0.010995 0.226622393688049 6.34758619178611
0.011495 0.236928095993099 6.46766724527237
0.011995 0.247233798298149 6.73270465012946
0.0124949999999999 0.257539500603198 7.29720861244951
0.0129949999999999 0.267845202908248 7.13596733798442
0.0134949999999999 0.278150905213297 7.66639576296175
0.0139949999999999 0.288456607518347 7.90907718861238
0.0144949999999999 0.298762309823397 8.28657506496037
0.0149949999999998 0.309068012128446 8.58922866278775
0.0154949999999998 0.319373714433496 8.36480210494332
0.0159949999999998 0.329679416738546 9.12361159556382
0.0164949999999998 0.339985119043595 9.39060246027186
0.0169949999999998 0.350290821348645 9.52833205466808
0.0174949999999998 0.360596523653695 9.71717900445339
0.0179949999999997 0.370902225958744 9.784862617373
0.0184949999999999 0.381207928263797 10.6979864165988
0.018995 0.391513630568849 10.5592305575031
0.019495 0.401819332873899 10.5622192275577
0.0199949999999999 0.412125035178948 11.1851054629867
0.0204949999999999 0.422430737483998 11.2513061377735
0.0209949999999999 0.432736439789048 11.8794698636479
0.0214949999999999 0.443042142094097 11.7648928132934
0.0219949999999999 0.453347844399147 12.0107193796654
0.0224949999999999 0.463653546704197 12.7164692516068
0.0229949999999998 0.473959249009246 12.5259533970474
0.0234949999999998 0.484264951314296 13.1601797289253
0.0239949999999998 0.494570653619346 13.2789510990916
0.0244949999999998 0.504876355924395 13.3435844454098
0.0249949999999998 0.515182058229445 14.1456038877687
0.0254949999999998 0.525487760534494 13.7263380847816
0.0259949999999997 0.535793462839544 14.3686680222683
0.026495 0.546099165144599 14.5737238405391
0.026995 0.556404867449649 14.6358633395926
0.027495 0.566710569754699 15.2222039409257
0.0279949999999999 0.577016272059748 15.1994880649852
0.0284949999999999 0.587321974364798 15.6008899181646
0.0289949999999999 0.597627676669848 15.9103289585489
0.0294949999999999 0.607933378974897 15.8135103211683
0.0299949999999999 0.618239081279947 16.4602237852858
0.0304949999999999 0.628544783584996 16.3735109736068
0.0309949999999998 0.638850485890046 16.8552864381754
0.0314949999999998 0.649156188195096 17.0838424348168
0.0319949999999998 0.659461890500145 16.9996749973287
0.0324949999999998 0.669767592805195 17.6037545461636
0.0329949999999998 0.680073295110245 17.4698346775263
0.0334949999999997 0.690378997415294 18.0165799957512
0.0339949999999999 0.700684699720347 18.4310097038394
0.034495 0.710990402025399 18.4092176125734
0.034995 0.721296104330449 19.0565188473354
0.035495 0.731601806635499 18.9150404795067
0.0359949999999999 0.741907508940548 19.2160219703192
0.0364949999999999 0.752213211245598 19.4123529941267
0.0369949999999999 0.762518913550647 19.4426223957485
0.0374949999999999 0.772824615855697 19.9157576425007
0.0379949999999999 0.783130318160747 20.0567892777105
0.0384949999999998 0.793436020465796 20.4568382548024
0.0389949999999998 0.803741722770846 20.6487862366323
0.0394949999999998 0.814047425075896 20.8526391264448
0.0399949999999998 0.824353127380945 21.2639133345203
0.0404949999999998 0.834658829685995 21.3140437344972
0.0409949999999998 0.844964531991044 21.6916935128456
0.0414949999999997 0.855270234296094 21.8081005451801
0.041995 0.86557593660115 22.11192195144
0.042495 0.875881638906199 22.3946946782508
0.042995 0.886187341211249 22.4863051451629
0.0434949999999999 0.896493043516298 22.8300108533802
0.0439949999999999 0.906798745821348 22.8625694694641
0.0444949999999999 0.917104448126398 23.1678728339357
0.0449949999999999 0.927410150431447 23.4993654215483
0.0454949999999999 0.937715852736497 23.6221674434747
0.0459949999999999 0.948021555041547 24.042390689232
0.0464949999999998 0.958327257346596 24.1550640221686
0.0469949999999998 0.968632959651646 24.4865624362483
0.0474949999999998 0.978938661956695 24.6192589792075
0.0479949999999998 0.989244364261745 24.665806112325
0.0484949999999998 0.999550066566795 25.0797559991209
0.0489949999999997 1.00985576887184 25.0090347379527
0.0494949999999997 1.02016147117689 25.4391848434379
0.0499949999999999 1.03046717348195 25.6017140403339
0.050495 1.040772875787 25.7119692840596
0.050995 1.05107857809205 26.1599100743312
0.0514949999999999 1.0613842803971 26.1774082275419
0.0519949999999999 1.07168998270215 26.5870169745008
0.0524949999999999 1.0819956850072 26.8131858469187
0.0529949999999999 1.09230138731225 26.8777403495164
0.0534949999999999 1.1026070896173 27.3017017670371
0.0539949999999998 1.11291279192235 27.4002337961018
0.0544949999999998 1.1232184942274 27.749292057539
0.0549949999999998 1.13352419653245 27.8225980580627
0.0554949999999998 1.1438298988375 27.9717246088378
0.0559949999999998 1.15413560114254 28.3718008542212
0.0564949999999998 1.16444130344759 28.5011831164427
0.0569949999999997 1.17474700575264 28.8172707182242
0.0574949999999997 1.18505270805769 28.9294113907194
0.057995 1.19535841036275 29.1722599822209
0.058495 1.2056641126678 29.5213831169465
0.0589949999999999 1.21596981497285 29.6234815705331
0.0594949999999999 1.2262755172779 29.8790392462479
0.0599949999999999 1.23658121958295 30.0586904414335
0.0604949999999999 1.246886921888 30.1971263421422
0.0609949999999999 1.25719262419305 30.4907064564266
0.0614949999999999 1.2674983264981 30.5532163763976
0.0619949999999998 1.27780402880315 30.8565103880742
0.0624949999999998 1.2881097311082 31.0465473045917
0.0629949999999998 1.29841543341325 31.1570831923035
0.0634949999999998 1.3087211357183 31.432523674307
0.0639949999999998 1.31902683802334 31.6065642510636
0.0644949999999997 1.32933254032839 31.830660406595
0.0649949999999997 1.33963824263344 32.0309981050503
0.0654949999999999 1.3499439449385 32.1869322718242
0.065995 1.36024964724355 32.4312950729128
0.066495 1.3705553495486 32.5739786754241
0.0669949999999999 1.38086105185365 32.8183265317217
0.0674949999999999 1.3911667541587 33.0148456695266
0.0679949999999999 1.40147245646375 33.2981847209995
0.0684949999999999 1.4117781587688 33.5797680326554
0.0689949999999999 1.42208386107385 33.8220297506673
0.0694949999999998 1.4323895633789 34.0168495450417
0.0699949999999998 1.44269526568395 34.1736196963002
0.0704949999999998 1.453000967989 34.379413863906
0.0709949999999998 1.46330667029405 34.6062890561785
0.0714949999999998 1.4736123725991 34.7119154149752
0.0719949999999998 1.48391807490414 35.0429847839098
0.0724949999999997 1.49422377720919 35.09084106929
0.0729949999999997 1.50452947951424 35.4383338143683
0.073495 1.5148351818193 35.5572040491281
0.073995 1.52514088412435 35.7745399773521
0.074495 1.5354465864294 35.9396514066372
0.0749949999999999 1.54575228873445 35.9963345800343
0.0754949999999999 1.5560579910395 36.2210997210752
0.0759949999999999 1.56636369334455 36.3323478562772
0.0764949999999999 1.5766693956496 36.5043339845302
0.0769949999999999 1.58697509795465 36.8691027973007
0.0774949999999998 1.5972808002597 36.9574227328042
0.0779949999999998 1.60758650256475 37.3247894962286
0.0784949999999998 1.6178922048698 37.4874659811469
0.0789949999999998 1.62819790717485 37.6694974181946
0.0794949999999998 1.63850360947989 37.7969303358628
0.0799949999999997 1.64880931178494 37.9030202834383
0.0804949999999997 1.65911501408999 38.13563347395
0.0809949999999999 1.66942071639505 38.1954956813349
0.081495 1.6797264187001 38.408908729545
0.081995 1.69003212100515 38.7345474387168
0.0824949999999999 1.7003378233102 38.796562913126
0.0829949999999999 1.71064352561525 39.2000136706048
0.0834949999999999 1.7209492279203 39.3949612146979
0.0839949999999999 1.73125493022535 39.4539345332789
0.0844949999999999 1.7415606325304 39.7179289958288
0.0849949999999998 1.75186633483545 39.7006584213516
0.0854949999999998 1.7621720371405 39.9254243053515
0.0859949999999998 1.77247773944555 40.1313622139253
0.0864949999999998 1.7827834417506 40.2523255133835
0.0869949999999998 1.79308914405565 40.6098103298655
0.0874949999999998 1.80339484636069 40.6350123861989
0.0879949999999997 1.81370054866574 40.837240158762
0.0884949999999997 1.82400625097079 40.9829300425632
0.088995 1.83431195327585 41.1645057426661
0.089495 1.8446176555809 41.3693973662934
0.089995 1.85492335788595 41.5878602503455
0.0904949999999999 1.865229060191 41.7263764201103
0.0909949999999999 1.87553476249605 41.9802798237132
0.0914949999999999 1.8858404648011 42.07454874084
0.0919949999999999 1.89614616710615 42.2622405183786
0.0924949999999999 1.9064518694112 42.3720854892497
0.0929949999999998 1.91675757171625 42.5365698429493
0.0934949999999998 1.9270632740213 42.7341255220425
0.0939949999999998 1.93736897632635 42.9362525418152
0.0944949999999998 1.9476746786314 43.1668302872357
0.0949949999999998 1.95798038093644 43.282172813753
0.0954949999999998 1.96828608324149 43.3184439162172
0.0959949999999997 1.97859178554654 43.5676471374907
0.0964949999999997 1.98889748785159 43.8060176922263
0.0969949999999998 1.99920319015665 43.9800811315223
0.097495 2.0095088924617 44.093101517478
0.0979949999999999 2.01981459476675 44.2487750828521
0.0984949999999999 2.0301202970718 44.4698327425886
0.0989949999999999 2.04042599937685 44.5738472374389
0.0994949999999999 2.0507317016819 44.7554309012115
0.0999949999999999 2.06103740398695 44.8994292311397
0.100495 2.071343106292 45.0506109223184
0.100995 2.08164880859705 45.1821677614078
0.101495 2.0919545109021 45.4682728190784
0.101995 2.10226021320715 45.7049801033998
0.102495 2.11256591551219 45.6952941108106
0.102995 2.12287161781724 45.814023904541
0.103495 2.13317732012229 46.0222311304494
0.103995 2.14348302242734 46.2358268754919
0.104495 2.1537887247324 46.325743736873
0.104995 2.16409442703745 46.3902141388491
0.105495 2.1744001293425 46.6770392717156
0.105995 2.18470583164755 46.8933466449405
0.106495 2.1950115339526 46.9998453592648
0.106995 2.20531723625765 47.0357418600711
0.107495 2.2156229385627 47.2392096710576
0.107995 2.22592864086775 47.5227179844178
0.108495 2.2362343431728 47.5673333262362
0.108995 2.24654004547785 47.6593357911038
0.109495 2.2568457477829 47.7975484290633
0.109995 2.26715145008795 48.0703497804328
0.110495 2.277457152393 48.1909043796047
0.110995 2.28776285469804 48.2150022264096
0.111495 2.29806855700309 48.4365984158777
0.111995 2.30837425930814 48.5876508213808
0.112495 2.3186799616132 48.8104263425458
0.112995 2.32898566391825 48.8513250852255
0.113495 2.3392913662233 49.0988302664539
0.113995 2.34959706852835 49.253441736557
0.114495 2.3599027708334 49.2410972705089
0.114995 2.37020847313845 49.5493099070752
0.115495 2.3805141754435 49.631996869837
0.115995 2.39081987774855 49.7050730174589
0.116495 2.4011255800536 49.9270069437678
0.116995 2.41143128235865 50.1096749448942
0.117495 2.4217369846637 50.233795554763
0.117995 2.43204268696875 50.29637589613
0.118495 2.44234838927379 50.5301822978372
0.118995 2.45265409157884 50.5980873543771
0.119495 2.46295979388389 50.7306622261071
0.119995 2.47326549618895 50.9090300107907
0.120495 2.483571198494 51.1272498815038
0.120995 2.49387690079905 51.066041207822
0.121495 2.5041826031041 51.3542677845803
0.121995 2.51448830540915 51.5894061707866
0.122495 2.5247940077142 51.4849042393312
0.122995 2.53509971001925 51.7641310148306
0.123495 2.5454054123243 51.9298629602064
0.123995 2.55571111462935 52.0129555861565
0.124495 2.5660168169344 52.1155884593561
0.124995 2.57632251923945 52.2681463951762
0.125495 2.5866282215445 52.3707829911506
0.125995 2.59693392384955 52.5325751750971
0.126495 2.60723962615459 52.647977660271
0.126995 2.61754532845964 52.7726023604619
0.127495 2.62785103076469 52.999376078355
0.127995 2.63815673306975 53.0322531726968
0.128495 2.6484624353748 53.12865196672
0.128995 2.65876813767985 53.3539583876443
0.129495 2.6690738399849 53.3775436473903
0.129995 2.67937954228995 53.5691350812974
0.130495 2.689685244595 53.7047700159445
0.130995 2.69999094690005 53.7373709573903
0.131495 2.7102966492051 53.96135438313
0.131995 2.72060235151015 54.0542241996708
0.132495 2.7309080538152 54.2108127052453
0.132995 2.74121375612025 54.2835638369651
0.133495 2.7515194584253 54.3958441220497
0.133995 2.76182516073035 54.4737856410361
0.134495 2.77213086303539 54.7038048800456
0.134995 2.78243656534044 54.7826937130022
0.135495 2.7927422676455 54.8865328784971
0.135995 2.80304796995055 55.1108964943017
0.136495 2.8133536722556 55.1016600680442
0.136995 2.82365937456065 55.2256076680517
0.137495 2.8339650768657 55.4134386707063
0.137995 2.84427077917075 55.5158647785703
0.138495 2.8545764814758 55.6847457033986
0.138995 2.86488218378085 55.7126719049282
0.139495 2.8751878860859 55.8500958005375
0.139995 2.88549358839095 55.9237080003109
0.140495 2.895799290696 56.077981122158
0.140995 2.90610499300105 56.1775940873109
0.141495 2.9164106953061 56.3132956423709
0.141995 2.92671639761114 56.4405538910398
0.142495 2.93702209991619 56.4411956349363
0.142995 2.94732780222124 56.6554417713333
0.143495 2.95763350452629 56.7305021727781
0.143995 2.96793920683135 56.8300362046732
0.144495 2.9782449091364 56.9817093466571
0.144995 2.98855061144145 57.0787458883938
0.145495 2.9988563137465 57.2351254359707
0.145995 3.00916201605155 57.2589628779667
0.146495 3.0194677183566 57.4607749854001
0.146995 3.02977342066165 57.5054519246808
0.147495 3.0400791229667 57.6308856978391
0.147995 3.05038482527175 57.731448482516
0.148495 3.0606905275768 57.8142827738266
0.148995 3.07099622988185 57.9065237296834
0.149495 3.0813019321869 58.1035046700833
0.149995 3.09160763449194 58.115348093483
0.150495 3.10191333679699 58.25927482526
0.150995 3.11221903910204 58.3221533937761
0.151495 3.1225247414071 58.4911226565436
0.151995 3.13283044371215 58.5947087114601
0.152495 3.1431361460172 58.636731828929
0.152995 3.15344184832225 58.7359861411692
0.153495 3.1637475506273 58.7786047264035
0.153995 3.17405325293235 59.0085417388397
0.154495 3.1843589552374 59.0132736114741
0.154995 3.19466465754245 59.2259123509959
0.155495 3.2049703598475 59.2591199185252
0.155995 3.21527606215255 59.4489010524457
0.156495 3.2255817644576 59.3996649025115
0.156995 3.23588746676265 59.6409096789876
0.157495 3.24619316906769 59.6275233576906
0.157995 3.25649887137274 59.7939667960451
0.158495 3.26680457367779 59.7684571218315
0.158995 3.27711027598284 60.0400735570999
0.159495 3.28741597828789 60.0026149493968
0.159995 3.29772168059295 60.2726505672893
0.160495 3.308027382898 60.2339833509859
0.160995 3.31833308520305 60.3754717449385
0.161495 3.3286387875081 60.3827501253372
0.161995 3.33894448981315 60.5626199143032
0.162495 3.3492501921182 60.5980481716744
0.162995 3.35955589442325 60.6677642196271
0.163495 3.3698615967283 60.7790837637007
0.163995 3.38016729903335 60.8601430770022
0.164495 3.3904730013384 61.0015532895769
0.164995 3.40077870364345 61.028514604286
0.165495 3.41108440594849 61.1310395079882
0.165995 3.42139010825354 61.2648564778634
0.166495 3.4316958105586 61.3113305024257
0.166995 3.44200151286365 61.3921285076103
0.167495 3.4523072151687 61.5016330978739
0.167995 3.46261291747375 61.4909896584437
0.168495 3.4729186197788 61.6878618678044
0.168995 3.48322432208385 61.7860479070139
0.169495 3.4935300243889 61.8090212677048
0.169995 3.50383572669395 61.9899307048809
0.170495 3.514141428999 61.9976961386083
0.170995 3.52444713130405 62.1072670699133
0.171495 3.5347528336091 62.1944622424442
0.171995 3.54505853591415 62.252166520515
0.172495 3.5553642382192 62.3810668610574
0.172995 3.56566994052424 62.4615502442782
0.173495 3.57597564282929 62.4795488473296
0.173995 3.58628134513434 62.5944664370375
0.174495 3.59658704743939 62.6542239952579
0.174995 3.60689274974444 62.6953557861857
0.175495 3.6171984520495 62.8895323102601
0.175995 3.62750415435455 62.9834481599986
0.176495 3.6378098566596 62.9467453589573
0.176995 3.64811555896465 63.1197951076953
0.177495 3.6584212612697 63.1312416241546
0.177995 3.66872696357475 63.2354208672709
0.178495 3.6790326658798 63.3340576084789
0.178995 3.68933836818485 63.2905706274379
0.179495 3.6996440704899 63.4130357730583
0.179995 3.70994977279495 63.468511805239
0.180495 3.7202554751 63.6282603923277
0.180995 3.73056117740504 63.6625478178755
0.181495 3.74086687971009 63.7697715300007
0.181995 3.75117258201514 63.7304453185277
0.182495 3.7614782843202 63.8870488065628
0.182995 3.77178398662525 63.9203670763249
0.183495 3.7820896889303 64.0438700384601
0.183995 3.79239539123535 64.1639110311896
0.184495 3.8027010935404 64.179986822381
0.184995 3.81300679584545 64.2926592255404
0.185495 3.8233124981505 64.3529745566119
0.185995 3.83361820045555 64.4124496596502
0.186495 3.8439239027606 64.4307407090023
0.186995 3.85422960506565 64.5738873628899
0.187495 3.8645353073707 64.6043661236815
0.187995 3.87484100967575 64.6528282133863
0.188495 3.88514671198079 64.7267228430137
0.188995 3.89545241428584 64.7401153824241
0.189495 3.90575811659089 64.86327908492
0.189995 3.91606381889594 64.9148467735792
0.190495 3.92636952120099 65.0342502954091
0.190995 3.93667522350604 65.1388922104127
0.191495 3.9469809258111 65.1663870718216
0.191995 3.95728662811615 65.194662435975
0.192495 3.9675923304212 65.2622797894646
0.192995 3.97789803272625 65.3429947334589
0.193495 3.9882037350313 65.4000619542038
0.193995 3.99850943733635 65.5729229183447
0.194495 4.0088151396414 65.5225386155073
0.194995 4.01912084194645 65.7329817617615
0.195495 4.0294265442515 65.6939578118978
0.195995 4.03973224655654 65.8006224671364
0.196495 4.0500379488616 65.8288074512252
0.196995 4.06034365116664 65.9766333297176
0.197495 4.07064935347169 66.0003779932476
0.197995 4.08095505577675 66.0683569227673
0.198495 4.0912607580818 66.2161217443547
0.198995 4.10156646038685 66.1346445674948
0.199495 4.1118721626919 66.2020412973758
0.199995 4.12217786499695 66.3480395793141
0.200495 4.132483567302 66.4051650437822
0.200995 4.14278926960705 66.2820520238534
0.201495 4.1530949719121 66.5118827763259
0.201995 4.16340067421715 66.5322913046735
0.202495 4.1737063765222 66.5793450334663
0.202995 4.18401207882725 66.6821992816695
0.203495 4.1943177811323 66.8075722953692
0.203995 4.20462348343735 66.7641704112616
0.204495 4.21492918574239 66.8697285930923
0.204995 4.22523488804744 66.8983498579724
0.205495 4.23554059035249 67.049198931667
0.205995 4.24584629265754 66.9849090302627
0.206495 4.2561519949626 67.1341703905062
0.206995 4.26645769726765 67.1539228700249
0.207495 4.2767633995727 67.2497730996174
0.207995 4.28706910187775 67.2838390441722
0.208495 4.2973748041828 67.3751513487694
0.208995 4.30768050648785 67.4719472937583
0.209495 4.3179862087929 67.4480941786066
0.209995 4.32829191109795 67.5728882510378
0.210495 4.338597613403 67.696593307792
0.210995 4.34890331570805 67.7348754362097
0.211495 4.35920901801309 67.6211440765066
0.211995 4.36951472031815 67.8473354748306
0.212495 4.37982042262319 67.8301952506075
0.212995 4.39012612492824 67.8497340191415
0.213495 4.40043182723329 67.8675100960633
0.213995 4.41073752953835 68.1059727539128
0.214495 4.4210432318434 68.1336237122012
0.214995 4.43134893414845 68.1127217420842
0.215495 4.4416546364535 68.2149056578988
0.215995 4.45196033875855 68.2807666312048
0.216495 4.4622660410636 68.3674727504811
0.216995 4.47257174336865 68.4174565931686
0.217495 4.4828774456737 68.3903908220488
0.217995 4.49318314797875 68.6477376623652
0.218495 4.5034888502838 68.4789579333143
0.218995 4.51379455258885 68.5116549438687
0.219495 4.5241002548939 68.5926084944646
0.219995 4.53440595719894 68.8654282919786
0.220495 4.54471165950399 68.8452818331654
0.220995 4.55501736180904 68.7931313915977
0.221495 4.56532306411409 68.9801063140658
0.221995 4.57562876641914 69.0551181417223
0.222495 4.5859344687242 68.9319670104996
0.222995 4.59624017102925 69.1588079514627
0.223495 4.6065458733343 69.3046856927632
0.223995 4.61685157563935 69.2216444336091
0.224495 4.6271572779444 69.1755457708241
0.224995 4.63746298024945 69.3216466470368
0.225495 4.6477686825545 69.4478802115574
0.225995 4.65807438485955 69.4002190048291
0.226495 4.6683800871646 69.4732796535116
0.226995 4.67868578946964 69.5054918693307
0.227495 4.6889914917747 69.8544455159088
0.227995 4.69929719407974 69.7602656610102
0.228495 4.70960289638479 69.7365264656141
0.228995 4.71990859868985 69.6852655806443
0.229495 4.7302143009949 69.795386046765
0.229995 4.74052000329995 69.9640461459147
0.230495 4.750825705605 70.100530919886
0.230995 4.76113140791005 69.9101685322077
0.231495 4.7714371102151 70.0071173781686
0.231995 4.78174281252015 70.1844811785224
0.232495 4.7920485148252 70.5554940535243
0.232995 4.80235421713025 70.2090277602003
0.233495 4.8126599194353 70.3672938184616
0.233995 4.82296562174035 70.4146063980662
0.234495 4.8332713240454 70.4644842293673
0.234995 4.84357702635045 70.5629349015318
0.235495 4.85388272865549 70.5288371286797
0.235995 4.86418843096054 70.668879769558
0.236495 4.87449413326559 70.7642736546728
0.236995 4.88479983557064 70.8461048607473
0.237495 4.89510553787569 70.7913885125474
0.237995 4.90541124018075 70.9653480546622
0.238495 4.9157169424858 71.083459501325
0.238995 4.92602264479085 70.9881223655506
0.239495 4.9363283470959 71.0776038810693
0.239995 4.94663404940095 71.1133992465455
0.240495 4.956939751706 71.1173928568882
0.240995 4.96724545401105 71.0410828008904
0.241495 4.9775511563161 71.379216815893
0.241995 4.98785685862115 71.2363285839196
0.242495 4.9981625609262 71.4081224353113
0.242995 5.00846826323125 71.5296940074588
0.243495 5.01877396553629 71.2473596229817
0.243995 5.02907966784134 71.493754466057
0.244495 5.03938537014639 71.7457519367029
0.244995 5.04969107245145 71.6601719234896
0.245495 5.0599967747565 71.7016785119438
0.245995 5.07030247706155 71.898584443311
0.246495 5.0806081793666 71.7705587381924
0.246995 5.09091388167165 71.8092910057619
0.247495 5.1012195839767 71.9245398391943
0.247995 5.11152528628175 71.9914000673855
0.248495 5.1218309885868 72.2134745608152
0.248995 5.13213669089185 72.1153790831464
0.249495 5.1424423931969 72.2588297553005
0.249995 5.15274809550195 72.4297983722523
0.250495 5.163053797807 72.3625788827238
0.250995 5.17335950011204 72.469971267473
0.251495 5.18366520241709 72.4494262530598
0.251995 5.19397090472214 72.3615956204072
0.252495 5.20427660702719 72.3158716335118
0.252995 5.21458230933225 72.6648588675203
0.253495 5.2248880116373 72.6941086179902
0.253995 5.23519371394235 72.9013096128326
0.254495 5.2454994162474 72.7054299744049
0.254995 5.25580511855245 73.0819635579214
0.255495 5.2661108208575 73.0614188651236
0.255995 5.27641652316255 73.2163438745768
0.256495 5.2867222254676 73.2449906816071
0.256995 5.29702792777265 73.2697569744125
0.257495 5.3073336300777 73.2028930368512
0.257995 5.31763933238275 73.167300934563
0.258495 5.3279450346878 73.7370942076142
0.258995 5.33825073699284 73.4076020125617
0.259495 5.34855643929789 73.4967944987428
0.259995 5.35886214160294 73.7230130964546
0.260495 5.36916784390799 73.8182101638641
0.260995 5.37947354621305 73.9160218618761
0.261495 5.3897792485181 74.10024097807
0.261995 5.40008495082315 73.822928221975
0.262495 5.4103906531282 73.9115572090539
0.262995 5.42069635543325 74.1740855304055
0.263495 5.4310020577383 74.1323786371137
0.263995 5.44130776004335 74.1834130779173
0.264495 5.4516134623484 74.1921488954664
0.264995 5.46191916465345 74.0812357395051
0.265495 5.4722248669585 74.3685628571203
0.265995 5.48253056926355 74.1898590648458
0.266495 5.49283627156859 74.6970666480462
0.266995 5.50314197387364 74.5866118712859
0.267495 5.51344767617869 74.5188966404318
0.267995 5.52375337848374 74.8638444637375
0.268495 5.53405908078879 74.6485733164855
0.268995 5.54436478309384 74.8614667013741
0.269495 5.55467048539889 75.1503482496566
0.269995 5.56497618770395 74.9776738843679
0.270495 5.575281890009 75.0421940150827
0.270995 5.58558759231405 75.0558201926461
0.271495 5.5958932946191 75.3064344040979
0.271995 5.60619899692415 75.6980989911888
0.272495 5.6165046992292 75.3316023329025
0.272995 5.62681040153425 75.4069253619998
0.273495 5.6371161038393 75.6874207434397
0.273995 5.64742180614435 75.8412771591038
0.274495 5.65772750844939 76.2720421990884
0.274995 5.66803321075444 75.8107128927879
0.275495 5.67833891305949 75.8690218625583
0.275995 5.68864461536454 76.2778111097029
0.276495 5.6989503176696 75.9995196671637
0.276995 5.70925601997465 76.2688795079103
0.277495 5.7195617222797 76.0444805182946
0.277995 5.72986742458475 76.5799992701911
0.278495 5.7401731268898 76.2705178593973
0.278995 5.75047882919485 76.7858411447852
0.279495 5.7607845314999 76.3922505193851
0.279995 5.77109023380495 76.4840018238823
0.280495 5.78139593611 76.3729547904938
0.280995 5.79170163841505 76.8179712064697
0.281495 5.8020073407201 76.9989042526594
0.281995 5.81231304302514 76.6368144445876
0.282495 5.82261874533019 77.1185625356488
0.282995 5.83292444763524 77.0563753776675
0.283495 5.84323014994029 77.7603996809146
0.283995 5.85353585224534 77.4328743566682
0.284495 5.86384155455039 77.4293557026318
0.284995 5.87414725685545 77.3835451183276
0.285495 5.8844529591605 77.4591833042164
0.285995 5.89475866146555 77.4047701933503
0.286495 5.9050643637706 77.824616299427
0.286995 5.91537006607565 78.3046216146972
0.287495 5.9256757683807 77.9817009626191
0.287995 5.93598147068575 78.5696209556527
0.288495 5.9462871729908 78.1210700648451
0.288995 5.95659287529585 78.6723839292758
0.289495 5.9668985776009 78.856043264582
0.289995 5.97720427990595 78.4178965403617
0.290495 5.98750998221099 79.1334491552034
0.290995 5.99781568451604 78.531213218671
0.291495 6.0081213868211 78.7740503146684
0.291995 6.01842708912615 79.0357800531329
0.292495 6.0287327914312 79.1082101100161
0.292995 6.03903849373625 78.993382400147
0.293495 6.0493441960413 79.7025930486793
0.293995 6.05964989834635 79.5170908986136
0.294495 6.0699556006514 79.5727333879964
0.294995 6.08026130295645 79.9388139856531
0.295495 6.0905670052615 79.6055678774118
0.295995 6.10087270756655 80.3304853258908
0.296495 6.1111784098716 80.2462118567701
0.296995 6.12148411217665 80.113887925935
0.297495 6.13178981448169 80.8298579112135
0.297995 6.14209551678674 80.6357653840826
0.298495 6.15240121909179 80.5715432617895
0.298995 6.16270692139684 80.5879710525805
0.299495 6.17301262370189 81.2381634381786
0.299995 6.18331832600694 80.6830960860998
0.300495 6.193624028312 80.9953220999413
0.300995 6.20392973061705 81.3000150657967
0.301495 6.2142354329221 81.8138757770915
0.301995 6.22454113522715 81.9618436008965
0.302495 6.2348468375322 81.6140610399255
0.302995 6.24515253983725 82.450301472929
0.303495 6.2554582421423 81.6523883717506
0.303995 6.26576394444735 82.4967441494224
0.304495 6.2760696467524 82.7580759399559
0.304995 6.28637534905745 82.3165588263994
0.305495 6.2966810513625 83.2454168930364
0.305995 6.30698675366754 82.8162132659522
0.306495 6.31729245597259 83.6260596573946
0.306995 6.32759815827765 83.389778688059
0.307495 6.3379038605827 84.0587731370969
0.307995 6.34820956288775 84.2078292634485
0.308495 6.3585152651928 83.3751996917608
0.308995 6.36882096749785 84.0475462759527
0.309495 6.3791266698029 84.1412492925392
0.309995 6.38943237210795 84.362163837182
0.310495 6.399738074413 84.5508848315513
0.310995 6.41004377671805 84.9158854737758
0.311495 6.4203494790231 85.0301108808337
0.311995 6.43065518132815 85.3039638881844
0.312495 6.4409608836332 85.5384779474508
0.312995 6.45126658593824 85.7435435329949
0.313495 6.46157228824329 85.9302040274855
0.313995 6.47187799054834 86.3314704854262
0.314495 6.48218369285339 86.5030063212408
0.314995 6.49248939515844 86.6299234566246
0.315495 6.50279509746349 86.9708990354661
0.315995 6.51310079976855 86.8785452209474
0.316495 6.5234065020736 87.5480253332549
0.316995 6.53371220437865 87.7130821243755
0.317495 6.5440179066837 87.9319675173885
0.317995 6.55432360898875 88.0051686197613
0.318495 6.5646293112938 88.0602178504608
0.318995 6.57493501359885 88.3288534922509
0.319495 6.5852407159039 88.8919857443276
0.319995 6.59554641820895 88.648269370542
0.320495 6.605852120514 89.0413989377578
0.320995 6.61615782281905 89.7842956094815
0.321495 6.62646352512409 88.7656935771999
0.321995 6.63676922742914 90.2174016714109
0.322495 6.64707492973419 90.3827659524572
0.322995 6.65738063203925 90.3756450693095
0.323495 6.6676863343443 90.9408523755509
0.323995 6.67799203664935 91.1366471802873
0.324495 6.6882977389544 91.2451066066632
0.324995 6.69860344125945 91.1867395520053
0.325495 6.7089091435645 91.5668683851702
0.325995 6.71921484586955 91.9935000573918
0.326495 6.7295205481746 92.5202000574379
0.326995 6.73982625047965 92.8837095545844
0.327495 6.7501319527847 92.556011503247
0.327995 6.76043765508975 93.6272673215815
0.328495 6.7707433573948 92.7791640719579
0.328995 6.78104905969984 93.8064619211211
0.329495 6.79135476200489 93.70376697475
0.329995 6.80166046430994 93.9003208936428
0.330495 6.81196616661499 94.4178790525932
0.330995 6.82227186892004 94.1921143163582
0.331495 6.83257757122509 95.0206395039307
0.331995 6.84288327353014 95.3595606021352
0.332495 6.85318897583519 95.8857430613953
0.332995 6.86349467814025 96.1815136239068
0.333495 6.8738003804453 96.6005491638143
0.333995 6.88410608275035 96.7531265821722
0.334495 6.8944117850554 97.5736204403179
0.334995 6.90471748736045 96.7590115744902
0.335495 6.9150231896655 97.8036322786157
0.335995 6.92532889197055 97.9954294681078
0.336495 6.9356345942756 99.1285407320519
0.336995 6.94594029658064 98.2970962403835
0.337495 6.95624599888569 98.7881280873901
0.337995 6.96655170119074 99.3337697314373
0.338495 6.9768574034958 100.369064123475
0.338995 6.98716310580085 99.7893955908426
0.339495 6.9974688081059 100.725249940568
0.339995 7.00777451041095 100.708679206934
0.340495 7.018080212716 101.070449418296
0.340995 7.02838591502105 102.110487099436
0.341495 7.0386916173261 101.152202412417
0.341995 7.04899731963115 102.284243412918
0.342495 7.0593030219362 102.603940795195
0.342995 7.06960872424125 102.635181834972
0.343495 7.0799144265463 102.890097655935
0.343995 7.09022012885135 104.105857168224
0.344495 7.10052583115639 103.551975084369
0.344995 7.11083153346144 104.270266351632
0.345495 7.12113723576649 104.54192056474
0.345995 7.13144293807154 105.087032786325
0.346495 7.14174864037659 105.83428747542
0.346995 7.15205434268164 105.431819230048
0.347495 7.16236004498669 106.054686912525
0.347995 7.17266574729175 106.427995151407
0.348495 7.1829714495968 106.668129180332
0.348995 7.19327715190185 107.124655554541
0.349495 7.2035828542069 108.160014488327
0.349995 7.21388855651195 107.486222393136
0.350495 7.224194258817 108.565537708472
0.350995 7.23449996112205 107.935520462045
0.351495 7.2448056634271 109.089819609238
0.351995 7.25511136573215 109.835203065991
0.352495 7.26541706803719 109.385581184425
0.352995 7.27572277034224 110.197732080752
0.353495 7.2860284726473 110.714947660878
0.353995 7.29633417495235 110.369027207279
0.354495 7.3066398772574 111.507638206818
0.354995 7.31694557956245 112.003456490439
0.355495 7.3272512818675 112.02359454858
0.355995 7.33755698417255 112.521596414153
0.356495 7.3478626864776 112.90610818818
0.356995 7.35816838878265 112.907108381377
0.357495 7.3684740910877 113.463319216549
0.357995 7.37877979339275 113.790585416734
0.358495 7.3890854956978 114.937302363159
0.358995 7.39939119800285 114.769043051118
0.359495 7.4096969003079 114.786733346417
0.359995 7.42000260261294 116.152386749883
0.360495 7.43030830491799 116.281361284334
0.360995 7.44061400722304 115.920774925763
0.361495 7.45091970952809 116.30815237823
0.361995 7.46122541183314 117.714666151715
0.362495 7.47153111413819 119.166549867872
0.362995 7.48183681644325 117.949461746039
0.363495 7.4921425187483 118.381237132539
0.363995 7.50244822105335 119.134424491939
0.364495 7.5127539233584 119.105687386518
0.364995 7.52305962566345 120.416987203738
0.365495 7.5333653279685 120.620953168519
0.365995 7.54367103027355 120.603810134787
0.366495 7.5539767325786 120.918408464723
0.366995 7.56428243488365 121.906894149428
0.367495 7.5745881371887 123.198992452475
0.367995 7.58489383949374 122.550734522288
0.368495 7.59519954179879 123.154287323413
0.368995 7.60550524410385 123.732232289243
0.369495 7.6158109464089 124.089514087525
0.369995 7.62611664871395 124.934756691061
0.370495 7.636422351019 125.772466871433
0.370995 7.64672805332405 126.080741046912
0.371495 7.6570337556291 126.068894742065
0.371995 7.66733945793415 126.168657517077
0.372495 7.6776451602392 127.403707904396
0.372995 7.68795086254425 127.471476266983
0.373495 7.6982565648493 128.063805075937
0.373995 7.70856226715435 128.588393020993
0.374495 7.7188679694594 129.563657982869
0.374995 7.72917367176445 129.516049032327
0.375495 7.73947937406949 129.850536566801
0.375995 7.74978507637455 130.845552386191
0.376495 7.76009077867959 131.345828209907
0.376995 7.77039648098464 132.226860085972
0.377495 7.78070218328969 132.427241849352
0.377995 7.79100788559474 133.606654747848
0.378495 7.8013135878998 134.114893807151
0.378995 7.81161929020485 134.295663456463
0.379495 7.8219249925099 134.348067078041
0.379995 7.83223069481495 134.891340014351
0.380495 7.84253639712 135.099201739414
0.380995 7.85284209942505 135.970762928931
0.381495 7.8631478017301 137.138260994079
0.381995 7.87345350403515 137.165139155486
0.382495 7.8837592063402 137.568468612434
0.382995 7.89406490864525 138.013537198406
0.383495 7.90437061095029 138.94453774064
0.383995 7.91467631325534 139.700885670209
0.384495 7.92498201556039 139.785878266593
0.384995 7.93528771786544 137.955904655287
0.385495 7.9455934201705 127.064441806113
0.385995 7.95589912247555 105.821147973904
0.386495 7.9662048247806 89.0712667962021
0.386995 7.97651052708565 73.2874522971921
0.387495 7.9868162293907 61.6677431849987
0.387995 7.99712193169575 52.7226236562845
0.388495 8.0074276340008 46.5790212266932
0.388995 8.01773333630585 42.9702412012709
0.389495 8.0280390386109 39.7043484954879
0.389995 8.03834474091595 36.5448718833717
0.390495 8.048650443221 33.6116448342289
0.390995 8.05895614552604 30.9344427092701
0.391495 8.0692618478311 28.5452167414242
0.391995 8.07956755013614 26.2700945772029
0.392495 8.08987325244119 23.3649885358932
0.392995 8.10017895474624 19.9473543574539
0.393495 8.11048465705129 16.0931660519771
0.393995 8.12079035935634 11.823113533917
0.394495 8.13109606166139 7.15387085883227
0.394995 8.14140176396644 2.17694222806048
0.395495 8.1517074662715 -1.87782973636227
0.395995 8.16201316857655 -5.678923268822
0.396495 8.1723188708816 -10.4912727091268
0.396995 8.18262457318665 -15.7818933000562
0.397495 8.1929302754917 -20.9710133491919
0.397995 8.20323597779675 -24.9651037558387
0.398495 8.21354168010179 -25.4276700667059
0.398995 8.22384738240684 -19.2031029908785
0.399495 8.2341530847119 -11.2771463778158
0.399995 8.24445878701694 -5.62537749849163
0.400495 8.25476448932199 -1.66199981529671
0.400995 8.26507019162705 1.53285987502217
0.401495 8.2753758939321 4.52844635284809
0.401995 8.28568159623715 7.86323041084382
0.402495 8.2959872985422 11.0868289433484
0.402995 8.30629300084725 13.5071022608417
0.403495 8.3165987031523 15.0000149226079
0.403995 8.32690440545735 14.6965575453085
0.404495 8.3372101077624 12.75344318078
0.404995 8.34751581006745 11.1039693015027
0.405495 8.3578215123725 9.5218885285607
0.405995 8.36812721467755 7.15794766382234
0.406495 8.37843291698259 4.4967827799363
0.406995 8.38873861928765 1.66916347459914
0.407495 8.39904432159269 -1.48052493364921
0.407995 8.40935002389774 -5.19871421630535
0.408495 8.41965572620279 -8.53885474164598
0.408995 8.42996142850784 -10.5176821193263
0.409495 8.44026713081289 -11.5211927424682
0.409995 8.45057283311794 -10.6927119410181
0.410495 8.460878535423 -7.9442739267911
0.410995 8.47118423772805 -4.39352646324403
0.411495 8.4814899400331 -1.58612118577243
0.411995 8.49179564233815 -0.238213663456965
0.412495 8.5021013446432 0.158102475249831
0.412995 8.51240704694825 0.0415953076378154
0.413495 8.5227127492533 -0.437586394369561
0.413995 8.53301845155834 -0.771417182843599
0.414495 8.5433241538634 0.00756118938584524
0.414995 8.55362985616845 0.959719335804452
0.415495 8.56393555847349 2.56022659092142
0.415995 8.57424126077855 3.49519098357479
0.416495 8.5845469630836 3.85843501990369
0.416995 8.59485266538865 3.80745066337663
0.417495 8.6051583676937 3.28356232813377
0.417995 8.61546406999875 2.85822043934118
0.418495 8.6257697723038 2.51540695840206
0.418995 8.63607547460885 1.6245820393947
0.419495 8.6463811769139 0.449949911369245
0.419995 8.65668687921895 -0.550158426766704
0.420495 8.666992581524 -1.8780936126468
0.420995 8.67729828382905 -2.76472039067806
0.421495 8.6876039861341 -2.8966193178561
0.421995 8.69790968843914 -3.09279464835277
0.422495 8.7082153907442 -2.70597949586728
0.422995 8.71852109304924 -2.13911874866566
0.423495 8.72882679535429 -2.04489885860602
0.423995 8.73913249765934 -1.06644871870937
0.424495 8.74943819996439 -0.384283425516009
0.424995 8.75974390226944 -0.207000342624181
0.425495 8.7700496045745 0.204043833592335
0.425995 8.78035530687955 0.752190338009929
0.426495 8.7906610091846 1.25751297255906
0.426995 8.80096671148965 1.44874133083707
0.427495 8.8112724137947 1.81437453001909
0.427995 8.82157811609975 2.35151597107052
0.428495 8.8318838184048 2.40789382459842
0.428995 8.84218952070985 2.5007324970707
0.429495 8.85249522301489 1.47823582079263
0.429995 8.86280092531995 0.808201808004067
0.430495 8.873106627625 0.0554670347096823
0.430995 8.88341232993004 -1.02552931981727
0.431495 8.8937180322351 -1.63776001570501
0.431995 8.90402373454015 -1.84486356885625
0.432495 8.9143294368452 -1.97499013502726
0.432995 8.92463513915025 -2.09434732992635
0.433495 8.9349408414553 -2.05030724492672
0.433995 8.94524654376035 -1.38155358885289
0.434495 8.9555522460654 -0.844556796522102
0.434995 8.96585794837045 -0.48922329410712
0.435495 8.9761636506755 -0.0388281075406238
0.435995 8.98646935298055 0.775758005080745
0.436495 8.9967750552856 1.09146362173497
0.436995 9.00708075759065 1.28580970816025
0.437495 9.01738645989569 1.26580444179147
0.437995 9.02769216220075 1.88069861014517
0.438495 9.03799786450579 1.96827618314334
0.438995 9.04830356681084 1.7421462819759
0.439495 9.05860926911589 1.05347272829488
0.439995 9.06891497142094 0.696361752889687
0.440495 9.07922067372599 -0.208610593278954
0.440995 9.08952637603105 -0.473449075071192
0.441495 9.0998320783361 -1.14474082692603
0.441995 9.11013778064115 -1.14381542612603
0.442495 9.1204434829462 -1.06395261070009
0.442995 9.13074918525125 -1.36835177600258
0.443495 9.1410548875563 -1.28904972722927
0.443995 9.15136058986135 -1.11290241060265
0.444495 9.1616662921664 -0.69817338589415
0.444995 9.17197199447144 -0.243202740484162
0.445495 9.1822776967765 0.3660252522813
0.445995 9.19258339908155 0.371431062015591
0.446495 9.20288910138659 0.524044817515286
0.446995 9.21319480369164 0.387248916263715
0.447495 9.22350050599669 0.548347102478542
0.447995 9.23380620830175 0.71299975169982
0.448495 9.2441119106068 0.959149862162237
0.448995 9.25441761291185 1.15339720450667
0.449495 9.2647233152169 0.64153680203865
0.449995 9.27502901752195 0.156159417964388
0.450495 9.285334719827 -0.159567202496076
0.450995 9.29564042213205 -0.47656157919497
0.451495 9.3059461244371 -0.491487495935742
0.451995 9.31625182674215 -0.420661369347996
0.452495 9.3265575290472 -0.646476407168228
0.452995 9.33686323135225 -0.477818721971179
0.453495 9.3471689336573 -0.835630693677835
0.453995 9.35747463596234 -0.889974302294095
0.454495 9.36778033826739 -0.456370405458122
0.454995 9.37808604057244 -0.22513423165815
0.455495 9.38839174287749 0.114545217049587
0.455995 9.39869744518254 0.30072331389529
0.456495 9.40900314748759 0.362072575209644
0.456995 9.41930884979264 0.253255639977682
0.457495 9.42961455209769 0.651160037388564
0.457995 9.43992025440275 0.588442152825913
0.458495 9.4502259567078 0.995467553506485
0.458995 9.46053165901285 1.07978965182333
0.459495 9.4708373613179 0.746134324480158
0.459995 9.48114306362295 0.476619071314097
0.460495 9.49144876592799 -0.369065848262703
0.460995 9.50175446823305 -0.494121993153311
0.461495 9.5120601705381 -0.658206555167168
0.461995 9.52236587284314 -0.888254059312125
0.462495 9.53267157514819 -0.700150849758841
0.462995 9.54297727745324 -0.829638006317566
0.463495 9.5532829797583 -0.780244325196614
0.463995 9.56358868206335 -0.792473004876244
0.464495 9.5738943843684 -0.717172160321359
0.464995 9.58420008667345 -0.0526788145382579
0.465495 9.5945057889785 0.315591678223156
0.465995 9.60481149128355 0.387839981964597
0.466495 9.6151171935886 0.854040599370607
0.466995 9.62542289589365 0.750786050936857
0.467495 9.6357285981987 0.711230548468638
0.467995 9.64603430050375 0.761791767134733
0.468495 9.6563400028088 0.715297202316581
0.468995 9.66664570511385 0.824909791669106
0.469495 9.67695140741889 0.466771766888053
0.469995 9.68725710972394 0.305672913371836
0.470495 9.69756281202899 -0.173734375487162
0.470995 9.70786851433404 -0.427864801013796
0.471495 9.71817421663909 -0.927689139377783
0.471995 9.72847991894414 -0.612735715359603
0.472495 9.73878562124919 -0.551004056613732
0.472995 9.74909132355425 -0.64565066430242
0.473495 9.7593970258593 -0.480647399297357
0.473995 9.76970272816435 -0.420589417960738
0.474495 9.7800084304694 -0.269555882317352
0.474995 9.79031413277445 -0.0845730274213666
0.475495 9.8006198350795 -0.131237043782086
0.475995 9.81092553738454 0.218602421531377
0.476495 9.8212312396896 0.542626430449157
0.476995 9.83153694199465 0.42811664862312
0.477495 9.84184264429969 0.244267330075874
0.477995 9.85214834660474 0.125352402909611
0.478495 9.8624540489098 0.265430991397081
0.478995 9.87275975121485 0.418693921257206
0.479495 9.8830654535199 0.408660434810233
0.479995 9.89337115582495 0.29710734047977
0.480495 9.90367685813 0.467680693983653
0.480995 9.91398256043505 0.0405895902250954
0.481495 9.9242882627401 -0.379351486056562
0.481995 9.93459396504515 -0.278256509496594
0.482495 9.9448996673502 -0.216036367291926
0.482995 9.95520536965525 -0.163372705282389
0.483495 9.9655110719603 -0.233724650026253
0.483995 9.97581677426535 -0.296050025866417
0.484495 9.9861224765704 -0.312945803539376
0.484995 9.99642817887544 -0.276163180254526
0.485495 10.0067338811805 -0.310978153277961
0.485995 10.0170395834855 0.0711535839624475
0.486495 10.0273452857906 0.307054688706863
0.486995 10.0376509880956 0.311843979154191
0.487495 10.0479566904007 0.207597357846753
0.487995 10.0582623927057 0.113776024421123
0.488495 10.0685680950108 0.153107761787562
0.488995 10.0788737973158 0.346454533484192
0.489495 10.0891794996209 0.301179861031042
0.489995 10.0994852019259 0.400653781159769
0.490495 10.109790904231 0.0314237553891555
0.490995 10.120096606536 -0.189348939245824
0.491495 10.1304023088411 -0.423122298788058
0.491995 10.1407080111461 -0.384913078866876
0.492495 10.1510137134512 -0.15775952808308
0.492995 10.1613194157562 -0.176693684107424
0.493495 10.1716251180613 -0.196932534563151
0.493995 10.1819308203664 -0.305435317385902
0.494495 10.1922365226714 -0.14633952015712
0.494995 10.2025422249764 -0.00696272582795529
0.495495 10.2128479272815 0.223840481676842
0.495995 10.2231536295865 0.29029020818467
0.496495 10.2334593318916 0.315815769464836
0.496995 10.2437650341966 0.312006356778089
0.497495 10.2540707365017 0.238850459231624
0.497995 10.2643764388067 0.0767632060734086
0.498495 10.2746821411118 0.26278658287113
0.498995 10.2849878434168 0.306756846464687
0.499495 10.2952935457219 -0.11592536226847
0.499995 10.3055992480269 -0.0130707096710878
