# Fix print output for fix Step
0 0 0.640465434777671
0.000495000000000087 0.0265268775915047 0.885833427943127
0.000994999999999952 0.0533217034414974 1.06905115751186
0.00149500000000003 0.0801165292915016 1.55490022641736
0.00199500000000011 0.106911355141506 1.66579679818853
0.00249499999999997 0.133706180991499 1.73230805097801
0.00299500000000005 0.160501006841503 2.31221997270977
0.00349500000000013 0.187295832691507 2.35000359692394
0.00399499999999999 0.2140906585415 2.39661560693087
0.00449500000000007 0.240885484391504 3.05134978132002
0.00499500000000015 0.267680310241508 3.07458855659299
0.00549500000000001 0.294475136091501 3.14803402690883
0.00599500000000009 0.321269961941505 3.71212611534287
0.00649500000000017 0.348064787791509 3.72093586461065
0.00699500000000003 0.374859613641502 3.93397665618193
0.00749500000000011 0.401654439491506 4.42238102257039
0.00799500000000019 0.42844926534151 4.38862108533526
0.00849500000000005 0.455244091191503 4.61022707046025
0.00899499999999992 0.482038917041496 5.09419927069621
0.00949500000000021 0.508833742891511 5.1231638111283
0.00999500000000007 0.535628568741504 5.31029115330617
0.0104949999999999 0.562423394591497 5.76979666844094
0.010995 0.589218220441501 5.77350155852597
0.0114950000000001 0.616013046291505 6.00127268747991
0.011995 0.642807872141498 6.42632562870852
0.012495 0.669602697991502 6.55089134397537
0.0129950000000001 0.696397523841506 6.62067385200763
0.013495 0.723192349691499 7.0629488962765
0.0139950000000001 0.749987175541503 7.26435807916662
0.0144950000000001 0.776782001391507 7.42493891391218
0.014995 0.8035768272415 7.64822210241297
0.0154950000000001 0.830371653091504 7.83768023542075
0.0159950000000002 0.857166478941508 8.14547038473604
0.016495 0.883961304791501 8.366404578953
0.0169950000000001 0.910756130641505 8.51292149834263
0.0174950000000002 0.937550956491509 8.71523148036152
0.017995 0.964345782341502 9.02342033666516
0.0184949999999999 0.991140608191495 9.19135920113191
0.0189950000000002 1.01793543404151 9.41258909806939
0.0194950000000001 1.0447302598915 9.61839662753627
0.0199949999999999 1.0715250857415 9.77694121370049
0.0204950000000002 1.09831991159151 10.0949468466231
0.0209950000000001 1.1251147374415 10.3405362780972
0.0214949999999999 1.1519095632915 10.3921435364719
0.021995 1.1787043891415 10.5911278539493
0.0224950000000001 1.20549921499151 10.8979550694317
0.022995 1.2322940408415 11.1033506862893
0.023495 1.2590888666915 11.3750248619779
0.0239950000000001 1.28588369254151 11.5928440013436
0.024495 1.3126785183915 11.5951247104629
0.0249950000000001 1.3394733442415 11.850304512117
0.0254950000000001 1.36626817009151 12.2071134596519
0.025995 1.3930629959415 12.3383393161406
0.0264950000000001 1.4198578217915 12.5349501635954
0.0269950000000002 1.44665264764151 12.7784646427238
0.027495 1.4734474734915 12.8685118173227
0.0279950000000001 1.50024229934151 13.1098711508528
0.0284950000000002 1.52703712519151 13.4701704613731
0.028995 1.5538319510415 13.5682906491056
0.0294949999999999 1.5806267768915 13.7677381894657
0.0299950000000002 1.60742160274151 14.0204306451792
0.0304950000000001 1.6342164285915 14.1591163111988
0.0309949999999999 1.6610112544415 14.3446349586899
0.0314950000000002 1.68780608029151 14.645404253095
0.0319950000000001 1.7146009061415 14.7897196592286
0.0324949999999999 1.7413957319915 14.9182739516386
0.032995 1.7681905578415 15.1130141062616
0.0334950000000001 1.79498538369151 15.318869742434
0.033995 1.8217802095415 15.5189811439242
0.034495 1.8485750353915 15.7800159977182
0.0349950000000001 1.87536986124151 16.0042611494886
0.035495 1.9021646870915 16.1648626671897
0.0359950000000001 1.9289595129415 16.3404172971104
0.0364950000000001 1.95575433879151 16.5211319559103
0.036995 1.9825491646415 16.6577239572985
0.0374950000000001 2.0093439904915 16.8115940519183
0.0379950000000002 2.03613881634151 16.9872899836998
0.038495 2.0629336421915 17.2096030999206
0.0389950000000001 2.08972846804151 17.4476274175519
0.0394950000000002 2.11652329389151 17.7127787799961
0.039995 2.1433181197415 17.9290574759014
0.0404949999999999 2.1701129455915 18.0758353788018
0.0409950000000002 2.19690777144151 18.2713083975476
0.0414950000000001 2.2237025972915 18.440882660447
0.0419949999999999 2.2504974231415 18.627154630639
0.042495 2.2772922489915 18.7874909558845
0.0429950000000001 2.3040870748415 18.9401588317076
0.043495 2.3308819006915 19.1436581863274
0.043995 2.3576767265415 19.3325870385884
0.0444950000000001 2.38447155239151 19.5205586186674
0.044995 2.4112663782415 19.6621099735901
0.045495 2.4380612040915 19.8745044626867
0.0459950000000001 2.46485602994151 20.0819754849628
0.046495 2.4916508557915 20.2748456339785
0.0469950000000001 2.5184456816415 20.4532044718316
0.0474950000000001 2.54524050749151 20.6929303032259
0.047995 2.5720353333415 20.8096811206163
0.0484950000000001 2.5988301591915 21.0475673944804
0.0489950000000002 2.62562498504151 21.2678287239543
0.049495 2.6524198108915 21.3826602172198
0.0499950000000001 2.67921463674151 21.557370710987
0.0504950000000002 2.70600946259151 21.757515285906
0.050995 2.7328042884415 21.8467682523701
0.0514949999999999 2.7595991142915 22.0137924272759
0.0519950000000002 2.78639394014151 22.2429762732911
0.0524950000000001 2.8131887659915 22.3586809756885
0.0529949999999999 2.8399835918415 22.565572560494
0.0534950000000002 2.86677841769151 22.7976067661592
0.0539950000000001 2.8935732435415 22.8987861322929
0.054495 2.9203680693915 23.0875855646217
0.054995 2.9471628952415 23.3211077753064
0.0554950000000001 2.97395772109151 23.4332882514369
0.055995 3.0007525469415 23.620636844255
0.0564950000000001 3.0275473727915 23.8570963634932
0.0569950000000001 3.05434219864151 23.996303426931
0.057495 3.0811370244915 24.1370343917991
0.0579950000000001 3.1079318503415 24.398271082206
0.0584950000000001 3.13472667619151 24.5562303596634
0.058995 3.1615215020415 24.6927238510586
0.0594950000000001 3.1883163278915 24.9259366371788
0.0599950000000002 3.21511115374151 25.0771606705214
0.060495 3.2419059795915 25.1985123721934
0.0609950000000001 3.26870080544151 25.4794928589807
0.0614950000000002 3.29549563129151 25.5996991462826
0.0619950000000001 3.3222904571415 25.7632283038397
0.0624949999999999 3.3490852829915 25.9713696566682
0.0629950000000002 3.37588010884151 26.1210906828398
0.0634950000000001 3.4026749346915 26.257934853615
0.0639949999999999 3.4294697605415 26.5105662723007
0.064495 3.4562645863915 26.6382405152349
0.0649950000000001 3.4830594122415 26.7620187245858
0.065495 3.5098542380915 26.9536008659439
0.065995 3.5366490639415 27.0936573698042
0.0664950000000001 3.56344388979151 27.242871771836
0.066995 3.5902387156415 27.4474499673351
0.0674950000000001 3.6170335414915 27.5611150864571
0.0679950000000001 3.64382836734151 27.6678291609087
0.068495 3.6706231931915 27.9074448573898
0.0689950000000001 3.6974180190415 28.021134012851
0.0694950000000002 3.72421284489151 28.1490210947352
0.069995 3.7510076707415 28.3915869809562
0.0704950000000001 3.77780249659151 28.557960094702
0.0709950000000002 3.80459732244151 28.6864130458703
0.071495 3.8313921482915 28.9109348525206
0.0719950000000001 3.85818697414151 29.0790346902047
0.0724950000000002 3.88498179999151 29.2119066862911
0.0729950000000001 3.9117766258415 29.4195423345477
0.0734949999999999 3.9385714516915 29.5741683877569
0.0739950000000002 3.96536627754151 29.6816739115155
0.0744950000000001 3.9921611033915 29.8536526154719
0.0749949999999999 4.0189559292415 30.0086243122799
0.0754950000000002 4.04575075509151 30.1218735767567
0.0759950000000001 4.07254558094151 30.3197588285572
0.076495 4.0993404067915 30.4591630734641
0.076995 4.1261352326415 30.5603125714861
0.0774950000000001 4.15293005849151 30.7523507152567
0.077995 4.1797248843415 30.903939282672
0.0784950000000001 4.2065197101915 31.0244212969693
0.0789950000000001 4.23331453604151 31.1934034931561
0.079495 4.2601093618915 31.3536106086472
0.0799950000000001 4.2869041877415 31.4953665361113
0.0804950000000001 4.31369901359151 31.6735132380593
0.080995 4.3404938394415 31.8701953025759
0.0814950000000001 4.36728866529151 31.9862601437204
0.0819950000000002 4.39408349114151 32.1368247683906
0.082495 4.4208783169915 32.2905868218635
0.0829949999999999 4.4476731428415 32.3790764055374
0.0834950000000002 4.47446796869151 32.5215636243059
0.0839950000000001 4.5012627945415 32.7371135514244
0.0844949999999999 4.5280576203915 32.8668647746362
0.0849950000000002 4.55485244624151 32.9777561017238
0.0854950000000001 4.5816472720915 33.1813616516786
0.0859949999999999 4.6084420979415 33.3526662698402
0.086495 4.6352369237915 33.4449087744037
0.0869950000000001 4.66203174964151 33.6280575686915
0.087495 4.6888265754915 33.7579725637573
0.087995 4.7156214013415 33.8733642540254
0.0884950000000001 4.74241622719151 34.0362147760713
0.088995 4.7692110530415 34.1758085796589
0.0894950000000001 4.7960058788915 34.2891703665441
0.0899950000000001 4.82280070474151 34.4743449186306
0.090495 4.8495955305915 34.6390107280976
0.0909950000000001 4.8763903564415 34.7377565388966
0.0914950000000002 4.90318518229151 34.91505670394
0.091995 4.9299800081415 35.0363451371519
0.0924950000000001 4.95677483399151 35.146951450787
0.0929950000000002 4.98356965984151 35.2942359709975
0.0934950000000001 5.0103644856915 35.4647596487609
0.0939949999999999 5.0371593115415 35.5400275583794
0.0944950000000002 5.06395413739151 35.6943203364269
0.0949950000000001 5.0907489632415 35.8842836513243
0.0954949999999999 5.1175437890915 35.9803272657348
0.0959950000000002 5.14433861494151 36.1520054534643
0.0964950000000001 5.1711334407915 36.2807077560293
0.0969949999999999 5.1979282666415 36.3832977413816
0.097495 5.2247230924915 36.5037170230575
0.0979950000000001 5.25151791834151 36.6868141596968
0.098495 5.2783127441915 36.842355406275
0.098995 5.3051075700415 36.955116677306
0.0994950000000001 5.33190239589151 37.0670033387203
0.099995 5.3586972217415 37.1658117947819
0.100495 5.3854920475915 37.3142506969567
0.100995 5.41228687344151 37.488974401224
0.101495 5.4390816992915 37.6092953380299
0.101995 5.46587652514151 37.7075641855809
0.102495 5.49267135099151 37.8394988947137
0.102995 5.5194661768415 37.9827073094064
0.103495 5.54626100269151 38.1046967387619
0.103995 5.57305582854151 38.2682102851493
0.104495 5.5998506543915 38.3518132537545
0.104995 5.6266454802415 38.4654449377176
0.105495 5.65344030609151 38.6206819014843
0.105995 5.6802351319415 38.791194563846
0.106495 5.7070299577915 38.8588012318099
0.106995 5.73382478364151 38.9856414161095
0.107495 5.7606196094915 39.1112896993002
0.107995 5.7874144353415 39.2568549088883
0.108495 5.8142092611915 39.3810873328894
0.108995 5.84100408704151 39.517010033921
0.109495 5.8677989128915 39.6034314147071
0.109995 5.8945937387415 39.73528344582
0.110495 5.92138856459151 39.8889018287564
0.110995 5.9481833904415 39.982272207449
0.111495 5.9749782162915 40.0814623599855
0.111995 6.00177304214151 40.2068932211089
0.112495 6.0285678679915 40.3604825621017
0.112995 6.0553626938415 40.4552568368887
0.113495 6.08215751969151 40.5502532688006
0.113995 6.1089523455415 40.7065824373038
0.114495 6.13574717139151 40.8300731971203
0.114995 6.16254199724151 40.9333362064865
0.115495 6.1893368230915 41.0528387008884
0.115995 6.2161316489415 41.1755023722654
0.116495 6.24292647479151 41.2993829611953
0.116995 6.2697213006415 41.3960201797337
0.117495 6.2965161264915 41.5220582442147
0.117995 6.32331095234151 41.6210377014277
0.118495 6.35010577819151 41.755242030588
0.118995 6.3769006040415 41.8733969729845
0.119495 6.40369542989151 41.9707925327722
0.119995 6.43049025574151 42.051633572493
0.120495 6.4572850815915 42.1840378911198
0.120995 6.4840799074415 42.3238358387187
0.121495 6.51087473329151 42.4072649658108
0.121995 6.5376695591415 42.5087291478056
0.122495 6.5644643849915 42.6260636305818
0.122995 6.59125921084151 42.733197200087
0.123495 6.6180540366915 42.8279528994704
0.123995 6.64484886254151 42.9620987618291
0.124495 6.67164368839151 43.0893968826553
0.124995 6.6984385142415 43.1675613619594
0.125495 6.72523334009151 43.2755104754579
0.125995 6.75202816594151 43.3993492151477
0.126495 6.7788229917915 43.4678623109379
0.126995 6.8056178176415 43.565135477589
0.127495 6.83241264349151 43.7196283140555
0.127995 6.8592074693415 43.8505598687262
0.128495 6.8860022951915 43.8937881347345
0.128995 6.91279712104151 44.0239767661902
0.129495 6.93959194689151 44.1414261580436
0.129995 6.9663867727415 44.1760102590181
0.130495 6.9931815985915 44.3390160798241
0.130995 7.01997642444151 44.461316777388
0.131495 7.0467712502915 44.5230626444146
0.131995 7.0735660761415 44.6040733219566
0.132495 7.10036090199151 44.7566455411807
0.132995 7.1271557278415 44.8066098029915
0.133495 7.1539505536915 44.9052930842506
0.133995 7.18074537954151 45.0397469898751
0.134495 7.2075402053915 45.1170301268321
0.134995 7.23433503124151 45.2313016638306
0.135495 7.26112985709151 45.3456558818761
0.135995 7.2879246829415 45.3942933553874
0.136495 7.31471950879151 45.526382313278
0.136995 7.34151433464151 45.6089108602451
0.137495 7.3683091604915 45.7077946475641
0.137995 7.3951039863415 45.8208235483579
0.138495 7.42189881219151 45.8784043332132
0.138995 7.4486936380415 45.9918248351753
0.139495 7.4754884638915 46.0876887156896
0.139995 7.50228328974151 46.1858443558473
0.140495 7.52907811559151 46.3127394058639
0.140995 7.5558729414415 46.3383783650494
0.141495 7.58266776729151 46.4510243682691
0.141995 7.60946259314151 46.5583065886879
0.142495 7.6362574189915 46.6183585585419
0.142995 7.6630522448415 46.7656102694783
0.143495 7.68984707069151 46.8129770674036
0.143995 7.7166418965415 46.907005823287
0.144495 7.7434367223915 47.011639859801
0.144995 7.77023154824151 47.0984419310399
0.145495 7.7970263740915 47.1705459008769
0.145995 7.82382119994151 47.2524429099428
0.146495 7.85061602579151 47.3664669597679
0.146995 7.8774108516415 47.4663554479668
0.147495 7.9042056774915 47.4764434328072
0.147995 7.93100050334151 47.6254886544213
0.148495 7.9577953291915 47.6933653612545
0.148995 7.9845901550415 47.7795490134568
0.149495 8.01138498089151 47.8853938849751
0.149995 8.03817980674151 47.9599973229792
0.150495 8.0649746325915 48.0423947479982
0.150995 8.09176945844151 48.1388023148842
0.151495 8.11856428429151 48.2121299636914
0.151995 8.1453591101415 48.3215797839764
0.152495 8.1721539359915 48.368950033171
0.152995 8.19894876184151 48.4982580705813
0.153495 8.2257435876915 48.5463095978014
0.153995 8.2525384135415 48.649585628142
0.154495 8.27933323939151 48.6821618852086
0.154995 8.3061280652415 48.7803612581816
0.155495 8.3329228910915 48.8712231429264
0.155995 8.35971771694151 48.9439247101489
0.156495 8.3865125427915 49.0388365675941
0.156995 8.41330736864151 49.1062815742889
0.157495 8.44010219449151 49.1647668296185
0.157995 8.4668970203415 49.2378464525947
0.158495 8.4936918461915 49.3459321875921
0.158995 8.52048667204151 49.4043564200101
0.159495 8.5472814978915 49.4910823933524
0.159995 8.5740763237415 49.5328749106452
0.160495 8.60087114959151 49.6404727957328
0.160995 8.62766597544151 49.7080711603363
0.161495 8.6544608012915 49.8064947824804
0.161995 8.6812556271415 49.866980981194
0.162495 8.70805045299151 49.9272702498322
0.162995 8.7348452788415 50.0227026827113
0.163495 8.7616401046915 50.0974728925644
0.163995 8.78843493054151 50.1701729658134
0.164495 8.8152297563915 50.2310429537313
0.164995 8.8420245822415 50.3004586144841
0.165495 8.86881940809151 50.3561407348278
0.165995 8.8956142339415 50.4346588827963
0.166495 8.92240905979151 50.5318572656865
0.166995 8.94920388564151 50.612020821124
0.167495 8.9759987114915 50.648942214488
0.167995 9.00279353734151 50.772113073422
0.168495 9.02958836319151 50.7604814078807
0.168995 9.0563831890415 50.8879816536005
0.169495 9.0831780148915 50.8947309475444
0.169995 9.10997284074151 51.0111663527303
0.170495 9.1367676665915 51.0615043931486
0.170995 9.1635624924415 51.1480607648781
0.171495 9.19035731829151 51.218903746278
0.171995 9.2171521441415 51.2816857496668
0.172495 9.2439469699915 51.3349290998894
0.172995 9.27074179584151 51.4178971221934
0.173495 9.29753662169151 51.4729048823681
0.173995 9.3243314475415 51.5261565581121
0.174495 9.3511262733915 51.6235555211531
0.174995 9.37792109924151 51.6613442277297
0.175495 9.4047159250915 51.7538293914637
0.175995 9.4315107509415 51.7853355595558
0.176495 9.45830557679151 51.8857681764706
0.176995 9.4851004026415 51.909317285754
0.177495 9.51189522849151 51.9881625483938
0.177995 9.53869005434151 52.0190306906584
0.178495 9.5654848801915 52.1046566750712
0.178995 9.5922797060415 52.1830996852693
0.179495 9.61907453189151 52.2405824745248
0.179995 9.6458693577415 52.2974240524887
0.180495 9.6726641835915 52.3627379548896
0.180995 9.69945900944151 52.424382152579
0.181495 9.72625383529151 52.4820270210308
0.181995 9.7530486611415 52.5691688135109
0.182495 9.77984348699151 52.6276763573581
0.182995 9.80663831284151 52.6535160153476
0.183495 9.8334331386915 52.7401768171947
0.183995 9.8602279645415 52.7739709869611
0.184495 9.88702279039151 52.836416452489
0.184995 9.9138176162415 52.9120212617159
0.185495 9.9406124420915 52.9436649793774
0.185995 9.96740726794151 53.0241122361596
0.186495 9.9942020937915 53.070774493024
0.186995 10.0209969196415 53.1153956644271
0.187495 10.0477917454915 53.2107138815702
0.187995 10.0745865713415 53.2311407531283
0.188495 10.1013813971915 53.3002152536916
0.188995 10.1281762230415 53.3388310004102
0.189495 10.1549710488915 53.4079165003268
0.189995 10.1817658747415 53.5062745812355
0.190495 10.2085607005915 53.5135139636159
0.190995 10.2353555264415 53.5690661948278
0.191495 10.2621503522915 53.6245555824199
0.191995 10.2889451781415 53.6605670247918
0.192495 10.3157400039915 53.7774449378749
0.192995 10.3425348298415 53.8125822801828
0.193495 10.3693296556915 53.8431286409587
0.193995 10.3961244815415 53.9474210431607
0.194495 10.4229193073915 53.9646729893608
0.194995 10.4497141332415 54.0450514905515
0.195495 10.4765089590915 54.0804206652793
0.195995 10.5033037849415 54.1127883471978
0.196495 10.5300986107915 54.2136110005872
0.196995 10.5568934366415 54.2308198457708
0.197495 10.5836882624915 54.248891613461
0.197995 10.6104830883415 54.3532951900705
0.198495 10.6372779141915 54.3614423269538
0.198995 10.6640727400415 54.400803015303
0.199495 10.6908675658915 54.5214052226366
0.199995 10.7176623917415 54.552184654503
0.200495 10.7444572175915 54.580589712989
0.200995 10.7712520434415 54.6535236954729
0.201495 10.7980468692915 54.6918909125842
0.201995 10.8248416951415 54.7346936070074
0.202495 10.8516365209915 54.7868796998765
0.202995 10.8784313468415 54.8389622486691
0.203495 10.9052261726915 54.8935773850587
0.203995 10.9320209985415 54.9462216226165
0.204495 10.9588158243915 54.9977857907277
0.204995 10.9856106502415 55.0302800063287
0.205495 11.0124054760915 55.0735255907521
0.205995 11.0392003019415 55.156518773408
0.206495 11.0659951277915 55.2044557152505
0.206995 11.0927899536415 55.2415850889974
0.207495 11.1195847794915 55.3131497598646
0.207995 11.1463796053415 55.3176159031797
0.208495 11.1731744311915 55.3891177784923
0.208995 11.1999692570415 55.4307100516348
0.209495 11.2267640828915 55.506562969704
0.209995 11.2535589087415 55.5206584454555
0.210495 11.2803537345915 55.6182658183455
0.210995 11.3071485604415 55.6425147076291
0.211495 11.3339433862915 55.6815051783219
0.211995 11.3607382121415 55.7333012120978
0.212495 11.3875330379915 55.7825283495376
0.212995 11.4143278638415 55.8617278776636
0.213495 11.4411226896915 55.9028991032282
0.213995 11.4679175155415 55.9119629160819
0.214495 11.4947123413915 55.9986310752405
0.214995 11.5215071672415 56.0292281969068
0.215495 11.5483019930915 56.0894232239918
0.215995 11.5750968189415 56.1045953139012
0.216495 11.6018916447915 56.1591271764744
0.216995 11.6286864706415 56.2121228424341
0.217495 11.6554812964915 56.2307009446432
0.217995 11.6822761223415 56.2988477116324
0.218495 11.7090709481915 56.3935360883828
0.218995 11.7358657740415 56.3732089000013
0.219495 11.7626605998915 56.4498449049987
0.219995 11.7894554257415 56.4991548011533
0.220495 11.8162502515915 56.5407021019866
0.220995 11.8430450774415 56.5925260571687
0.221495 11.8698399032915 56.6378225361376
0.221995 11.8966347291415 56.6839261603722
0.222495 11.9234295549915 56.7393728192366
0.222995 11.9502243808415 56.7620342928821
0.223495 11.9770192066915 56.8071126723608
0.223995 12.0038140325415 56.9197826172139
0.224495 12.0306088583915 56.8703293138088
0.224995 12.0574036842415 56.9359989103934
0.225495 12.0841985100915 57.0127050733823
0.225995 12.1109933359415 57.1011865777735
0.226495 12.1377881617915 57.0985102385483
0.226995 12.1645829876415 57.1370493069817
0.227495 12.1913778134915 57.2460340080165
0.227995 12.2181726393415 57.3457099504227
0.228495 12.2449674651915 57.3255561652196
0.228995 12.2717622910415 57.3354287353883
0.229495 12.2985571168915 57.4080158876982
0.229995 12.3253519427415 57.4143624245967
0.230495 12.3521467685915 57.5074160777466
0.230995 12.3789415944415 57.5132054548408
0.231495 12.4057364202915 57.5487935738146
0.231995 12.4325312461415 57.6513090972996
0.232495 12.4593260719915 57.6994580051011
0.232995 12.4861208978415 57.7242666969881
0.233495 12.5129157236915 57.7932354674213
0.233995 12.5397105495415 57.7416456043732
0.234495 12.5665053753915 57.8729886249612
0.234995 12.5933002012415 57.9245409954031
0.235495 12.6200950270915 58.0203776983427
0.235995 12.6468898529415 57.9833224426772
0.236495 12.6736846787915 58.0742458930832
0.236995 12.7004795046415 58.0968783629183
0.237495 12.7272743304915 58.1528660442988
0.237995 12.7540691563415 58.2127830402748
0.238495 12.7808639821915 58.2315200735679
0.238995 12.8076588080415 58.2549517594246
0.239495 12.8344536338915 58.2926668006457
0.239995 12.8612484597415 58.4723587357627
0.240495 12.8880432855915 58.4250749234593
0.240995 12.9148381114415 58.4797050419216
0.241495 12.9416329372915 58.5668778142093
0.241995 12.9684277631415 58.536109985146
0.242495 12.9952225889915 58.6288887674837
0.242995 13.0220174148415 58.682992968841
0.243495 13.0488122406915 58.6724491958194
0.243995 13.0756070665415 58.8848667240301
0.244495 13.1024018923915 58.857497986637
0.244995 13.1291967182415 58.8912624315979
0.245495 13.1559915440915 58.8945273509851
0.245995 13.1827863699415 58.9332746798415
0.246495 13.2095811957915 59.0571386275573
0.246995 13.2363760216415 59.0472385400938
0.247495 13.2631708474915 59.1245759990404
0.247995 13.2899656733415 59.1646799632748
0.248495 13.3167604991915 59.1728546308826
0.248995 13.3435553250415 59.2137140651255
0.249495 13.3703501508915 59.3294762860955
0.249995 13.3971449767415 59.4025719479766
0.250495 13.4239398025915 59.3794287735457
0.250995 13.4507346284415 59.4457372574689
0.251495 13.4775294542915 59.5049469943112
0.251995 13.5043242801415 59.5649966929164
0.252495 13.5311191059915 59.5903754959278
0.252995 13.5579139318415 59.6662931698028
0.253495 13.5847087576915 59.7244472416342
0.253995 13.6115035835415 59.7695353757012
0.254495 13.6382984093915 59.8100093365105
0.254995 13.6650932352415 59.8461256889052
0.255495 13.6918880610915 59.8966750765825
0.255995 13.7186828869415 59.9536891597408
0.256495 13.7454777127915 59.972172833969
0.256995 13.7722725386415 60.0344091805955
0.257495 13.7990673644915 60.1261560957986
0.257995 13.8258621903415 60.0992780912324
0.258495 13.8526570161915 60.1633978845565
0.258995 13.8794518420415 60.3298151490467
0.259495 13.9062466678915 60.3713624070478
0.259995 13.9330414937415 60.4520867804982
0.260495 13.9598363195915 60.4794223645424
0.260995 13.9866311454415 60.5287132898795
0.261495 14.0134259712915 60.4754316380245
0.261995 14.0402207971415 60.5516074397931
0.262495 14.0670156229915 60.6081639516374
0.262995 14.0938104488415 60.8438744035654
0.263495 14.1206052746915 60.7967346301149
0.263995 14.1474001005415 60.8211701659076
0.264495 14.1741949263915 60.9058841316371
0.264995 14.2009897522415 61.0539784427971
0.265495 14.2277845780915 61.0550479206866
0.265995 14.2545794039415 61.0509672026598
0.266495 14.2813742297915 61.1860306836407
0.266995 14.3081690556415 61.0787161428117
0.267495 14.3349638814915 61.2608804500148
0.267995 14.3617587073415 61.2328553752934
0.268495 14.3885535331915 61.3053153721435
0.268995 14.4153483590415 61.2755276944112
0.269495 14.4421431848915 61.3674147964962
0.269995 14.4689380107415 61.4852676197098
0.270495 14.4957328365915 61.6041183215524
0.270995 14.5225276624415 61.7798537741935
0.271495 14.5493224882915 61.6679648400119
0.271995 14.5761173141415 61.8069949177255
0.272495 14.6029121399915 61.9991656799274
0.272995 14.6297069658415 61.9205104961748
0.273495 14.6565017916915 61.8492598524643
0.273995 14.6832966175415 62.0106382186545
0.274495 14.7100914433915 62.1174582582912
0.274995 14.7368862692415 62.1453169386986
0.275495 14.7636810950915 62.2580960672769
0.275995 14.7904759209415 62.299329379214
0.276495 14.8172707467915 62.5266716319675
0.276995 14.8440655726415 62.3469614099429
0.277495 14.8708603984915 62.4780802741739
0.277995 14.8976552243415 62.5439340225365
0.278495 14.9244500501915 62.6337095649122
0.278995 14.9512448760415 62.6343410139723
0.279495 14.9780397018915 62.6580235311337
0.279995 15.0048345277415 62.8166851411141
0.280495 15.0316293535915 63.1695033726548
0.280995 15.0584241794415 63.0813495089654
0.281495 15.0852190052915 63.0163831496362
0.281995 15.1120138311415 62.970458811302
0.282495 15.1388086569915 63.2939968626805
0.282995 15.1656034828415 63.2202968337019
0.283495 15.1923983086915 63.3009657030714
0.283995 15.2191931345415 63.4929376442367
0.284495 15.2459879603915 63.4625280492226
0.284995 15.2727827862415 63.5784478581956
0.285495 15.2995776120915 63.6094914319633
0.285995 15.3263724379415 63.7895748408975
0.286495 15.3531672637915 63.8159090384249
0.286995 15.3799620896415 63.9326717549466
0.287495 15.4067569154915 63.9695131964526
0.287995 15.4335517413415 64.1009399624991
0.288495 15.4603465671915 64.1425186580064
0.288995 15.4871413930415 64.3717237396699
0.289495 15.5139362188915 64.3260922492774
0.289995 15.5407310447415 64.3454289212315
0.290495 15.5675258705915 64.5294634084258
0.290995 15.5943206964415 64.633049733589
0.291495 15.6211155222915 64.7653486561926
0.291995 15.6479103481415 64.7404983275508
0.292495 15.6747051739915 64.8725579112001
0.292995 15.7014999998415 65.2317394759875
0.293495 15.7282948256915 65.0818488965586
0.293995 15.7550896515415 65.3754664369776
0.294495 15.7818844773915 65.352899592478
0.294995 15.8086793032415 65.3093042219467
0.295495 15.8354741290915 65.6442549967995
0.295995 15.8622689549415 65.5068935229057
0.296495 15.8890637807915 65.5730780181851
0.296995 15.9158586066415 65.8625533273517
0.297495 15.9426534324915 65.9674233539163
0.297995 15.9694482583415 66.1383029672854
0.298495 15.9962430841915 65.9942175813486
0.298995 16.0230379100415 66.0923551252315
0.299495 16.0498327358915 66.5324638699275
0.299995 16.0766275617415 66.4955761212066
0.300495 16.1034223875915 66.6432462398431
0.300995 16.1302172134415 66.7619107332417
0.301495 16.1570120392915 66.9172353604342
0.301995 16.1838068651415 66.951254546938
0.302495 16.2106016909915 67.1799817955509
0.302995 16.2373965168415 67.1650214917496
0.303495 16.2641913426915 67.2612721957663
0.303995 16.2909861685415 67.3747695052126
0.304495 16.3177809943915 67.7215316111069
0.304995 16.3445758202415 67.8961382805967
0.305495 16.3713706460915 67.9133032755027
0.305995 16.3981654719415 68.1463411221765
0.306495 16.4249602977915 68.0603317103829
0.306995 16.4517551236415 68.3490577323771
0.307495 16.4785499494915 68.455316431078
0.307995 16.5053447753415 68.5565410940065
0.308495 16.5321396011915 68.860199386685
0.308995 16.5589344270415 68.8566455382463
0.309495 16.5857292528915 69.0792987894604
0.309995 16.6125240787415 69.1737714493569
0.310495 16.6393189045915 69.3928062507082
0.310995 16.6661137304415 69.6563304526136
0.311495 16.6929085562915 70.0019848152684
0.311995 16.7197033821415 69.7443102272669
0.312495 16.7464982079915 69.8926118357153
0.312995 16.7732930338415 70.2756165893785
0.313495 16.8000878596915 70.3045401643157
0.313995 16.8268826855415 70.7158952883782
0.314495 16.8536775113915 70.8154410766386
0.314995 16.8804723372415 70.8438268367103
0.315495 16.9072671630915 71.1899543207649
0.315995 16.9340619889415 71.297130643054
0.316495 16.9608568147915 71.5264807826824
0.316995 16.9876516406415 71.9931735512706
0.317495 17.0144464664915 71.990535984981
0.317995 17.0412412923415 72.0015996225675
0.318495 17.0680361181915 72.5079053233027
0.318995 17.0948309440415 72.5128027902084
0.319495 17.1216257698915 72.6006879857016
0.319995 17.1484205957415 73.0805417776376
0.320495 17.1752154215915 73.0185833564619
0.320995 17.2020102474415 73.2313475230461
0.321495 17.2288050732915 73.4077501846494
0.321995 17.2555998991415 73.6775473890219
0.322495 17.2823947249915 73.8851671270921
0.322995 17.3091895508415 74.3022043663039
0.323495 17.3359843766915 74.0837301421707
0.323995 17.3627792025415 74.543625301262
0.324495 17.3895740283915 74.7509408860162
0.324995 17.4163688542415 74.8914899445331
0.325495 17.4431636800915 75.0191319961888
0.325995 17.4699585059415 75.5019629011044
0.326495 17.4967533317915 75.7899113474858
0.326995 17.5235481576415 75.8970259925376
0.327495 17.5503429834915 76.1507302675065
0.327995 17.5771378093415 76.3476015924443
0.328495 17.6039326351915 76.6712101978727
0.328995 17.6307274610415 77.047360667579
0.329495 17.6575222868915 77.0482978133739
0.329995 17.6843171127415 77.3846239408991
0.330495 17.7111119385915 77.7493895067014
0.330995 17.7379067644415 77.8661504159648
0.331495 17.7647015902915 78.060965376218
0.331995 17.7914964161415 78.2975242018035
0.332495 17.8182912419915 78.6648869353195
0.332995 17.8450860678415 78.7661728652035
0.333495 17.8718808936915 78.9641687525661
0.333995 17.8986757195415 79.3719213894204
0.334495 17.9254705453915 79.6395837205882
0.334995 17.9522653712415 79.9905836596719
0.335495 17.9790601970915 80.1884066687342
0.335995 18.0058550229415 80.4679935627125
0.336495 18.0326498487915 80.5793509737418
0.336995 18.0594446746415 81.009879244949
0.337495 18.0862395004915 81.1919007469974
0.337995 18.1130343263415 81.5606214922084
0.338495 18.1398291521915 81.906722093004
0.338995 18.1666239780415 82.2920965049031
0.339495 18.1934188038915 82.1949958228637
0.339995 18.2202136297415 82.750009436115
0.340495 18.2470084555915 82.9434738469953
0.340995 18.2738032814415 83.3112546268154
0.341495 18.3005981072915 83.4144919038786
0.341995 18.3273929331415 83.691819963066
0.342495 18.3541877589915 84.0633645702603
0.342995 18.3809825848415 84.6047667093106
0.343495 18.4077774106915 84.3771377990507
0.343995 18.4345722365415 85.1262889884545
0.344495 18.4613670623915 85.2316028717264
0.344995 18.4881618882415 85.4695034916679
0.345495 18.5149567140915 86.0352227095287
0.345995 18.5417515399415 86.0928324450306
0.346495 18.5685463657915 86.4463997119554
0.346995 18.5953411916415 86.5723987150209
0.347495 18.6221360174915 87.1097167179628
0.347995 18.6489308433415 87.3253738036886
0.348495 18.6757256691915 87.7923945946825
0.348995 18.7025204950415 87.9507122761007
0.349495 18.7293153208915 88.1854370946398
0.349995 18.7561101467415 88.4240284960462
0.350495 18.7829049725915 88.9946740827411
0.350995 18.8096997984415 88.9994968556238
0.351495 18.8364946242915 89.3683087393061
0.351995 18.8632894501415 89.95966434749
0.352495 18.8900842759915 90.0137697770982
0.352995 18.9168791018415 90.5270333764642
0.353495 18.9436739276915 90.7879200143764
0.353995 18.9704687535415 90.9673723146453
0.354495 18.9972635793915 91.4939162566363
0.354995 19.0240584052415 91.491395489338
0.355495 19.0508532310915 92.0474703996059
0.355995 19.0776480569415 92.2238289352902
0.356495 19.1044428827915 92.7737335308553
0.356995 19.1312377086415 92.9893449842618
0.357495 19.1580325344915 93.265516094519
0.357995 19.1848273603415 93.8295593153512
0.358495 19.2116221861915 93.9528871002404
0.358995 19.2384170120415 94.1897740198217
0.359495 19.2652118378915 94.6107224520579
0.359995 19.2920066637415 95.0888993347973
0.360495 19.3188014895915 95.3094567126657
0.360995 19.3455963154415 95.738424789324
0.361495 19.3723911412915 95.8485716824832
0.361995 19.3991859671415 96.3149115751869
0.362495 19.4259807929915 96.8690553910535
0.362995 19.4527756188415 96.9619440946999
0.363495 19.4795704446915 97.4464154562051
0.363995 19.5063652705415 97.8166525233599
0.364495 19.5331600963915 98.0396552907319
0.364995 19.5599549222415 98.7156360629232
0.365495 19.5867497480915 98.9975229182987
0.365995 19.6135445739415 99.067843229232
0.366495 19.6403393997915 99.5875522334147
0.366995 19.6671342256415 100.187421561563
0.367495 19.6939290514915 100.327785443628
0.367995 19.7207238773415 100.742039096402
0.368495 19.7475187031915 101.211563721828
0.368995 19.7743135290415 101.497978377016
0.369495 19.8011083548915 101.90413477752
0.369995 19.8279031807415 102.512505592462
0.370495 19.8546980065915 102.768138458805
0.370995 19.8814928324415 103.134592803136
0.371495 19.9082876582915 103.469113682607
0.371995 19.9350824841415 103.833775443067
0.372495 19.9618773099915 104.365340040596
0.372995 19.9886721358415 104.755966404028
0.373495 20.0154669616915 105.06241956962
0.373995 20.0422617875415 105.45894367547
0.374495 20.0690566133915 106.069538800299
0.374995 20.0958514392415 106.39211931947
0.375495 20.1226462650915 106.626941204292
0.375995 20.1494410909415 107.059148153594
0.376495 20.1762359167915 107.844230590554
0.376995 20.2030307426415 108.309602478634
0.377495 20.2298255684915 108.699543444583
0.377995 20.2566203943415 108.928935446958
0.378495 20.2834152201915 109.267494424487
0.378995 20.3102100460415 109.934051426036
0.379495 20.3370048718915 110.477660860964
0.379995 20.3637996977415 110.839566034257
0.380495 20.3905945235915 111.078415722807
0.380995 20.4173893494415 111.621378333447
0.381495 20.4441841752915 112.118236375663
0.381995 20.4709790011415 112.531709678505
0.382495 20.4977738269915 113.147771095977
0.382995 20.5245686528415 113.512818393916
0.383495 20.5513634786915 114.078073985277
0.383995 20.5781583045415 114.553310206405
0.384495 20.6049531303915 114.892539871111
0.384995 20.6317479562415 115.4762899848
0.385495 20.6585427820915 115.774491877255
0.385995 20.6853376079415 116.549182666119
0.386495 20.7121324337915 116.849220301582
0.386995 20.7389272596415 117.343401592791
0.387495 20.7657220854915 117.890283159963
0.387995 20.7925169113415 118.3797214065
0.388495 20.8193117371915 118.777197364068
0.388995 20.8461065630415 119.329414836312
0.389495 20.8729013888915 119.537156185625
0.389995 20.8996962147415 120.057081534019
0.390495 20.9264910405915 120.502226195192
0.390995 20.9532858664415 120.680545575048
0.391495 20.9800806922915 117.168083109228
0.391995 21.0068755181415 107.252948824244
0.392495 21.0336703439915 92.2478104605014
0.392995 21.0604651698415 77.5012416359718
0.393495 21.0872599956915 69.3914128866591
0.393995 21.1140548215415 63.018955731242
0.394495 21.1408496473915 57.4384691872193
0.394995 21.1676444732415 52.2688120742708
0.395495 21.1944392990915 47.3242840990138
0.395995 21.2212341249415 42.2343240558659
0.396495 21.2480289507915 37.6865974538848
0.396995 21.2748237766415 33.4943412906785
0.397495 21.3016186024915 29.4979851396633
0.397995 21.3284134283415 26.5722080628126
0.398495 21.3552082541915 24.6387445351949
0.398995 21.3820030800415 23.6442959813147
0.399495 21.4087979058915 22.8840003785348
0.399995 21.4355927317415 22.4397346099784
0.400495 21.4623875575915 21.9550910090627
0.400995 21.4891823834415 21.45404718525
0.401495 21.5159772092915 20.9890602006062
0.401995 21.5427720351415 20.4532124589933
0.402495 21.5695668609915 19.7843376287311
0.402995 21.5963616868415 18.997833168062
0.403495 21.6231565126915 18.0912361648096
0.403995 21.6499513385415 17.1161795401779
0.404495 21.6767461643915 16.1545785498368
0.404995 21.7035409902415 15.3079740827498
0.405495 21.7303358160915 14.4357865709477
0.405995 21.7571306419415 13.445654470567
0.406495 21.7839254677915 12.3729872277103
0.406995 21.8107202936415 11.2364985349225
0.407495 21.8375151194915 10.0984697984291
0.407995 21.8643099453415 8.84688450840866
0.408495 21.8911047711915 7.47177060688559
0.408995 21.9178995970415 6.01742936425724
0.409495 21.9446944228915 4.44820451505703
0.409995 21.9714892487415 2.75032601693129
0.410495 21.9982840745915 1.0110506223089
0.410995 22.0250789004415 -0.607581639728245
0.411495 22.0518737262915 -2.14913332501348
0.411995 22.0786685521415 -3.89748334626862
0.412495 22.1054633779915 -5.93156169012579
0.412995 22.1322582038415 -8.0546684351938
0.413495 22.1590530296915 -10.242788466723
0.413995 22.1858478555415 -12.3537655313641
0.414495 22.2126426813915 -10.0496904127041
0.414995 22.2394375072415 -9.15064135742938
0.415495 22.2662323330915 -6.23551366868714
0.415995 22.2930271589415 -3.82935532609653
0.416495 22.3198219847915 -2.31231899217951
0.416995 22.3466168106415 -0.968467613033
0.417495 22.3734116364915 -0.735155248597632
0.417995 22.4002064623415 -0.537352083350991
0.418495 22.4270012881915 -0.80497898340768
0.418995 22.4537961140415 -1.21962162876199
0.419495 22.4805909398915 -1.55734872692211
0.419995 22.5073857657415 -1.47752534422235
0.420495 22.5341805915915 -1.47143978837583
0.420995 22.5609754174415 -1.37306980594049
0.421495 22.5877702432915 -1.04780551060625
0.421995 22.6145650691415 -0.787441299422794
0.422495 22.6413598949915 -0.576411670894316
0.422995 22.6681547208415 -0.469906968327605
0.423495 22.6949495466915 -0.358070868003041
0.423995 22.7217443725415 -0.249686979066991
0.424495 22.7485391983915 -0.315660278408862
0.424995 22.7753340242415 -0.678199581157698
0.425495 22.8021288500915 -1.09404523038462
0.425995 22.8289236759415 -1.12108884998866
0.426495 22.8557185017915 -0.879155410680465
0.426995 22.8825133276415 -0.706088278786118
0.427495 22.9093081534915 -0.386055023068902
0.427995 22.9361029793415 -0.258946000413831
0.428495 22.9628978051915 -0.23713766549415
0.428995 22.9896926310415 -0.0973024152194169
0.429495 23.0164874568915 0.0179464506822329
0.429995 23.0432822827415 -0.0015884685523331
0.430495 23.0700771085915 0.078054888633205
0.430995 23.0968719344415 -0.0636488670960606
0.431495 23.1236667602915 -0.225194701730832
0.431995 23.1504615861415 -0.268458003210447
0.432495 23.1772564119915 -0.37820152373576
0.432995 23.2040512378415 -0.446925438109504
0.433495 23.2308460636915 -0.507124368508408
0.433995 23.2576408895415 -0.376861793669346
0.434495 23.2844357153915 -0.36872614947941
0.434995 23.3112305412415 -0.240033535501709
0.435495 23.3380253670915 -0.337482182390063
0.435995 23.3648201929415 -0.354336879921461
0.436495 23.3916150187915 -0.205348537312443
0.436995 23.4184098446415 -0.328425786833456
0.437495 23.4452046704915 -0.429193249291377
0.437995 23.4719994963415 -0.362996710447763
0.438495 23.4987943221915 -0.380484851413744
0.438995 23.5255891480415 -0.340339612058639
0.439495 23.5523839738915 -0.532699284783517
0.439995 23.5791787997415 -0.576196726866458
0.440495 23.6059736255915 -0.410680604792955
0.440995 23.6327684514415 -0.173025016177609
0.441495 23.6595632772915 -0.0662116283786705
0.441995 23.6863581031415 0.0157762990117327
0.442495 23.7131529289915 -0.11956805757095
0.442995 23.7399477548415 -0.253388903436574
0.443495 23.7667425806915 -0.344091063819619
0.443995 23.7935374065415 -0.493595276193277
0.444495 23.8203322323915 -0.310601406942926
0.444995 23.8471270582415 -0.192518965151932
0.445495 23.8739218840915 -0.118425032981327
0.445995 23.9007167099415 -0.0466721578620814
0.446495 23.9275115357915 -0.23904375666707
0.446995 23.9543063616415 -0.401193170405944
0.447495 23.9811011874915 -0.350510371988105
0.447995 24.0078960133415 -0.238761697507671
0.448495 24.0346908391915 -0.199229025789862
0.448995 24.0614856650415 -0.0666014302443263
0.449495 24.0882804908915 -0.0409746697872881
0.449995 24.1150753167415 0.0343406855560708
0.450495 24.1418701425915 0.0364826634229582
0.450995 24.1686649684415 -0.030324494480421
0.451495 24.1954597942915 -0.0623481790708383
0.451995 24.2222546201415 -0.185358520447614
0.452495 24.2490494459915 -0.0368099168359402
0.452995 24.2758442718415 0.00787090655856363
0.453495 24.3026390976915 0.0541696647570757
0.453995 24.3294339235415 0.0839036985762559
0.454495 24.3562287493915 0.188038513569621
0.454995 24.3830235752415 0.36768143304453
0.455495 24.4098184010915 0.484292098122839
0.455995 24.4366132269415 0.73139492292559
0.456495 24.4634080527915 0.818219638277896
0.456995 24.4902028786415 0.872511736696282
0.457495 24.5169977044915 1.01958414518932
0.457995 24.5437925303415 1.0498204186231
0.458495 24.5705873561915 0.962527683411904
0.458995 24.5973821820415 0.949829897676485
0.459495 24.6241770078915 0.713738657076993
0.459995 24.6509718337415 0.812600701242617
0.460495 24.6777666595915 0.781007430769199
0.460995 24.7045614854415 0.766403177162112
0.461495 24.7313563112915 0.833981467492667
0.461995 24.7581511371415 0.815366342698098
0.462495 24.7849459629915 0.647856220957966
0.462995 24.8117407888415 0.513511301844977
0.463495 24.8385356146915 0.245741024746699
0.463995 24.8653304405415 0.256383503581552
0.464495 24.8921252663915 0.101654210648499
0.464995 24.9189200922415 0.00693430892526033
0.465495 24.9457149180915 0.0934692914218159
0.465995 24.9725097439415 -0.0400571015997402
0.466495 24.9993045697915 -0.00847466626752998
0.466995 25.0260993956415 -0.0679917117408731
0.467495 25.0528942214915 -0.114452566952027
0.467995 25.0796890473415 -0.213534046444621
0.468495 25.1064838731915 -0.173574237390366
0.468995 25.1332786990415 -0.271742890721546
0.469495 25.1600735248915 -0.243131710220051
0.469995 25.1868683507415 -0.244088957059338
0.470495 25.2136631765915 -0.217914012183155
0.470995 25.2404580024415 -0.0266633286808917
0.471495 25.2672528282915 0.0352524956541225
0.471995 25.2940476541415 -0.00525400169892696
0.472495 25.3208424799915 -0.0186724831040461
0.472995 25.3476373058415 -0.215208875266769
0.473495 25.3744321316915 -0.121142944460926
0.473995 25.4012269575415 -0.0794031948979895
0.474495 25.4280217833915 -0.170879128427558
0.474995 25.4548166092415 -0.165245338749358
0.475495 25.4816114350915 -0.163984358226855
0.475995 25.5084062609415 -0.241816369238982
0.476495 25.5352010867915 -0.227315471311253
0.476995 25.5619959126415 -0.150504303045281
0.477495 25.5887907384915 -0.266023432130821
0.477995 25.6155855643415 -0.147638089257978
0.478495 25.6423803901915 -0.172404856267038
0.478995 25.6691752160415 -0.0935802413367429
0.479495 25.6959700418915 -0.0165102386266186
0.479995 25.7227648677415 0.0893209548205425
0.480495 25.7495596935915 -0.137289331031322
0.480995 25.7763545194415 -0.123799382399911
0.481495 25.8031493452915 -0.159755384562966
0.481995 25.8299441711415 -0.243843049988291
0.482495 25.8567389969915 -0.233013246355685
0.482995 25.8835338228415 -0.355713508877299
0.483495 25.9103286486915 -0.194805324789085
0.483995 25.9371234745415 -0.194579921511303
0.484495 25.9639183003915 -0.267994350368167
0.484995 25.9907131262415 -0.249566841155316
0.485495 26.0175079520915 -0.089131320111044
0.485995 26.0443027779415 0.117885082377567
0.486495 26.0710976037915 0.15895159577668
0.486995 26.0978924296415 0.136259416216057
0.487495 26.1246872554915 0.252593814842604
0.487995 26.1514820813415 0.3573284498825
0.488495 26.1782769071915 0.293066328280237
0.488995 26.2050717330415 0.392240680012618
0.489495 26.2318665588915 0.47015724515541
0.489995 26.2586613847415 0.5092222155242
0.490495 26.2854562105915 0.56685537068814
0.490995 26.3122510364415 0.453026695077895
0.491495 26.3390458622915 0.471287136157687
0.491995 26.3658406881415 0.496308670612395
0.492495 26.3926355139915 0.406768224937819
0.492995 26.4194303398415 0.403370111644854
0.493495 26.4462251656915 0.28627206867555
0.493995 26.4730199915415 0.126907461277213
0.494495 26.4998148173915 0.129221875524334
0.494995 26.5266096432415 0.149041200814523
0.495495 26.5534044690915 0.14944566136802
0.495995 26.5801992949415 0.0496228242572712
0.496495 26.6069941207915 0.00452922996838501
0.496995 26.6337889466415 -0.148282154347949
0.497495 26.6605837724915 -0.351739433788577
0.497995 26.6873785983415 -0.436373727895368
0.498495 26.7141734241915 -0.448514015070023
0.498995 26.7409682500415 -0.552505994528774
0.499495 26.7677630758915 -0.513732964988289
0.499995 26.7945579017415 -0.479636637940268
