# Fix print output for fix Step
0 0 -0.996095840637297
0.00049499999999998 0.0183647615075984 0.367335356225134
0.000994999999999901 0.0369150256566854 0.487614465976006
0.00149499999999998 0.0554652898057782 0.178126558045391
0.0019949999999999 0.0740155539548653 1.55763556200834
0.00249499999999997 0.092565818103958 0.920792476923835
0.00299499999999989 0.111116082253045 1.48248234018511
0.00349499999999997 0.129666346402138 2.21983590843152
0.00399499999999989 0.148216610551225 1.66591974391529
0.00449499999999996 0.166766874700318 2.5857705062897
0.00499499999999988 0.185317138849405 2.9093890228587
0.00549499999999996 0.203867402998497 2.66246589477124
0.00599499999999988 0.222417667147585 3.70172652996047
0.00649499999999995 0.240967931296677 3.48850055856
0.00699499999999987 0.259518195445764 3.77093204998782
0.00749499999999995 0.278068459594857 4.5103763690134
0.00799499999999987 0.296618723743944 4.17409726147533
0.00849499999999994 0.315168987893037 4.93046817036046
0.00899499999999986 0.333719252042124 5.13296350510622
0.00949499999999994 0.352269516191217 5.24024365245594
0.00999499999999986 0.370819780340304 5.69753765952931
0.0104949999999999 0.389370044489397 5.92417400544496
0.0109949999999999 0.407920308638484 6.38198592377773
0.0114949999999999 0.426470572787576 6.41037454392553
0.011995 0.445020836936669 6.57799098349279
0.0124949999999999 0.463571101085756 7.25628112077301
0.012995 0.482121365234849 7.24160859212152
0.0134949999999999 0.500671629383936 7.53092645635358
0.013995 0.519221893533029 7.90969248558798
0.0144949999999999 0.537772157682116 8.26841103108529
0.014995 0.556322421831209 8.46935431794761
0.0154949999999999 0.574872685980296 8.53576836576583
0.015995 0.593422950129389 9.20597548694414
0.0164949999999999 0.611973214278476 9.27181844769086
0.016995 0.630523478427568 9.41350101062785
0.0174949999999999 0.649073742576655 9.74660797357211
0.017995 0.667624006725748 10.0101165907448
0.0184949999999999 0.686174270874835 10.629243181156
0.018995 0.704724535023928 10.6971109140342
0.0194949999999999 0.723274799173015 10.6887899393096
0.019995 0.741825063322108 11.1836675268987
0.0204949999999999 0.760375327471195 11.3769225179757
0.020995 0.778925591620288 11.9138832411545
0.0214949999999999 0.797475855769375 12.0019097304367
0.021995 0.816026119918467 12.0977788968296
0.0224949999999999 0.834576384067555 12.5497057292329
0.0229949999999999 0.853126648216647 12.6367372899901
0.0234949999999999 0.871676912365734 13.1233472091541
0.0239949999999999 0.890227176514827 13.300383586105
0.0244949999999999 0.908777440663914 13.4177223747659
0.0249949999999999 0.927327704813007 13.8680846342645
0.0254949999999999 0.945877968962094 13.9740071320732
0.0259949999999999 0.964428233111187 14.4124029048938
0.0264949999999999 0.982978497260274 14.7284537574926
0.0269949999999999 1.00152876140937 14.7033249321898
0.027495 1.02007902555846 15.1293311239893
0.0279949999999999 1.03862928970755 15.2366142490825
0.028495 1.05717955385664 15.6805269978642
0.0289949999999999 1.07572981800573 15.9265925785839
0.029495 1.09428008215482 15.9925384069761
0.0299949999999999 1.11283034630391 16.4905464014455
0.030495 1.131380610453 16.4312306779456
0.0309949999999999 1.14993087460209 16.8886002707263
0.031495 1.16848113875118 17.0782473397482
0.0319949999999999 1.18703140290027 17.2582741071229
0.032495 1.20558166704936 17.7363311950975
0.0329949999999999 1.22413193119845 17.7002807961475
0.033495 1.24268219534754 18.1343970890857
0.0339949999999999 1.26123245949663 18.264395385379
0.034495 1.27978272364572 18.3073851003814
0.0349949999999999 1.29833298779481 18.8494858455301
0.035495 1.3168832519439 18.872976588249
0.0359949999999999 1.33543351609298 19.3535272150831
0.036495 1.35398378024208 19.5714310062465
0.0369949999999999 1.37253404439116 19.7364267680742
0.037495 1.39108430854026 20.0510912464844
0.0379949999999999 1.40963457268934 20.0856814098527
0.038495 1.42818483683844 20.4567982446133
0.0389949999999999 1.44673510098752 20.6508259487684
0.0394949999999999 1.46528536513662 20.7627913528749
0.0399949999999999 1.4838356292857 21.1878608613709
0.0404949999999999 1.5023858934348 21.2697635256762
0.0409949999999999 1.52093615758388 21.6841228881185
0.0414949999999999 1.53948642173298 21.8461708666199
0.0419949999999999 1.55803668588206 22.1001400456377
0.0424949999999999 1.57658695003116 22.3101840991643
0.0429949999999999 1.59513721418024 22.5152872860745
0.0434949999999999 1.61368747832934 22.8926516935532
0.0439949999999998 1.63223774247842 22.939037459698
0.0444949999999999 1.65078800662752 23.2983472742243
0.044995 1.66933827077661 23.5026003871873
0.0454949999999999 1.6878885349257 23.5631382102321
0.045995 1.70643879907479 24.0504903985137
0.0464949999999999 1.72498906322388 23.994858571602
0.046995 1.74353932737297 24.2887553549665
0.0474949999999999 1.76208959152206 24.592981026175
0.047995 1.78063985567115 24.6415472594273
0.0484949999999999 1.79919011982024 25.0802920325034
0.048995 1.81774038396933 25.2040603383936
0.0494949999999999 1.83629064811842 25.4908023525495
0.049995 1.85484091226751 25.8347282311333
0.0504949999999999 1.8733911764166 25.8987705303243
0.050995 1.89194144056569 26.2909543399155
0.0514949999999999 1.91049170471478 26.4131155917952
0.051995 1.92904196886387 26.6601922049338
0.0524949999999999 1.94759223301295 26.9185368455168
0.052995 1.96614249716205 27.003290873714
0.0534949999999999 1.98469276131113 27.3764477219222
0.053995 2.00324302546023 27.531323496865
0.0544949999999999 2.02179328960931 27.8172148179983
0.054995 2.04034355375841 28.0738641339054
0.0554949999999999 2.05889381790749 28.1811936285477
0.0559949999999999 2.07744408205659 28.529499046733
0.0564949999999999 2.09599434620567 28.636660583625
0.0569949999999999 2.11454461035477 28.8474485307681
0.0574949999999999 2.13309487450385 29.113001486904
0.0579949999999999 2.15164513865295 29.1479193148671
0.0584949999999999 2.17019540280203 29.5068876884378
0.0589949999999999 2.18874566695113 29.6260503430634
0.059495 2.20729593110022 29.8219186202233
0.0599949999999999 2.22584619524931 30.1128257566568
0.060495 2.2443964593984 30.2094520126902
0.0609949999999999 2.26294672354749 30.5357503526074
0.061495 2.28149698769658 30.7097258263258
0.0619949999999999 2.30004725184567 30.8446955786991
0.062495 2.31859751599476 31.1403348209338
0.0629949999999999 2.33714778014385 31.2202385100316
0.063495 2.35569804429294 31.5139712214588
0.0639949999999999 2.37424830844203 31.6937883595456
0.064495 2.39279857259112 31.8992128111409
0.0649949999999999 2.41134883674021 32.192539032972
0.065495 2.4298991008893 32.3026867533244
0.0659949999999999 2.44844936503839 32.5821437928303
0.066495 2.46699962918748 32.6767879779835
0.0669949999999999 2.48554989333657 32.8712006979115
0.067495 2.50410015748566 33.0878412498707
0.0679949999999999 2.52265042163474 33.1391617733496
0.068495 2.54120068578384 33.4853676409014
0.0689949999999999 2.55975094993292 33.6170921773789
0.069495 2.57830121408202 33.8204605586463
0.0699949999999999 2.5968514782311 34.1260257113282
0.070495 2.6154017423802 34.2498860177099
0.0709949999999999 2.63395200652928 34.5623139655006
0.0714949999999999 2.65250227067838 34.7595518868093
0.0719949999999999 2.67105253482746 34.9228928091611
0.0724949999999999 2.68960279897656 35.2103128485886
0.072995 2.70815306312565 35.3298177341069
0.0734949999999999 2.72670332727474 35.5286907897309
0.0739949999999999 2.74525359142382 35.7438081567164
0.0744949999999999 2.76380385557292 35.8320905626353
0.074995 2.78235411972201 36.0448011129402
0.0754949999999999 2.8009043838711 36.1926137183468
0.0759949999999999 2.81945464802018 36.4332303899209
0.0764949999999999 2.83800491216928 36.6344219934807
0.076995 2.85655517631837 36.7965209797291
0.0774949999999999 2.87510544046746 37.0568776666483
0.0779949999999998 2.89365570461654 37.1764362579375
0.0784949999999999 2.91220596876564 37.4399921071086
0.078995 2.93075623291473 37.6368990744579
0.0794949999999999 2.94930649706382 37.8171043921397
0.079995 2.96785676121291 37.9761462200421
0.0804949999999999 2.986407025362 38.1939802366254
0.080995 3.00495728951109 38.3951100286708
0.0814949999999999 3.02350755366018 38.5132610180404
0.081995 3.04205781780927 38.7208837047892
0.0824949999999999 3.06060808195836 38.8832881359864
0.082995 3.07915834610745 39.037252367859
0.0834949999999999 3.09770861025653 39.1858950452855
0.083995 3.11625887440563 39.3987104130182
0.0844949999999999 3.13480913855471 39.6232585370496
0.084995 3.15335940270381 39.8607210194251
0.0854949999999999 3.17190966685289 40.0840291869154
0.085995 3.19045993100199 40.1857227250275
0.0864949999999999 3.20901019515107 40.3351409351991
0.0869949999999999 3.22756045930017 40.5311978891008
0.0874949999999999 3.24611072344925 40.727091851755
0.0879949999999999 3.26466098759835 40.9057331959064
0.0884949999999999 3.28321125174743 41.0188864539675
0.0889949999999999 3.30176151589653 41.2244909072236
0.0894949999999999 3.32031178004561 41.4089915686838
0.0899949999999999 3.33886204419471 41.5235235625653
0.090495 3.3574123083438 41.7764821410822
0.0909949999999999 3.37596257249289 41.927368582708
0.0914949999999999 3.39451283664197 42.1149930928362
0.0919949999999999 3.41306310079107 42.2749783367045
0.0924949999999999 3.43161336494015 42.3254347925297
0.0929949999999999 3.45016362908925 42.5418511647554
0.0934949999999998 3.46871389323833 42.8325863795585
0.0939949999999999 3.48726415738743 42.9899018331334
0.094495 3.50581442153652 43.1217390670706
0.0949949999999999 3.52436468568561 43.3087167532707
0.0954949999999998 3.54291494983469 43.4601127865432
0.0959949999999999 3.56146521398379 43.5739943351819
0.096495 3.58001547813288 43.7480020604749
0.0969949999999999 3.59856574228197 43.917409421779
0.097495 3.61711600643106 44.0650721100021
0.0979949999999999 3.63566627058015 44.3687114865261
0.098495 3.65421653472924 44.4602447902839
0.0989949999999999 3.67276679887833 44.6114904161469
0.099495 3.69131706302742 44.7617699971296
0.0999949999999999 3.70986732717651 44.9230809506789
0.100495 3.7284175913256 45.1201274842245
0.100995 3.74696785547469 45.2409723642532
0.101495 3.76551811962378 45.3862644565897
0.101995 3.78406838377286 45.5493131392665
0.102495 3.80261864792196 45.8153863800018
0.102995 3.82116891207104 45.9620113675051
0.103495 3.83971917622014 46.0422280702563
0.103995 3.85826944036923 46.2194817026013
0.104495 3.87681970451832 46.3637792698655
0.104995 3.8953699686674 46.5598690561467
0.105495 3.9139202328165 46.6373444849219
0.105995 3.93247049696558 46.8198103777053
0.106495 3.95102076111468 46.9921858716088
0.106995 3.96957102526376 47.1376421815169
0.107495 3.98812128941286 47.3133810175905
0.107995 4.00667155356195 47.4351642677791
0.108495 4.02522181771104 47.5559465315498
0.108995 4.04377208186012 47.7634366506835
0.109495 4.06232234600922 47.8782338410956
0.109995 4.08087261015831 47.990079936815
0.110495 4.0994228743074 48.1553891380228
0.110995 4.11797313845648 48.4087052702305
0.111495 4.13652340260558 48.4723057907889
0.111995 4.15507366675467 48.603582969617
0.112495 4.17362393090376 48.7885691672099
0.112995 4.19217419505285 48.9237268337462
0.113495 4.21072445920194 49.0552375854481
0.113995 4.22927472335103 49.165758323431
0.114495 4.24782498750012 49.3791054410766
0.114995 4.26637525164921 49.5023405017334
0.115495 4.2849255157983 49.6106658054248
0.115995 4.30347577994739 49.767120423936
0.116495 4.32202604409648 49.9276855697186
0.116995 4.34057630824557 50.1134540872531
0.117495 4.35912657239466 50.2509122255914
0.117995 4.37767683654375 50.3297163623527
0.118495 4.39622710069284 50.4906022557353
0.118995 4.41477736484193 50.5335405276345
0.119495 4.43332762899101 50.7597143533784
0.119995 4.45187789314011 50.8594935466338
0.120495 4.47042815728919 51.0782931029458
0.120995 4.48897842143829 51.1609306475886
0.121495 4.50752868558738 51.3009714533253
0.121995 4.52607894973647 51.4920600789269
0.122495 4.54462921388555 51.4959930917012
0.122995 4.56317947803465 51.7218428781633
0.123495 4.58172974218373 51.9122236660728
0.123995 4.60028000633283 51.9143030892769
0.124495 4.61883027048191 52.1669482585399
0.124995 4.63738053463101 52.2381493472106
0.125495 4.6559307987801 52.388611483527
0.125995 4.67448106292919 52.5050539353013
0.126495 4.69303132707827 52.6058292808127
0.126995 4.71158159122737 52.7976598350055
0.127495 4.73013185537646 52.8635531502799
0.127995 4.74868211952555 53.0698530464778
0.128495 4.76723238367464 53.1727401281613
0.128995 4.78578264782373 53.3165399158462
0.129495 4.80433291197282 53.4289677220835
0.129995 4.82288317612191 53.5048781831707
0.130495 4.841433440271 53.6853589131694
0.130995 4.85998370442009 53.738052274111
0.131495 4.87853396856918 53.8876753507024
0.131995 4.89708423271827 54.0075246824936
0.132495 4.91563449686736 54.1537971476837
0.132995 4.93418476101644 54.3503562453583
0.133495 4.95273502516554 54.4064582830214
0.133995 4.97128528931462 54.5201318196301
0.134495 4.98983555346372 54.6383509598273
0.134995 5.00838581761281 54.7666649534644
0.135495 5.0269360817619 54.92979009946
0.135995 5.04548634591098 54.9583221290335
0.136495 5.06403661006008 55.1657484981887
0.136995 5.08258687420916 55.2311288267232
0.137495 5.10113713835826 55.3220342016515
0.137995 5.11968740250734 55.4743015253676
0.138495 5.13823766665644 55.585815583844
0.138995 5.15678793080553 55.718310010123
0.139495 5.17533819495462 55.7750833975281
0.139995 5.1938884591037 55.9673031729944
0.140495 5.2124387232528 55.9952373578316
0.140995 5.23098898740189 56.1576074517865
0.141495 5.24953925155098 56.2785446537568
0.141995 5.26808951570007 56.4801518535148
0.142495 5.28663977984916 56.5264850273482
0.142995 5.30519004399825 56.5786345493167
0.143495 5.32374030814734 56.7956091175564
0.143995 5.34229057229643 56.811263505794
0.144495 5.36084083644552 57.0148846619448
0.144995 5.37939110059461 57.0022200392661
0.145495 5.3979413647437 57.2498132284359
0.145995 5.41649162889279 57.2946854227148
0.146495 5.43504189304188 57.4421740280069
0.146995 5.45359215719097 57.4878202588546
0.147495 5.47214242134006 57.6536625786058
0.147995 5.49069268548915 57.6936340686394
0.148495 5.50924294963824 57.8491814896599
0.148995 5.52779321378733 57.945934838294
0.149495 5.54634347793642 58.0457734327307
0.149995 5.56489374208551 58.1439981276748
0.150495 5.5834440062346 58.2068109911578
0.150995 5.60199427038369 58.3693522674379
0.151495 5.62054453453277 58.4398700588147
0.151995 5.63909479868187 58.5695047148623
0.152495 5.65764506283096 58.6538666849159
0.152995 5.67619532698005 58.8620412455761
0.153495 5.69474559112913 58.8285713477529
0.153995 5.71329585527823 58.9490856083331
0.154495 5.73184611942731 59.0696409594254
0.154995 5.75039638357641 59.1690337438704
0.155495 5.76894664772549 59.2827763312402
0.155995 5.78749691187459 59.3674664960219
0.156495 5.80604717602368 59.4694650491459
0.156995 5.82459744017277 59.529090192367
0.157495 5.84314770432185 59.7191251298212
0.157995 5.86169796847095 59.7592767963953
0.158495 5.88024823262004 59.8870014842799
0.158995 5.89879849676913 59.9681387685301
0.159495 5.91734876091821 60.0067204863263
0.159995 5.93589902506731 60.0963573824526
0.160495 5.9544492892164 60.2263825748241
0.160995 5.97299955336549 60.3257010260012
0.161495 5.99154981751458 60.4267149730777
0.161995 6.01010008166367 60.5161934271427
0.162495 6.02865034581276 60.5792253091148
0.162995 6.04720060996185 60.6876501937797
0.163495 6.06575087411094 60.804188007623
0.163995 6.08430113826003 60.824841988776
0.164495 6.10285140240912 60.9410099525431
0.164995 6.1214016665582 60.94984042206
0.165495 6.1399519307073 61.1528475465736
0.165995 6.15850219485639 61.2313363682194
0.166495 6.17705245900548 61.3112942095814
0.166995 6.19560272315456 61.4469093941686
0.167495 6.21415298730366 61.5244513056174
0.167995 6.23270325145274 61.5950454614813
0.168495 6.25125351560184 61.6530764803834
0.168995 6.26980377975092 61.6946692492258
0.169495 6.28835404390002 61.8317567935842
0.169995 6.30690430804911 61.8914927048775
0.170495 6.3254545721982 62.0257447652273
0.170995 6.34400483634728 62.0602973455496
0.171495 6.36255510049638 62.2028480541702
0.171995 6.38110536464547 62.2036507335072
0.172495 6.39965562879456 62.2745100268623
0.172995 6.41820589294364 62.4399647191062
0.173495 6.43675615709274 62.4750666869288
0.173995 6.45530642124183 62.6325546525825
0.174495 6.47385668539092 62.6514749856976
0.174995 6.49240694954 62.734966580591
0.175495 6.5109572136891 62.8648417446811
0.175995 6.52950747783819 62.8076785826661
0.176495 6.54805774198728 63.0154844275186
0.176995 6.56660800613637 63.0776930534187
0.177495 6.58515827028546 63.1277568656163
0.177995 6.60370853443455 63.2530112215442
0.178495 6.62225879858364 63.2861104960782
0.178995 6.64080906273272 63.3292803488836
0.179495 6.65935932688182 63.4238296768693
0.179995 6.67790959103091 63.5908630059824
0.180495 6.69645985518 63.5433196868852
0.180995 6.71501011932909 63.6768530629544
0.181495 6.73356038347818 63.7570190052281
0.181995 6.75211064762727 63.8166155808269
0.182495 6.77066091177636 63.9275751388744
0.182995 6.78921117592545 63.9685467147188
0.183495 6.80776144007454 63.9890497302454
0.183995 6.82631170422363 64.0939674967739
0.184495 6.84486196837271 64.1989674418886
0.184995 6.86341223252181 64.2440889077976
0.185495 6.88196249667089 64.3765823847917
0.185995 6.90051276081999 64.4032854720365
0.186495 6.91906302496907 64.5203466852931
0.186995 6.93761328911817 64.578238162609
0.187495 6.95616355326726 64.6097118709589
0.187995 6.97471381741635 64.744713399151
0.188495 6.99326408156543 64.7855919580116
0.188995 7.01181434571453 64.7687239551629
0.189495 7.03036460986362 64.9579550823436
0.189995 7.04891487401271 64.9303958778083
0.190495 7.06746513816179 65.0292672155785
0.190995 7.08601540231089 65.1512607865374
0.191495 7.10456566645998 65.1834886289102
0.191995 7.12311593060907 65.2111760509692
0.192495 7.14166619475815 65.3367125820478
0.192995 7.16021645890725 65.3852602011304
0.193495 7.17876672305634 65.3883700916091
0.193995 7.19731698720543 65.5131234778693
0.194495 7.21586725135452 65.5828370048996
0.194995 7.23441751550361 65.6779910750368
0.195495 7.2529677796527 65.7139037667639
0.195995 7.27151804380179 65.7708993622876
0.196495 7.29006830795088 65.8603551143602
0.196995 7.30861857209997 65.9239613803737
0.197495 7.32716883624906 65.98946753178
0.197995 7.34571910039814 66.0508110505055
0.198495 7.36426936454724 66.1202250707969
0.198995 7.38281962869632 66.1275293900354
0.199495 7.40136989284542 66.2751183677926
0.199995 7.4199201569945 66.3279535394817
0.200495 7.4384704211436 66.4353197058252
0.200995 7.45702068529269 66.4061431494297
0.201495 7.47557094944178 66.4358270849011
0.201995 7.49412121359086 66.5750074833386
0.202495 7.51267147773996 66.6838837381473
0.202995 7.53122174188905 66.7432562382442
0.203495 7.54977200603814 66.8104834630745
0.203995 7.56832227018722 66.8514249164996
0.204495 7.58687253433632 66.8433586713958
0.204995 7.60542279848541 66.8472115391223
0.205495 7.6239730626345 66.9564465501134
0.205995 7.64252332678358 67.103253313175
0.206495 7.66107359093268 67.0909017776407
0.206995 7.67962385508177 67.1671911538486
0.207495 7.69817411923086 67.2219283690743
0.207995 7.71672438337995 67.2416326579724
0.208495 7.73527464752904 67.3406845520053
0.208995 7.75382491167813 67.437189361645
0.209495 7.77237517582722 67.5205494941836
0.209995 7.7909254399763 67.61142852296
0.210495 7.8094757041254 67.622632049068
0.210995 7.82802596827449 67.6567938859839
0.211495 7.84657623242358 67.7903344100823
0.211995 7.86512649657266 67.7820396692909
0.212495 7.88367676072176 67.8351148107157
0.212995 7.90222702487085 67.8676650682398
0.213495 7.92077728901994 67.9652988107582
0.213995 7.93932755316903 68.0801682051259
0.214495 7.95787781731812 68.1117823842461
0.214995 7.97642808146721 68.1382099596196
0.215495 7.99497834561629 68.1867946517725
0.215995 8.01352860976539 68.300104057672
0.216495 8.03207887391448 68.3469273316773
0.216995 8.05062913806357 68.3749105714259
0.217495 8.06917940221265 68.5377961856725
0.217995 8.08772966636175 68.5150799448344
0.218495 8.10627993051084 68.5017330827853
0.218995 8.12483019465993 68.6424606764206
0.219495 8.14338045880901 68.6139331816754
0.219995 8.16193072295811 68.7398851488871
0.220495 8.1804809871072 68.8085238767144
0.220995 8.19903125125629 68.8412029827365
0.221495 8.21758151540537 68.9151954078585
0.221995 8.23613177955447 68.9446101450981
0.222495 8.25468204370356 69.1250411375408
0.222995 8.27323230785265 69.0746384758043
0.223495 8.29178257200173 69.0395640090918
0.223995 8.31033283615083 69.3417004953142
0.224495 8.32888310029992 69.3354719223345
0.224995 8.34743336444901 69.2478575360104
0.225495 8.36598362859809 69.2539210597183
0.225995 8.38453389274719 69.369859813179
0.226495 8.40308415689628 69.5232915376124
0.226995 8.42163442104536 69.5575743156954
0.227495 8.44018468519446 69.6792016358071
0.227995 8.45873494934355 69.5992550314209
0.228495 8.47728521349264 69.7172748474706
0.228995 8.49583547764172 69.9031850313896
0.229495 8.51438574179082 69.9855985183206
0.229995 8.53293600593991 69.9448395810608
0.230495 8.551486270089 69.8369034072963
0.230995 8.57003653423808 70.0479747046208
0.231495 8.58858679838718 70.1249229391698
0.231995 8.60713706253627 70.0966485729449
0.232495 8.62568732668536 70.1032925857222
0.232995 8.64423759083444 70.2485744549567
0.233495 8.66278785498354 70.3815356128457
0.233995 8.68133811913263 70.4587946040903
0.234495 8.69988838328172 70.4126198710427
0.234995 8.7184386474308 70.5669513471272
0.235495 8.7369889115799 70.5365867682329
0.235995 8.75553917572899 70.6141730882954
0.236495 8.77408943987808 70.6980656338999
0.236995 8.79263970402716 70.8374643881217
0.237495 8.81118996817626 70.7642039825059
0.237995 8.82974023232535 70.8675260729415
0.238495 8.84829049647444 70.8776589395159
0.238995 8.86684076062352 70.8591401072798
0.239495 8.88539102477262 71.0317669565972
0.239995 8.90394128892171 71.0376140914489
0.240495 8.9224915530708 71.2427609709105
0.240995 8.94104181721988 71.2851428621108
0.241495 8.95959208136898 71.2267242947379
0.241995 8.97814234551807 71.2223357151315
0.242495 8.99669260966716 71.4167189166493
0.242995 9.01524287381624 71.5133636964813
0.243495 9.03379313796534 71.5462371681804
0.243995 9.05234340211443 71.5188629607678
0.244495 9.07089366626352 71.5500132373558
0.244995 9.08944393041261 71.6598858469795
0.245495 9.1079941945617 71.7331901756988
0.245995 9.12654445871079 71.8093898287494
0.246495 9.14509472285988 71.8052068615859
0.246995 9.16364498700897 71.8049245220144
0.247495 9.18219525115805 72.0354147128868
0.247995 9.20074551530715 72.1688693918662
0.248495 9.21929577945624 72.2306335130895
0.248995 9.23784604360533 72.1273292029201
0.249495 9.25639630775442 72.1174839443972
0.249995 9.27494657190351 72.3923872746158
0.250495 9.29349683605259 72.2857790279158
0.250995 9.31204710020169 72.4948394098665
0.251495 9.33059736435078 72.3041252076027
0.251995 9.34914762849987 72.4542975039534
0.252495 9.36769789264895 72.612356319395
0.252995 9.38624815679805 72.8550105359917
0.253495 9.40479842094714 72.7369578689887
0.253995 9.42334868509623 72.8682751969039
0.254495 9.44189894924532 72.979416493061
0.254995 9.46044921339441 72.8366465577036
0.255495 9.4789994775435 73.2135983951185
0.255995 9.49754974169259 73.056953669389
0.256495 9.51610000584167 73.1707297390202
0.256995 9.53465026999077 73.1836580162822
0.257495 9.55320053413986 73.3733513918599
0.257995 9.57175079828895 73.151621651694
0.258495 9.59030106243803 73.3100092853785
0.258995 9.60885132658712 73.5516210980093
0.259495 9.62740159073622 73.7569465754566
0.259995 9.64595185488531 73.6763746583658
0.260495 9.66450211903439 73.6627695203929
0.260995 9.68305238318348 73.5449146787619
0.261495 9.70160264733258 73.7374553310908
0.261995 9.72015291148167 73.9250612377401
0.262495 9.73870317563075 74.0123051340031
0.262995 9.75725343977985 74.0604444429683
0.263495 9.77580370392894 73.9656887898706
0.263995 9.79435396807802 74.0253837132428
0.264495 9.81290423222712 74.1784245885201
0.264995 9.8314544963762 74.1119160445679
0.265495 9.8500047605253 74.1988317443992
0.265995 9.86855502467438 74.2839056281868
0.266495 9.88710528882348 74.4491639144109
0.266995 9.90565555297257 74.4906543292817
0.267495 9.92420581712166 74.8448618371024
0.267995 9.94275608127074 74.4824612286598
0.268495 9.96130634541984 74.9197824477963
0.268995 9.97985660956892 74.8540990387206
0.269495 9.99840687371802 75.0016182975256
0.269995 10.0169571378671 74.8474586149715
0.270495 10.0355074020162 74.959226027225
0.270995 10.0540576661653 75.1141234036934
0.271495 10.0726079303144 75.4058618703425
0.271995 10.0911581944635 75.3019561578979
0.272495 10.1097084586126 75.3395258144954
0.272995 10.1282587227616 75.4191980226728
0.273495 10.1468089869107 75.3452482611669
0.273995 10.1653592510598 75.7024564847933
0.274495 10.1839095152089 75.775114095562
0.274995 10.202459779358 75.7634422937887
0.275495 10.2210100435071 75.907269929491
0.275995 10.2395603076562 76.09663927271
0.276495 10.2581105718053 76.1124926597941
0.276995 10.2766608359544 76.0988594324477
0.277495 10.2952111001035 76.201742262615
0.277995 10.3137613642525 76.3106619678759
0.278495 10.3323116284016 76.7088158384263
0.278995 10.3508618925507 76.4657224459994
0.279495 10.3694121566998 76.6641003901762
0.279995 10.3879624208489 76.7817521446042
0.280495 10.406512684998 76.3881195619455
0.280995 10.4250629491471 77.1868451144324
0.281495 10.4436132132962 77.1328387938395
0.281995 10.4621634774453 76.8374042602659
0.282495 10.4807137415944 77.0339600163236
0.282995 10.4992640057434 77.1144851279234
0.283495 10.5178142698925 77.247573266781
0.283995 10.5363645340416 77.3774822535537
0.284495 10.5549147981907 77.4596451088374
0.284995 10.5734650623398 77.461424349681
0.285495 10.5920153264889 77.639035697452
0.285995 10.610565590638 77.6972876880786
0.286495 10.6291158547871 78.0078841392114
0.286995 10.6476661189362 77.9764869728663
0.287495 10.6662163830853 78.1050378956278
0.287995 10.6847666472343 77.8973107429345
0.288495 10.7033169113834 78.3714535004441
0.288995 10.7218671755325 78.4730753075009
0.289495 10.7404174396816 78.5226626153332
0.289995 10.7589677038307 78.6363941245531
0.290495 10.7775179679798 78.8612247535471
0.290995 10.7960682321289 79.1782492730857
0.291495 10.814618496278 79.1939697788976
0.291995 10.8331687604271 78.8894859786637
0.292495 10.8517190245762 78.9964091122258
0.292995 10.8702692887252 79.3743783827587
0.293495 10.8888195528743 79.7119930641355
0.293995 10.9073698170234 79.6300662874618
0.294495 10.9259200811725 79.898717830602
0.294995 10.9444703453216 79.9607430981108
0.295495 10.9630206094707 79.9564277243987
0.295995 10.9815708736198 80.2131163645678
0.296495 11.0001211377689 80.1234158585956
0.296995 11.018671401918 80.5429564895257
0.297495 11.0372216660671 80.6978632851713
0.297995 11.0557719302161 80.7575783329852
0.298495 11.0743221943652 80.8735489569896
0.298995 11.0928724585143 80.643048073324
0.299495 11.1114227226634 81.0019213694453
0.299995 11.1299729868125 80.8870147810332
0.300495 11.1485232509616 80.925134704387
0.300995 11.1670735151107 81.2459229687405
0.301495 11.1856237792598 81.3510279717628
0.301995 11.2041740434089 82.0177962698478
0.302495 11.222724307558 81.725941722049
0.302995 11.241274571707 82.1859250261094
0.303495 11.2598248358561 82.3651396423537
0.303995 11.2783751000052 82.4063133143626
0.304495 11.2969253641543 82.7915689364903
0.304995 11.3154756283034 82.4824467163189
0.305495 11.3340258924525 83.0517746488699
0.305995 11.3525761566016 83.320725290937
0.306495 11.3711264207507 83.3221741382059
0.306995 11.3896766848998 83.2698294653339
0.307495 11.4082269490489 83.8420404931095
0.307995 11.4267772131979 84.2933898552957
0.308495 11.445327477347 83.7662531136259
0.308995 11.4638777414961 84.3689181483234
0.309495 11.4824280056452 84.1130816493852
0.309995 11.5009782697943 84.062859763526
0.310495 11.5195285339434 84.8026443091771
0.310995 11.5380787980925 85.1167539592261
0.311495 11.5566290622416 85.2178046547301
0.311995 11.5751793263907 84.9034668042544
0.312495 11.5937295905398 85.9879925001953
0.312995 11.6122798546888 85.515558111952
0.313495 11.6308301188379 86.135142457679
0.313995 11.649380382987 85.9705011627125
0.314495 11.6679306471361 86.0371412254561
0.314995 11.6864809112852 86.746164062012
0.315495 11.7050311754343 86.8078392948195
0.315995 11.7235814395834 87.2167564001063
0.316495 11.7421317037325 87.2443771338634
0.316995 11.7606819678816 87.3623442961512
0.317495 11.7792322320307 87.9773380075601
0.317995 11.7977824961797 88.0754300918558
0.318495 11.8163327603288 88.0318211408287
0.318995 11.8348830244779 88.08257508079
0.319495 11.853433288627 88.7864200996691
0.319995 11.8719835527761 89.0946119554998
0.320495 11.8905338169252 88.9001269568323
0.320995 11.9090840810743 89.2773616856338
0.321495 11.9276343452234 89.4795285361542
0.321995 11.9461846093725 89.6084526606772
0.322495 11.9647348735216 90.3095532196518
0.322995 11.9832851376706 90.2011267160334
0.323495 12.0018354018197 90.8192976278147
0.323995 12.0203856659688 90.911572793791
0.324495 12.0389359301179 91.2759508907557
0.324995 12.057486194267 91.393706381653
0.325495 12.0760364584161 91.6898331394221
0.325995 12.0945867225652 91.6100765044657
0.326495 12.1131369867143 92.3632248120437
0.326995 12.1316872508634 92.8292335835704
0.327495 12.1502375150125 92.788681971575
0.327995 12.1687877791615 92.9952048196439
0.328495 12.1873380433106 93.1776038604905
0.328995 12.2058883074597 93.9139122448118
0.329495 12.2244385716088 93.8314581476683
0.329995 12.2429888357579 94.4875941226667
0.330495 12.261539099907 94.6982366181805
0.330995 12.2800893640561 95.1490483084243
0.331495 12.2986396282052 94.6569867509564
0.331995 12.3171898923543 95.9589959641838
0.332495 12.3357401565034 95.5470945611148
0.332995 12.3542904206525 96.2644380025612
0.333495 12.3728406848015 96.1626004966836
0.333995 12.3913909489506 97.0790573298774
0.334495 12.4099412130997 97.5506322105546
0.334995 12.4284914772488 97.2402959968368
0.335495 12.4470417413979 97.6157286062807
0.335995 12.465592005547 98.1147299057277
0.336495 12.4841422696961 98.3340727217957
0.336995 12.5026925338452 98.5492070364904
0.337495 12.5212427979943 99.4290723985612
0.337995 12.5397930621433 99.0847852724643
0.338495 12.5583433262924 100.181313879102
0.338995 12.5768935904415 100.153995773028
0.339495 12.5954438545906 100.438770376582
0.339995 12.6139941187397 100.60021450366
0.340495 12.6325443828888 101.219668024446
0.340995 12.6510946470379 101.303377533171
0.341495 12.669644911187 101.981981298361
0.341995 12.6881951753361 101.574840270865
0.342495 12.7067454394852 102.450136928831
0.342995 12.7252957036342 102.92359207755
0.343495 12.7438459677833 103.476746177892
0.343995 12.7623962319324 103.490632109302
0.344495 12.7809464960815 103.83739802314
0.344995 12.7994967602306 104.321084163389
0.345495 12.8180470243797 104.336913402677
0.345995 12.8365972885288 104.980705326375
0.346495 12.8551475526779 105.669792305115
0.346995 12.873697816827 105.458980400664
0.347495 12.8922480809761 106.356265996762
0.347995 12.9107983451251 106.182455938597
0.348495 12.9293486092742 106.788512829778
0.348995 12.9478988734233 107.074876089828
0.349495 12.9664491375724 107.621665584479
0.349995 12.9849994017215 108.151821919976
0.350495 13.0035496658706 108.413364508941
0.350995 13.0220999300197 108.599325166083
0.351495 13.0406501941688 108.571656769149
0.351995 13.0592004583179 109.633637731565
0.352495 13.077750722467 110.25933400982
0.352995 13.096300986616 109.86127865574
0.353495 13.1148512507651 110.741858988367
0.353995 13.1334015149142 110.886925406122
0.354495 13.1519517790633 111.268703892702
0.354995 13.1705020432124 111.89351944281
0.355495 13.1890523073615 111.594067048368
0.355995 13.2076025715106 112.839586173345
0.356495 13.2261528356597 112.982026548584
0.356995 13.2447030998088 113.156793654871
0.357495 13.2632533639579 113.550853856879
0.357995 13.2818036281069 114.185141514024
0.358495 13.300353892256 114.447555113294
0.358995 13.3189041564051 114.537343706184
0.359495 13.3374544205542 115.833376209159
0.359995 13.3560046847033 116.027639158458
0.360495 13.3745549488524 116.122005145687
0.360995 13.3931052130015 116.478804110736
0.361495 13.4116554771506 116.760871630048
0.361995 13.4302057412997 117.301912215786
0.362495 13.4487560054488 117.87330239238
0.362995 13.4673062695978 118.150967120512
0.363495 13.4858565337469 118.288679530528
0.363995 13.504406797896 118.998097375831
0.364495 13.5229570620451 119.331074553313
0.364995 13.5415073261942 120.059670167947
0.365495 13.5600575903433 120.951621099962
0.365995 13.5786078544924 120.630651329799
0.366495 13.5971581186415 121.103893945046
0.366995 13.6157083827906 121.934430215966
0.367495 13.6342586469397 122.320493423992
0.367995 13.6528089110887 122.854695344951
0.368495 13.6713591752378 123.527561458258
0.368995 13.6899094393869 123.712364538275
0.369495 13.708459703536 123.809886828351
0.369995 13.7270099676851 124.534941952181
0.370495 13.7455602318342 125.064639872201
0.370995 13.7641104959833 125.581558405552
0.371495 13.7826607601324 126.198860973092
0.371995 13.8012110242815 126.691336769128
0.372495 13.8197612884306 127.359198295615
0.372995 13.8383115525796 127.982321345836
0.373495 13.8568618167287 127.990544449315
0.373995 13.8754120808778 128.622881678035
0.374495 13.8939623450269 128.833301145969
0.374995 13.912512609176 129.624445680275
0.375495 13.9310628733251 129.868842538943
0.375995 13.9496131374742 130.617076658059
0.376495 13.9681634016233 130.817593783293
0.376995 13.9867136657724 131.764200174449
0.377495 14.0052639299215 132.15727064956
0.377995 14.0238141940705 132.84045627427
0.378495 14.0423644582196 133.53520718656
0.378995 14.0609147223687 133.880434675844
0.379495 14.0794649865178 134.272551613154
0.379995 14.0980152506669 134.972706052896
0.380495 14.116565514816 135.574012730103
0.380995 14.1351157789651 136.342699783148
0.381495 14.1536660431142 137.064173586696
0.381995 14.1722163072633 137.711740805611
0.382495 14.1907665714124 138.298141835919
0.382995 14.2093168355614 138.099803634488
0.383495 14.2278670997105 138.712974753632
0.383995 14.2464173638596 139.350572979728
0.384495 14.2649676280087 140.219479473313
0.384995 14.2835178921578 140.516056192878
0.385495 14.3020681563069 141.490666087115
0.385995 14.320618420456 141.759123229194
0.386495 14.3391686846051 142.217278164701
0.386995 14.3577189487542 142.774594335276
0.387495 14.3762692129033 143.361153483601
0.387995 14.3948194770523 144.069298399669
0.388495 14.4133697412014 144.698036287637
0.388995 14.4319200053505 145.406994329896
0.389495 14.4504702694996 145.879698218451
0.389995 14.4690205336487 146.85789803419
0.390495 14.4875707977978 143.96090867213
0.390995 14.5061210619469 133.2139282848
0.391495 14.524671326096 120.687545333938
0.391995 14.5432215902451 110.56572402211
0.392495 14.5617718543942 101.735585167638
0.392995 14.5803221185432 93.562164166299
0.393495 14.5988723826923 86.4320792900023
0.393995 14.6174226468414 79.2216169882559
0.394495 14.6359729109905 73.4260626868554
0.394995 14.6545231751396 68.1268610185086
0.395495 14.6730734392887 62.8984168319665
0.395995 14.6916237034378 58.2953998261523
0.396495 14.7101739675869 54.3542766932348
0.396995 14.728724231736 50.9736069323935
0.397495 14.7472744958851 48.4087291133696
0.397995 14.7658247600341 46.3751415845602
0.398495 14.7843750241832 44.8676168721785
0.398995 14.8029252883323 43.4086217286723
0.399495 14.8214755524814 41.9745222655657
0.399995 14.8400258166305 40.5907219076792
0.400495 14.8585760807796 39.2393173845698
0.400995 14.8771263449287 37.9539375623953
0.401495 14.8956766090778 36.7413521547628
0.401995 14.9142268732269 35.5508949404294
0.402495 14.932777137376 34.3989917857821
0.402995 14.951327401525 33.2917107043293
0.403495 14.9698776656741 32.2442683629548
0.403995 14.9884279298232 31.2249673694315
0.404495 15.0069781939723 30.2065355896173
0.404995 15.0255284581214 29.2010075971533
0.405495 15.0440787222705 28.1423720228099
0.405995 15.0626289864196 26.8983872635451
0.406495 15.0811792505687 25.5391791119284
0.406995 15.0997295147178 24.0429271768509
0.407495 15.1182797788669 22.4189158379622
0.407995 15.1368300430159 20.6729058418248
0.408495 15.155380307165 18.8098981253286
0.408995 15.1739305713141 16.8182477839859
0.409495 15.1924808354632 14.6932025926311
0.409995 15.2110310996123 12.4245872037194
0.410495 15.2295813637614 9.9925548293776
0.410995 15.2481316279105 7.44015864491931
0.411495 15.2666818920596 5.12486996076419
0.411995 15.2852321562087 3.00317914284855
0.412495 15.3037824203578 0.865155034810181
0.412995 15.3223326845068 -1.26499945485728
0.413495 15.3408829486559 -3.59380045133945
0.413995 15.359433212805 -6.21134583873986
0.414495 15.3779834769541 -9.10142197271744
0.414995 15.3965337411032 -12.2313268759941
0.415495 15.4150840052523 -15.5732598262483
0.415995 15.4336342694014 -19.0820346044915
0.416495 15.4521845335505 -22.6572979805765
0.416995 15.4707347976996 -26.135707875635
0.417495 15.4892850618487 -29.1473848540184
0.417995 15.5078353259978 -31.107950226095
0.418495 15.5263855901468 -30.9275704205131
0.418995 15.5449358542959 -27.9970282032416
0.419495 15.563486118445 -16.2857796427168
0.419995 15.5820363825941 -10.6794506712394
0.420495 15.6005866467432 -7.43215631223162
0.420995 15.6191369108923 -4.4258433834117
0.421495 15.6376871750414 -2.93952690693545
0.421995 15.6562374391905 -1.02807954317815
0.422495 15.6747877033396 -0.234498594351393
0.422995 15.6933379674886 -0.810225150887929
0.423495 15.7118882316377 -1.55158986091055
0.423995 15.7304384957868 -1.26989095058103
0.424495 15.7489887599359 -0.981667934871225
0.424995 15.767539024085 -0.741639049374952
0.425495 15.7860892882341 -0.0819780832054055
0.425995 15.8046395523832 1.08846978187468
0.426495 15.8231898165323 2.74423946915283
0.426995 15.8417400806814 4.30458590742001
0.427495 15.8602903448305 5.99359970110453
0.427995 15.8788406089795 7.73299371603884
0.428495 15.8973908731286 8.87440627325354
0.428995 15.9159411372777 10.0390179065879
0.429495 15.9344914014268 10.0000160797603
0.429995 15.9530416655759 9.71995195846322
0.430495 15.971591929725 9.42381060025886
0.430995 15.9901421938741 8.28788181764046
0.431495 16.0086924580232 7.32624206685825
0.431995 16.0272427221723 6.32992352243019
0.432495 16.0457929863214 5.27925842356452
0.432995 16.0643432504704 4.88669377666756
0.433495 16.0828935146195 4.01024571922296
0.433995 16.1014437787686 3.10687029344632
0.434495 16.1199940429177 2.58399706053445
0.434995 16.1385443070668 1.49105137288194
0.435495 16.1570945712159 0.257726551960915
0.435995 16.175644835365 -0.88589175134303
0.436495 16.1941950995141 -2.51835062036185
0.436995 16.2127453636632 -3.92370569446945
0.437495 16.2312956278123 -5.76099503476738
0.437995 16.2498458919613 -7.91839363937114
0.438495 16.2683961561104 -8.82280238296985
0.438995 16.2869464202595 -9.42856067692551
0.439495 16.3054966844086 -9.31150337322725
0.439995 16.3240469485577 -8.49148293190654
0.440495 16.3425972127068 -8.03125340831659
0.440995 16.3611474768559 -7.35902902108608
0.441495 16.379697741005 -6.43618979360127
0.441995 16.3982480051541 -5.67947892541418
0.442495 16.4167982693032 -5.14169785196016
0.442995 16.4353485334522 -4.81711567401373
0.443495 16.4538987976013 -4.0529633194102
0.443995 16.4724490617504 -2.97465975150468
0.444495 16.4909993258995 -1.93139673153968
0.444995 16.5095495900486 -0.639237886869251
0.445495 16.5280998541977 0.734632858933471
0.445995 16.5466501183468 2.06008078611231
0.446495 16.5652003824959 3.40013317305695
0.446995 16.583750646645 4.21925061549896
0.447495 16.6023009107941 4.71486538752386
0.447995 16.6208511749431 5.20130300798699
0.448495 16.6394014390922 5.37995583896597
0.448995 16.6579517032413 5.89502817773445
0.449495 16.6765019673904 6.12024021815572
0.449995 16.6950522315395 6.04238154581137
0.450495 16.7136024956886 6.14515391590023
0.450995 16.7321527598377 5.69343352460532
0.451495 16.7507030239868 5.7508759709824
0.451995 16.7692532881359 5.8148180040187
0.452495 16.787803552285 5.35366368727205
0.452995 16.8063538164341 4.79520624006725
0.453495 16.8249040805831 3.87214340576702
0.453995 16.8434543447322 2.79243734584751
0.454495 16.8620046088813 1.69495545177116
0.454995 16.8805548730304 0.138023640665602
0.455495 16.8991051371795 -1.11414403526611
0.455995 16.9176554013286 -2.52690997389575
0.456495 16.9362056654777 -3.84692254969597
0.456995 16.9547559296268 -4.51245794624931
0.457495 16.9733061937759 -4.97987576913523
0.457995 16.9918564579249 -5.54930343500129
0.458495 17.010406722074 -6.0374623937455
0.458995 17.0289569862231 -6.51133195356621
0.459495 17.0475072503722 -6.4940210300985
0.459995 17.0660575145213 -6.44461620286644
0.460495 17.0846077786704 -6.3610854833185
0.460995 17.1031580428195 -6.28624031901385
0.461495 17.1217083069686 -5.9872874126029
0.461995 17.1402585711177 -5.0829299028125
0.462495 17.1588088352668 -3.93170513491598
0.462995 17.1773590994158 -2.61429054982722
0.463495 17.1959093635649 -1.19974868484993
0.463995 17.214459627714 0.0809929945793363
0.464495 17.2330098918631 1.16877801925783
0.464995 17.2515601560122 2.11848318878683
0.465495 17.2701104201613 2.80334937596145
0.465995 17.2886606843104 3.34089746262839
0.466495 17.3072109484595 3.56922934008367
0.466995 17.3257612126086 3.91060402030122
0.467495 17.3443114767577 4.46776042629071
0.467995 17.3628617409067 4.71378428571228
0.468495 17.3814120050558 4.85164600452449
0.468995 17.3999622692049 4.79184147175247
0.469495 17.418512533354 4.85166198254749
0.469995 17.4370627975031 5.11554454485237
0.470495 17.4556130616522 4.86082178412053
0.470995 17.4741633258013 4.47257546944849
0.471495 17.4927135899504 3.83613565261118
0.471995 17.5112638540995 3.15301816004525
0.472495 17.5298141182486 2.50511913841222
0.472995 17.5483643823976 1.49517535096533
0.473495 17.5669146465467 0.633870139815095
0.473995 17.5854649106958 -0.263491699074644
0.474495 17.6040151748449 -1.29321726146144
0.474995 17.622565438994 -2.15920936163158
0.475495 17.6411157031431 -2.89747170109541
0.475995 17.6596659672922 -3.67841930876557
0.476495 17.6782162314413 -4.37614362445737
0.476995 17.6967664955904 -5.01298966695119
0.477495 17.7153167597395 -5.60604366536268
0.477995 17.7338670238885 -5.90380308693461
0.478495 17.7524172880376 -6.09583218682898
0.478995 17.7709675521867 -6.1882376267567
0.479495 17.7895178163358 -5.90563472474105
0.479995 17.8080680804849 -5.089474164845
0.480495 17.826618344634 -4.338510992961
0.480995 17.8451686087831 -3.36530818114151
0.481495 17.8637188729322 -2.2445800164541
0.481995 17.8822691370813 -1.21699827640214
0.482495 17.9008194012304 -0.387182431348759
0.482995 17.9193696653794 0.795683566072358
0.483495 17.9379199295285 1.50416478703734
0.483995 17.9564701936776 2.30754760482885
0.484495 17.9750204578267 2.90179120774486
0.484995 17.9935707219758 3.3784995353298
0.485495 18.0121209861249 4.02330581660455
0.485995 18.030671250274 4.35028645616191
0.486495 18.0492215144231 4.57655333568006
0.486995 18.0677717785722 4.82623470090786
0.487495 18.0863220427213 4.88229199042446
0.487995 18.1048723068704 5.02188622674517
0.488495 18.1234225710194 4.97814383040633
0.488995 18.1419728351685 4.54298231062942
0.489495 18.1605230993176 4.25566309734768
0.489995 18.1790733634667 3.70506275407039
0.490495 18.1976236276158 2.84544889916963
0.490995 18.2161738917649 2.19112140409621
0.491495 18.234724155914 1.4934987881414
0.491995 18.2532744200631 0.691259108936493
0.492495 18.2718246842122 -0.0578262682462109
0.492995 18.2903749483612 -1.0218719166272
0.493495 18.3089252125103 -1.634548191584
0.493995 18.3274754766594 -2.40555652200294
0.494495 18.3460257408085 -3.3458961161964
0.494995 18.3645760049576 -4.16720712099909
0.495495 18.3831262691067 -4.89073427699958
0.495995 18.4016765332558 -5.37292025417076
0.496495 18.4202267974049 -5.86833755054926
0.496995 18.438777061554 -6.22557573146981
0.497495 18.4573273257031 -6.31479676040793
0.497995 18.4758775898521 -5.94181616322806
0.498495 18.4944278540012 -5.4755511578688
0.498995 18.5129781181503 -4.75070070417664
0.499495 18.5315283822994 -3.8399998091122
0.499995 18.5500786464485 -3.099678449949
