# Fix print output for fix Step
0 0 0.700352935386439
0.000495000000000014 0.019445041596282 0.826755538411844
0.000995000000000139 0.0390864977541469 0.989313457213002
0.00149499999999998 0.0587279539120004 1.42500371758012
0.0019950000000001 0.0783694100698654 1.67211266036945
0.00249499999999994 0.0980108662277189 1.61029569498605
0.00299500000000006 0.117652322385584 1.9168942881591
0.00349500000000004 0.137293778543443 2.39982946548372
0.00399500000000002 0.156935234701302 2.28902055609864
0.004495 0.176576690859162 2.47526478326254
0.00499499999999998 0.196218147017021 2.99046753361455
0.00549500000000011 0.215859603174886 3.08211641189344
0.00599499999999995 0.235501059332739 3.18641096160537
0.00649500000000007 0.255142515490604 3.52656115669302
0.00699500000000005 0.274783971648463 3.74734866038513
0.00749500000000003 0.294425427806323 3.83211829661383
0.00799500000000001 0.314066883964182 4.03061579068677
0.00849499999999999 0.333708340122041 4.4571837506552
0.00899500000000012 0.353349796279906 4.54643339245016
0.00949499999999995 0.37299125243776 4.63307353871064
0.00999500000000008 0.392632708595625 5.02708231180724
0.0104950000000001 0.412274164753484 5.2260843268736
0.010995 0.431915620911343 5.22783295899794
0.011495 0.451557077069202 5.59305970606522
0.011995 0.471198533227062 5.92000152891584
0.0124950000000001 0.490839989384926 5.89708448796625
0.012995 0.51048144554278 6.10428858098913
0.0134950000000001 0.530122901700645 6.52359888661955
0.0139950000000001 0.549764357858504 6.57466745918193
0.014495 0.569405814016363 6.63180763022049
0.014995 0.589047270174223 7.08138593439536
0.015495 0.608688726332082 7.3384318116201
0.0159950000000001 0.628330182489947 7.26800008952859
0.016495 0.6479716386478 7.47114282897779
0.0169950000000001 0.667613094805665 7.91131666791886
0.0174949999999999 0.687254550963519 7.99571941935731
0.0179950000000001 0.706896007121384 8.04080153297717
0.018495 0.726537463279243 8.33940631450337
0.018995 0.746178919437102 8.58305871015466
0.019495 0.765820375594961 8.71580936338516
0.019995 0.785461831752821 8.97235254488647
0.0204950000000001 0.805103287910686 9.16647870216139
0.0209949999999999 0.824744744068539 9.2716538101857
0.0214950000000001 0.844386200226404 9.41756303797754
0.021995 0.864027656384263 9.75902795794775
0.022495 0.883669112542123 9.97339059706626
0.022995 0.903310568699982 10.0335809920721
0.023495 0.922952024857841 10.1947321133347
0.0239950000000001 0.942593481015706 10.3967495233468
0.024495 0.962234937173559 10.6086940562632
0.0249950000000001 0.981876393331424 10.7971973309311
0.0254950000000001 1.00151784948928 11.060807271568
0.025995 1.02115930564714 11.2572282334576
0.026495 1.040800761805 11.2780951736978
0.026995 1.06044221796286 11.4837360658866
0.0274950000000001 1.08008367412073 11.783844872068
0.027995 1.09972513027858 11.9579239293059
0.0284950000000001 1.11936658643644 12.1450104470381
0.0289950000000001 1.1390080425943 12.3139346431306
0.029495 1.15864949875216 12.4187345042486
0.029995 1.17829095491002 12.5895137894457
0.030495 1.19793241106788 12.805692875107
0.0309950000000001 1.21757386722575 13.0589330839588
0.031495 1.2372153233836 13.2002626028757
0.0319950000000001 1.25685677954147 13.3249271431583
0.0324950000000001 1.27649823569932 13.5692418735181
0.0329950000000001 1.29613969185718 13.7593900322201
0.033495 1.31578114801504 13.8088215944452
0.033995 1.3354226041729 14.0230508960473
0.034495 1.35506406033076 14.2506869980701
0.034995 1.37470551648862 14.4380801461196
0.0354950000000001 1.39434697264649 14.6346845316746
0.0359949999999999 1.41398842880434 14.8501670359411
0.0364950000000001 1.4336298849622 14.9936047731037
0.036995 1.45327134112006 15.1090084459848
0.037495 1.47291279727792 15.227988737833
0.037995 1.49255425343578 15.4240331103958
0.038495 1.51219570959364 15.5922640149913
0.0389950000000001 1.53183716575151 15.8102568753171
0.0394949999999999 1.55147862190936 15.9995240705137
0.0399950000000001 1.57112007806722 16.2003209907962
0.0404950000000001 1.59076153422508 16.3453838796585
0.040995 1.61040299038294 16.5290313473396
0.041495 1.6300444465408 16.7276090820475
0.041995 1.64968590269866 16.847575093401
0.0424950000000001 1.66932735885653 17.013699648034
0.042995 1.68896881501438 17.2411187529297
0.0434950000000001 1.70861027117224 17.4060555508444
0.0439950000000001 1.7282517273301 17.5160131841246
0.044495 1.74789318348796 17.6936626229486
0.044995 1.76753463964582 17.9036940817646
0.045495 1.78717609580368 17.989675576513
0.0459950000000001 1.80681755196155 18.118647803436
0.046495 1.8264590081194 18.3335870406504
0.0469950000000001 1.84610046427726 18.5272584939743
0.0474950000000001 1.86574192043512 18.6226895682033
0.0479950000000001 1.88538337659298 18.8347479425731
0.048495 1.90502483275084 19.0382405115015
0.048995 1.9246662889087 19.1333141671088
0.0494950000000001 1.94430774506657 19.3004285490199
0.049995 1.96394920122442 19.5114595630731
0.0504950000000001 1.98359065738229 19.6863395077362
0.0509949999999999 2.00323211354014 19.8186004255336
0.0514950000000001 2.022873569698 20.0524009337562
0.051995 2.04251502585586 20.211853353252
0.052495 2.06215648201372 20.3608129464469
0.052995 2.08179793817158 20.4908761878607
0.053495 2.10143939432944 20.6911270729575
0.0539950000000001 2.12108085048731 20.8444645490893
0.0544949999999999 2.14072230664516 20.9901486487542
0.0549950000000001 2.16036376280302 21.1748996829527
0.0554950000000001 2.18000521896088 21.3210288973752
0.055995 2.19964667511874 21.4864132005983
0.056495 2.2192881312766 21.6337606106638
0.056995 2.23892958743446 21.7807821647025
0.0574950000000001 2.25857104359233 21.9347589119295
0.057995 2.27821249975018 22.0681400816619
0.0584950000000001 2.29785395590804 22.2390356673001
0.0589950000000001 2.3174954120659 22.3987354217308
0.059495 2.33713686822376 22.5268333043378
0.059995 2.35677832438162 22.6950403912589
0.060495 2.37641978053948 22.8701562947011
0.0609950000000001 2.39606123669735 22.9721469368073
0.061495 2.4157026928552 23.1580891572003
0.0619950000000001 2.43534414901306 23.3467623947046
0.0624950000000001 2.45498560517092 23.4824269971163
0.0629950000000001 2.47462706132878 23.6531749802193
0.063495 2.49426851748664 23.7981401684133
0.063995 2.5139099736445 23.9566366634501
0.0644950000000001 2.53355142980237 24.1009340111823
0.064995 2.55319288596022 24.2458359924342
0.0654950000000001 2.57283434211809 24.4240861470812
0.0659949999999999 2.59247579827594 24.5662548933017
0.0664950000000001 2.6121172544338 24.7038736362178
0.066995 2.63175871059166 24.8342124599464
0.067495 2.65140016674952 24.9926438444312
0.0679950000000002 2.67104162290739 25.1392530337406
0.068495 2.69068307906524 25.2646292285738
0.0689950000000001 2.71032453522311 25.4185146396346
0.0694949999999999 2.72996599138096 25.5970328194127
0.0699950000000001 2.74960744753882 25.6798809923305
0.070495 2.76924890369668 25.8447481197552
0.070995 2.78889035985454 26.0138435276863
0.071495 2.8085318160124 26.117278663861
0.071995 2.82817327217026 26.2523110030245
0.0724950000000001 2.84781472832813 26.4558646063976
0.0729949999999999 2.86745618448598 26.5923607636356
0.0734950000000001 2.88709764064384 26.7147802117143
0.0739950000000001 2.9067390968017 26.899052918268
0.074495 2.92638055295956 27.0598067930647
0.074995 2.94602200911742 27.1472885217298
0.075495 2.96566346527528 27.2612572660463
0.0759950000000001 2.98530492143315 27.4573169527614
0.076495 3.004946377591 27.5688739807654
0.0769950000000001 3.02458783374886 27.6830058179772
0.0774949999999999 3.04422928990672 27.8385095855135
0.0779950000000001 3.06387074606458 27.9999786579399
0.078495 3.08351220222244 28.0865251335388
0.078995 3.1031536583803 28.2169649078488
0.0794950000000001 3.12279511453817 28.387390215612
0.079995 3.14243657069602 28.540073284566
0.0804950000000001 3.16207802685389 28.6761381153492
0.0809949999999999 3.18171948301174 28.844065099587
0.0814950000000001 3.2013609391696 28.9983635764391
0.081995 3.22100239532746 29.1030146404903
0.082495 3.24064385148532 29.2430639898251
0.082995 3.26028530764318 29.3813427081728
0.083495 3.27992676380104 29.4736061450046
0.0839950000000001 3.29956821995891 29.5640310772388
0.0844949999999999 3.31920967611676 29.7175449807919
0.0849950000000001 3.33885113227462 29.8695457495249
0.085495 3.35849258843248 30.0038437123193
0.085995 3.37813404459034 30.1687945111249
0.0864950000000002 3.39777550074821 30.3407012879899
0.086995 3.41741695690606 30.4583411331914
0.0874950000000001 3.43705841306393 30.5564648559054
0.0879949999999999 3.45669986922178 30.6537804462894
0.0884950000000001 3.47634132537964 30.7774022238754
0.0889950000000001 3.4959827815375 30.8772769360232
0.089495 3.51562423769536 31.0271366710152
0.089995 3.53526569385322 31.199472205091
0.090495 3.55490715001108 31.3509565987248
0.0909950000000001 3.57454860616895 31.4478816034471
0.091495 3.5941900623268 31.5691194909866
0.0919950000000001 3.61383151848466 31.7078223982083
0.0924949999999999 3.63347297464252 31.8103087717967
0.092995 3.65311443080038 31.9204726008403
0.093495 3.67275588695824 32.0897885873947
0.093995 3.6923973431161 32.1892364162018
0.0944950000000001 3.71203879927397 32.3291022361142
0.094995 3.73168025543182 32.4507498911574
0.0954950000000001 3.75132171158968 32.6015055377782
0.0959949999999999 3.77096316774754 32.6898549309789
0.0964950000000001 3.7906046239054 32.8147539246553
0.096995 3.81024608006326 32.9430055425613
0.097495 3.82988753622112 33.05914811075
0.0979950000000001 3.84952899237899 33.158340524732
0.098495 3.86917044853684 33.2810494867741
0.0989950000000001 3.88881190469471 33.4061913097483
0.0994949999999999 3.90845336085256 33.5317013807397
0.0999950000000001 3.92809481701042 33.6966149232597
0.100495 3.94773627316828 33.7954983406796
0.100995 3.96737772932614 33.8783628953812
0.101495 3.987019185484 33.9960968834554
0.101995 4.00666064164186 34.1226889243994
0.102495 4.02630209779973 34.28171111784
0.102995 4.04594355395758 34.3666297731723
0.103495 4.06558501011544 34.4731566384361
0.103995 4.0852264662733 34.5912264961378
0.104495 4.10486792243116 34.7101151426967
0.104995 4.12450937858903 34.8762317951834
0.105495 4.14415083474688 34.9789699288124
0.105995 4.16379229090475 35.0584303669515
0.106495 4.1834337470626 35.1542712905239
0.106995 4.20307520322046 35.2873927247059
0.107495 4.22271665937832 35.4445542535876
0.107995 4.24235811553618 35.53648417214
0.108495 4.26199957169404 35.5786184201437
0.108995 4.2816410278519 35.7046983102151
0.109495 4.30128248400977 35.8591343896207
0.109995 4.32092394016762 36.0267162680306
0.110495 4.34056539632549 36.071724112859
0.110995 4.36020685248334 36.1355174020309
0.111495 4.3798483086412 36.2557266103041
0.111995 4.39948976479906 36.4261256776567
0.112495 4.41913122095692 36.5088202897516
0.112995 4.43877267711478 36.5553973183506
0.113495 4.45841413327264 36.6939942504549
0.113995 4.47805558943051 36.8785256370869
0.114495 4.49769704558836 36.9303206889551
0.114995 4.51733850174622 36.9666155272079
0.115495 4.53697995790408 37.1361568620085
0.115995 4.55662141406194 37.2981003131342
0.116495 4.57626287021981 37.3502369870089
0.116995 4.59590432637766 37.3850957166942
0.117495 4.61554578253553 37.5775875462029
0.117995 4.63518723869338 37.7050304214067
0.118495 4.65482869485124 37.691306463822
0.118995 4.6744701510091 37.8213959235544
0.119495 4.69411160716696 38.0490237297699
0.119995 4.71375306332482 38.0891084252441
0.120495 4.73339451948268 38.0941508585364
0.120995 4.75303597564055 38.2796249435239
0.121495 4.7726774317984 38.4170128455838
0.121995 4.79231888795626 38.4487487760681
0.122495 4.81196034411412 38.5505157075737
0.122995 4.83160180027198 38.7367535363096
0.123495 4.85124325642984 38.7560227314193
0.123995 4.8708847125877 38.8174921165578
0.124495 4.89052616874557 38.9963108747635
0.124995 4.91016762490342 39.079200129055
0.125495 4.92980908106128 39.1088497893617
0.125995 4.94945053721914 39.2469403509797
0.126495 4.969091993377 39.3672596126047
0.126995 4.98873344953486 39.4148532161308
0.127495 5.00837490569272 39.5430410267443
0.127995 5.02801636185059 39.6326664473726
0.128495 5.04765781800844 39.6966514644364
0.128995 5.0672992741663 39.7936206887625
0.129495 5.08694073032416 39.911474293039
0.129995 5.10658218648202 39.9964475462099
0.130495 5.12622364263988 40.0844799171388
0.130995 5.14586509879774 40.1896508505904
0.131495 5.1655065549556 40.2905537059598
0.131995 5.18514801111346 40.3676845310016
0.132495 5.20478946727133 40.4772365732351
0.132995 5.22443092342918 40.5587294979391
0.133495 5.24407237958704 40.6434007297327
0.133995 5.2637138357449 40.7312893604538
0.134495 5.28335529190276 40.7977189035822
0.134995 5.30299674806063 40.878014645042
0.135495 5.32263820421848 41.0218645475602
0.135995 5.34227966037635 41.070569935646
0.136495 5.3619211165342 41.1870033770916
0.136995 5.38156257269206 41.2615360650368
0.137495 5.40120402884992 41.3456179688983
0.137995 5.42084548500778 41.432443218705
0.138495 5.44048694116564 41.5065390384967
0.138995 5.4601283973235 41.6233194142349
0.139495 5.47976985348137 41.6955367036548
0.139995 5.49941130963922 41.7653944585409
0.140495 5.51905276579708 41.8720696148443
0.140995 5.53869422195494 41.9282367687267
0.141495 5.5583356781128 42.0095171529967
0.141995 5.57797713427066 42.1184470020551
0.142495 5.59761859042852 42.1998425215877
0.142995 5.61726004658639 42.2936885218478
0.143495 5.63690150274424 42.3562536939968
0.143995 5.65654295890211 42.4398096626462
0.144495 5.67618441505996 42.5075977826968
0.144995 5.69582587121782 42.6164821892236
0.145495 5.71546732737568 42.6596875950772
0.145995 5.73510878353354 42.7565428925936
0.146495 5.7547502396914 42.8416474844645
0.146995 5.77439169584926 42.884076692471
0.147495 5.79403315200713 43.0197322420799
0.147995 5.81367460816498 43.0692514446471
0.148495 5.83331606432284 43.1731703870403
0.148995 5.8529575204807 43.200039457917
0.149495 5.87259897663856 43.2958262132703
0.149995 5.89224043279642 43.3976955068141
0.150495 5.91188188895428 43.4351567906694
0.150995 5.93152334511215 43.5393598724516
0.151495 5.95116480127 43.6153492091467
0.151995 5.97080625742786 43.6812818596287
0.152495 5.99044771358572 43.728319494797
0.152995 6.01008916974358 43.8309454555222
0.153495 6.02973062590144 43.8813294390734
0.153995 6.0493720820593 43.9968995145041
0.154495 6.06901353821717 44.0378442967559
0.154995 6.08865499437502 44.1129493733707
0.155495 6.10829645053288 44.1697224751118
0.155995 6.12793790669074 44.2814921917571
0.156495 6.1475793628486 44.3105519247568
0.156995 6.16722081900646 44.4336430691878
0.157495 6.18686227516432 44.4738549066065
0.157995 6.20650373132219 44.5674906375133
0.158495 6.22614518748004 44.6027321110664
0.158995 6.2457866436379 44.6775646898912
0.159495 6.26542809979576 44.770935340251
0.159995 6.28506955595362 44.8197873494466
0.160495 6.30471101211148 44.9210201185057
0.160995 6.32435246826934 44.9654190076441
0.161495 6.3439939244272 45.0537787987262
0.161995 6.36363538058506 45.0637266381218
0.162495 6.38327683674293 45.1929935638927
0.162995 6.40291829290078 45.2208361610123
0.163495 6.42255974905864 45.3217471588724
0.163995 6.4422012052165 45.3575865970241
0.164495 6.46184266137436 45.4414469350554
0.164995 6.48148411753223 45.4829069003405
0.165495 6.50112557369008 45.5515011665018
0.165995 6.52076702984795 45.6312455454642
0.166495 6.5404084860058 45.6634875954014
0.166995 6.56004994216366 45.7980650877431
0.167495 6.57969139832152 45.8089976425417
0.167995 6.59933285447938 45.9215801335793
0.168495 6.61897431063724 45.9385259602374
0.168995 6.6386157667951 45.9986223239909
0.169495 6.65825722295297 46.0620301287923
0.169995 6.67789867911082 46.144173213794
0.170495 6.69754013526868 46.1989763731917
0.170995 6.71718159142654 46.2645078106052
0.171495 6.7368230475844 46.3094574146556
0.171995 6.75646450374227 46.3921722125691
0.172495 6.77610595990012 46.4313309899051
0.172995 6.79574741605799 46.5052581873715
0.173495 6.81538887221584 46.563089198969
0.173995 6.8350303283737 46.6199558756852
0.174495 6.85467178453156 46.7074512243219
0.174995 6.87431324068942 46.725910419363
0.175495 6.89395469684728 46.8148368866125
0.175995 6.91359615300514 46.8586666216622
0.176495 6.93323760916301 46.9528822692317
0.176995 6.95287906532086 46.972024559356
0.177495 6.97252052147873 47.0438755658037
0.177995 6.99216197763658 47.0808164029384
0.178495 7.01180343379444 47.1457137432057
0.178995 7.0314448899523 47.2216303563663
0.179495 7.05108634611016 47.2528460579751
0.179995 7.07072780226802 47.3150306435115
0.180495 7.09036925842588 47.384902466585
0.180995 7.11001071458375 47.4230952568938
0.181495 7.1296521707416 47.4804941135916
0.181995 7.14929362689946 47.5275941425135
0.182495 7.16893508305732 47.5688308734797
0.182995 7.18857653921518 47.6394566306994
0.183495 7.20821799537305 47.6906932499848
0.183995 7.2278594515309 47.7262510250008
0.184495 7.24750090768877 47.7984755700964
0.184995 7.26714236384662 47.8432981527373
0.185495 7.28678382000448 47.9127752896556
0.185995 7.30642527616234 47.9530874490447
0.186495 7.3260667323202 48.0070055795245
0.186995 7.34570818847806 48.0418574417873
0.187495 7.36534964463592 48.1268184725259
0.187995 7.38499110079379 48.1666778327937
0.188495 7.40463255695164 48.2065460275722
0.188995 7.42427401310951 48.2563798438325
0.189495 7.44391546926736 48.3355265623961
0.189995 7.46355692542522 48.3620904169789
0.190495 7.48319838158308 48.4158838985571
0.190995 7.50283983774094 48.458539266503
0.191495 7.5224812938988 48.5414811120512
0.191995 7.54212275005666 48.5534801125586
0.192495 7.56176420621452 48.6125162605122
0.192995 7.58140566237238 48.7006557101747
0.193495 7.60104711853024 48.6661436773211
0.193995 7.6206885746881 48.7412502799339
0.194495 7.64033003084596 48.8073949842814
0.194995 7.65997148700383 48.8265164366172
0.195495 7.67961294316168 48.9171310017425
0.195995 7.69925439931955 48.9623020328514
0.196495 7.7188958554774 48.9833471036085
0.196995 7.73853731163526 49.0625631834044
0.197495 7.75817876779312 49.0657622375662
0.197995 7.77782022395098 49.1219899264173
0.198495 7.79746168010884 49.1769925579099
0.198995 7.8171031362667 49.2336336599839
0.199495 7.83674459242457 49.2551094811464
0.199995 7.85638604858242 49.3204105795802
0.200495 7.87602750474028 49.3433629568042
0.200995 7.89566896089814 49.3964144536889
0.201495 7.915310417056 49.4950912810794
0.201995 7.93495187321387 49.4848222923795
0.202495 7.95459332937172 49.5431768318582
0.202995 7.97423478552959 49.6360883973185
0.203495 7.99387624168744 49.6402696372505
0.203995 8.01351769784531 49.693022327593
0.204495 8.03315915400316 49.7452171013046
0.204995 8.05280061016102 49.7595137588776
0.205495 8.07244206631888 49.8331140982429
0.205995 8.09208352247674 49.8850748806058
0.206495 8.11172497863461 49.9222785117112
0.206995 8.13136643479246 49.9259085190701
0.207495 8.15100789095032 50.0072237768592
0.207995 8.17064934710818 50.0497257513921
0.208495 8.19029080326604 50.0683824001687
0.208995 8.2099322594239 50.1724872427654
0.209495 8.22957371558176 50.1560545912516
0.209995 8.24921517173962 50.1741090848119
0.210495 8.26885662789748 50.2700837199397
0.210995 8.28849808405534 50.3339021841019
0.211495 8.3081395402132 50.3521031860057
0.211995 8.32778099637106 50.4125275734498
0.212495 8.34742245252892 50.462543372939
0.212995 8.36706390868678 50.4996127412229
0.213495 8.38670536484465 50.5052717294186
0.213995 8.4063468210025 50.5585104815687
0.214495 8.42598827716037 50.6145007315938
0.214995 8.44562973331822 50.6563210128649
0.215495 8.46527118947608 50.7035757123499
0.215995 8.48491264563394 50.7163247115735
0.216495 8.5045541017918 50.8010242529666
0.216995 8.52419555794966 50.8418955724857
0.217495 8.54383701410752 50.8554309415123
0.217995 8.56347847026539 50.8894818333318
0.218495 8.58311992642324 50.960903613179
0.218995 8.6027613825811 50.9599498002721
0.219495 8.62240283873896 51.0231511491993
0.219995 8.64204429489682 51.0423374123669
0.220495 8.66168575105468 51.1772921830657
0.220995 8.68132720721254 51.188244717874
0.221495 8.7009686633704 51.2543867492234
0.221995 8.72061011952826 51.2886896959992
0.222495 8.74025157568613 51.2672007508795
0.222995 8.75989303184398 51.3272339526973
0.223495 8.77953448800184 51.3938926977044
0.223995 8.7991759441597 51.4386351266898
0.224495 8.81881740031756 51.5087666968784
0.224995 8.83845885647543 51.5188735674752
0.225495 8.85810031263328 51.5379199605523
0.225995 8.87774176879114 51.506970830674
0.226495 8.897383224949 51.5752060042013
0.226995 8.91702468110686 51.6926922846283
0.227495 8.93666613726472 51.7210176286875
0.227995 8.95630759342258 51.7551315880277
0.228495 8.97594904958044 51.7852753380306
0.228995 8.9955905057383 51.8528659317326
0.229495 9.01523196189617 51.9683314518693
0.229995 9.03487341805402 51.9230359848256
0.230495 9.05451487421188 51.9343859918813
0.230995 9.07415633036974 52.0204368775931
0.231495 9.0937977865276 52.1052858766993
0.231995 9.11343924268547 52.1330810885432
0.232495 9.13308069884332 52.10553638056
0.232995 9.15272215500119 52.1391791141165
0.233495 9.17236361115904 52.2167146491969
0.233995 9.1920050673169 52.2377434898044
0.234495 9.21164652347476 52.298748458061
0.234995 9.23128797963262 52.3161230740325
0.235495 9.25092943579048 52.4464154780097
0.235995 9.27057089194834 52.4103425039961
0.236495 9.29021234810621 52.4747645268528
0.236995 9.30985380426406 52.545373734991
0.237495 9.32949526042193 52.5317595038141
0.237995 9.34913671657978 52.6085519733679
0.238495 9.36877817273764 52.5883102516946
0.238995 9.38841962889551 52.8519149484583
0.239495 9.40806108505336 52.7775343202556
0.239995 9.42770254121123 52.7790671614256
0.240495 9.44734399736908 52.9106308381303
0.240995 9.46698545352695 52.8141743777439
0.241495 9.4866269096848 52.9220748110363
0.241995 9.50626836584266 52.9242815640705
0.242495 9.52590982200052 52.9738407543583
0.242995 9.54555127815838 53.0711245781903
0.243495 9.56519273431625 53.1043295253276
0.243995 9.5848341904741 53.1317490318194
0.244495 9.60447564663196 53.2304919408602
0.244995 9.62411710278982 53.1795973376012
0.245495 9.64375855894768 53.2633882145365
0.245995 9.66340001510554 53.231744002984
0.246495 9.6830414712634 53.3458666754688
0.246995 9.70268292742126 53.3598140281196
0.247495 9.72232438357912 53.4126353718093
0.247995 9.74196583973699 53.4935186409486
0.248495 9.76160729589484 53.5937923250532
0.248995 9.7812487520527 53.4795987274593
0.249495 9.80089020821056 53.6081909726745
0.249995 9.82053166436842 53.68169605873
0.250495 9.84017312052629 53.7462342927739
0.250995 9.85981457668414 53.7168362505054
0.251495 9.87945603284201 53.6860472019197
0.251995 9.89909748899986 53.755281586618
0.252495 9.91873894515772 53.8950118483279
0.252995 9.93838040131558 53.9354863370512
0.253495 9.95802185747344 54.0289090761451
0.253995 9.9776633136313 54.0282445065362
0.254495 9.99730476978916 54.0960856292394
0.254995 10.016946225947 54.0177418678768
0.255495 10.0365876821049 54.1266819188942
0.255995 10.0562291382627 54.1804597545011
0.256495 10.0758705944206 54.2611173663767
0.256995 10.0955120505785 54.3507564735927
0.257495 10.1151535067363 54.3678843020069
0.257995 10.1347949628942 54.400712956195
0.258495 10.154436419052 54.4094710386002
0.258995 10.1740778752099 54.4722004959782
0.259495 10.1937193313678 54.5326875725456
0.259995 10.2133607875256 54.7684492881027
0.260495 10.2330022436835 54.7395392213895
0.260995 10.2526436998413 54.71209694057
0.261495 10.2722851559992 54.7570212679491
0.261995 10.2919266121571 54.7882628841902
0.262495 10.3115680683149 54.7678028033058
0.262995 10.3312095244728 54.8802521848068
0.263495 10.3508509806306 54.8434757688115
0.263995 10.3704924367885 54.9784110937983
0.264495 10.3901338929464 55.0866755475066
0.264995 10.4097753491042 55.0778401224354
0.265495 10.4294168052621 55.0582043536887
0.265995 10.4490582614199 55.2170512540436
0.266495 10.4686997175778 55.2015588676905
0.266995 10.4883411737357 55.3482290050836
0.267495 10.5079826298935 55.3868187006718
0.267995 10.5276240860514 55.4589340452894
0.268495 10.5472655422092 55.5078770795607
0.268995 10.5669069983671 55.49390706849
0.269495 10.586548454525 55.5162197150583
0.269995 10.6061899106828 55.6304104915551
0.270495 10.6258313668407 55.7555958407168
0.270995 10.6454728229985 55.6115786565734
0.271495 10.6651142791564 55.7839907878256
0.271995 10.6847557353143 55.836576908984
0.272495 10.7043971914721 55.6980777705819
0.272995 10.72403864763 55.7670861973733
0.273495 10.7436801037878 56.0232511644525
0.273995 10.7633215599457 56.0131158789955
0.274495 10.7829630161036 56.0317310929846
0.274995 10.8026044722614 56.1093921706969
0.275495 10.8222459284193 56.2803343370845
0.275995 10.8418873845771 56.3718693003114
0.276495 10.861528840735 56.3607861884679
0.276995 10.8811702968929 56.3974895618522
0.277495 10.9008117530507 56.4280901564977
0.277995 10.9204532092086 56.5866003647689
0.278495 10.9400946653664 56.6462422998713
0.278995 10.9597361215243 56.6207895766126
0.279495 10.9793775776822 56.7865416401339
0.279995 10.99901903384 56.7615637236678
0.280495 11.0186604899979 56.8823248535778
0.280995 11.0383019461557 56.8994751970525
0.281495 11.0579434023136 57.1112501054131
0.281995 11.0775848584715 57.1691278866115
0.282495 11.0972263146293 57.1204233243465
0.282995 11.1168677707872 57.0553320820904
0.283495 11.136509226945 57.2884363731827
0.283995 11.1561506831029 57.4356346019694
0.284495 11.1757921392608 57.3036595842087
0.284995 11.1954335954186 57.4384672052266
0.285495 11.2150750515765 57.5452712568318
0.285995 11.2347165077343 57.6369054942443
0.286495 11.2543579638922 57.6516326499985
0.286995 11.2739994200501 57.7305143143283
0.287495 11.2936408762079 57.7516067971322
0.287995 11.3132823323658 57.8585601105952
0.288495 11.3329237885236 58.0499036658338
0.288995 11.3525652446815 58.090881887361
0.289495 11.3722067008394 58.19541442051
0.289995 11.3918481569972 58.3436699583424
0.290495 11.4114896131551 58.4414119808
0.290995 11.4311310693129 58.4570224717571
0.291495 11.4507725254708 58.5518393460388
0.291995 11.4704139816287 58.6164545730714
0.292495 11.4900554377865 58.5933855149803
0.292995 11.5096968939444 58.6647035983083
0.293495 11.5293383501022 58.8608397306362
0.293995 11.5489798062601 59.034861872811
0.294495 11.568621262418 59.0417545400771
0.294995 11.5882627185758 59.1768759891926
0.295495 11.6079041747337 59.1910441267399
0.295995 11.6275456308915 59.3354956806536
0.296495 11.6471870870494 59.3991870283515
0.296995 11.6668285432073 59.3316766463107
0.297495 11.6864699993651 59.5744438708228
0.297995 11.706111455523 59.6889137473566
0.298495 11.7257529116808 59.8482333320093
0.298995 11.7453943678387 59.8650975921099
0.299495 11.7650358239966 59.829412957361
0.299995 11.7846772801544 60.1648613914112
0.300495 11.8043187363123 60.3002923122881
0.300995 11.8239601924701 60.1333681775434
0.301495 11.843601648628 60.2626644841031
0.301995 11.8632431047859 60.4258649815598
0.302495 11.8828845609437 60.7923292217265
0.302995 11.9025260171016 60.762259967123
0.303495 11.9221674732594 60.9700007616656
0.303995 11.9418089294173 60.8728547552125
0.304495 11.9614503855752 61.1215429718971
0.304995 11.981091841733 61.3510845649969
0.305495 12.0007332978909 61.2184121137981
0.305995 12.0203747540487 61.6119440501929
0.306495 12.0400162102066 61.6028663441797
0.306995 12.0596576663645 61.6821333657064
0.307495 12.0792991225223 62.0140762662921
0.307995 12.0989405786802 62.1465022950123
0.308495 12.118582034838 62.0742940908652
0.308995 12.1382234909959 62.2044976904427
0.309495 12.1578649471538 62.4053642146896
0.309995 12.1775064033116 62.569768381044
0.310495 12.1971478594695 62.7169457264065
0.310995 12.2167893156273 62.8813211448967
0.311495 12.2364307717852 62.9441319075783
0.311995 12.2560722279431 63.2715111310126
0.312495 12.2757136841009 63.3476817244631
0.312995 12.2953551402588 63.4929707430851
0.313495 12.3149965964166 63.7185230487357
0.313995 12.3346380525745 63.8062404422731
0.314495 12.3542795087324 63.8727525078469
0.314995 12.3739209648902 64.1053869216284
0.315495 12.3935624210481 64.3519303898297
0.315995 12.4132038772059 64.4306687964456
0.316495 12.4328453333638 64.7479593346873
0.316995 12.4524867895217 64.8428958752244
0.317495 12.4721282456795 64.931664444603
0.317995 12.4917697018374 65.158866050538
0.318495 12.5114111579952 65.5316792404321
0.318995 12.5310526141531 65.2888601374838
0.319495 12.550694070311 65.9220017000208
0.319995 12.5703355264688 65.7699245107492
0.320495 12.5899769826267 66.043192056882
0.320995 12.6096184387845 66.4083549752779
0.321495 12.6292598949424 66.3736562551309
0.321995 12.6489013511003 66.6690036059727
0.322495 12.6685428072581 66.7999170893312
0.322995 12.688184263416 66.9058341726589
0.323495 12.7078257195738 67.1821550917095
0.323995 12.7274671757317 67.4882289720823
0.324495 12.7471086318896 67.5657165145706
0.324995 12.7667500880474 67.8140440575198
0.325495 12.7863915442053 68.0942769103071
0.325995 12.8060330003631 68.2881609178159
0.326495 12.825674456521 68.5488279190639
0.326995 12.8453159126789 68.7295599167164
0.327495 12.8649573688367 68.7973127342995
0.327995 12.8845988249946 69.1254928910115
0.328495 12.9042402811524 69.3437333406452
0.328995 12.9238817373103 69.3812999778517
0.329495 12.9435231934682 69.9191094701174
0.329995 12.963164649626 70.0935761639294
0.330495 12.9828061057839 70.011762704558
0.330995 13.0024475619417 70.5102731851835
0.331495 13.0220890180996 70.6231234008408
0.331995 13.0417304742575 70.9386583117089
0.332495 13.0613719304153 70.9118787978725
0.332995 13.0810133865732 71.1540137179818
0.333495 13.100654842731 71.5978576294647
0.333995 13.1202962988889 71.7045413855638
0.334495 13.1399377550468 71.9026463461972
0.334995 13.1595792112046 72.1794990395372
0.335495 13.1792206673625 72.3695045858857
0.335995 13.1988621235203 72.6303478491679
0.336495 13.2185035796782 73.1225733510629
0.336995 13.2381450358361 73.0939781004915
0.337495 13.2577864919939 73.4136815223355
0.337995 13.2774279481518 73.5864231304726
0.338495 13.2970694043096 73.9920878746582
0.338995 13.3167108604675 74.1837211122484
0.339495 13.3363523166254 74.1892627454288
0.339995 13.3559937727832 74.7301228801006
0.340495 13.3756352289411 75.0171703334644
0.340995 13.3952766850989 75.1683187887833
0.341495 13.4149181412568 75.3569308388201
0.341995 13.4345595974147 75.842309806385
0.342495 13.4542010535725 76.1293159277909
0.342995 13.4738425097304 76.3047897230413
0.343495 13.4934839658882 76.3529916440035
0.343995 13.5131254220461 76.8810005115006
0.344495 13.532766878204 77.1234444691166
0.344995 13.5524083343618 77.2369910684336
0.345495 13.5720497905197 77.6034073401227
0.345995 13.5916912466775 77.8371519120822
0.346495 13.6113327028354 78.0626120642519
0.346995 13.6309741589933 78.4071117217812
0.347495 13.6506156151511 78.7170882319472
0.347995 13.670257071309 78.6937255406049
0.348495 13.6898985274668 79.2819875016441
0.348995 13.7095399836247 79.5766844299797
0.349495 13.7291814397826 79.855879846195
0.349995 13.7488228959404 79.8894814787359
0.350495 13.7684643520983 80.4920235110343
0.350995 13.7881058082561 80.720801460356
0.351495 13.807747264414 80.8698939225745
0.351995 13.8273887205719 80.9715073443685
0.352495 13.8470301767297 81.5253885374122
0.352995 13.8666716328876 81.9342574559071
0.353495 13.8863130890454 82.0039019256319
0.353995 13.9059545452033 82.2643388577883
0.354495 13.9255960013612 82.8244061412969
0.354995 13.945237457519 82.9420761027377
0.355495 13.9648789136769 82.9522667752968
0.355995 13.9845203698347 83.7692647895133
0.356495 14.0041618259926 83.8386368012697
0.356995 14.0238032821505 83.7925624071755
0.357495 14.0434447383083 84.3785012209517
0.357995 14.0630861944662 84.7999059579839
0.358495 14.082727650624 84.8393099010046
0.358995 14.1023691067819 85.2862455994007
0.359495 14.1220105629398 85.5157030247385
0.359995 14.1416520190976 86.0173032739152
0.360495 14.1612934752555 86.3316509300984
0.360995 14.1809349314133 86.4779609821323
0.361495 14.2005763875712 86.8003467928694
0.361995 14.2202178437291 87.4073225758324
0.362495 14.2398592998869 87.4208183474209
0.362995 14.2595007560448 87.6408746424832
0.363495 14.2791422122026 88.2674668745439
0.363995 14.2987836683605 88.4339615176708
0.364495 14.3184251245184 88.7522611526289
0.364995 14.3380665806762 88.9629409927874
0.365495 14.3577080368341 89.5340047006024
0.365995 14.3773494929919 89.5989828366502
0.366495 14.3969909491498 89.9385541910861
0.366995 14.4166324053077 90.3360495134353
0.367495 14.4362738614655 90.7061620179111
0.367995 14.4559153176234 91.2167244743438
0.368495 14.4755567737812 91.6589303454561
0.368995 14.4951982299391 91.8862950536402
0.369495 14.514839686097 92.1589093642659
0.369995 14.5344811422548 92.3321461077513
0.370495 14.5541225984127 92.8869219646846
0.370995 14.5737640545705 93.3153392270211
0.371495 14.5934055107284 93.3847266372948
0.371995 14.6130469668863 94.0750285488281
0.372495 14.6326884230441 94.3279616816753
0.372995 14.652329879202 94.514709286289
0.373495 14.6719713353598 95.0115536214576
0.373995 14.6916127915177 95.4722444855533
0.374495 14.7112542476756 95.8942189737174
0.374995 14.7308957038334 96.0028489356869
0.375495 14.7505371599913 96.404664632297
0.375995 14.7701786161491 96.8861030078259
0.376495 14.789820072307 97.5961458863521
0.376995 14.8094615284649 97.7001842008436
0.377495 14.8291029846227 97.8201013500063
0.377995 14.8487444407806 98.2018700146321
0.378495 14.8683858969384 98.6418422196853
0.378995 14.8880273530963 99.2732502250302
0.379495 14.9076688092542 99.9473467995015
0.379995 14.927310265412 100.230931181951
0.380495 14.9469517215699 100.503255991982
0.380995 14.9665931777277 100.813686506725
0.381495 14.9862346338856 101.244615775705
0.381995 15.0058760900435 101.812558493714
0.382495 15.0255175462013 102.133597737847
0.382995 15.0451590023592 102.643455978485
0.383495 15.064800458517 103.021220862022
0.383995 15.0844419146749 103.328992072386
0.384495 15.1040833708328 103.869522726695
0.384995 15.1237248269906 104.223063360586
0.385495 15.1433662831485 104.769431444574
0.385995 15.1630077393063 105.014391272557
0.386495 15.1826491954642 105.536786751241
0.386995 15.2022906516221 105.784495980085
0.387495 15.2219321077799 106.329906684101
0.387995 15.2415735639378 106.87705826338
0.388495 15.2612150200956 107.232768582367
0.388995 15.2808564762535 107.674288814267
0.389495 15.3004979324114 108.177530256378
0.389995 15.3201393885692 108.15777519838
0.390495 15.3397808447271 106.42949628253
0.390995 15.3594223008849 97.727364647697
0.391495 15.3790637570428 82.3481893555229
0.391995 15.3987052132007 66.511498177988
0.392495 15.4183466693585 53.3560731079507
0.392995 15.4379881255164 43.7420283752642
0.393495 15.4576295816742 35.4137664711502
0.393995 15.4772710378321 26.820090076019
0.394495 15.49691249399 20.2426202312867
0.394995 15.5165539501478 16.3581231401322
0.395495 15.5361954063057 14.5421521711726
0.395995 15.5558368624635 14.1891252597871
0.396495 15.5754783186214 14.1461529932528
0.396995 15.5951197747793 13.6010900113046
0.397495 15.6147612309371 12.5239802882215
0.397995 15.634402687095 11.240424704044
0.398495 15.6540441432528 9.65149710101842
0.398995 15.6736855994107 7.6418907968684
0.399495 15.6933270555686 5.63973884363205
0.399995 15.7129685117264 3.53652300953012
0.400495 15.7326099678843 1.24778311678474
0.400995 15.7522514240421 -0.930320236914457
0.401495 15.7718928802 -3.2180579939401
0.401995 15.7915343363579 -5.24465153290582
0.402495 15.8111757925157 -6.8266542906013
0.402995 15.8308172486736 -6.24813500750323
0.403495 15.8504587048314 -3.67704816212184
0.403995 15.8701001609893 -2.03295058949302
0.404495 15.8897416171472 -1.2486057298351
0.404995 15.909383073305 -0.961279567154692
0.405495 15.9290245294629 -0.917459852263854
0.405995 15.9486659856207 -1.00246252423684
0.406495 15.9683074417786 -1.05009862772049
0.406995 15.9879488979365 -0.702241874195763
0.407495 16.0075903540943 -0.233711534093072
0.407995 16.0272318102522 -0.0378211086340792
0.408495 16.04687326641 0.421747396958685
0.408995 16.0665147225679 0.39762858210175
0.409495 16.0861561787258 0.0808211371880187
0.409995 16.1057976348836 -0.132397813244395
0.410495 16.1254390910415 -0.272338437365655
0.410995 16.1450805471993 -0.102520080031181
0.411495 16.1647220033572 0.173930066752231
0.411995 16.1843634595151 0.244656343787448
0.412495 16.2040049156729 0.297841940017736
0.412995 16.2236463718308 0.306437456364681
0.413495 16.2432878279886 0.281503220485447
0.413995 16.2629292841465 0.489479736762377
0.414495 16.2825707403044 0.549819156250351
0.414995 16.3022121964622 0.303652669935503
0.415495 16.3218536526201 -0.0320503017490991
0.415995 16.3414951087779 -0.18968475042717
0.416495 16.3611365649358 -0.402831430320429
0.416995 16.3807780210937 -0.599340098133344
0.417495 16.4004194772515 -0.521195293821807
0.417995 16.4200609334094 -0.441775943287459
0.418495 16.4397023895672 -0.444267504325459
0.418995 16.4593438457251 -0.562724954499251
0.419495 16.478985301883 -0.53953024846114
0.419995 16.4986267580408 -0.288059815916052
0.420495 16.5182682141987 -0.326322015837455
0.420995 16.5379096703565 -0.310279059540923
0.421495 16.5575511265144 -0.167554855374894
0.421995 16.5771925826723 -0.141867918733902
0.422495 16.5968340388301 -0.0805249921502585
0.422995 16.616475494988 0.0523119855970219
0.423495 16.6361169511458 0.241224792505268
0.423995 16.6557584073037 0.268472776917915
0.424495 16.6753998634616 0.375740286166682
0.424995 16.6950413196194 0.432807986728891
0.425495 16.7146827757773 0.415549134160724
0.425995 16.7343242319351 0.137141637680954
0.426495 16.753965688093 -0.0587109939590809
0.426995 16.7736071442509 -0.0827132557614933
0.427495 16.7932486004087 -0.248196809433254
0.427995 16.8128900565666 -0.246955159935072
0.428495 16.8325315127244 -0.162553384717258
0.428995 16.8521729688823 -0.0869703038470199
0.429495 16.8718144250402 0.0149677384618713
0.429995 16.891455881198 0.0785330379001646
0.430495 16.9110973373559 0.131963464717506
0.430995 16.9307387935137 0.108654328124439
0.431495 16.9503802496716 0.0475973648140002
0.431995 16.9700217058295 -0.0593877035486114
0.432495 16.9896631619873 -0.0927646867513766
0.432995 17.0093046181452 0.00574427789645465
0.433495 17.028946074303 0.132079509692833
0.433995 17.0485875304609 0.060616634251243
0.434495 17.0682289866188 0.0299374913486126
0.434995 17.0878704427766 0.126183471745487
0.435495 17.1075118989345 0.193487314554581
0.435995 17.1271533550923 0.0919534760487887
0.436495 17.1467948112502 0.150951296929178
0.436995 17.1664362674081 0.0671648507912598
0.437495 17.1860777235659 -0.0415750464927293
0.437995 17.2057191797238 -0.176558933007796
0.438495 17.2253606358816 -0.198554825932097
0.438995 17.2450020920395 -0.223306693830109
0.439495 17.2646435481974 -0.169210860401746
0.439995 17.2842850043552 -0.0335720660083988
0.440495 17.3039264605131 -0.231936476154571
0.440995 17.3235679166709 -0.218730510912934
0.441495 17.3432093728288 -0.0976709629705064
0.441995 17.3628508289867 -0.159338059022788
0.442495 17.3824922851445 -0.0168550355628955
0.442995 17.4021337413024 -0.00523042278814586
0.443495 17.4217751974602 0.0968056985601073
0.443995 17.4414166536181 0.160118595125851
0.444495 17.461058109776 0.249003906518906
0.444995 17.4806995659338 0.345382975526367
0.445495 17.5003410220917 0.237727307815715
0.445995 17.5199824782495 0.228927595943224
0.446495 17.5396239344074 0.0857126876310604
0.446995 17.5592653905653 0.00156654629605216
0.447495 17.5789068467231 0.0404229070615929
0.447995 17.598548302881 0.0352101278481801
0.448495 17.6181897590388 -0.116038479658515
0.448995 17.6378312151967 -0.0577923395377024
0.449495 17.6574726713546 -0.0247317652230649
0.449995 17.6771141275124 -0.132336040797221
0.450495 17.6967555836703 -0.242426223363645
0.450995 17.7163970398281 -0.196359459393301
0.451495 17.736038495986 -0.278914172688571
0.451995 17.7556799521439 -0.319381969432306
0.452495 17.7753214083017 -0.350459032175943
0.452995 17.7949628644596 -0.321683516773531
0.453495 17.8146043206174 -0.208757505884557
0.453995 17.8342457767753 -0.233019225927058
0.454495 17.8538872329332 -0.228990618223259
0.454995 17.873528689091 -0.207231060266741
0.455495 17.8931701452489 -0.356311762638126
0.455995 17.9128116014067 -0.219666683386649
0.456495 17.9324530575646 -0.261555396376345
0.456995 17.9520945137225 -0.171601465796657
0.457495 17.9717359698803 -0.0247224284233674
0.457995 17.9913774260382 -0.0224376164900377
0.458495 18.011018882196 0.087984523791707
0.458995 18.0306603383539 0.152114769069984
0.459495 18.0503017945118 0.214577048854546
0.459995 18.0699432506696 0.131702914075656
0.460495 18.0895847068275 0.219237198437854
0.460995 18.1092261629853 0.256539813374932
0.461495 18.1288676191432 0.066178668291349
0.461995 18.1485090753011 -0.0172461994106378
0.462495 18.1681505314589 -0.0886334773953506
0.462995 18.1877919876168 -0.213501557768865
0.463495 18.2074334437746 -0.105402505293777
0.463995 18.2270748999325 -0.151642065051121
0.464495 18.2467163560904 -0.159764416067928
0.464995 18.2663578122482 -0.15356659811391
0.465495 18.2859992684061 -0.194775164959126
0.465995 18.3056407245639 -0.214024066682145
0.466495 18.3252821807218 -0.247824661614904
0.466995 18.3449236368797 -0.123685835162795
0.467495 18.3645650930375 -0.079096719199476
0.467995 18.3842065491954 -0.0240185785477135
0.468495 18.4038480053532 0.188561009397213
0.468995 18.4234894615111 0.110410808719781
0.469495 18.443130917669 0.187915082533481
0.469995 18.4627723738268 0.289307351003596
0.470495 18.4824138299847 0.197178432760288
0.470995 18.5020552861425 0.177917083366457
0.471495 18.5216967423004 0.158153960129873
0.471995 18.5413381984583 0.0321365930829483
0.472495 18.5609796546161 -0.111354142416441
0.472995 18.580621110774 -0.159968190327154
0.473495 18.6002625669318 -0.214025448162608
0.473995 18.6199040230897 -0.369532280020958
0.474495 18.6395454792476 -0.2565517634889
0.474995 18.6591869354054 -0.304724601878961
0.475495 18.6788283915633 -0.206045633988078
0.475995 18.6984698477211 -0.0735592884579536
0.476495 18.718111303879 -0.0745078090729923
0.476995 18.7377527600369 -0.0385518935815829
0.477495 18.7573942161947 -0.0219045074907045
0.477995 18.7770356723526 0.0785933295470328
0.478495 18.7966771285104 0.0160550732396305
0.478995 18.8163185846683 0.134399182029419
0.479495 18.8359600408262 0.189050437364917
0.479995 18.855601496984 0.185172118094525
0.480495 18.8752429531419 0.164222024737281
0.480995 18.8948844092997 -0.0111815361723971
0.481495 18.9145258654576 -0.00794824804155125
0.481995 18.9341673216155 -0.0599927432369045
0.482495 18.9538087777733 -0.284520937357054
0.482995 18.9734502339312 -0.397436249799383
0.483495 18.993091690089 -0.379879265307868
0.483995 19.0127331462469 -0.455610670418078
0.484495 19.0323746024048 -0.388412262217323
0.484995 19.0520160585626 -0.220740694203549
0.485495 19.0716575147205 -0.149029028227967
0.485995 19.0912989708783 -0.057886075229958
0.486495 19.1109404270362 0.0150432906817796
0.486995 19.1305818831941 0.0613844935334863
0.487495 19.1502233393519 0.0356107748614766
0.487995 19.1698647955098 0.102728159864532
0.488495 19.1895062516676 0.199489239721859
0.488995 19.2091477078255 0.167522486814192
0.489495 19.2287891639834 0.11522550268084
0.489995 19.2484306201412 0.177065127628729
0.490495 19.2680720762991 0.0832686059183738
0.490995 19.2877135324569 0.0717134961500408
0.491495 19.3073549886148 0.138812306144851
0.491995 19.3269964447727 0.0357036042609836
0.492495 19.3466379009305 -0.0891784667263047
0.492995 19.3662793570884 0.0432186301222821
0.493495 19.3859208132462 -0.0134363198746311
0.493995 19.4055622694041 0.0668486201823542
0.494495 19.425203725562 -0.0581545182145792
0.494995 19.4448451817198 0.0296286216485666
0.495495 19.4644866378777 0.0125937176832307
0.495995 19.4841280940355 -0.0174607523339361
0.496495 19.5037695501934 0.0375479947675893
0.496995 19.5234110063513 0.127556657552337
0.497495 19.5430524625091 -0.0670994248192203
0.497995 19.562693918667 -0.0110264535588427
0.498495 19.5823353748248 -0.0432388854578406
0.498995 19.6019768309827 -0.033054772455262
0.499495 19.6216182871406 -0.112719515799865
0.499995 19.6412597432984 0.0264713844598514
