# Fix print output for fix Step
-1.37893123345398e-16 -2.8421709430404e-15 0.640721300270425
0.000494999999999992 0.0102026452274998 0.85281351860244
0.000994999999999836 0.0205083474774966 1.11806379054168
0.00149499999999996 0.0308140497274991 1.51823597400824
0.0019949999999998 0.0411197519774959 1.65218261048636
0.00249499999999992 0.0514254542274983 1.70985495675756
0.00299499999999976 0.0617311564774951 2.30828689410813
0.00349499999999988 0.0720368587274976 2.36280428051253
0.00399499999999973 0.0823425609774944 2.45451203968663
0.00449499999999985 0.0926482632274968 2.9889423868512
0.00499499999999997 0.102953965477499 3.07647976766861
0.00549499999999981 0.113259667727496 3.14362587968264
0.00599499999999993 0.123565369977499 3.73670276362328
0.00649499999999977 0.133871072227495 3.70480710046312
0.00699499999999989 0.144176774477498 3.86912325833072
0.00749499999999974 0.154482476727495 4.44315306586798
0.00799499999999986 0.164788178977497 4.43817806901658
0.00849499999999998 0.1750938812275 4.54365880266613
0.00899499999999982 0.185399583477496 5.18095498368771
0.00949499999999994 0.195705285727499 5.15801563029596
0.00999499999999979 0.206010987977496 5.3303171807746
0.0104949999999999 0.216316690227498 5.81370441866082
0.0109949999999997 0.226622392477495 5.82677905284709
0.0114949999999999 0.236928094727497 6.03405468545953
0.011995 0.2472337969775 6.45252801533135
0.0124949999999998 0.257539499227497 6.4522466073274
0.012995 0.267845201477499 6.68665579520691
0.0134949999999998 0.278150903727496 7.18166218326447
0.0139949999999999 0.288456605977498 7.23703725405429
0.0144949999999998 0.298762308227495 7.29538766498478
0.0149949999999999 0.309068010477498 7.68645369644576
0.0154949999999997 0.319373712727494 7.93343036540146
0.0159949999999998 0.329679414977497 8.07770320661059
0.016495 0.339985117227499 8.30599494823721
0.0169949999999998 0.350290819477496 8.46124754630086
0.0174949999999999 0.360596521727499 8.75889824226286
0.0179949999999998 0.370902223977495 9.07505305802281
0.0184949999999999 0.381207926227498 9.18201531213754
0.0189949999999997 0.391513628477495 9.31337138591405
0.0194949999999999 0.401819330727497 9.61262444292233
0.019995 0.412125032977499 9.80887008235937
0.0204949999999998 0.422430735227496 10.1419009037605
0.0209949999999999 0.432736437477499 10.3123632452081
0.0214949999999998 0.443042139727496 10.4033729508347
0.0219949999999999 0.453347841977498 10.6377342626491
0.0224949999999997 0.463653544227495 10.9286710402141
0.0229949999999999 0.473959246477497 11.1146234875461
0.023495 0.4842649487275 11.2275938394045
0.0239949999999998 0.494570650977496 11.468040755546
0.0244949999999999 0.504876353227499 11.7623401813375
0.0249949999999998 0.515182055477496 11.9750677284854
0.0254949999999999 0.525487757727498 12.1529127319742
0.0259949999999998 0.535793459977495 12.2557013847247
0.0264949999999999 0.546099162227497 12.4632354412404
0.0269949999999997 0.556404864477494 12.7386771581806
0.0274949999999998 0.566710566727497 12.9783695337198
0.027995 0.577016268977499 13.1629306422909
0.0284949999999998 0.587321971227496 13.2972708071137
0.0289949999999999 0.597627673477498 13.5447632134191
0.0294949999999998 0.607933375727495 13.7541040731954
0.0299949999999999 0.618239077977498 13.8881387774893
0.0304949999999997 0.628544780227494 14.1597793946716
0.0309949999999999 0.638850482477497 14.3143525499458
0.031495 0.649156184727499 14.5330228120812
0.0319949999999998 0.659461886977496 14.8202339019532
0.0324949999999999 0.669767589227499 14.9949880778589
0.0329949999999998 0.680073291477495 15.1253680846188
0.0334949999999999 0.690378993727498 15.3501350521944
0.0339949999999997 0.700684695977495 15.5245185432111
0.0344949999999999 0.710990398227497 15.7043723549856
0.034995 0.7212961004775 15.9121634646191
0.0354949999999998 0.731601802727496 16.0950917802007
0.0359949999999999 0.741907504977499 16.2460518383254
0.0364949999999998 0.752213207227496 16.5596096513395
0.0369949999999999 0.762518909477498 16.7704992682451
0.0374949999999998 0.772824611727495 16.743182675346
0.0379949999999999 0.783130313977497 16.9891872607936
0.0384949999999999 0.793436016227497 17.2985967980877
0.0389949999999998 0.803741718477497 17.4288874575403
0.039495 0.814047420727499 17.6680612973539
0.0399949999999998 0.824353122977496 17.8783135840579
0.0404949999999999 0.834658825227498 18.0860288097504
0.0409949999999998 0.844964527477495 18.2592618367813
0.0414949999999999 0.855270229727498 18.4774494268506
0.0419949999999997 0.865575931977494 18.6176022318405
0.0424949999999998 0.875881634227497 18.8115290459397
0.042995 0.886187336477499 18.9817096039658
0.0434949999999998 0.896493038727496 19.1609902331724
0.0439949999999999 0.906798740977499 19.3024358449874
0.0444949999999998 0.917104443227495 19.4908241767135
0.0449949999999999 0.927410145477498 19.7215894518024
0.0454949999999997 0.937715847727495 19.9309418095309
0.0459949999999999 0.948021549977497 20.1279524394724
0.0464949999999998 0.958327252227497 20.3352882724796
0.0469949999999998 0.968632954477496 20.4516809474798
0.0474949999999999 0.978938656727499 20.6233281269851
0.0479949999999998 0.989244358977496 20.8607256425219
0.0484949999999999 0.999550061227498 21.0970907180831
0.0489949999999997 1.00985576347749 21.225560215245
0.0494949999999999 1.0201614657275 21.4771672672506
0.0499949999999997 1.03046716797749 21.5751490740671
0.0504949999999998 1.0407728702275 21.7672300523897
0.050995 1.0510785724775 21.9463111673342
0.0514949999999998 1.0613842747275 22.1144900999379
0.0519949999999999 1.0716899769775 22.2820809954985
0.0524949999999998 1.0819956792275 22.4777333675384
0.0529949999999999 1.0923013814775 22.6120104876169
0.0534949999999997 1.10260708372749 22.7797666030877
0.0539949999999998 1.1129127859775 23.012087277692
0.054495 1.1232184882275 23.147121541416
0.0549949999999998 1.1335241904775 23.3252578314536
0.0554949999999999 1.1438298927275 23.5473666520441
0.0559949999999998 1.1541355949775 23.7219509936663
0.0564949999999999 1.1644412972275 23.881881200201
0.0569949999999997 1.17474699947749 24.1482156685389
0.0574949999999999 1.1850527017275 24.2804811407844
0.0579949999999998 1.1953584039775 24.3426631859089
0.0584949999999998 1.2056641062275 24.6316247229079
0.0589949999999999 1.2159698084775 24.7848710240169
0.0594949999999998 1.2262755107275 24.8629288332572
0.0599949999999999 1.2365812129775 25.1517600523738
0.0604949999999997 1.24688691522749 25.3326937106663
0.0609949999999999 1.2571926174775 25.4716814611973
0.0614949999999998 1.2674983197275 25.6613941089832
0.0619949999999998 1.2778040219775 25.8847495093061
0.0624949999999999 1.2881097242275 25.9790599330455
0.0629949999999998 1.2984154264775 26.1918588754341
0.0634949999999999 1.3087211287275 26.3819355825257
0.0639949999999998 1.3190268309775 26.4581551038384
0.0644949999999999 1.3293325332275 26.682041634499
0.0649949999999997 1.33963823547749 26.8896418290966
0.0654949999999998 1.3499439377275 27.0091183601658
0.065995 1.3602496399775 27.1721113833445
0.0664949999999998 1.3705553422275 27.3644984076959
0.0669949999999999 1.3808610444775 27.4552827725341
0.0674949999999998 1.3911667467275 27.6283523212236
0.0679949999999999 1.4014724489775 27.8361555688551
0.0684949999999997 1.41177815122749 27.9345932664255
0.0689949999999998 1.4220838534775 28.105011152103
0.0694949999999998 1.4323895557275 28.2877679310662
0.0699949999999998 1.4426952579775 28.4522281744466
0.0704949999999999 1.4530009602275 28.5845024518307
0.0709949999999998 1.4633066624775 28.7957036355473
0.0714949999999999 1.4736123647275 28.907643693839
0.0719949999999997 1.48391806697749 29.0876177075556
0.0724949999999999 1.4942237692275 29.3293652680876
0.0729949999999998 1.5045294714775 29.3664577254216
0.0734949999999998 1.5148351737275 29.5485084246525
0.0739949999999999 1.5251408759775 29.7526058644721
0.0744949999999998 1.5354465782275 29.8416287900069
0.0749949999999999 1.5457522804775 29.9411510752314
0.0754949999999998 1.55605798272749 30.1601983049803
0.0759949999999999 1.5663636849775 30.2895544012736
0.0764949999999997 1.57666938722749 30.380167677737
0.0769949999999998 1.5869750894775 30.6584493597866
0.077495 1.5972807917275 30.7534511209026
0.0779949999999998 1.6075864939775 30.8163837286053
0.0784949999999999 1.6178921962275 31.1243609729253
0.0789949999999998 1.6281978984775 31.2448517578777
0.0794949999999999 1.6385036007275 31.312081760292
0.0799949999999997 1.64880930297749 31.5437340055065
0.0804949999999998 1.6591150052275 31.7433591479757
0.0809949999999998 1.6694207074775 31.7858329926136
0.0814949999999998 1.6797264097275 31.9753218873213
0.0819949999999999 1.6900321119775 32.1421075112175
0.0824949999999998 1.7003378142275 32.2385016404231
0.0829949999999999 1.7106435164775 32.3941317891961
0.0834949999999997 1.72094921872749 32.5680922543304
0.0839949999999999 1.7312549209775 32.6672927977488
0.0844949999999998 1.7415606232275 32.847765808169
0.0849949999999998 1.7518663254775 33.0502829863427
0.0854949999999999 1.7621720277275 33.158693341237
0.0859949999999998 1.7724777299775 33.3276842334997
0.0864949999999999 1.7827834322275 33.5231078174205
0.0869949999999998 1.79308913447749 33.5560385232562
0.0874949999999999 1.8033948367275 33.6701826480773
0.0879949999999997 1.81370053897749 33.8812334887293
0.0884949999999998 1.8240062412275 34.0270294422585
0.0889949999999999 1.8343119434775 34.1630125099455
0.0894949999999998 1.8446176457275 34.3428269287504
0.0899949999999999 1.8549233479775 34.5096921736978
0.0904949999999998 1.8652290502275 34.6165332900197
0.0909949999999999 1.8755347524775 34.7571373118889
0.0914949999999997 1.88584045472749 34.8641906745424
0.0919949999999998 1.8961461569775 34.9546631510917
0.0924949999999998 1.9064518592275 35.136939924981
0.0929949999999998 1.9167575614775 35.3279949154335
0.0934949999999999 1.9270632637275 35.4782133648371
0.0939949999999998 1.9373689659775 35.615014548756
0.0944949999999999 1.9476746682275 35.7733126120553
0.0949949999999997 1.95798037047749 35.8204470599895
0.0954949999999999 1.9682860727275 35.9588959060739
0.0959949999999997 1.97859177497749 36.0621514240793
0.0964949999999998 1.9888974772275 36.2333141650217
0.0969949999999999 1.9992031794775 36.4461750505277
0.0974949999999998 2.0095088817275 36.5618363729171
0.0979949999999999 2.0198145839775 36.6665247365708
0.0984949999999997 2.03012028622749 36.745745453865
0.0989949999999999 2.0404259884775 36.9041960949062
0.0994949999999997 2.05073169072749 37.0861766627014
0.0999949999999998 2.0610373929775 37.2399047414345
0.100495 2.0713430952275 37.35148411459
0.100995 2.0816487974775 37.469554233298
0.101495 2.0919544997275 37.5189769809732
0.101995 2.10226020197749 37.6981517321784
0.102495 2.1125659042275 37.8767353089664
0.102995 2.12287160647749 37.9953410449348
0.103495 2.1331773087275 38.1323712819538
0.103995 2.1434830109775 38.228110957213
0.104495 2.1537887132275 38.3542750018577
0.104995 2.1640944154775 38.5182605822222
0.105495 2.1744001177275 38.5963984258543
0.105995 2.1847058199775 38.7497934219079
0.106495 2.19501152222749 38.8612628512194
0.106995 2.2053172244775 38.9807412318625
0.107495 2.21562292672749 39.172690849843
0.107995 2.2259286289775 39.257120317477
0.108495 2.2362343312275 39.3517403030135
0.108995 2.2465400334775 39.5171601585224
0.109495 2.2568457357275 39.6240191688221
0.109995 2.26715143797749 39.7005416679309
0.110495 2.2774571402275 39.8680183240805
0.110995 2.28776284247749 40.0049001953696
0.111495 2.2980685447275 40.0829025454623
0.111995 2.3083742469775 40.2050935674023
0.112495 2.3186799492275 40.3864602081505
0.112995 2.3289856514775 40.4333341312464
0.113495 2.3392913537275 40.5424129190051
0.113995 2.3495970559775 40.7150226523474
0.114495 2.35990275822749 40.8165614765312
0.114995 2.3702084604775 40.875543104959
0.115495 2.3805141627275 41.052386985148
0.115995 2.3908198649775 41.2234598017501
0.116495 2.4011255672275 41.3100486921675
0.116995 2.4114312694775 41.3702054987076
0.117495 2.4217369717275 41.5159509845059
0.117995 2.43204267397749 41.6268010004039
0.118495 2.4423483762275 41.7488955825918
0.118995 2.4526540784775 41.8336004429055
0.119495 2.4629597807275 41.9559315651585
0.119995 2.4732654829775 42.0998296967487
0.120495 2.4835711852275 42.162569918793
0.120995 2.4938768874775 42.2345616829362
0.121495 2.50418258972749 42.4589856181569
0.121995 2.5144882919775 42.541367485062
0.122495 2.5247939942275 42.5849036689486
0.122995 2.5350996964775 42.7876732012395
0.123495 2.5454053987275 42.8855413794238
0.123995 2.5557111009775 42.9053517470105
0.124495 2.5660168032275 43.1179815595856
0.124995 2.57632250547749 43.1906783947433
0.125495 2.5866282077275 43.222314236499
0.125995 2.59693390997749 43.3992583123331
0.126495 2.6072396122275 43.5517533775727
0.126995 2.6175453144775 43.5953190046764
0.127495 2.6278510167275 43.6804943432579
0.127995 2.6381567189775 43.8163227474436
0.128495 2.64846242122749 43.8908821953308
0.128995 2.6587681234775 43.9912023966812
0.129495 2.66907382572749 44.119439039679
0.129995 2.6793795279775 44.2460589542634
0.130495 2.6896852302275 44.3208159769387
0.130995 2.6999909324775 44.3952810180462
0.131495 2.7102966347275 44.5364685576876
0.131995 2.7206023369775 44.6514114664315
0.132495 2.7309080392275 44.7519862397951
0.132995 2.74121374147749 44.8275500186706
0.133495 2.7515194437275 44.9490054151755
0.133995 2.76182514597749 45.0102858335174
0.134495 2.7721308482275 45.1616191486876
0.134995 2.7824365504775 45.2176404863075
0.135495 2.7927422527275 45.304315476348
0.135995 2.8030479549775 45.4621346937078
0.136495 2.81335365722749 45.5384899464997
0.136995 2.8236593594775 45.5661746303673
0.137495 2.83396506172749 45.7179987349426
0.137995 2.8442707639775 45.8164368607628
0.138495 2.8545764662275 45.8729513625408
0.138995 2.8648821684775 46.0107036906459
0.139495 2.8751878707275 46.0587890886323
0.139995 2.8854935729775 46.1593124799653
0.140495 2.8957992752275 46.2814572811551
0.140995 2.90610497747749 46.38212002449
0.141495 2.9164106797275 46.4379537829462
0.141995 2.9267163819775 46.542042784012
0.142495 2.9370220842275 46.6279256069013
0.142995 2.9473277864775 46.7602264414982
0.143495 2.9576334887275 46.7941775264876
0.143995 2.9679391909775 46.9487366496394
0.144495 2.97824489322749 47.0534474757045
0.144995 2.9885505954775 47.0904057671081
0.145495 2.9988562977275 47.2039433989061
0.145995 3.0091619999775 47.2421548896734
0.146495 3.0194677022275 47.3896556345323
0.146995 3.0297734044775 47.4782644886631
0.147495 3.0400791067275 47.5725955667268
0.147995 3.05038480897749 47.6447219735732
0.148495 3.0606905112275 47.7520339422045
0.148995 3.07099621347749 47.7987319578073
0.149495 3.0813019157275 47.8806507925622
0.149995 3.0916076179775 47.956820834032
0.150495 3.1019133202275 48.0654733000895
0.150995 3.1122190224775 48.1668099814048
0.151495 3.1225247247275 48.2008223456828
0.151995 3.1328304269775 48.3629028223727
0.152495 3.14313612922749 48.3663314758013
0.152995 3.1534418314775 48.47257873564
0.153495 3.1637475337275 48.522563045323
0.153995 3.1740532359775 48.6369226099997
0.154495 3.1843589382275 48.6946966994301
0.154995 3.1946646404775 48.7572704750099
0.155495 3.2049703427275 48.8880176842533
0.155995 3.21527604497749 48.9450007330425
0.156495 3.2255817472275 49.0361863058406
0.156995 3.23588744947749 49.0853137867917
0.157495 3.2461931517275 49.1554861940805
0.157995 3.2564988539775 49.2551753364484
0.158495 3.2668045562275 49.3193619983274
0.158995 3.2771102584775 49.4160239087278
0.159495 3.28741596072749 49.4697641339677
0.159995 3.2977216629775 49.571553983835
0.160495 3.30802736522749 49.6114046013668
0.160995 3.3183330674775 49.7649367740662
0.161495 3.3286387697275 49.7560594932033
0.161995 3.3389444719775 49.8787731824335
0.162495 3.3492501742275 49.8786377363755
0.162995 3.35955587647749 50.0433033779498
0.163495 3.3698615787275 50.094044179849
0.163995 3.38016728097749 50.1926697300713
0.164495 3.3904729832275 50.2354359957685
0.164995 3.4007786854775 50.3083445042409
0.165495 3.4110843877275 50.3623698396145
0.165995 3.4213900899775 50.4603097457055
0.166495 3.4316957922275 50.5477146662744
0.166995 3.4420014944775 50.5924131897727
0.167495 3.45230719672749 50.6669978766532
0.167995 3.4626128989775 50.7243534418646
0.168495 3.47291860122749 50.7742921119216
0.168995 3.4832243034775 50.8662080709813
0.169495 3.4935300057275 50.9724772633694
0.169995 3.5038357079775 51.0252796597802
0.170495 3.5141414102275 51.0737751968611
0.170995 3.52444711247749 51.1379826842196
0.171495 3.5347528147275 51.2011150521978
0.171995 3.54505851697749 51.2657402176161
0.172495 3.5553642192275 51.3787196135896
0.172995 3.5656699214775 51.3997435058286
0.173495 3.5759756237275 51.467540009114
0.173995 3.5862813259775 51.564173819974
0.174495 3.59658702822749 51.5895226024862
0.174995 3.6068927304775 51.6615363418629
0.175495 3.61719843272749 51.7453591222235
0.175995 3.6275041349775 51.8180119600978
0.176495 3.6378098372275 51.8678086551289
0.176995 3.6481155394775 51.9477129867169
0.177495 3.6584212417275 51.9396528864316
0.177995 3.6687269439775 52.1037778797543
0.178495 3.6790326462275 52.1282795948285
0.178995 3.68933834847749 52.2187100947869
0.179495 3.6996440507275 52.278318818471
0.179995 3.70994975297749 52.3074428162605
0.180495 3.7202554552275 52.3392801345074
0.180995 3.7305611574775 52.4021962450124
0.181495 3.7408668597275 52.5053113357504
0.181995 3.7511725619775 52.5554091190949
0.182495 3.76147826422749 52.6323388785642
0.182995 3.7717839664775 52.6586866270338
0.183495 3.78208966872749 52.6731926357552
0.183995 3.7923953709775 52.7704001947552
0.184495 3.8027010732275 52.8803459999932
0.184995 3.8130067754775 52.9084665292509
0.185495 3.8233124777275 52.987974836873
0.185995 3.83361817997749 52.9985564445073
0.186495 3.8439238822275 53.071027724037
0.186995 3.85422958447749 53.1438747249972
0.187495 3.8645352867275 53.2159681386428
0.187995 3.8748409889775 53.2440706420233
0.188495 3.8851466912275 53.2660856947893
0.188995 3.8954523934775 53.3161201245296
0.189495 3.90575809572749 53.4363622082307
0.189995 3.9160637979775 53.4404877969938
0.190495 3.92636950022749 53.5200114727667
0.190995 3.9366752024775 53.6250874356043
0.191495 3.94698090472749 53.5682370620721
0.191995 3.9572866069775 53.6719131769944
0.192495 3.9675923092275 53.7559751955691
0.192995 3.9778980114775 53.6962913787784
0.193495 3.9882037137275 53.8956758919177
0.193995 3.99850941597749 53.8972490802447
0.194495 4.0088151182275 53.8693199980691
0.194995 4.01912082047749 53.9949195889606
0.195495 4.0294265227275 54.0639178718841
0.195995 4.0397322249775 54.150422270792
0.196495 4.0500379272275 54.1702591467108
0.196995 4.0603436294775 54.2398650497934
0.197495 4.07064933172749 54.2761792589419
0.197995 4.0809550339775 54.321287792655
0.198495 4.09126073622749 54.3777460928453
0.198995 4.1015664384775 54.4170991932033
0.199495 4.1118721407275 54.4657580611539
0.199995 4.1221778429775 54.5349175169055
0.200495 4.1324835452275 54.5471702858798
0.200995 4.14278924747749 54.6214320411318
0.201495 4.1530949497275 54.7056731842742
0.201995 4.16340065197749 54.7121006369201
0.202495 4.1737063542275 54.8289290109129
0.202995 4.1840120564775 54.8331774391054
0.203495 4.1943177587275 54.8895698541774
0.203995 4.2046234609775 54.9273113691474
0.204495 4.2149291632275 54.9753249925289
0.204995 4.2252348654775 54.942826503704
0.205495 4.23554056772749 55.0970458522467
0.205995 4.2458462699775 55.1581268387129
0.206495 4.25615197222749 55.1658306591465
0.206995 4.2664576744775 55.2750656794052
0.207495 4.2767633767275 55.2796012524596
0.207995 4.2870690789775 55.3563107435632
0.208495 4.2973747812275 55.3954107489454
0.208995 4.30768048347749 55.4189437952073
0.209495 4.3179861857275 55.534604513116
0.209995 4.32829188797749 55.5304492884421
0.210495 4.3385975902275 55.6351085979853
0.210995 4.34890329247749 55.7056455722965
0.211495 4.3592089947275 55.6461336809916
0.211995 4.36951469697749 55.7524680677424
0.212495 4.3798203992275 55.8438242158636
0.212995 4.3901261014775 55.8997462308838
0.213495 4.40043180372749 55.8135712216002
0.213995 4.4107375059775 55.9250652412036
0.214495 4.42104320822749 56.0268634085078
0.214995 4.4313489104775 56.0009984185307
0.215495 4.4416546127275 56.122620179119
0.215995 4.4519603149775 56.1269237288239
0.216495 4.4622660172275 56.1227044851971
0.216995 4.47257171947749 56.2466048916095
0.217495 4.4828774217275 56.2430918231704
0.217995 4.49318312397749 56.236435580648
0.218495 4.5034888262275 56.3691403876722
0.218995 4.5137945284775 56.4122630221913
0.219495 4.5241002307275 56.5027234054577
0.219995 4.5344059329775 56.487687109805
0.220495 4.54471163522749 56.5512792093277
0.220995 4.5550173374775 56.5597368596732
0.221495 4.56532303972749 56.6467119305139
0.221995 4.5756287419775 56.6904661979886
0.222495 4.5859344442275 56.7265076494198
0.222995 4.5962401464775 56.7432768292391
0.223495 4.6065458487275 56.8230724477298
0.223995 4.6168515509775 56.8318726271006
0.224495 4.6271572532275 56.9116682549771
0.224995 4.63746295547749 56.9473093776833
0.225495 4.6477686577275 57.0437838978776
0.225995 4.6580743599775 57.0815672676069
0.226495 4.6683800622275 57.1294204949669
0.226995 4.6786857644775 57.1688804873408
0.227495 4.6889914667275 57.2538112298442
0.227995 4.6992971689775 57.3142943681291
0.228495 4.70960287122749 57.3482743381056
0.228995 4.7199085734775 57.3309477325697
0.229495 4.73021427572749 57.4057928887236
0.229995 4.7405199779775 57.4761182779072
0.230495 4.7508256802275 57.4476858631864
0.230995 4.7611313824775 57.5458084002467
0.231495 4.7714370847275 57.5390691373265
0.231995 4.78174278697749 57.5753596766696
0.232495 4.7920484892275 57.7541495562932
0.232995 4.80235419147749 57.7842719297654
0.233495 4.8126598937275 57.7141949286912
0.233995 4.8229655959775 57.6773405647139
0.234495 4.8332712982275 57.7944495149635
0.234995 4.8435770004775 57.926915807535
0.235495 4.85388270272749 57.943817085977
0.235995 4.8641884049775 57.9609370560603
0.236495 4.87449410722749 58.0440665453849
0.236995 4.8847998094775 58.0290277252852
0.237495 4.8951055117275 58.1554801526681
0.237995 4.9054112139775 58.1795189311515
0.238495 4.9157169162275 58.1826936401153
0.238995 4.92602261847749 58.2415692367046
0.239495 4.9363283207275 58.3965509728504
0.239995 4.94663402297749 58.3958084988141
0.240495 4.9569397252275 58.3384462439418
0.240995 4.96724542747749 58.3809913821905
0.241495 4.9775511297275 58.5691918612988
0.241995 4.9878568319775 58.5246697263685
0.242495 4.99816253422749 58.6097333404324
0.242995 5.0084682364775 58.6583531453577
0.243495 5.01877393872749 58.7188352730244
0.243995 5.0290796409775 58.6241551016929
0.244495 5.03938534322749 58.8766492279583
0.244995 5.0496910454775 58.8151726392859
0.245495 5.05999674772749 58.8724410910074
0.245995 5.0703024499775 58.9302818599415
0.246495 5.08060815222749 59.0286027332462
0.246995 5.09091385447749 59.1461439565404
0.247495 5.1012195567275 59.0747574621059
0.247995 5.11152525897749 59.1803609365843
0.248495 5.1218309612275 59.3547226400693
0.248995 5.13213666347749 59.2571048120125
0.249495 5.1424423657275 59.2647516355332
0.249995 5.1527480679775 59.3191999944611
0.250495 5.16305377022749 59.3100360857201
0.250995 5.1733594724775 59.4333052281646
0.251495 5.18366517472749 59.3761165884256
0.251995 5.1939708769775 59.5606088526803
0.252495 5.20427657922749 59.5450880344432
0.252995 5.2145822814775 59.6100524597488
0.253495 5.22488798372749 59.6716024606519
0.253995 5.2351936859775 59.7318896900777
0.254495 5.2454993882275 59.8351206437352
0.254995 5.25580509047749 59.8181040731539
0.255495 5.2661107927275 59.9098366773942
0.255995 5.27641649497749 59.89148221122
0.256495 5.2867221972275 60.0055319910475
0.256995 5.29702789947749 60.1477781205038
0.257495 5.3073336017275 60.1640014298776
0.257995 5.31763930397749 60.2868273193605
0.258495 5.32794500622749 60.3007271088022
0.258995 5.3382507084775 60.3323329504564
0.259495 5.34855641072749 60.3186370380679
0.259995 5.3588621129775 60.4091744490507
0.260495 5.36916781522749 60.5342883489766
0.260995 5.3794735174775 60.6711649537281
0.261495 5.38977921972749 60.541857307035
0.261995 5.40008492197749 60.7403036886198
0.262495 5.41039062422749 60.6222346275064
0.262995 5.42069632647749 60.7308054329641
0.263495 5.4310020287275 60.7714489992693
0.263995 5.44130773097749 60.9568189711014
0.264495 5.4516134332275 60.6745643354931
0.264995 5.46191913547749 60.7868228674684
0.265495 5.4722248377275 60.9990502278477
0.265995 5.4825305399775 61.1558582141393
0.266495 5.49283624222749 60.9516829586071
0.266995 5.5031419444775 61.2539135801418
0.267495 5.51344764672749 61.3996241152808
0.267995 5.5237533489775 61.2186344265989
0.268495 5.53405905122749 61.5032252039878
0.268995 5.5443647534775 61.3382284733488
0.269495 5.55467045572749 61.4246241412218
0.269995 5.56497615797749 61.3028440420761
0.270495 5.5752818602275 61.7478504102871
0.270995 5.58558756247749 61.7038822542725
0.271495 5.5958932647275 61.9156739734978
0.271995 5.60619896697749 61.5990072608167
0.272495 5.6165046692275 61.7192387048766
0.272995 5.62681037147749 61.8301252872077
0.273495 5.6371160737275 62.1492949608438
0.273995 5.64742177597749 62.1709033935616
0.274495 5.65772747822749 62.0787396867504
0.274995 5.6680331804775 62.3649351758219
0.275495 5.67833888272749 62.0793911555099
0.275995 5.6886445849775 62.3772274541315
0.276495 5.69895028722749 62.2858944632477
0.276995 5.7092559894775 62.4496329595891
0.277495 5.7195616917275 62.5709202866313
0.277995 5.72986739397749 62.4273037517622
0.278495 5.7401730962275 62.4947646488988
0.278995 5.75047879847749 62.8423029127585
0.279495 5.7607845007275 62.9281557262886
0.279995 5.77109020297749 62.9142920860581
0.280495 5.7813959052275 63.0188165155169
0.280995 5.79170160747749 63.1178029654936
0.281495 5.80200730972749 63.0171345792846
0.281995 5.8123130119775 63.2329144038911
0.282495 5.82261871422749 63.0024785871525
0.282995 5.8329244164775 63.3675164082702
0.283495 5.84323011872749 63.3168994593987
0.283995 5.8535358209775 63.2216954049233
0.284495 5.8638415232275 63.532661217875
0.284995 5.8741472254775 63.7228564203353
0.285495 5.8844529277275 63.5661427735553
0.285995 5.89475862997749 63.8515809716395
0.286495 5.9050643322275 63.6376556020659
0.286995 5.91537003447749 63.9299670633044
0.287495 5.9256757367275 63.9746296689165
0.287995 5.93598143897749 63.9799188256514
0.288495 5.9462871412275 63.9083310217854
0.288995 5.9565928434775 64.0404613946121
0.289495 5.96689854572749 64.1701562145906
0.289995 5.9772042479775 64.2777385799673
0.290495 5.98750995022749 64.3757219823245
0.290995 5.9978156524775 64.6434662710933
0.291495 6.00812135472749 64.5811848324871
0.291995 6.0184270569775 64.6593241966162
0.292495 6.02873275922749 64.8375816757409
0.292995 6.03903846147749 65.0003437051749
0.293495 6.0493441637275 65.0715183218748
0.293995 6.05964986597749 65.2030614720463
0.294495 6.0699555682275 65.4753893627112
0.294995 6.08026127047749 65.3910964848675
0.295495 6.0905669727275 65.6989718153024
0.295995 6.1008726749775 65.7621687468986
0.296495 6.11117837722749 65.6496005064941
0.296995 6.1214840794775 65.7956551176028
0.297495 6.13178978172749 66.0911604237012
0.297995 6.1420954839775 65.9998675017053
0.298495 6.15240118622749 66.2566266899371
0.298995 6.1627068884775 66.2058215864724
0.299495 6.17301259072749 66.2643194762249
0.299995 6.18331829297749 66.6991248615764
0.300495 6.1936239952275 66.7421744226336
0.300995 6.20392969747749 66.8032869688854
0.301495 6.2142353997275 67.1811118712636
0.301995 6.22454110197749 66.844581421141
0.302495 6.2348468042275 67.2260122613764
0.302995 6.24515250647749 67.4952859767359
0.303495 6.25545820872749 67.3472205570057
0.303995 6.26576391097749 67.266947852305
0.304495 6.27606961322749 67.6185730876264
0.304995 6.2863753154775 67.8983828882835
0.305495 6.29668101772749 67.7640233941762
0.305995 6.3069867199775 67.9808478727676
0.306495 6.31729242222749 68.2725069626533
0.306995 6.3275981244775 68.3340934952692
0.307495 6.3379038267275 68.7510179335381
0.307995 6.34820952897749 68.4288232354436
0.308495 6.3585152312275 68.762324436771
0.308995 6.36882093347749 68.8699583993091
0.309495 6.3791266357275 69.0956246965252
0.309995 6.38943233797749 69.5609683089891
0.310495 6.3997380402275 69.1645879361225
0.310995 6.41004374247749 69.7084621949889
0.311495 6.42034944472749 69.6559962578457
0.311995 6.4306551469775 69.8991748148448
0.312495 6.44096084922749 70.1578975250006
0.312995 6.4512665514775 70.5987327548739
0.313495 6.46157225372749 70.638257705931
0.313995 6.4718779559775 70.568823113423
0.314495 6.4821836582275 70.800889717542
0.314995 6.49248936047749 70.838064239599
0.315495 6.50279506272749 71.2244633428529
0.315995 6.51310076497749 71.3299140519946
0.316495 6.5234064672275 71.6412733008527
0.316995 6.53371216947749 71.6094141120304
0.317495 6.5440178717275 71.8617416932981
0.317995 6.55432357397749 72.0647546266386
0.318495 6.5646292762275 72.5166589212866
0.318995 6.57493497847749 72.4587544081514
0.319495 6.58524068072749 72.5967162184702
0.319995 6.59554638297749 72.9714197121707
0.320495 6.60585208522749 73.2351306783335
0.320995 6.6161577874775 73.0819904642167
0.321495 6.62646348972749 73.5130482240354
0.321995 6.6367691919775 73.7666060113208
0.322495 6.64707489422749 73.8959050433736
0.322995 6.65738059647749 74.2668563714
0.323495 6.6676862987275 74.3927110771698
0.323995 6.67799200097749 74.4818264769851
0.324495 6.68829770322749 74.8250451990582
0.324995 6.69860340547749 75.2788043094293
0.325495 6.7089091077275 75.122315493407
0.325995 6.71921480997749 75.2909240112079
0.326495 6.7295205122275 75.5311345464098
0.326995 6.73982621447749 76.1828933202264
0.327495 6.75013191672749 75.9763873530581
0.327995 6.7604376189775 76.2957427871188
0.328495 6.77074332122749 76.5598289901805
0.328995 6.7810490234775 76.8960948072512
0.329495 6.79135472572749 77.2686147741452
0.329995 6.8016604279775 77.4428066595093
0.330495 6.81196613022749 77.9927347197401
0.330995 6.82227183247749 77.8407301291439
0.331495 6.83257753472749 78.2611324833406
0.331995 6.84288323697749 77.9116197134474
0.332495 6.8531889392275 78.7473822726979
0.332995 6.86349464147749 78.6622727913781
0.333495 6.8738003437275 79.4406251376098
0.333995 6.88410604597749 79.2920579248956
0.334495 6.89441174822749 80.0660412261801
0.334995 6.9047174504775 80.1058979012061
0.335495 6.91502315272749 79.9851871424233
0.335995 6.92532885497749 80.8667998677849
0.336495 6.93563455722749 80.6826919231874
0.336995 6.9459402594775 80.9585812123078
0.337495 6.95624596172749 81.5329360618595
0.337995 6.9665516639775 81.6541079487061
0.338495 6.97685736622749 81.8631309357576
0.338995 6.98716306847749 82.2124626584581
0.339495 6.9974687707275 82.7294421783377
0.339995 7.00777447297749 82.404824243579
0.340495 7.0180801752275 82.8144996383146
0.340995 7.02838587747749 83.8472633444228
0.341495 7.0386915797275 83.2513475141036
0.341995 7.0489972819775 83.6391083229891
0.342495 7.05930298422749 84.1470649818149
0.342995 7.06960868647749 84.1148766716539
0.343495 7.07991438872749 84.7445107891568
0.343995 7.0902200909775 85.0440358737437
0.344495 7.10052579322749 85.2511345884888
0.344995 7.1108314954775 85.5968659274166
0.345495 7.12113719772749 85.8003097023258
0.345995 7.1314428999775 85.8703428035152
0.346495 7.1417486022275 86.5443071331935
0.346995 7.15205430447749 86.8930048439609
0.347495 7.1623600067275 86.9965645711943
0.347995 7.17266570897749 87.2421582109999
0.348495 7.1829714112275 88.0525935525856
0.348995 7.19327711347749 88.0919660021577
0.349495 7.2035828157275 87.9245886224794
0.349995 7.21388851797749 89.0264994859168
0.350495 7.22419422022749 88.7850534827562
0.350995 7.2344999224775 88.9685695808571
0.351495 7.24480562472749 89.3703366537639
0.351995 7.2551113269775 90.0290025345247
0.352495 7.26541702922749 90.2074293537838
0.352995 7.2757227314775 90.303346620671
0.353495 7.2860284337275 90.9238333532794
0.353995 7.29633413597749 91.1361839078008
0.354495 7.30663983822749 91.4472928733675
0.354995 7.31694554047749 91.357566454815
0.355495 7.3272512427275 91.8947773028031
0.355995 7.33755694497749 92.7586485626852
0.356495 7.3478626472275 92.5563820662755
0.356995 7.35816834947749 92.8583707537678
0.357495 7.36847405172749 93.2479959957415
0.357995 7.3787797539775 93.2927509411472
0.358495 7.38908545622749 94.1853231756618
0.358995 7.3993911584775 94.6153212129911
0.359495 7.40969686072749 94.9259670323132
0.359995 7.4200025629775 94.6979814031981
0.360495 7.43030826522749 95.600986380671
0.360995 7.44061396747749 95.847509639658
0.361495 7.45091966972749 95.8830877155294
0.361995 7.46122537197749 96.7370406151424
0.362495 7.4715310742275 97.0062334658128
0.362995 7.48183677647749 96.9568598320632
0.363495 7.4921424787275 97.6029671173759
0.363995 7.50244818097749 97.801612239157
0.364495 7.51275388322749 98.196128943836
0.364995 7.5230595854775 98.6453046870091
0.365495 7.53336528772749 98.950458669458
0.365995 7.54367098997749 99.025667707912
0.366495 7.55397669222749 99.3855549968087
0.366995 7.5642823944775 100.022446236813
0.367495 7.57458809672749 100.608710328261
0.367995 7.58489379897749 101.03442342018
0.368495 7.59519950122749 101.143944029757
0.368995 7.60550520347749 101.457435452516
0.369495 7.6158109057275 101.644817986711
0.369995 7.62611660797749 102.557833109434
0.370495 7.6364223102275 102.698811321141
0.370995 7.64672801247749 102.958706604369
0.371495 7.6570337147275 103.450644632639
0.371995 7.6673394169775 103.76299498433
0.372495 7.67764511922749 104.01999191652
0.372995 7.68795082147749 104.78414957771
0.373495 7.69825652372749 105.00895565546
0.373995 7.7085622259775 105.625418601738
0.374495 7.71886792822749 105.839431649311
0.374995 7.7291736304775 106.344623900806
0.375495 7.73947933272749 106.883160741241
0.375995 7.74978503497749 107.102751803655
0.376495 7.7600907372275 107.668997099935
0.376995 7.77039643947749 108.035396578313
0.377495 7.7807021417275 108.557493432684
0.377995 7.79100784397749 108.872381822848
0.378495 7.8013135462275 109.496869979942
0.378995 7.81161924847749 110.082281559229
0.379495 7.8219249507275 110.478466815477
0.379995 7.83223065297749 110.771456036526
0.380495 7.84253635522749 111.421822099227
0.380995 7.8528420574775 111.735037696579
0.381495 7.86314775972749 111.704903884842
0.381995 7.87345346197749 112.226195813979
0.382495 7.88375916422749 112.890497837055
0.382995 7.8940648664775 113.281966935139
0.383495 7.90437056872749 113.677696404335
0.383995 7.91467627097749 114.186461241921
0.384495 7.92498197322749 114.88476202201
0.384995 7.93528767547749 115.320895594748
0.385495 7.9455933777275 115.917920981226
0.385995 7.95589907997749 116.318820425036
0.386495 7.9662047822275 116.693777488444
0.386995 7.97651048447749 117.209546910944
0.387495 7.98681618672749 117.84211599585
0.387995 7.99712188897749 118.44871810502
0.388495 8.00742759122749 118.636844011763
0.388995 8.01773329347749 119.321902653209
0.389495 8.02803899572749 119.529854797201
0.389995 8.0383446979775 119.890734098164
0.390495 8.04865040022749 120.088775889141
0.390995 8.0589561024775 118.193348873289
0.391495 8.06926180472749 110.111928604512
0.391995 8.07956750697749 95.4776546171648
0.392495 8.0898732092275 76.8734987972146
0.392995 8.10017891147749 62.6395578741471
0.393495 8.11048461372749 53.8267476319266
0.393995 8.12079031597749 45.62863617802
0.394495 8.1310960182275 39.5244314139849
0.394995 8.14140172047749 35.9627727904615
0.395495 8.15170742272749 33.23852924313
0.395995 8.16201312497749 30.5306589658722
0.396495 8.17231882722749 28.047754921124
0.396995 8.1826245294775 25.8499244123728
0.397495 8.19293023172749 23.6724982623145
0.397995 8.2032359339775 21.7015812109921
0.398495 8.21354163622749 19.4650619682402
0.398995 8.22384733847749 16.6459759084648
0.399495 8.23415304072749 13.5039395717254
0.399995 8.24445874297749 10.0313149816624
0.400495 8.25476444522749 6.21827670244018
0.400995 8.26507014747749 2.3257475540246
0.401495 8.2753758497275 -0.899756531669122
0.401995 8.28568155197749 -4.04896304860932
0.402495 8.29598725422749 -7.52720437082626
0.402995 8.30629295647749 -11.6693267420447
0.403495 8.31659865872749 -15.4968574392733
0.403995 8.3269043609775 -17.375392128582
0.404495 8.33721006322749 -12.0077358842853
0.404995 8.34751576547749 -6.08923767930535
0.405495 8.35782146772749 -1.29745034098195
0.405995 8.36812716997749 -0.292220031330922
0.406495 8.37843287222749 -0.958738514151152
0.406995 8.38873857447749 -1.85690274889988
0.407495 8.39904427672749 -2.3238529434298
0.407995 8.40934997897749 -1.53500989304712
0.408495 8.4196556812275 -0.403715625218655
0.408995 8.42996138347749 1.16448877760828
0.409495 8.44026708572749 1.8790666768745
0.409995 8.45057278797749 2.45935730452689
0.410495 8.4608784902275 2.19390073454931
0.410995 8.4711841924775 2.42129986299468
0.411495 8.48148989472749 2.32029174086535
0.411995 8.49179559697749 2.50148764912589
0.412495 8.50210129922749 2.39551483477236
0.412995 8.5124070014775 1.65421975156303
0.413495 8.52271270372749 1.24607889225322
0.413995 8.5330184059775 0.596525849846147
0.414495 8.54332410822749 -0.327477989126286
0.414995 8.55362981047749 -0.692837343288157
0.415495 8.5639355127275 -1.25668443291267
0.415995 8.57424121497749 -1.07660188538533
0.416495 8.58454691722749 -0.844566622934613
0.416995 8.59485261947749 -1.28162933299646
0.417495 8.6051583217275 -1.27124379550506
0.417995 8.61546402397749 -1.21549452145931
0.418495 8.62576972622749 -1.20985477078863
0.418995 8.63607542847749 -0.93822098263704
0.419495 8.64638113072749 -0.848467432263039
0.419995 8.6566868329775 -0.216608483464247
0.420495 8.66699253522749 -0.0698635073379661
0.420995 8.6772982374775 0.128921570755454
0.421495 8.68760393972749 0.308001620408474
0.421995 8.69790964197749 0.386537718022592
0.422495 8.7082153442275 0.742489261338072
0.422995 8.71852104647749 1.17272913875695
0.423495 8.72882674872749 1.26516031149878
0.423995 8.73913245097749 1.25788570288159
0.424495 8.7494381532275 1.26559753106765
0.424995 8.75974385547749 0.918228502511454
0.425495 8.77004955772749 0.536303334853761
0.425995 8.78035525997749 0.306400494581842
0.426495 8.79066096222749 -0.0863978599865447
0.426995 8.8009666644775 -0.160159964784818
0.427495 8.81127236672749 -0.539307871893362
0.427995 8.8215780689775 -1.04919833413443
0.428495 8.83188377122749 -1.10026944250494
0.428995 8.84218947347749 -1.24252470462726
0.429495 8.85249517572749 -1.47734993517405
0.429995 8.8628008779775 -0.887352131897959
0.430495 8.87310658022749 -0.990903218794365
0.430995 8.88341228247749 -0.576085890299118
0.431495 8.8937179847275 -0.225953512283516
0.431995 8.90402368697749 -0.123449066063885
0.432495 8.9143293892275 0.432563958153176
0.432995 8.92463509147749 0.802680487936616
0.433495 8.9349407937275 1.11964164689043
0.433995 8.9452464959775 1.32383073887658
0.434495 8.95555219822749 1.54428552236719
0.434995 8.96585790047749 1.27684044442838
0.435495 8.97616360272749 1.17194340253737
0.435995 8.9864693049775 0.940953562629293
0.436495 8.99677500722749 0.388196955815379
0.436995 9.0070807094775 0.0952348508555575
0.437495 9.01738641172749 -0.35994723714476
0.437995 9.02769211397749 -0.674500645081346
0.438495 9.0379978162275 -0.949149416843855
0.438995 9.04830351847749 -1.18687192298613
0.439495 9.0586092207275 -1.33914293947617
0.439995 9.06891492297749 -1.35083095907336
0.440495 9.0792206252275 -1.21877446234436
0.440995 9.0895263274775 -0.938656136981173
0.441495 9.09983202972749 -0.547286924375993
0.441995 9.11013773197749 -0.0141704349146161
0.442495 9.12044343422749 0.258199014552425
0.442995 9.1307491364775 0.563738773457816
0.443495 9.14105483872749 0.904736883018578
0.443994999999999 9.15136054097749 1.26748862526516
0.444495 9.16166624322749 1.27133427216923
0.444995 9.17197194547749 1.38859429757991
0.445495 9.18227764772749 1.20150848730246
0.445995 9.19258334997749 0.837388084947192
0.446495 9.20288905222749 0.630006946401157
0.446995 9.21319475447749 0.197293565107382
0.447495 9.2235004567275 -0.060046602191578
0.447995 9.23380615897749 -0.265526214532682
0.448495 9.24411186122749 -0.813675536378956
0.448995 9.25441756347749 -1.13494508167848
0.449495 9.26472326572749 -1.3202124829514
0.449995 9.2750289679775 -1.36118418869773
0.450495 9.28533467022749 -1.19460949489929
0.450995 9.29564037247749 -0.969882489316084
0.451495 9.30594607472749 -0.668602567853611
0.451995 9.3162517769775 -0.29102795922451
0.452495 9.32655747922749 0.0639102524576237
0.452995 9.33686318147749 0.337688174493152
0.453495 9.34716888372749 0.707043470535413
0.453995 9.35747458597749 1.10093795897517
0.454495 9.3677802882275 1.21954450781452
0.454995 9.37808599047749 1.45560150899656
0.455494999999999 9.38839169272749 1.36716807129728
0.455995 9.39869739497749 1.04884274810412
0.456495 9.40900309722749 0.710703245275794
0.456995 9.41930879947749 0.273830036647366
0.457495 9.42961450172749 0.0356936768851011
0.457995 9.43992020397749 -0.235264637414356
0.458495 9.45022590622749 -0.72156321319821
0.458995 9.4605316084775 -1.00302549001606
0.459495 9.47083731072749 -1.20500599321702
0.459995 9.48114301297749 -1.45973912542557
0.460495 9.49144871522749 -1.31210933226013
0.460995 9.50175441747749 -0.898535737144408
0.461495 9.5120601197275 -0.858874685670337
0.461995 9.52236582197749 -0.401365564847209
0.462494999999999 9.53267152422749 -0.147568008365213
0.462995 9.54297722647749 0.240901392660589
0.463495 9.55328292872749 0.512445388637061
0.463995 9.56358863097749 0.811327697092586
0.464495 9.57389433322749 1.09904316079583
0.464995 9.58420003547749 1.27425976810736
0.465495 9.59450573772749 1.16621603027668
0.465995 9.6048114399775 0.97806893877868
0.466495 9.61511714222749 0.776591741028939
0.466995 9.62542284447749 0.494218274276044
0.467495 9.63572854672749 0.180600144353542
0.467995 9.64603424897749 -0.0590510124478784
0.468495 9.65633995122749 -0.515660246552231
0.468995 9.66664565347749 -0.862192988199069
0.469495 9.67695135572749 -1.06537332759114
0.469995 9.68725705797749 -1.19435253191034
0.470495 9.69756276022749 -1.1683548710232
0.470995 9.70786846247749 -0.930136078331234
0.471495 9.7181741647275 -0.758527013158917
0.471995 9.72847986697749 -0.374196340261934
0.472495 9.73878556922749 -0.163448804788211
0.472995 9.7490912714775 0.048794157969569
0.473495 9.75939697372749 0.502283729112363
0.473995 9.76970267597749 0.827349009010604
0.474495 9.78000837822749 0.929503937472236
0.474995 9.7903140804775 1.28755182254519
0.475495 9.80061978272749 1.10383994871255
0.475995 9.81092548497749 0.909663531180446
0.476495 9.82123118722749 0.836448865417081
0.476995 9.83153688947749 0.411870073406868
0.477495 9.8418425917275 0.307924203803376
0.477995 9.85214829397749 -0.0327568157338805
0.478495 9.8624539962275 -0.308561854288335
0.478995 9.87275969847749 -0.845356002144899
0.479495 9.88306540072749 -0.947502406580119
0.479995 9.8933711029775 -1.13916443056049
0.480495 9.90367680522749 -1.02306817608562
0.480995 9.91398250747749 -0.904789554483974
0.481495 9.92428820972749 -0.729885139884273
0.481995 9.9345939119775 -0.696522374053257
0.482495 9.94489961422749 -0.330823780696646
0.482995 9.95520531647749 0.0748295909692171
0.483495 9.96551101872749 0.381904956257792
0.483995 9.97581672097749 0.739986084954394
0.484495 9.9861224232275 0.949080812636982
0.484995 9.99642812547749 0.987588565720736
0.485495 10.0067338277275 0.894611006058239
0.485995 10.0170395299775 0.953146346333532
0.486495 10.0273452322275 0.84779492772448
0.486995 10.0376509344775 0.589694795494374
0.487495 10.0479566367275 0.462780628074981
0.487995 10.0582623389775 -0.0850521198523204
0.488495 10.0685680412275 -0.321268487578359
0.488995 10.0788737434775 -0.657527981282653
0.489495 10.0891794457275 -0.97520893527874
0.489995 10.0994851479775 -0.941521650216279
0.490495 10.1097908502275 -0.946962475986919
0.490995 10.1200965524775 -0.796712701377225
0.491495 10.1304022547275 -0.941476933772958
0.491995 10.1407079569775 -0.629030894525948
0.492495 10.1510136592275 -0.317329951865355
0.492995 10.1613193614775 0.0423289186917403
0.493495 10.1716250637275 0.28020832722674
0.493995 10.1819307659775 0.677801806877527
0.494495 10.1922364682275 0.962565080924742
0.494995 10.2025421704775 0.843530850627115
0.495495 10.2128478727275 0.88699862119206
0.495995 10.2231535749775 0.94775829799546
0.496495 10.2334592772275 0.836678265145452
0.496995 10.2437649794775 0.622301527347454
0.497495 10.2540706817275 0.356460252447674
0.497995 10.2643763839775 0.0614217614493512
0.498495 10.2746820862275 -0.21903913228971
0.498995 10.2849877884775 -0.585361854246678
0.499495 10.2952934907275 -0.839717641838153
0.499995 10.3055991929775 -0.909902435322991
