# Fix print output for fix Step
-1.67441647542527e-16 -5.6843418860808e-15 -0.541150138673966
0.000494999999999763 0.016804357069492 2.00467989456188
0.000994999999999832 0.0337784551194943 0.138702221910093
0.0014949999999999 0.0507525531694967 2.5930350513699
0.0019949999999998 0.0677266512194933 1.05935320592435
0.0024949999999997 0.08470074926949 2.30215563199969
0.00299499999999977 0.101674847319492 3.43370558394656
0.00349499999999984 0.118648945369495 1.38415246486124
0.00399499999999991 0.135623043419497 4.14351664425158
0.00449499999999981 0.152597141469494 1.84591392142997
0.00499499999999971 0.16957123951949 4.91785063647513
0.00549499999999978 0.186545337569493 2.69693658471107
0.00599499999999985 0.203519435619495 4.62549128364796
0.00649499999999992 0.220493533669497 3.93794460770908
0.00699499999999982 0.237467631719494 5.03855741668021
0.00749499999999972 0.254441729769491 4.82451466981717
0.00799499999999979 0.271415827819493 4.55946430863284
0.00849499999999986 0.288389925869495 6.33627101016596
0.00899499999999993 0.305364023919498 4.54891088442979
0.00949499999999966 0.322338121969489 7.241525219931
0.00999499999999973 0.339312220019491 4.6258581194988
0.0104949999999998 0.356286318069493 7.59990040998282
0.0109949999999999 0.373260416119496 5.70502341790769
0.0114949999999999 0.390234514169498 7.56949085324757
0.0119949999999997 0.407208612219489 6.53002617218328
0.0124949999999997 0.424182710269491 7.74206194572073
0.0129949999999998 0.441156808319494 7.4923589575985
0.0134949999999999 0.458130906369496 7.53657393251683
0.013995 0.475105004419498 8.43783329788009
0.0144949999999997 0.492079102469489 7.64456811358794
0.0149949999999998 0.509053200519492 9.70589540566838
0.0154949999999998 0.526027298569494 7.69210697685054
0.0159949999999999 0.543001396619496 9.84199098584924
0.0164949999999998 0.559975494669493 8.67585294825872
0.0169949999999997 0.57694959271949 10.3264662972543
0.0174949999999998 0.593923690769492 9.39468046074976
0.0179949999999998 0.610897788819494 10.0926049797774
0.0184949999999999 0.627871886869497 10.3247986335085
0.0189949999999998 0.644845984919493 10.2151372809875
0.0194949999999997 0.66182008296949 11.219265440015
0.0199949999999998 0.678794181019492 10.1688996593388
0.0204949999999998 0.695768279069495 11.9419843417919
0.0209949999999999 0.712742377119497 10.7959154796292
0.0214949999999998 0.729716475169494 12.4053688972225
0.0219949999999997 0.74669057321949 11.3664279792585
0.0224949999999998 0.763664671269493 12.4282800037578
0.0229949999999998 0.780638769319495 12.2703228754097
0.0234949999999999 0.797612867369497 12.6366787855682
0.0239949999999998 0.814586965419494 12.7656604007631
0.0244949999999997 0.831561063469491 12.8275873836671
0.0249949999999998 0.848535161519493 13.5091204589507
0.0254949999999999 0.865509259569495 13.0360274875077
0.0259949999999999 0.882483357619498 14.1421986353285
0.0264949999999997 0.899457455669489 13.5663189219857
0.0269949999999997 0.916431553719491 14.6596675342341
0.0274949999999998 0.933405651769493 14.0698187801072
0.0279949999999999 0.950379749819496 14.5454550776532
0.0284949999999999 0.967353847869498 14.8814721368219
0.0289949999999997 0.984327945919489 14.9111221942936
0.0294949999999997 1.00130204396949 15.5584974853418
0.0299949999999998 1.01827614201949 15.147340983803
0.0304949999999999 1.0352502400695 15.8754080391971
0.0309949999999999 1.0522243381195 15.6163580132093
0.0314949999999997 1.06919843616949 16.3401354475332
0.0319949999999998 1.08617253421949 15.8958546300669
0.0324949999999998 1.10314663226949 16.6810295758554
0.0329949999999999 1.1201207303195 16.5165450665092
0.0334949999999998 1.13709482836949 17.0601375855586
0.0339949999999997 1.15406892641949 17.1495516558399
0.0344949999999998 1.17104302446949 17.1923005107369
0.0349949999999998 1.18801712251949 17.6532735673521
0.0354949999999999 1.2049912205695 17.5319317324931
0.0359949999999998 1.22196531861949 18.1547969631695
0.0364949999999997 1.23893941666949 18.0421457964101
0.0369949999999998 1.25591351471949 18.7968342082556
0.0374949999999998 1.27288761276949 18.4208715259061
0.0379949999999999 1.2898617108195 18.9476647687799
0.0384949999999998 1.30683580886949 18.9007408811283
0.0389949999999997 1.32380990691949 19.1974969776602
0.0394949999999998 1.34078400496949 19.6702172263034
0.0399949999999999 1.35775810301949 19.341187877501
0.0404949999999999 1.3747322010695 20.2063666476818
0.0409949999999998 1.39170629911949 19.7083470713677
0.0414949999999997 1.40868039716949 20.6196158064577
0.0419949999999998 1.42565449521949 20.2105859724663
0.0424949999999999 1.4426285932695 20.9210015982814
0.0429949999999999 1.4596026913195 20.7631941153502
0.0434949999999997 1.47657678936949 21.3180960991311
0.0439949999999997 1.49355088741949 21.3674049966002
0.0444949999999998 1.51052498546949 21.5595098792079
0.0449949999999999 1.5274990835195 21.9342474999373
0.0454949999999999 1.5444731815695 21.7489574424176
0.0459949999999997 1.56144727961949 22.3513427174509
0.0464949999999997 1.57842137766949 22.1413924777564
0.0469949999999998 1.59539547571949 22.7799670452991
0.0474949999999999 1.6123695737695 22.5678161758582
0.0479949999999999 1.6293436718195 23.0835675435195
0.0484949999999997 1.64631776986949 23.1629334773617
0.0489949999999997 1.66329186791949 23.4954686450048
0.0494949999999998 1.68026596596949 23.5742622564297
0.0499949999999999 1.6972400640195 23.7060932195731
0.0504949999999998 1.71421416206949 23.9858655465542
0.0509949999999997 1.73118826011949 24.0146990552976
0.0514949999999998 1.74816235816949 24.484877300078
0.0519949999999998 1.76513645621949 24.3016643653681
0.0524949999999999 1.7821105542695 24.9343608765834
0.0529949999999998 1.79908465231949 24.8450648945588
0.0534949999999997 1.81605875036949 25.1613761610422
0.0539949999999998 1.83303284841949 25.3215868773027
0.0544949999999998 1.85000694646949 25.4040784062729
0.0549949999999999 1.8669810445195 25.6599553672969
0.0554949999999998 1.88395514256949 25.8206338314987
0.0559949999999997 1.90092924061949 26.1193109892075
0.0564949999999998 1.91790333866949 26.0831472707568
0.0569949999999998 1.93487743671949 26.5439135079358
0.0574949999999999 1.9518515347695 26.4976302559414
0.0579949999999997 1.96882563281949 26.9310964379934
0.0584949999999997 1.98579973086949 27.017376318044
0.0589949999999998 2.00277382891949 27.0684033540761
0.0594949999999999 2.0197479269695 27.4669981567638
0.0599949999999999 2.0367220250195 27.6205198195202
0.0604949999999997 2.05369612306949 27.8760401533378
0.0609949999999997 2.07067022111949 27.7041719745943
0.0614949999999998 2.08764431916949 28.1323539494297
0.0619949999999999 2.1046184172195 28.286209375833
0.0624949999999999 2.1215925152695 28.4988295777366
0.0629949999999997 2.13856661331949 28.5697036294506
0.0634949999999997 2.15554071136949 28.8496468941831
0.0639949999999998 2.17251480941949 29.0447613198847
0.0644949999999999 2.1894889074695 29.3176719117194
0.0649949999999999 2.2064630055195 29.413717971108
0.0654949999999997 2.22343710356949 29.4856568638627
0.0659949999999997 2.24041120161949 29.8060823341956
0.0664949999999998 2.25738529966949 29.9050077636582
0.0669949999999999 2.2743593977195 30.1607693813202
0.0674949999999998 2.29133349576949 30.2816769434998
0.0679949999999997 2.30830759381949 30.463733182143
0.0684949999999998 2.32528169186949 30.7446268494426
0.0689949999999998 2.34225578991949 30.8774612171664
0.0694949999999999 2.3592298879695 31.0836951174667
0.0699949999999998 2.37620398601949 31.2134939898044
0.0704949999999997 2.39317808406949 31.4487767723576
0.0709949999999998 2.41015218211949 31.6329371395347
0.0714949999999998 2.42712628016949 31.8217626241987
0.0719949999999999 2.4441003782195 31.9066094370867
0.0724949999999998 2.46107447626949 32.2194864189497
0.0729949999999997 2.47804857431949 32.2565430157348
0.0734949999999998 2.49502267236949 32.424466487101
0.0739949999999998 2.51199677041949 32.747867680912
0.0744949999999999 2.5289708684695 32.7798688492469
0.0749949999999998 2.54594496651949 33.0645801113218
0.0754949999999997 2.56291906456949 33.1107149685003
0.0759949999999998 2.57989316261949 33.3987976683005
0.0764949999999999 2.5968672606695 33.4903514537431
0.0769949999999999 2.6138413587195 33.5660843829782
0.0774949999999997 2.63081545676949 33.7702056567384
0.0779949999999997 2.64778955481949 33.9472199832517
0.0784949999999998 2.66476365286949 34.2015641941365
0.0789949999999999 2.6817377509195 34.1814211515741
0.0794949999999999 2.6987118489695 34.5878848135843
0.0799949999999997 2.71568594701949 34.6375496539035
0.0804949999999997 2.73266004506949 34.9296486183615
0.0809949999999998 2.74963414311949 34.9873706523261
0.0814949999999999 2.7666082411695 35.2019891105765
0.0819949999999999 2.7835823392195 35.3236751262758
0.0824949999999997 2.80055643726949 35.5177769619551
0.0829949999999997 2.81753053531949 35.7795724632494
0.0834949999999998 2.83450463336949 35.7933261962985
0.0839949999999999 2.8514787314195 36.0138878293377
0.0844949999999998 2.86845282946949 36.0800576167503
0.0849949999999997 2.88542692751949 36.4085852414403
0.0854949999999998 2.90240102556949 36.3766563921687
0.0859949999999998 2.91937512361949 36.7006989417652
0.0864949999999999 2.9363492216695 36.7023150927592
0.0869949999999998 2.95332331971949 37.0646518672868
0.0874949999999997 2.97029741776949 37.1101810741197
0.0879949999999998 2.98727151581949 37.3237015262955
0.0884949999999998 3.00424561386949 37.5164898576293
0.0889949999999999 3.0212197119195 37.5435378399213
0.0894949999999998 3.03819380996949 37.6932712432621
0.0899949999999997 3.05516790801949 37.7966319964995
0.0904949999999998 3.07214200606949 38.1058193499302
0.0909949999999998 3.08911610411949 38.1781876908232
0.0914949999999999 3.1060902021695 38.3524017678708
0.0919949999999996 3.12306430021949 38.423243097435
0.0924949999999997 3.14003839826949 38.7533646430529
0.0929949999999998 3.15701249631949 38.8566378100974
0.0934949999999999 3.1739865943695 38.9917148679647
0.0939949999999999 3.1909606924195 39.039294763488
0.0944949999999997 3.20793479046949 39.1367886508798
0.0949949999999997 3.22490888851949 39.4006277619949
0.0954949999999998 3.24188298656949 39.5369684074346
0.0959949999999999 3.2588570846195 39.7643863566863
0.0964949999999999 3.2758311826695 39.8005126133673
0.0969949999999997 3.29280528071949 40.1395353845965
0.0974949999999997 3.30977937876949 40.0989959239465
0.0979949999999998 3.32675347681949 40.2988438374213
0.0984949999999999 3.3437275748695 40.423142512602
0.0989949999999999 3.3607016729195 40.4884322940446
0.0994949999999997 3.37767577096949 40.6450032922808
0.0999949999999998 3.39464986901949 40.9346979702581
0.100495 3.41162396706949 41.1267025167691
0.100995 3.4285980651195 41.0921424819686
0.101495 3.4455721631695 41.2709231417733
0.101995 3.46254626121949 41.479586530133
0.102495 3.47952035926949 41.7018272762391
0.102995 3.49649445731949 41.6549564634641
0.103495 3.5134685553695 41.7563796913574
0.103995 3.53044265341949 41.9878578128272
0.104495 3.54741675146949 42.1852717192572
0.104995 3.56439084951949 42.3213661814868
0.105495 3.58136494756949 42.4665827543551
0.105995 3.5983390456195 42.4711480790122
0.106495 3.61531314366949 42.7621240729329
0.106995 3.63228724171949 42.861995498187
0.107495 3.64926133976949 43.0583608531877
0.107995 3.66623543781949 43.0710405707287
0.108495 3.6832095358695 43.3484965204242
0.108995 3.70018363391949 43.4143422633663
0.109495 3.71715773196949 43.5406512383341
0.109995 3.73413183001949 43.6531576000431
0.110495 3.75110592806949 43.7357729948134
0.110995 3.7680800261195 43.9689219944755
0.111495 3.78505412416949 44.04675678804
0.111995 3.80202822221949 44.2152921576927
0.112495 3.81900232026949 44.3676356496068
0.112995 3.8359764183195 44.5783698599719
0.113495 3.8529505163695 44.4746205079891
0.113995 3.86992461441949 44.6801752444497
0.114495 3.88689871246949 44.8801973395675
0.114995 3.90387281051949 45.041427223797
0.115495 3.9208469085695 45.0450433416027
0.115995 3.9378210066195 45.1775421696959
0.116495 3.95479510466949 45.3917730568449
0.116995 3.97176920271949 45.5195617363502
0.117495 3.98874330076949 45.6192253086229
0.117995 4.0057173988195 45.7169652055121
0.118495 4.0226914968695 45.90819182052
0.118995 4.03966559491949 45.9866041668857
0.119495 4.05663969296949 46.1624735103093
0.119995 4.07361379101949 46.2234153460957
0.120495 4.0905878890695 46.3519045878089
0.120995 4.10756198711949 46.4448159781308
0.121495 4.12453608516949 46.5732676660602
0.121995 4.14151018321949 46.7830066158628
0.122495 4.15848428126949 46.8206675147442
0.122995 4.1754583793195 46.8792569129891
0.123495 4.19243247736949 47.0509028738725
0.123995 4.20940657541949 47.3032392477782
0.124495 4.22638067346949 47.3157459000795
0.124995 4.24335477151949 47.3516802580286
0.125495 4.2603288695695 47.5547620766986
0.125995 4.27730296761949 47.679711681343
0.126495 4.29427706566949 47.6587162073276
0.126995 4.31125116371949 47.9028372286991
0.127495 4.32822526176949 48.0409796498868
0.127995 4.3451993598195 48.1252332504799
0.128495 4.36217345786949 48.2171632834268
0.128995 4.37914755591949 48.3317297038458
0.129495 4.39612165396949 48.4799881304394
0.129995 4.4130957520195 48.5969673453941
0.130495 4.4300698500695 48.6144288767291
0.130995 4.44704394811949 48.7947889746125
0.131495 4.46401804616949 48.954800076221
0.131995 4.48099214421949 49.1144459856767
0.132495 4.4979662422695 48.9753802151235
0.132995 4.5149403403195 49.2890795547574
0.133495 4.53191443836949 49.4058896429245
0.133995 4.54888853641949 49.5118490178849
0.134495 4.56586263446949 49.4773843409878
0.134995 4.5828367325195 49.733899400859
0.135495 4.5998108305695 49.7967852865958
0.135995 4.61678492861949 49.8505156878492
0.136495 4.63375902666949 50.0798529931363
0.136995 4.65073312471949 49.9608030126204
0.137495 4.6677072227695 50.2287104109345
0.137995 4.68468132081949 50.2562150983627
0.138495 4.70165541886949 50.5283022358323
0.138995 4.71862951691949 50.513103370823
0.139495 4.73560361496949 50.6230767260459
0.139995 4.7525777130195 50.7378240647519
0.140495 4.76955181106949 50.8766058686322
0.140995 4.78652590911949 50.8601483227748
0.141495 4.80350000716949 51.0044323117646
0.141995 4.82047410521949 51.1602918161084
0.142495 4.8374482032695 51.1962695114315
0.142995 4.85442230131949 51.364239778961
0.143495 4.87139639936949 51.3684969673729
0.143995 4.88837049741949 51.6571768840973
0.144495 4.9053445954695 51.6239071292514
0.144995 4.9223186935195 51.8177617372194
0.145495 4.93929279156949 51.7183797607396
0.145995 4.95626688961949 52.0256837586357
0.146495 4.97324098766949 52.0194375168917
0.146995 4.9902150857195 52.1498927021626
0.147495 5.0071891837695 52.2021084506764
0.147995 5.02416328181949 52.2130602198415
0.148495 5.04113737986949 52.4116714199896
0.148995 5.05811147791949 52.3892236753938
0.149495 5.0750855759695 52.6836860150835
0.149995 5.09205967401949 52.6871957612973
0.150495 5.10903377206949 52.8417225176185
0.150995 5.12600787011949 52.8720977632792
0.151495 5.14298196816949 52.9492633993955
0.151995 5.1599560662195 52.9991648233173
0.152495 5.17693016426949 53.2506026702003
0.152995 5.19390426231949 53.2388941715029
0.153495 5.21087836036949 53.3990966478551
0.153995 5.22785245841949 53.3340267358847
0.154495 5.2448265564695 53.5845368031533
0.154995 5.26180065451949 53.5482094812303
0.155495 5.27877475256949 53.7027273743598
0.155995 5.29574885061949 53.7170798860716
0.156495 5.31272294866949 53.9632835611548
0.156995 5.3296970467195 53.9110988698594
0.157495 5.34667114476949 53.9914863403472
0.157995 5.36364524281949 54.1175899833009
0.158495 5.38061934086949 54.1497275299991
0.158995 5.3975934389195 54.3989934795767
0.159495 5.4145675369695 54.3086623683329
0.159995 5.43154163501949 54.5188366185715
0.160495 5.44851573306949 54.4448037769734
0.160995 5.46548983111949 54.674092464605
0.161495 5.4824639291695 54.6504351812274
0.161995 5.4994380272195 54.8530550926349
0.162495 5.51641212526949 54.8638137777228
0.162995 5.53338622331949 54.9177552767669
0.163495 5.55036032136949 55.1239725886656
0.163995 5.5673344194195 55.1495317969872
0.164495 5.5843085174695 55.2168254541522
0.164995 5.60128261551949 55.1725646207436
0.165495 5.61825671356949 55.4411195867199
0.165995 5.63523081161949 55.4763561256825
0.166495 5.6522049096695 55.5259763055532
0.166995 5.6691790077195 55.4026579286398
0.167495 5.68615310576949 55.7600778826722
0.167995 5.70312720381949 55.862219978967
0.168495 5.72010130186949 55.7707352390885
0.168995 5.7370753999195 55.7242794140618
0.169495 5.7540494979695 55.8683864126044
0.169995 5.77102359601949 56.157071678632
0.170495 5.78799769406949 56.0720847278518
0.170995 5.80497179211949 56.2155497697193
0.171495 5.8219458901695 56.2493784856096
0.171995 5.83891998821949 56.4462792218525
0.172495 5.85589408626949 56.3941671991419
0.172995 5.87286818431949 56.4803508608281
0.173495 5.88984228236949 56.5892916379833
0.173995 5.9068163804195 56.580397301032
0.174495 5.92379047846949 56.7329930642257
0.174995 5.94076457651949 56.7793528619067
0.175495 5.95773867456949 56.922592303138
0.175995 5.97471277261949 56.8006474649735
0.176495 5.9916868706695 57.0098122941337
0.176995 6.00866096871949 57.0047733319154
0.177495 6.02563506676949 57.2839685875516
0.177995 6.04260916481949 57.2412805268295
0.178495 6.0595832628695 57.1719141150325
0.178995 6.0765573609195 57.3448360711865
0.179495 6.09353145896949 57.4072410098207
0.179995 6.11050555701949 57.5591405135931
0.180495 6.12747965506949 57.5212427875957
0.180995 6.1444537531195 57.7554747653903
0.181495 6.1614278511695 57.6472207679596
0.181995 6.17840194921949 57.7643424808724
0.182495 6.19537604726949 57.7127702220138
0.182995 6.21235014531949 57.9332969474229
0.183495 6.2293242433695 57.8788020792997
0.183995 6.24629834141949 57.9328547059312
0.184495 6.26327243946949 58.1047444135213
0.184995 6.28024653751949 58.1597067349635
0.185495 6.29722063556949 58.2635100947912
0.185995 6.3141947336195 58.1833255171081
0.186495 6.33116883166949 58.2983149049225
0.186995 6.34814292971949 58.3542553898655
0.187495 6.36511702776949 58.5427090253973
0.187995 6.38209112581949 58.4969556792593
0.188495 6.3990652238695 58.5586963511962
0.188995 6.41603932191949 58.6275881232913
0.189495 6.43301341996949 58.7430895290879
0.189995 6.44998751801949 58.7933872444823
0.190495 6.46696161606949 58.8156220275057
0.190995 6.4839357141195 58.8480715917066
0.191495 6.50090981216949 58.882276422882
0.191995 6.51788391021949 59.0023331509535
0.192495 6.53485800826949 59.1440658325519
0.192995 6.55183210631949 59.0928100744116
0.193495 6.5688062043695 59.2172721352347
0.193995 6.58578030241949 59.1474052373966
0.194495 6.60275440046949 59.2694588497688
0.194995 6.61972849851949 59.3511769953408
0.195495 6.63670259656949 59.4213970505378
0.195995 6.6536766946195 59.3934954898356
0.196495 6.67065079266949 59.5178394753015
0.196995 6.68762489071949 59.6244626030723
0.197495 6.70459898876949 59.6475088802187
0.197995 6.72157308681949 59.5932326937323
0.198495 6.7385471848695 59.6606787529268
0.198995 6.75552128291949 59.8485215206463
0.199495 6.77249538096949 59.9587617399527
0.199995 6.78946947901949 59.8922152935291
0.200495 6.8064435770695 59.9057422699742
0.200995 6.8234176751195 60.0016147911214
0.201495 6.84039177316949 60.0552421975312
0.201995 6.85736587121949 60.1884432490915
0.202495 6.87433996926949 60.1363626142349
0.202995 6.8913140673195 60.1732398732941
0.203495 6.9082881653695 60.2137937469978
0.203995 6.92526226341949 60.400821449861
0.204495 6.94223636146949 60.3882420805417
0.204995 6.95921045951949 60.5164040623334
0.205495 6.9761845575695 60.5290975211611
0.205995 6.9931586556195 60.5991603948317
0.206495 7.01013275366949 60.5746032843351
0.206995 7.02710685171949 60.7199264568586
0.207495 7.04408094976949 60.6706129959353
0.207995 7.0610550478195 60.7839643059082
0.208495 7.07802914586949 60.9110579925663
0.208995 7.09500324391949 60.8077109392405
0.209495 7.11197734196949 60.9221494386986
0.209995 7.12895144001949 60.9631052335784
0.210495 7.1459255380695 61.0604812206844
0.210995 7.16289963611949 61.061961708891
0.211495 7.17987373416949 61.1929224355213
0.211995 7.19684783221949 61.1447563868209
0.212495 7.21382193026949 61.2919567684221
0.212995 7.2307960283195 61.2348529531042
0.213495 7.24777012636949 61.3809170356575
0.213995 7.26474422441949 61.4458316645804
0.214495 7.28171832246949 61.5479277094884
0.214995 7.2986924205195 61.4877412961432
0.215495 7.3156665185695 61.4934901762011
0.215995 7.33264061661949 61.6467203242543
0.216495 7.34961471466949 61.7378555603198
0.216995 7.36658881271949 61.7953599616193
0.217495 7.3835629107695 61.6148267450867
0.217995 7.4005370088195 61.8917652328138
0.218495 7.41751110686949 61.8652304215489
0.218995 7.43448520491949 61.9883422849859
0.219495 7.45145930296949 61.9606948591898
0.219995 7.4684334010195 62.0387752388093
0.220495 7.48540749906949 61.992505239021
0.220995 7.50238159711949 62.1272849592449
0.221495 7.51935569516949 62.2068283285293
0.221995 7.53632979321949 62.2190940929263
0.222495 7.5533038912695 62.2718309608083
0.222995 7.57027798931949 62.3165320230398
0.223495 7.58725208736949 62.4529908813189
0.223995 7.60422618541949 62.3318508073771
0.224495 7.62120028346949 62.5305948443301
0.224995 7.6381743815195 62.5254672656376
0.225495 7.65514847956949 62.6134705020915
0.225995 7.67212257761949 62.6345624475988
0.226495 7.68909667566949 62.730589568829
0.226995 7.70607077371949 62.7586481783768
0.227495 7.7230448717695 62.6634509815814
0.227995 7.74001896981949 62.8366631055373
0.228495 7.75699306786949 62.8873757564435
0.228995 7.77396716591949 63.0352473786661
0.229495 7.7909412639695 62.8870572708485
0.229995 7.8079153620195 63.0431961970739
0.230495 7.82488946006949 63.0608975180194
0.230995 7.84186355811949 63.1219548583418
0.231495 7.85883765616949 63.2086927113181
0.231995 7.8758117542195 63.1487805798334
0.232495 7.8927858522695 63.3515982239979
0.232995 7.90975995031949 63.3387128934016
0.233495 7.92673404836949 63.4769787806576
0.233995 7.94370814641949 63.2932289648393
0.234495 7.9606822444695 63.4771226178798
0.234995 7.9776563425195 63.5462471815253
0.235495 7.99463044056949 63.6620864413432
0.235995 8.01160453861949 63.6487090658519
0.236495 8.02857863666949 63.5487395516278
0.236995 8.0455527347195 63.7840335717337
0.237495 8.0625268327695 63.891784651758
0.237995 8.07950093081949 63.8021185913147
0.238495 8.09647502886949 63.8024426782154
0.238995 8.11344912691949 64.0024196956005
0.239495 8.1304232249695 63.8037940443009
0.239995 8.1473973230195 64.2364833518913
0.240495 8.16437142106949 64.0880640334126
0.240995 8.18134551911949 64.0391474809417
0.241495 8.19831961716949 64.1198499377054
0.241995 8.2152937152195 64.3316725774888
0.242495 8.23226781326949 64.3358728793206
0.242995 8.24924191131949 64.2324109035437
0.243495 8.26621600936949 64.2965543840321
0.243995 8.28319010741949 64.4804045650552
0.244495 8.3001642054695 64.6009289852851
0.244995 8.31713830351949 64.4874057569403
0.245495 8.33411240156949 64.578423741828
0.245995 8.35108649961949 64.6469060478506
0.246495 8.36806059766949 64.7928622535885
0.246995 8.3850346957195 64.5583581243038
0.247495 8.40200879376949 64.6995891560577
0.247995 8.41898289181949 64.8749678523718
0.248495 8.43595698986949 65.0605382493057
0.248995 8.4529310879195 65.0636107751861
0.249495 8.4699051859695 64.9336131131337
0.249995 8.48687928401949 65.0280821296595
0.250495 8.50385338206949 65.040528102772
0.250995 8.52082748011949 65.2621909339064
0.251495 8.5378015781695 65.1301437288699
0.251995 8.5547756762195 65.3021523293478
0.252495 8.5717497742695 65.3204173954313
0.252995 8.58872387231949 65.3283681954423
0.253495 8.60569797036949 65.3362249763552
0.253995 8.6226720684195 65.505627231987
0.254495 8.6396461664695 65.5773526603656
0.254995 8.65662026451949 65.7571414449855
0.255495 8.67359436256949 65.6834382929469
0.255995 8.69056846061949 65.7731507487859
0.256495 8.7075425586695 65.9089190015238
0.256995 8.72451665671949 65.6626890909508
0.257495 8.74149075476949 65.8859365081668
0.257995 8.75846485281949 65.8364676491058
0.258495 8.77543895086949 66.0405389938369
0.258995 8.7924130489195 65.9936602469521
0.259495 8.80938714696949 66.1670188108172
0.259995 8.82636124501949 66.1529362714846
0.260495 8.84333534306949 66.4139950316648
0.260995 8.86030944111949 66.4552245648232
0.261495 8.8772835391695 66.34298126853
0.261995 8.89425763721949 66.4517336933213
0.262495 8.91123173526949 66.5069410297258
0.262995 8.92820583331949 66.5438272362051
0.263495 8.94517993136949 66.6845969615015
0.263995 8.9621540294195 66.6104327349529
0.264495 8.97912812746949 66.6849068756488
0.264995 8.99610222551949 66.8876582765744
0.265495 9.01307632356949 66.7774211596436
0.265995 9.0300504216195 66.9499957998733
0.266495 9.04702451966949 66.8713182348715
0.266995 9.06399861771949 66.956732370109
0.267495 9.08097271576949 67.0667743260811
0.267995 9.09794681381949 67.1921610715691
0.268495 9.1149209118695 67.4326341091459
0.268995 9.13189500991949 67.254545958198
0.269495 9.14886910796949 67.4685160362193
0.269995 9.16584320601949 67.2938616092778
0.270495 9.18281730406949 67.5946938370582
0.270995 9.1997914021195 67.6284614331293
0.271495 9.21676550016949 67.6438334608548
0.271995 9.23373959821949 67.7690879863591
0.272495 9.25071369626949 67.9131478927943
0.272995 9.26768779431949 67.6890782198059
0.273495 9.2846618923695 67.8644048551567
0.273995 9.30163599041949 67.9060974833669
0.274495 9.31861008846949 68.1175333064859
0.274995 9.33558418651949 68.1385945118963
0.275495 9.35255828456949 68.2999640421193
0.275995 9.3695323826195 68.2956533895692
0.276495 9.38650648066949 68.4589194333157
0.276995 9.40348057871949 68.3648147404839
0.277495 9.42045467676949 68.641341945383
0.277995 9.43742877481949 68.4739672146518
0.278495 9.4544028728695 68.6146446195549
0.278995 9.47137697091949 68.8824094190581
0.279495 9.48835106896949 68.775286060706
0.279995 9.50532516701949 68.9456845181102
0.280495 9.5222992650695 68.9631000583296
0.280995 9.5392733631195 69.0602977802946
0.281495 9.55624746116949 69.1071425355397
0.281995 9.57322155921949 69.0395567097706
0.282495 9.59019565726949 69.2514769513285
0.282995 9.60716975531949 69.4266046518299
0.283495 9.6241438533695 69.4985017807392
0.283995 9.64111795141949 69.3267028396911
0.284495 9.65809204946949 69.7774937941521
0.284995 9.67506614751949 69.7600263967897
0.285495 9.6920402455695 69.8679281472585
0.285995 9.7090143436195 69.9481659786533
0.286495 9.72598844166949 70.1506700498825
0.286995 9.74296253971949 70.0928887755781
0.287495 9.75993663776949 70.1955076937791
0.287995 9.7769107358195 70.3317180368106
0.288495 9.79388483386949 70.4845461100078
0.288995 9.81085893191949 70.5838413755944
0.289495 9.82783302996949 70.6297841846498
0.289995 9.84480712801949 70.3948095580618
0.290495 9.8617812260695 70.7889043170022
0.290995 9.87875532411949 70.8853728661681
0.291495 9.89572942216949 70.8037665581885
0.291995 9.91270352021949 71.2594075739316
0.292495 9.92967761826949 71.6540204798079
0.292995 9.9466517163195 71.5001555140117
0.293495 9.96362581436949 71.2989436215594
0.293995 9.98059991241949 71.431256457117
0.294495 9.99757401046949 71.6394132020982
0.294995 10.0145481085195 71.8577893423431
0.295495 10.0315222065695 71.6979239433815
0.295995 10.0484963046195 72.3064399277336
0.296495 10.0654704026695 72.0225289811677
0.296995 10.0824445007195 72.3098216331847
0.297495 10.0994185987695 72.5142549761073
0.297995 10.1163926968195 72.5525587592292
0.298495 10.1333667948695 72.5195083160874
0.298995 10.1503408929195 72.6724405473946
0.299495 10.1673149909695 72.9849797494485
0.299995 10.1842890890195 73.1397551488501
0.300495 10.2012631870695 73.1644462727017
0.300995 10.2182372851195 73.4806916212571
0.301495 10.2352113831695 73.5581162018819
0.301995 10.2521854812195 73.7607307017795
0.302495 10.2691595792695 74.004716965179
0.302995 10.2861336773195 73.6921319141021
0.303495 10.3031077753695 74.0417404334002
0.303995 10.3200818734195 74.3606844571543
0.304495 10.3370559714695 74.2355440221594
0.304995 10.3540300695195 74.6165963396416
0.305495 10.3710041675695 74.5957765790661
0.305995 10.3879782656195 74.5682827576362
0.306495 10.4049523636695 75.1632274339501
0.306995 10.4219264617195 75.3164087065703
0.307495 10.4389005597695 75.1273912954015
0.307995 10.4558746578195 75.3669896213043
0.308495 10.4728487558695 75.5501026835145
0.308995 10.4898228539195 75.7028139099289
0.309495 10.5067969519695 75.9033609404257
0.309995 10.5237710500195 75.9998942924197
0.310495 10.5407451480695 76.2182346558029
0.310995 10.5577192461195 76.4229866684826
0.311495 10.5746933441695 76.6960205646807
0.311995 10.5916674422195 76.9061679641989
0.312495 10.6086415402695 76.9927716954206
0.312995 10.6256156383195 77.0357987321467
0.313495 10.6425897363695 77.3482740476486
0.313995 10.6595638344195 77.5901613512756
0.314495 10.6765379324695 77.9388857531763
0.314995 10.6935120305195 77.9438693499135
0.315495 10.7104861285695 78.1925390128286
0.315995 10.7274602266195 78.5632601469148
0.316495 10.7444343246695 78.9184872194389
0.316995 10.7614084227195 78.810119827195
0.317495 10.7783825207695 79.1096746920466
0.317995 10.7953566188195 79.1908688242553
0.318495 10.8123307168695 79.3511462416404
0.318995 10.8293048149195 79.6632014659007
0.319495 10.8462789129695 79.7162411028727
0.319995 10.8632530110195 80.0744034246739
0.320495 10.8802271090695 80.4194449406335
0.320995 10.8972012071195 80.5127771151942
0.321495 10.9141753051695 80.7550578558616
0.321995 10.9311494032195 80.8384496120827
0.322495 10.9481235012695 81.237839686643
0.322995 10.9650975993195 81.4751637725993
0.323495 10.9820716973695 81.6680524788031
0.323995 10.9990457954195 81.8326861635875
0.324495 11.0160198934695 82.1945682071948
0.324995 11.0329939915195 82.8782881045383
0.325495 11.0499680895695 82.8356825569347
0.325995 11.0669421876195 82.6973587262651
0.326495 11.0839162856695 83.2771453528813
0.326995 11.1008903837195 83.1991942163795
0.327495 11.1178644817695 83.529443213137
0.327995 11.1348385798195 84.4556013073137
0.328495 11.1518126778695 84.0806618924369
0.328995 11.1687867759195 84.2583791285323
0.329495 11.1857608739695 84.8051081615928
0.329995 11.2027349720195 85.0082347809269
0.330495 11.2197090700695 85.0509041261055
0.330995 11.2366831681195 85.6284582641772
0.331495 11.2536572661695 85.7400984454829
0.331995 11.2706313642195 86.2070521728762
0.332495 11.2876054622695 86.0734832236606
0.332995 11.3045795603195 86.6634507148667
0.333495 11.3215536583695 86.8942652575544
0.333995 11.3385277564195 87.5244819189085
0.334495 11.3555018544695 87.2665702303322
0.334995 11.3724759525195 87.8375815777866
0.335495 11.3894500505695 87.8394016586549
0.335995 11.4064241486195 88.3365845800718
0.336495 11.4233982466695 88.5282814161158
0.336995 11.4403723447195 88.9590343589381
0.337495 11.4573464427695 88.6491928620812
0.337995 11.4743205408195 89.6047913326735
0.338495 11.4912946388695 89.6429685784413
0.338995 11.5082687369195 90.2272222085948
0.339495 11.5252428349695 90.4229052378885
0.339995 11.5422169330195 90.7617913954572
0.340495 11.5591910310695 91.1777165992199
0.340995 11.5761651291195 91.454437737984
0.341495 11.5931392271695 91.6798804328415
0.341995 11.6101133252195 91.5940765261599
0.342495 11.6270874232695 92.3212994888474
0.342995 11.6440615213195 92.4471084746077
0.343495 11.6610356193695 92.6407595673967
0.343995 11.6780097174195 93.0564313805425
0.344495 11.6949838154695 93.4452476647189
0.344995 11.7119579135195 93.9621267911908
0.345495 11.7289320115695 94.0099510104025
0.345995 11.7459061096195 94.4748186217537
0.346495 11.7628802076695 94.9150922027371
0.346995 11.7798543057195 95.0493759004709
0.347495 11.7968284037695 95.3290678379339
0.347995 11.8138025018195 95.6222376748773
0.348495 11.8307765998695 96.1803710133787
0.348995 11.8477506979195 96.2951621180489
0.349495 11.8647247959695 96.5111610960067
0.349995 11.8816988940195 97.3893176666835
0.350495 11.8986729920695 97.3846842685056
0.350995 11.9156470901195 97.6719475098858
0.351495 11.9326211881695 97.9972469333114
0.351995 11.9495952862195 98.6562667899793
0.352495 11.9665693842695 98.6065883794187
0.352995 11.9835434823195 99.2410394439049
0.353495 12.0005175803695 99.4611794474277
0.353995 12.0174916784195 99.8432424598669
0.354495 12.0344657764695 99.6158301637979
0.354995 12.0514398745195 100.294056910088
0.355495 12.0684139725695 100.96613795837
0.355995 12.0853880706195 100.919348282333
0.356495 12.1023621686695 101.238380661382
0.356995 12.1193362667195 101.939815812177
0.357495 12.1363103647695 102.20583008431
0.357995 12.1532844628195 102.356306350493
0.358495 12.1702585608695 103.248685168978
0.358995 12.1872326589195 103.303778803048
0.359495 12.2042067569695 103.869680192625
0.359995 12.2211808550195 104.075476175268
0.360495 12.2381549530695 103.805436409817
0.360995 12.2551290511195 104.911156082598
0.361495 12.2721031491695 105.41046325222
0.361995 12.2890772472195 105.45459717409
0.362495 12.3060513452695 105.908832948359
0.362995 12.3230254433195 106.417309408597
0.363495 12.3399995413695 106.676264703715
0.363995 12.3569736394195 107.001842517059
0.364495 12.3739477374695 107.289412089208
0.364995 12.3909218355195 108.190848047921
0.365495 12.4078959335695 108.244619284234
0.365995 12.4248700316195 108.801515350463
0.366495 12.4418441296695 109.055829097243
0.366995 12.4588182277195 109.429850091031
0.367495 12.4757923257695 110.113472345443
0.367995 12.4927664238195 110.438247299823
0.368495 12.5097405218695 110.732269870199
0.368995 12.5267146199195 110.969599608226
0.369495 12.5436887179695 111.07415958357
0.369995 12.5606628160195 112.079451032966
0.370495 12.5776369140695 112.480253683699
0.370995 12.5946110121195 112.718986961676
0.371495 12.6115851101695 113.251138409
0.371995 12.6285592082195 113.419948438857
0.372495 12.6455333062695 114.48171688017
0.372995 12.6625074043195 115.048447362146
0.373495 12.6794815023695 115.717217297964
0.373995 12.6964556004195 116.177189662574
0.374495 12.7134296984695 116.189522437736
0.374995 12.7304037965195 116.173540404933
0.375495 12.7473778945695 116.805096003567
0.375995 12.7643519926195 117.614762141743
0.376495 12.7813260906695 117.903730284601
0.376995 12.7983001887195 118.1872126871
0.377495 12.8152742867695 118.392600758861
0.377995 12.8322483848195 119.13256795047
0.378495 12.8492224828695 119.930199030743
0.378995 12.8661965809195 120.288956059137
0.379495 12.8831706789695 120.701899012018
0.379995 12.9001447770195 121.193538531832
0.380495 12.9171188750695 121.713212164666
0.380995 12.9340929731195 122.424178393114
0.381495 12.9510670711695 122.756781794853
0.381995 12.9680411692195 123.348503913277
0.382495 12.9850152672695 123.959764530103
0.382995 13.0019893653195 124.109354720994
0.383495 13.0189634633695 122.980170745696
0.383995 13.0359375614195 117.107867340937
0.384495 13.0529116594695 108.273562597611
0.384995 13.0698857575195 95.9635145186242
0.385495 13.0868598555695 85.920517858797
0.385995 13.1038339536195 78.4318552938633
0.386495 13.1208080516695 70.9864571928984
0.386995 13.1377821497195 64.4485932942433
0.387495 13.1547562477695 58.4621879925174
0.387995 13.1717303458195 53.3380379543168
0.388495 13.1887044438695 48.6074753490324
0.388995 13.2056785419195 44.9913663802797
0.389495 13.2226526399695 42.3402801531921
0.389995 13.2396267380195 40.4870655230273
0.390495 13.2566008360695 38.8717595799874
0.390995 13.2735749341195 37.1452060203996
0.391495 13.2905490321695 35.4158174427945
0.391995 13.3075231302195 33.8018550828454
0.392495 13.3244972282695 32.154344807881
0.392995 13.3414713263195 30.6562226361506
0.393495 13.3584454243695 29.2860521243244
0.393995 13.3754195224195 27.9327168653116
0.394495 13.3923936204695 26.629685778129
0.394995 13.4093677185195 25.3999265535397
0.395495 13.4263418165695 24.1985010243594
0.395995 13.4433159146195 22.7369137075731
0.396495 13.4602900126695 21.0736219577908
0.396995 13.4772641107195 19.2059255267085
0.397495 13.4942382087695 17.1912104486735
0.397995 13.5112123068195 15.0394151929968
0.398495 13.5281864048695 12.6887504195629
0.398995 13.5451605029195 10.2109466381811
0.399495 13.5621346009695 7.60126607585354
0.399995 13.5791086990195 4.7602710455496
0.400495 13.5960827970695 1.91480890484889
0.400995 13.6130568951195 -0.645311150127641
0.401495 13.6300309931695 -2.96404669762076
0.401995 13.6470050912195 -5.52068114159493
0.402495 13.6639791892695 -8.49814355379089
0.402995 13.6809532873195 -11.447060598935
0.403495 13.6979273853695 -14.1331272300752
0.403995 13.7149014834195 -14.1817625525075
0.404495 13.7318755814695 -12.6074699845825
0.404995 13.7488496795195 -10.9823167552847
0.405495 13.7658237775695 -8.59488737920479
0.405995 13.7827978756195 -6.25106985863603
0.406495 13.7997719736695 -4.99162077556638
0.406995 13.8167460717195 -4.21652035205569
0.407495 13.8337201697695 -3.3457227716853
0.407995 13.8506942678195 -2.5191466688861
0.408495 13.8676683658695 -1.52579844016128
0.408995 13.8846424639195 -1.45971342728108
0.409495 13.9016165619695 -1.40666007776419
0.409995 13.9185906600195 -1.70523618225311
0.410495 13.9355647580695 -1.94308890992247
0.410995 13.9525388561195 -1.92563473121024
0.411495 13.9695129541695 -2.61795294450953
0.411995 13.9864870522195 -3.39654491475158
0.412495 14.0034611502695 -3.80098859718983
0.412995 14.0204352483195 -3.62105620939184
0.413495 14.0374093463695 -3.14305623800129
0.413995 14.0543834444195 -2.63644112795307
0.414495 14.0713575424695 -2.30005341955891
0.414995 14.0883316405195 -2.1145524754258
0.415495 14.1053057385695 -1.58735666937487
0.415995 14.1222798366195 -1.39206146956507
0.416495 14.1392539346695 -0.824105639709986
0.416995 14.1562280327195 -0.659969849853635
0.417495 14.1732021307695 -0.805372097899719
0.417995 14.1901762288195 -1.17747400430086
0.418495 14.2071503268695 -1.55751062734163
0.418995 14.2241244249195 -1.62868856617416
0.419495 14.2410985229695 -1.51909750331617
0.419995 14.2580726210195 -1.51663714856084
0.420495 14.2750467190695 -1.59118089549588
0.420995 14.2920208171195 -1.70863268717108
0.421495 14.3089949151695 -1.30733542558332
0.421995 14.3259690132195 -0.797601243432993
0.422495 14.3429431112695 -0.652211831199395
0.422995 14.3599172093195 -0.338346517247393
0.423495 14.3768913073695 0.130551606671036
0.423995 14.3938654054195 1.0914505456657
0.424495 14.4108395034695 1.97848225161532
0.424995 14.4278136015195 2.69785581709146
0.425495 14.4447876995695 3.14050205237773
0.425995 14.4617617976195 3.49996501266239
0.426495 14.4787358956695 4.11604653333389
0.426995 14.4957099937195 4.7627467007199
0.427495 14.5126840917695 4.93755994266836
0.427995 14.5296581898195 5.00766794105383
0.428495 14.5466322878695 4.88327934083517
0.428995 14.5636063859195 4.77088183378652
0.429495 14.5805804839695 4.49863942137016
0.429995 14.5975545820195 3.9659221010962
0.430495 14.6145286800695 3.41317828176087
0.430995 14.6315027781195 2.43494180257708
0.431495 14.6484768761695 1.53278957661115
0.431995 14.6654509742195 0.662833523476243
0.432495 14.6824250722695 -0.151499159845356
0.432995 14.6993991703195 -0.963042522441259
0.433495 14.7163732683695 -1.69947521405676
0.433995 14.7333473664195 -2.39504575331269
0.434495 14.7503214644695 -2.91398021853863
0.434995 14.7672955625195 -3.41268820736668
0.435495 14.7842696605695 -4.04011089322372
0.435995 14.8012437586195 -4.52986022742912
0.436495 14.8182178566695 -4.6440583939579
0.436995 14.8351919547195 -4.25640133274902
0.437495 14.8521660527695 -3.90936423432556
0.437995 14.8691401508195 -3.40583262870519
0.438495 14.8861142488695 -3.04443683203233
0.438995 14.9030883469195 -2.68319209874457
0.439495 14.9200624449695 -2.00998242597984
0.439995 14.9370365430195 -1.75573081204528
0.440495 14.9540106410695 -1.04233982798346
0.440995 14.9709847391195 -0.431520793778086
0.441495 14.9879588371695 0.269574507748651
0.441995 15.0049329352195 0.497348528140338
0.442495 15.0219070332695 0.859794027158973
0.442995 15.0388811313195 1.21159823103939
0.443495 15.0558552293695 1.70016488693504
0.443995 15.0728293274195 2.07429506435207
0.444495 15.0898034254695 2.31464803940988
0.444995 15.1067775235195 2.64323845399609
0.445495 15.1237516215695 2.87652352942504
0.445995 15.1407257196195 2.82192177929042
0.446495 15.1576998176695 2.86158903876294
0.446995 15.1746739157195 2.62919964807504
0.447495 15.1916480137695 2.33059151505147
0.447995 15.2086221118195 1.99255699220359
0.448495 15.2255962098695 1.51043792031627
0.448995 15.2425703079195 1.18199579639968
0.449495 15.2595444059695 0.860522877479687
0.449995 15.2765185040195 0.273628478637652
0.450495 15.2934926020695 -0.132537399181535
0.450995 15.3104667001195 -0.43675627023439
0.451495 15.3274407981695 -0.936494877015472
0.451995 15.3444148962195 -1.50634067310343
0.452495 15.3613889942695 -1.86146778490571
0.452995 15.3783630923195 -2.15768898539863
0.453495 15.3953371903695 -2.3962327503937
0.453995 15.4123112884195 -2.73298774717811
0.454495 15.4292853864695 -2.7186582576412
0.454995 15.4462594845195 -2.48892125756825
0.455495 15.4632335825695 -2.47605939912516
0.455995 15.4802076806195 -2.27252606849925
0.456495 15.4971817786695 -2.04099560055617
0.456995 15.5141558767195 -1.59154440781365
0.457495 15.5311299747695 -1.18043481074001
0.457995 15.5481040728195 -0.891540438189655
0.458495 15.5650781708695 -0.317591566103467
0.458995 15.5820522689195 0.141620532613773
0.459495 15.5990263669695 0.645164648873296
0.459995 15.6160004650195 1.11214145797191
0.460495 15.6329745630695 1.53120493814994
0.460995 15.6499486611195 2.01806140507553
0.461495 15.6669227591695 2.5273947266312
0.461995 15.6838968572195 2.60040487871445
0.462495 15.7008709552695 2.7752338912322
0.462995 15.7178450533195 2.6329073088465
0.463495 15.7348191513695 2.6256343301622
0.463995 15.7517932494195 2.43832790881522
0.464495 15.7687673474695 1.95177733294858
0.464995 15.7857414455195 1.87324607492458
0.465495 15.8027155435695 1.59478882601502
0.465995 15.8196896416195 1.2940253328999
0.466495 15.8366637396695 0.948428214584289
0.466995 15.8536378377195 0.409119789167645
0.467495 15.8706119357695 -0.230766951199646
0.467995 15.8875860338195 -0.625660929783848
0.468495 15.9045601318695 -1.13906499884043
0.468995 15.9215342299195 -1.50385837143711
0.469495 15.9385083279695 -1.98336488124983
0.469995 15.9554824260195 -2.29479714498187
0.470495 15.9724565240695 -2.4143731333246
0.470995 15.9894306221195 -2.60297747582409
0.471495 16.0064047201695 -2.25111885303631
0.471995 16.0233788182195 -2.15389057780882
0.472495 16.0403529162695 -1.90575258180041
0.472995 16.0573270143195 -1.8231600364061
0.473495 16.0743011123695 -1.58406644539554
0.473995 16.0912752104195 -1.44424335300555
0.474495 16.1082493084695 -0.911052696540421
0.474995 16.1252234065195 -0.577809218692016
0.475495 16.1421975045695 -0.00993542438622262
0.475995 16.1591716026195 0.445900545805843
0.476495 16.1761457006695 0.915907315831984
0.476995 16.1931197987195 1.28272575486936
0.477495 16.2100938967695 1.68008566859245
0.477995 16.2270679948195 2.21248425513583
0.478495 16.2440420928695 2.37478842923417
0.478995 16.2610161909195 2.4882455999367
0.479495 16.2779902889695 2.5293788922707
0.479995 16.2949643870195 2.3053513143157
0.480495 16.3119384850695 2.27999474146008
0.480995 16.3289125831195 2.0840982760979
0.481495 16.3458866811695 1.75642492360106
0.481995 16.3628607792195 1.63885315018758
0.482495 16.3798348772695 1.38798717837912
0.482995 16.3968089753195 1.08091913225758
0.483495 16.4137830733695 0.69528396926135
0.483995 16.4307571714195 0.206296072211163
0.484495 16.4477312694695 -0.0582754205197356
0.484995 16.4647053675195 -0.502670602683938
0.485495 16.4816794655695 -1.08504100784827
0.485995 16.4986535636195 -1.2408307808124
0.486495 16.5156276616695 -1.65549364359003
0.486995 16.5326017597195 -1.76756944571338
0.487495 16.5495758577695 -1.90585595957471
0.487995 16.5665499558195 -1.90991544531598
0.488495 16.5835240538695 -1.76512951690924
0.488995 16.6004981519195 -1.68745717408388
0.489495 16.6174722499695 -1.56036891348546
0.489995 16.6344463480195 -1.49605469789249
0.490495 16.6514204460695 -1.16387597012386
0.490995 16.6683945441195 -0.934182773037137
0.491495 16.6853686421695 -0.734525670229059
0.491995 16.7023427402195 -0.376491415305562
0.492495 16.7193168382695 -0.0206276335117792
0.492995 16.7362909363195 0.173043918596344
0.493495 16.7532650343695 0.567338397631309
0.493995 16.7702391324195 0.777311333316936
0.494495 16.7872132304695 1.2907069307878
0.494995 16.8041873285195 1.36138876339233
0.495495 16.8211614265695 1.36012083458326
0.495995 16.8381355246195 1.50982474575005
0.496495 16.8551096226695 1.39105471898499
0.496995 16.8720837207195 1.4049608932276
0.497495 16.8890578187695 1.33094378098117
0.497995 16.9060319168195 1.25247877527257
0.498495 16.9230060148695 1.1044703254056
0.498995 16.9399801129195 0.996791293420025
0.499495 16.9569542109695 0.897432161870318
0.499995 16.9739283090195 0.594265418294862
