# Fix print output for fix Step
1.72366404181748e-16 7.105427357601e-16 -1.60565340331693
0.000495000000000233 0.00204052904550096 2.85242218777002
0.000995000000000111 0.00410166949550046 0.423667942451435
0.00149500000000016 0.00616280994550067 3.91430395900444
0.00199500000000004 0.00822395039550017 0.891814584149243
0.00249500000000009 0.0102850908455004 2.83798037101319
0.00299500000000014 0.0123462312955006 3.61255207748663
0.00349500000000019 0.0144073717455008 3.43979625417023
0.00399500000000024 0.016468512195501 4.61276063273851
0.00449500000000012 0.0185296526455005 2.45140142296953
0.00499500000000017 0.0205907930955007 6.13831867832339
0.00549500000000005 0.0226519335455002 3.495277358992
0.0059950000000001 0.0247130739955004 6.65675240597671
0.00649500000000015 0.0267742144455006 3.71026446777867
0.0069950000000002 0.0288353548955008 7.58954688677821
0.00749500000000008 0.0308964953455003 3.81250747715082
0.00799500000000013 0.0329576357955006 9.13833570505539
0.00849500000000001 0.0350187762455001 4.99242365590108
0.00899500000000006 0.0370799166955003 9.4102226338001
0.00949500000000011 0.0391410571455005 5.60218744075486
0.00999500000000017 0.0412021975955007 9.98466776235074
0.0104950000000002 0.0432633380455009 6.89028151494299
0.0109950000000001 0.0453244784955004 10.7347346920727
0.0114950000000001 0.0473856189455006 8.32345496136711
0.011995 0.0494467593955001 9.5975958860314
0.0124950000000001 0.0515078998455003 10.0919270898613
0.0129950000000001 0.0535690402955005 10.4530824621747
0.0134950000000002 0.0556301807455007 11.38504720913
0.0139950000000002 0.0576913211955009 10.1849895075
0.0144950000000001 0.0597524616455004 12.9553860292244
0.0149950000000002 0.0618136020955006 10.2811585988544
0.015495 0.0638747425455001 13.3040529792551
0.0159950000000001 0.0659358829955004 10.8943471546732
0.0164950000000001 0.0679970234455006 14.3213035995793
0.0169950000000002 0.0700581638955008 11.4075167771722
0.0174950000000002 0.072119304345501 14.9688887628005
0.0179950000000001 0.0741804447955005 12.1603172402006
0.0184950000000002 0.0762415852455007 15.5856089863779
0.018995 0.0783027256955002 13.5300029724661
0.0194950000000001 0.0803638661455004 16.3689584399879
0.0199950000000001 0.0824250065955006 13.8136077746176
0.0204950000000002 0.0844861470455008 15.3172500337619
0.0209950000000002 0.086547287495501 15.5962062504654
0.0214950000000001 0.0886084279455005 16.675472111743
0.0219950000000002 0.0906695683955007 16.8838819338826
0.0224950000000001 0.0927307088455002 16.3155727954908
0.0229950000000001 0.0947918492955004 17.012662803988
0.0234950000000002 0.0968529897455006 16.4420364251271
0.0239950000000002 0.0989141301955009 18.994067376111
0.0244950000000001 0.1009752706455 17.1777513383164
0.0249950000000001 0.103036411095501 18.9520768376137
0.025495 0.1050975515455 16.3542754231637
0.0259950000000001 0.1071586919955 19.8079340826612
0.0264950000000001 0.1092198324455 18.4830482523627
0.0269950000000002 0.111280972895501 21.4050050254516
0.0274950000000002 0.113342113345501 18.4936717212321
0.0279950000000001 0.1154032537955 21.6773164913776
0.0284950000000001 0.117464394245501 19.5201206294255
0.028995 0.1195255346955 22.055877906519
0.0294950000000001 0.1215866751455 19.9022339870626
0.0299950000000001 0.123647815595501 22.3919816693891
0.0304950000000002 0.125708956045501 21.6476485542737
0.0309950000000002 0.127770096495501 22.9598640094677
0.0314950000000001 0.1298312369455 21.7519885178856
0.0319950000000002 0.131892377395501 22.7097948015164
0.032495 0.1339535178455 23.0067588025349
0.0329950000000001 0.1360146582955 23.5993798697397
0.0334950000000001 0.138075798745501 23.7213675600912
0.0339950000000002 0.140136939195501 23.6544951942052
0.0344950000000002 0.142198079645501 24.9415104027731
0.0349950000000001 0.1442592200955 23.6680067510106
0.0354950000000002 0.146320360545501 25.0658208268222
0.035995 0.1483815009955 23.702157478265
0.0364950000000001 0.1504426414455 25.80124452589
0.0369950000000002 0.152503781895501 24.8042467552132
0.0374950000000002 0.154564922345501 26.9810126926747
0.0379950000000001 0.1566260627955 25.5508901951876
0.0384950000000001 0.158687203245501 27.8616812147328
0.0389950000000002 0.160748343695501 25.7455993273518
0.0394950000000001 0.1628094841455 28.0274701217093
0.0399950000000001 0.1648706245955 26.3328867866785
0.0404950000000002 0.166931765045501 28.8239768221028
0.0409950000000002 0.168992905495501 27.394460169346
0.0414950000000001 0.1710540459455 28.5740903187475
0.0419950000000001 0.173115186395501 27.8179807929166
0.042495 0.1751763268455 29.3590242994815
0.0429950000000001 0.1772374672955 29.3120993519003
0.0434950000000001 0.1792986077455 29.7209149633094
0.0439950000000002 0.181359748195501 29.4065809649948
0.0444950000000002 0.183420888645501 28.8864009544883
0.0449950000000001 0.1854820290955 30.4061329092832
0.0454950000000002 0.187543169545501 30.6703682893338
0.045995 0.1896043099955 31.4073769598122
0.0464950000000001 0.1916654504455 30.7106409839069
0.0469950000000001 0.193726590895501 31.7999962501868
0.0474950000000002 0.195787731345501 30.6981518833666
0.0479950000000002 0.197848871795501 32.4716115848602
0.0484950000000001 0.1999100122455 31.6169944028673
0.0489950000000002 0.201971152695501 33.7426059335746
0.049495 0.2040322931455 32.1101498788584
0.0499950000000001 0.2060934335955 33.6337152961349
0.0504950000000001 0.208154574045501 32.8426244337596
0.0509950000000002 0.210215714495501 34.8140889647834
0.0514950000000002 0.212276854945501 33.3675661635413
0.0519950000000001 0.214337995395501 35.0248799510227
0.0524950000000002 0.216399135845501 34.0186005809692
0.0529950000000001 0.2184602762955 35.6434606515058
0.0534950000000001 0.2205214167455 35.2435830156351
0.0539950000000002 0.222582557195501 36.7698014301545
0.0544950000000002 0.224643697645501 35.7133196146425
0.0549950000000001 0.2267048380955 36.3273896649386
0.0554950000000001 0.228765978545501 35.8865903187829
0.0559950000000002 0.230827118995501 37.2895440514433
0.0564950000000001 0.2328882594455 36.7048217707487
0.0569950000000001 0.2349493998955 36.7326932909744
0.0574950000000002 0.237010540345501 36.8604221828653
0.0579950000000002 0.239071680795501 37.662559855115
0.0584950000000001 0.2411328212455 38.0182291311707
0.0589950000000002 0.243193961695501 37.8660457585647
0.059495 0.2452551021455 38.0617627411862
0.0599950000000001 0.2473162425955 38.06748642748
0.0604950000000001 0.249377383045501 39.3017932060813
0.0609950000000002 0.251438523495501 39.1226092754959
0.0614950000000002 0.253499663945501 40.1995650006758
0.0619950000000001 0.2555608043955 38.821052866507
0.0624950000000002 0.257621944845501 40.0546450958414
0.062995 0.2596830852955 40.0622610467089
0.0634950000000001 0.2617442257455 41.7796411592358
0.0639950000000001 0.263805366195501 39.9735396959833
0.0644950000000002 0.265866506645501 40.9030633517556
0.0649950000000002 0.267927647095501 40.6863144710975
0.0654950000000001 0.2699887875455 42.6287799668444
0.0659950000000002 0.272049927995501 41.4913428218751
0.0664950000000001 0.2741110684455 42.0112398246967
0.0669950000000001 0.2761722088955 41.8159834443981
0.0674950000000002 0.278233349345501 42.9894642231504
0.0679950000000002 0.280294489795501 42.0713286851438
0.0684950000000003 0.282355630245501 42.854653287421
0.0689950000000001 0.284416770695501 42.2630941596328
0.0694950000000002 0.286477911145501 43.7090829543411
0.0699950000000001 0.2885390515955 43.4002870899466
0.0704950000000001 0.2906001920455 43.7081450060381
0.0709950000000002 0.292661332495501 43.4091419247517
0.0714950000000002 0.294722472945501 44.8356551298573
0.0719950000000001 0.2967836133955 44.545848624289
0.0724950000000001 0.298844753845501 45.278047243249
0.0729950000000002 0.300905894295501 45.8683483145396
0.0734950000000001 0.3029670347455 46.190278662199
0.0739950000000001 0.305028175195501 45.5698675541383
0.0744950000000002 0.307089315645501 45.7944588650148
0.0749950000000002 0.309150456095501 46.4382946921177
0.0754950000000001 0.3112115965455 45.9796948962884
0.0759950000000002 0.313272736995501 46.7569047147367
0.076495 0.3153338774455 46.186288287898
0.0769950000000001 0.3173950178955 46.8721315852678
0.0774950000000001 0.319456158345501 47.0626048883563
0.0779950000000002 0.321517298795501 48.5587532171725
0.0784950000000002 0.323578439245501 47.7136573516615
0.0789950000000001 0.3256395796955 48.3642325766043
0.0794950000000002 0.327700720145501 48.0332643554213
0.079995 0.3297618605955 48.7463402307396
0.0804950000000001 0.3318230010455 48.3133505794625
0.0809950000000002 0.333884141495501 49.0649755062213
0.0814950000000002 0.335945281945501 48.438842474883
0.0819950000000001 0.3380064223955 49.9109158109922
0.0824950000000001 0.3400675628455 49.2517158052137
0.0829950000000002 0.342128703295501 50.1735560994086
0.0834950000000001 0.3441898437455 49.8335305410977
0.0839950000000001 0.3462509841955 51.2927301693529
0.0844950000000002 0.348312124645501 50.5385245299095
0.0849950000000002 0.350373265095501 51.2079738258645
0.0854950000000001 0.3524344055455 50.3057104933484
0.0859950000000001 0.354495545995501 51.584097796731
0.0864950000000002 0.356556686445501 51.413229115262
0.0869950000000001 0.3586178268955 52.0748485206289
0.0874950000000001 0.3606789673455 51.6724681149107
0.0879950000000002 0.362740107795501 52.8067475209543
0.0884950000000002 0.364801248245501 51.7553877087697
0.0889950000000001 0.3668623886955 52.6752661419084
0.0894950000000001 0.368923529145501 52.2589436182943
0.0899950000000002 0.370984669595501 53.4112597671311
0.0904950000000001 0.3730458100455 52.9676031499446
0.0909950000000001 0.375106950495501 54.1657113559745
0.0914950000000002 0.377168090945501 53.3410547521982
0.0919950000000002 0.379229231395501 54.0716508323854
0.0924950000000001 0.3812903718455 53.9617234642911
0.0929950000000002 0.383351512295501 54.6483225229011
0.093495 0.3854126527455 54.3269626101029
0.0939950000000001 0.3874737931955 54.5634812589981
0.0944950000000001 0.389534933645501 54.4087892112945
0.0949950000000002 0.391596074095501 55.7882839373255
0.0954950000000002 0.393657214545501 55.835041070976
0.0959950000000001 0.3957183549955 55.6037463028632
0.0964950000000002 0.397779495445501 55.6959577799485
0.0969950000000001 0.3998406358955 55.5736691484261
0.0974950000000001 0.4019017763455 56.1775968398702
0.0979950000000002 0.403962916795501 56.1628438065537
0.0984950000000002 0.406024057245501 56.6626835307405
0.0989950000000001 0.4080851976955 57.0250141121191
0.0994950000000001 0.4101463381455 57.3311240718651
0.0999950000000002 0.412207478595501 57.1252158784027
0.100495 0.4142686190455 57.1170485848097
0.100995 0.4163297594955 57.1001914997645
0.101495 0.418390899945501 57.8002565958512
0.101995 0.420452040395501 58.2371334511415
0.102495 0.4225131808455 58.5234281209617
0.102995 0.424574321295501 58.4713346798748
0.103495 0.426635461745501 58.6677671252254
0.103995 0.4286966021955 58.3485621415913
0.104495 0.4307577426455 58.904291349251
0.104995 0.432818883095501 58.9186737601756
0.105495 0.434880023545501 59.8090000740986
0.105995 0.4369411639955 59.6950582957798
0.106495 0.439002304445501 60.0618720535085
0.106995 0.441063444895501 60.0213228761737
0.107495 0.4431245853455 60.6701241618285
0.107995 0.445185725795501 59.37484058119
0.108495 0.447246866245501 60.5528423253884
0.108995 0.449308006695501 61.4833620925022
0.109495 0.4513691471455 62.03605877046
0.109995 0.453430287595501 60.0142043303125
0.110495 0.4554914280455 60.4089750740537
0.110995 0.4575525684955 61.2246842762077
0.111495 0.459613708945501 63.0321056952476
0.111995 0.461674849395501 61.9716565983731
0.112495 0.4637359898455 61.9188861842859
0.112995 0.465797130295501 61.8568653560856
0.113495 0.467858270745501 63.1177222765491
0.113995 0.4699194111955 62.0950257805417
0.114495 0.4719805516455 62.7774808607825
0.114995 0.474041692095501 62.8148820731575
0.115495 0.476102832545501 63.5217118614536
0.115995 0.4781639729955 63.157661444024
0.116495 0.480225113445501 63.7863918099306
0.116995 0.482286253895501 63.0345696111492
0.117495 0.4843473943455 63.8894909405848
0.117995 0.4864085347955 63.4943757881132
0.118495 0.488469675245501 64.1874574181331
0.118995 0.490530815695501 63.9436971009564
0.119495 0.4925919561455 64.6434770338718
0.119995 0.494653096595501 63.9490328162699
0.120495 0.496714237045501 65.1597459325405
0.120995 0.4987753774955 64.435031526777
0.121495 0.500836517945501 65.1867941891853
0.121995 0.502897658395501 65.1523522380979
0.122495 0.504958798845501 65.8457441109744
0.122995 0.5070199392955 65.1201921138212
0.123495 0.509081079745501 65.9815749965291
0.123995 0.511142220195501 66.2167592077723
0.124495 0.5132033606455 66.5359789802387
0.124995 0.515264501095501 66.1039288684622
0.125495 0.517325641545501 66.2869867196482
0.125995 0.519386781995501 66.4697339252296
0.126495 0.5214479224455 67.4307598003378
0.126995 0.523509062895501 66.6578572675749
0.127495 0.525570203345501 66.9262815109492
0.127995 0.5276313437955 67.3812041391856
0.128495 0.529692484245501 67.4140719520489
0.128995 0.531753624695501 68.0314135894916
0.129495 0.5338147651455 67.4113964033235
0.129995 0.5358759055955 67.8937720337702
0.130495 0.537937046045501 68.0611943013871
0.130995 0.5399981864955 68.6447412376291
0.131495 0.5420593269455 68.5610992951874
0.131995 0.544120467395501 68.3019694585898
0.132495 0.546181607845501 68.2184502926789
0.132995 0.5482427482955 69.3359740026934
0.133495 0.550303888745501 69.0531993973697
0.133995 0.552365029195501 69.7199459146929
0.134495 0.5544261696455 68.6144238456292
0.134995 0.5564873100955 69.7026006471702
0.135495 0.558548450545501 69.4686717227352
0.135995 0.560609590995501 70.0300868638548
0.136495 0.5626707314455 69.4068435630355
0.136995 0.564731871895501 70.1281512783302
0.137495 0.566793012345501 70.0045628788094
0.137995 0.5688541527955 70.841530276933
0.138495 0.5709152932455 69.4940260085019
0.138995 0.572976433695501 71.1861757225757
0.139495 0.575037574145501 70.5252157138211
0.139995 0.5770987145955 71.4857706318389
0.140495 0.579159855045501 70.3203882545933
0.140995 0.581220995495501 71.301914412505
0.141495 0.5832821359455 70.9028168610215
0.141995 0.585343276395501 71.8789281008089
0.142495 0.587404416845501 71.1536636567647
0.142995 0.589465557295501 71.9015203000295
0.143495 0.5915266977455 71.6504814685393
0.143995 0.593587838195501 72.2750801625308
0.144495 0.5956489786455 71.622429295775
0.144995 0.5977101190955 72.9978202384917
0.145495 0.599771259545501 71.9773733017406
0.145995 0.601832399995501 72.4737966553272
0.146495 0.6038935404455 72.6366432906527
0.146995 0.605954680895501 73.1589133324329
0.147495 0.608015821345501 72.6722550626416
0.147995 0.6100769617955 73.3126114259298
0.148495 0.6121381022455 73.3401136199013
0.148995 0.614199242695501 73.6119152677852
0.149495 0.616260383145501 73.2422676677007
0.149995 0.6183215235955 73.3381483368185
0.150495 0.620382664045501 73.7313054241865
0.150995 0.622443804495501 74.2388435593716
0.151495 0.6245049449455 74.631870767645
0.151995 0.626566085395501 73.8489600380754
0.152495 0.628627225845501 73.9459514250437
0.152995 0.630688366295501 74.1037277691256
0.153495 0.6327495067455 74.6702777688262
0.153995 0.634810647195501 74.3411812987464
0.154495 0.636871787645501 74.9467234312029
0.154995 0.6389329280955 74.5174875003354
0.155495 0.640994068545501 75.5449617310257
0.155995 0.643055208995501 74.8389771630695
0.156495 0.645116349445501 75.3263057632947
0.156995 0.647177489895501 74.6566913244949
0.157495 0.649238630345501 75.5833687318242
0.157995 0.651299770795501 75.3847180463595
0.158495 0.6533609112455 76.4827278557192
0.158995 0.655422051695501 75.2701715542583
0.159495 0.657483192145501 75.9056348958971
0.159995 0.659544332595501 75.3142408970137
0.160495 0.661605473045501 77.0944459450034
0.160995 0.663666613495501 75.9120616713373
0.161495 0.665727753945501 76.5712076034254
0.161995 0.6677888943955 76.283886532983
0.162495 0.669850034845501 77.3057920776743
0.162995 0.671911175295501 75.9447165876709
0.163495 0.6739723157455 77.0839617520671
0.163995 0.676033456195501 76.5925153684904
0.164495 0.678094596645501 77.6087418992451
0.164995 0.680155737095501 76.4686222710471
0.165495 0.6822168775455 77.4388734032787
0.165995 0.684278017995501 76.6050603065182
0.166495 0.686339158445501 78.1501168135117
0.166995 0.6884002988955 77.5300009208008
0.167495 0.690461439345501 77.8801294478824
0.167995 0.692522579795501 77.2596180114405
0.168495 0.6945837202455 78.3424036036632
0.168995 0.6966448606955 77.8326830738557
0.169495 0.698706001145501 78.4315735038033
0.169995 0.700767141595501 78.2558878957308
0.170495 0.7028282820455 77.8969808382313
0.170995 0.704889422495501 78.3003621986242
0.171495 0.706950562945501 78.9228213009513
0.171995 0.7090117033955 78.4890763559383
0.172495 0.711072843845501 78.9285822609913
0.172995 0.713133984295501 78.3938749533481
0.173495 0.715195124745501 79.3639653933829
0.173995 0.7172562651955 79.0465706407586
0.174495 0.719317405645501 79.4978310056964
0.174995 0.721378546095501 79.2290576820478
0.175495 0.7234396865455 79.1383711899229
0.175995 0.725500826995501 79.4322021432057
0.176495 0.727561967445501 79.7448196710589
0.176995 0.729623107895501 79.6954634512135
0.177495 0.7316842483455 79.8020847609561
0.177995 0.733745388795501 79.4236393011217
0.178495 0.7358065292455 80.1425394343437
0.178995 0.7378676696955 80.4577045310233
0.179495 0.739928810145501 79.7439322459097
0.179995 0.741989950595501 80.1941029437746
0.180495 0.7440510910455 80.1777434487045
0.180995 0.746112231495501 80.4067088483984
0.181495 0.748173371945501 80.7919319695395
0.181995 0.7502345123955 80.7362510930415
0.182495 0.7522956528455 80.4618348907958
0.182995 0.754356793295501 80.6687611081055
0.183495 0.756417933745501 80.7415970162334
0.183995 0.7584790741955 81.4137468210219
0.184495 0.760540214645501 80.6745040681124
0.184995 0.762601355095501 81.2077206248391
0.185495 0.7646624955455 80.9727858202997
0.185995 0.766723635995501 81.4492024606723
0.186495 0.768784776445501 81.5314160840349
0.186995 0.770845916895501 81.9158174975137
0.187495 0.7729070573455 81.0964999429914
0.187995 0.774968197795501 81.9647917809316
0.188495 0.777029338245501 81.5186912255506
0.188995 0.7790904786955 82.0638711617696
0.189495 0.781151619145501 81.7220204360568
0.189995 0.783212759595501 82.3400323462011
0.190495 0.785273900045501 81.7797910033462
0.190995 0.787335040495501 82.3418795156358
0.191495 0.789396180945501 81.948024858886
0.191995 0.791457321395501 82.3498943098113
0.192495 0.7935184618455 82.0826313915298
0.192995 0.795579602295501 83.1327808953481
0.193495 0.797640742745501 82.2450338424716
0.193995 0.7997018831955 82.6928377868638
0.194495 0.801763023645501 82.0699869803916
0.194995 0.803824164095501 83.235379048742
0.195495 0.805885304545501 82.6051160841563
0.195995 0.807946444995501 82.9226675373398
0.196495 0.810007585445501 82.690868704423
0.196995 0.812068725895501 83.6370093468999
0.197495 0.814129866345501 83.6609817544852
0.197995 0.816191006795501 83.5669248083319
0.198495 0.818252147245501 82.9599957867853
0.198995 0.820313287695501 83.5073513017504
0.199495 0.822374428145501 83.777630235066
0.199995 0.824435568595501 84.0944041756691
0.200495 0.826496709045501 83.4129392495985
0.200995 0.8285578494955 83.9427920320498
0.201495 0.830618989945501 83.9734637138399
0.201995 0.832680130395501 84.5531841141657
0.202495 0.834741270845501 84.1935327742881
0.202995 0.836802411295501 83.9134935903237
0.203495 0.838863551745501 83.7027581400046
0.203995 0.840924692195501 84.6598548885496
0.204495 0.8429858326455 84.5518056450567
0.204995 0.845046973095501 83.825125357457
0.205495 0.847108113545501 84.2674834902343
0.205995 0.849169253995501 84.7854875186025
0.206495 0.851230394445501 85.0139113615499
0.206995 0.853291534895501 84.8710012774627
0.207495 0.855352675345501 85.089584530371
0.207995 0.8574138157955 84.6052096175063
0.208495 0.859474956245501 85.110578754345
0.208995 0.8615360966955 85.1267405119458
0.209495 0.8635972371455 85.7054755240714
0.209995 0.865658377595501 84.7948505027168
0.210495 0.867719518045501 85.1652506737091
0.210995 0.8697806584955 84.9703571311759
0.211495 0.871841798945501 85.6015716852082
0.211995 0.873902939395501 85.0970942460352
0.212495 0.8759640798455 85.3643717647459
0.212995 0.8780252202955 85.1313744970671
0.213495 0.880086360745501 85.8352938196061
0.213995 0.882147501195501 86.0943602073635
0.214495 0.8842086416455 85.6731909860057
0.214995 0.886269782095501 85.4358615699528
0.215495 0.888330922545501 86.1055400537778
0.215995 0.8903920629955 86.447055561032
0.216495 0.8924532034455 86.581158635791
0.216995 0.894514343895501 85.8064039113675
0.217495 0.896575484345501 85.8792838646196
0.217995 0.8986366247955 86.609023674145
0.218495 0.900697765245501 87.3387782732835
0.218995 0.902758905695501 86.596363972794
0.219495 0.9048200461455 86.1821650841882
0.219995 0.906881186595501 86.3048915126527
0.220495 0.908942327045501 87.2330760760263
0.220995 0.911003467495501 86.9762856817334
0.221495 0.9130646079455 87.1408120173553
0.221995 0.915125748395501 86.9454878760297
0.222495 0.917186888845501 87.2195119018847
0.222995 0.9192480292955 87.1006243244023
0.223495 0.921309169745501 87.2808745525035
0.223995 0.923370310195501 86.9178826398973
0.224495 0.925431450645501 87.4281034149273
0.224995 0.927492591095501 87.3194679061495
0.225495 0.929553731545501 87.3585269106087
0.225995 0.931614871995501 87.5539199468277
0.226495 0.9336760124455 87.1012368469504
0.226995 0.935737152895501 87.6723208403488
0.227495 0.937798293345501 87.4184478673766
0.227995 0.939859433795501 88.3069117847374
0.228495 0.941920574245501 87.8098933621146
0.228995 0.943981714695501 88.0354013501197
0.229495 0.946042855145501 87.9102150610519
0.229995 0.948103995595501 88.053390518708
0.230495 0.950165136045501 87.9805382825685
0.230995 0.952226276495501 88.1323196251735
0.231495 0.954287416945501 88.3260889003179
0.231995 0.956348557395501 88.6941903792444
0.232495 0.958409697845501 88.8081918815986
0.232995 0.960470838295501 89.0889848151497
0.233495 0.962531978745501 88.0828967724024
0.233995 0.964593119195501 88.6119537469716
0.234495 0.966654259645501 88.7629837921137
0.234995 0.968715400095501 89.3497246379672
0.235495 0.970776540545501 88.572844443159
0.235995 0.972837680995501 88.7096561930355
0.236495 0.974898821445501 89.148332118708
0.236995 0.976959961895501 89.4343596977135
0.237495 0.979021102345501 88.8791294322406
0.237995 0.981082242795501 89.0435420410729
0.238495 0.983143383245501 88.8231444832154
0.238995 0.985204523695501 89.522849372339
0.239495 0.987265664145501 89.0967697115194
0.239995 0.989326804595501 89.6488755170145
0.240495 0.991387945045501 89.9555973339584
0.240995 0.993449085495501 89.5038744140687
0.241495 0.995510225945501 89.3887243681836
0.241995 0.997571366395501 90.1771236755322
0.242495 0.999632506845501 89.6906837067671
0.242995 1.0016936472955 89.7367867746102
0.243495 1.0037547877455 90.2160544070717
0.243995 1.0058159281955 90.3088300893377
0.244495 1.0078770686455 90.335821145744
0.244995 1.0099382090955 90.7891566339166
0.245495 1.0119993495455 90.3903677763167
0.245995 1.0140604899955 89.956912832548
0.246495 1.0161216304455 90.1834894510077
0.246995 1.0181827708955 90.481337705344
0.247495 1.0202439113455 90.6195812116654
0.247995 1.0223050517955 90.8094813709047
0.248495 1.0243661922455 90.6847464591757
0.248995 1.0264273326955 90.9789307212741
0.249495 1.0284884731455 90.6380460264934
0.249995 1.0305496135955 90.3945935804246
0.250495 1.0326107540455 91.9168210210305
0.250995 1.0346718944955 91.0855745605822
0.251495 1.0367330349455 91.3602333184127
0.251995 1.0387941753955 91.0458052105202
0.252495 1.0408553158455 91.6439717165126
0.252995 1.0429164562955 91.2372571125296
0.253495 1.0449775967455 91.1610107528849
0.253995 1.0470387371955 91.0873399587437
0.254495 1.0490998776455 91.8407891592186
0.254995 1.0511610180955 91.6546095953904
0.255495 1.0532221585455 93.0017774612004
0.255995 1.0552832989955 91.3172511452536
0.256495 1.0573444394455 92.3734975155343
0.256995 1.0594055798955 91.5199530916189
0.257495 1.0614667203455 92.2602416991773
0.257995 1.0635278607955 92.0739165493099
0.258495 1.0655890012455 92.1152904291514
0.258995 1.0676501416955 92.9224367911364
0.259495 1.0697112821455 93.0993409537665
0.259995 1.0717724225955 92.7918977742929
0.260495 1.0738335630455 92.5843186259126
0.260995 1.0758947034955 92.1831054580739
0.261495 1.0779558439455 92.3758995173866
0.261995 1.0800169843955 92.5037400755911
0.262495 1.0820781248455 92.426306538156
0.262995 1.0841392652955 93.0497620244757
0.263495 1.0862004057455 94.2648788786088
0.263995 1.0882615461955 93.1252128762956
0.264495 1.0903226866455 93.9690545006801
0.264995 1.0923838270955 92.7832712440521
0.265495 1.0944449675455 93.236597963759
0.265995 1.0965061079955 93.8978181465426
0.266495 1.0985672484455 93.6232426765955
0.266995 1.1006283888955 92.9041097811144
0.267495 1.1026895293455 94.1227032739606
0.267995 1.1047506697955 94.2441796873018
0.268495 1.1068118102455 93.3880998287667
0.268995 1.1088729506955 94.9091769279675
0.269495 1.1109340911455 94.0700187412342
0.269995 1.1129952315955 94.6544324668354
0.270495 1.1150563720455 94.632065721702
0.270995 1.1171175124955 95.5365583542916
0.271495 1.1191786529455 95.3624863851536
0.271995 1.1212397933955 94.6952262532502
0.272495 1.1233009338455 94.9786834895104
0.272995 1.1253620742955 95.5915957466117
0.273495 1.1274232147455 95.1046487283183
0.273995 1.1294843551955 96.0221117931443
0.274495 1.1315454956455 95.0492648982365
0.274995 1.1336066360955 95.8435588966998
0.275495 1.1356677765455 95.4568091101223
0.275995 1.1377289169955 95.9728752690989
0.276495 1.1397900574455 96.0000619431764
0.276995 1.1418511978955 95.5068355047012
0.277495 1.1439123383455 96.3758358468765
0.277995 1.1459734787955 95.4232773484111
0.278495 1.1480346192455 96.0579603765652
0.278995 1.1500957596955 96.0900338859399
0.279495 1.1521569001455 97.5368474121704
0.279995 1.1542180405955 96.7405089904713
0.280495 1.1562791810455 96.0623084406792
0.280995 1.1583403214955 96.2193379763193
0.281495 1.1604014619455 96.4942885118477
0.281995 1.1624626023955 97.805212353294
0.282495 1.1645237428455 96.8286282061291
0.282995 1.1665848832955 97.800855899498
0.283495 1.1686460237455 98.7926091224927
0.283995 1.1707071641955 97.0970880616762
0.284495 1.1727683046455 97.1451264590874
0.284995 1.1748294450955 96.8829930405413
0.285495 1.1768905855455 97.2093091616656
0.285995 1.1789517259955 98.3247112687544
0.286495 1.1810128664455 99.826954854344
0.286995 1.1830740068955 97.9697003526698
0.287495 1.1851351473455 98.0538035183157
0.287995 1.1871962877955 98.8252888626774
0.288495 1.1892574282455 99.7165375837171
0.288995 1.1913185686955 99.5023054156584
0.289495 1.1933797091455 99.4145767825189
0.289995 1.1954408495955 99.9272062292895
0.290495 1.1975019900455 99.6284735459363
0.290995 1.1995631304955 98.0440195943244
0.291495 1.2016242709455 100.305533518379
0.291995 1.2036854113955 99.3014643748513
0.292495 1.2057465518455 100.104184480056
0.292995 1.2078076922955 100.308783072905
0.293495 1.2098688327455 99.4823299453262
0.293995 1.2119299731955 100.561021435127
0.294495 1.2139911136455 100.868775527923
0.294995 1.2160522540955 100.461840892765
0.295495 1.2181133945455 100.908054098028
0.295995 1.2201745349955 101.783670451322
0.296495 1.2222356754455 101.277582584167
0.296995 1.2242968158955 100.988485599116
0.297495 1.2263579563455 101.549949107423
0.297995 1.2284190967955 102.651815885837
0.298495 1.2304802372455 103.117217333557
0.298995 1.2325413776955 101.350602421442
0.299495 1.2346025181455 102.347719492177
0.299995 1.2366636585955 100.974704802177
0.300495 1.2387247990455 103.289982163686
0.300995 1.2407859394955 101.455604705887
0.301495 1.2428470799455 103.155213401512
0.301995 1.2449082203955 102.496399152145
0.302495 1.2469693608455 103.151939871993
0.302995 1.2490305012955 104.456229368936
0.303495 1.2510916417455 104.843620492425
0.303995 1.2531527821955 103.596913143409
0.304495 1.2552139226455 103.739692274184
0.304995 1.2572750630955 105.57529602619
0.305495 1.2593362035455 104.944211895738
0.305995 1.2613973439955 105.195800266248
0.306495 1.2634584844455 106.492161162766
0.306995 1.2655196248955 106.398903931695
0.307495 1.2675807653455 105.793426501301
0.307995 1.2696419057955 106.131656706349
0.308495 1.2717030462455 107.392964520347
0.308995 1.2737641866955 106.722206391836
0.309495 1.2758253271455 107.220166722885
0.309995 1.2778864675955 107.097615284104
0.310495 1.2799476080455 107.99940882676
0.310995 1.2820087484955 107.973761928962
0.311495 1.2840698889455 107.993479060502
0.311995 1.2861310293955 109.630386681548
0.312495 1.2881921698455 107.809256404285
0.312995 1.2902533102955 109.181438097879
0.313495 1.2923144507455 107.953056280776
0.313995 1.2943755911955 110.758946551714
0.314495 1.2964367316455 109.573194050899
0.314995 1.2984978720955 110.586827347956
0.315495 1.3005590125455 110.261973462468
0.315995 1.3026201529955 111.611721470803
0.316495 1.3046812934455 112.362359740736
0.316995 1.3067424338955 110.182161524749
0.317495 1.3088035743455 109.789949673398
0.317995 1.3108647147955 112.116869915365
0.318495 1.3129258552455 112.013384937899
0.318995 1.3149869956955 114.117454246938
0.319495 1.3170481361455 111.059345747327
0.319995 1.3191092765955 113.675584588949
0.320495 1.3211704170455 113.475630669642
0.320995 1.3232315574955 114.062695175211
0.321495 1.3252926979455 113.912811205519
0.321995 1.3273538383955 115.140765214474
0.322495 1.3294149788455 114.588507031472
0.322995 1.3314761192955 115.698951100593
0.323495 1.3335372597455 115.523219220458
0.323995 1.3355984001955 115.805416005279
0.324495 1.3376595406455 116.218432317918
0.324995 1.3397206810955 117.341197032084
0.325495 1.3417818215455 117.792472114279
0.325995 1.3438429619955 119.205033751003
0.326495 1.3459041024455 116.202064185792
0.326995 1.3479652428955 119.274075824971
0.327495 1.3500263833455 119.190772756943
0.327995 1.3520875237955 118.899432486262
0.328495 1.3541486642455 118.633655304677
0.328995 1.3562098046955 120.415360368509
0.329495 1.3582709451455 120.57470358654
0.329995 1.3603320855955 119.594634975499
0.330495 1.3623932260455 122.011815606097
0.330995 1.3644543664955 119.997306465082
0.331495 1.3665155069455 122.213872789298
0.331995 1.3685766473955 121.678893792785
0.332495 1.3706377878455 123.273440236543
0.332995 1.3726989282955 122.960288155913
0.333495 1.3747600687455 122.363098974443
0.333995 1.3768212091955 123.530995455894
0.334495 1.3788823496455 124.502867815489
0.334995 1.3809434900955 124.192204793621
0.335495 1.3830046305455 125.628905561259
0.335995 1.3850657709955 123.373424263505
0.336495 1.3871269114455 126.625053362308
0.336995 1.3891880518955 124.946468062856
0.337495 1.3912491923455 126.191418451032
0.337995 1.3933103327955 126.65022889278
0.338495 1.3953714732455 127.107502961025
0.338995 1.3974326136955 128.274359697131
0.339495 1.3994937541455 128.837320182291
0.339995 1.4015548945955 128.373425260762
0.340495 1.4036160350455 129.457263473665
0.340995 1.4056771754955 128.41760682947
0.341495 1.4077383159455 130.202865537917
0.341995 1.4097994563955 131.254584262444
0.342495 1.4118605968455 129.950784232913
0.342995 1.4139217372955 132.75519812946
0.343495 1.4159828777455 132.279238122048
0.343995 1.4180440181955 132.954657030693
0.344495 1.4201051586455 132.64122870749
0.344995 1.4221662990955 131.69240547386
0.345495 1.4242274395455 135.267802697828
0.345995 1.4262885799955 133.399048000901
0.346495 1.4283497204455 135.579277816567
0.346995 1.4304108608955 134.928260050881
0.347495 1.4324720013455 134.958905115175
0.347995 1.4345331417955 135.154541905765
0.348495 1.4365942822455 138.738657316869
0.348995 1.4386554226955 136.765361697099
0.349495 1.4407165631455 137.033947025096
0.349995 1.4427777035955 140.328142710183
0.350495 1.4448388440455 139.274495830022
0.350995 1.4468999844955 137.923104106931
0.351495 1.4489611249455 138.973406985785
0.351995 1.4510222653955 140.61767801694
0.352495 1.4530834058455 140.613317589573
0.352995 1.4551445462955 140.530501845834
0.353495 1.4572056867455 142.669108781588
0.353995 1.4592668271955 141.594035011355
0.354495 1.4613279676455 143.314402067415
0.354995 1.4633891080955 142.048158429506
0.355495 1.4654502485455 144.846158762413
0.355995 1.4675113889955 143.233704043863
0.356495 1.4695725294455 144.474610719112
0.356995 1.4716336698955 145.19405213837
0.357495 1.4736948103455 144.917397657189
0.357995 1.4757559507955 147.029900323666
0.358495 1.4778170912455 148.676122458727
0.358995 1.4798782316955 146.102461976878
0.359495 1.4819393721455 148.030584083692
0.359995 1.4840005125955 147.456705400966
0.360495 1.4860616530455 150.125713004413
0.360995 1.4881227934955 149.29491032244
0.361495 1.4901839339455 150.325278287428
0.361995 1.4922450743955 150.004944804125
0.362495 1.4943062148455 152.206485833884
0.362995 1.4963673552955 152.248872375971
0.363495 1.4984284957455 150.80470175117
0.363995 1.5004896361955 151.902727677856
0.364495 1.5025507766455 154.047042286998
0.364995 1.5046119170955 154.244563857134
0.365495 1.5066730575455 156.025280146851
0.365995 1.5087341979955 153.818081463827
0.366495 1.5107953384455 155.791625232055
0.366995 1.5128564788955 157.734241541149
0.367495 1.5149176193455 158.927637634544
0.367995 1.5169787597955 157.315800825619
0.368495 1.5190399002455 159.086617399535
0.368995 1.5211010406955 157.403210289603
0.369495 1.5231621811455 157.427536949711
0.369995 1.5252233215955 160.023281230922
0.370495 1.5272844620455 161.218459272651
0.370995 1.5293456024955 161.263220579159
0.371495 1.5314067429455 163.533003972251
0.371995 1.5334678833955 163.8846794939
0.372495 1.5355290238455 164.762529800288
0.372995 1.5375901642955 163.25608880917
0.373495 1.5396513047455 162.148516042598
0.373995 1.5417124451955 163.819238766501
0.374495 1.5437735856455 164.212311677652
0.374995 1.5458347260955 165.927825250718
0.375495 1.5478958665455 168.128626791995
0.375995 1.5499570069955 168.619396297229
0.376495 1.5520181474455 169.08803202166
0.376995 1.5540792878955 167.426901896037
0.377495 1.5561404283455 167.650074001
0.377995 1.5582015687955 166.841767992619
0.378495 1.5602627092455 168.608877735666
0.378995 1.5623238496955 172.267133574691
0.379495 1.5643849901455 173.182581892791
0.379995 1.5664461305955 173.582688838995
0.380495 1.5685072710455 172.369982504831
0.380995 1.5705684114955 174.113739441662
0.381495 1.5726295519455 174.12927519505
0.381995 1.5746906923955 174.533307606614
0.382495 1.5767518328455 175.533388932507
0.382995 1.5788129732955 177.998643525191
0.383495 1.5808741137455 178.050375507541
0.383995 1.5829352541955 180.35578440807
0.384495 1.5849963946455 181.323721204092
0.384995 1.5870575350955 183.375771686284
0.385495 1.5891186755455 182.905941816632
0.385995 1.5911798159955 183.149619007222
0.386495 1.5932409564455 166.71927008042
0.386995 1.5953020968955 113.316292443066
0.387495 1.5973632373455 47.318477748557
0.387995 1.5994243777955 6.69467766752499
0.388495 1.6014855182455 -0.713698129842599
0.388995 1.6035466586955 5.92665672590128
0.389495 1.6056077991455 6.52466535117197
0.389995 1.6076689395955 -1.08985516973498
0.390495 1.6097300800455 0.463716968799681
0.390995 1.6117912204955 6.5012866128309
0.391495 1.6138523609455 5.28872703876924
0.391995 1.6159135013955 0.800377546830332
0.392495 1.6179746418455 2.90734136543238
0.392995 1.6200357822955 5.0641576929949
0.393495 1.6220969227455 2.38715844577767
0.393995 1.6241580631955 0.618505710365181
0.394495 1.6262192036455 4.03983895735466
0.394995 1.6282803440955 5.69121314377232
0.395495 1.6303414845455 2.47088998773267
0.395995 1.6324026249955 0.472959853759621
0.396495 1.6344637654455 4.0097878794632
0.396995 1.6365249058955 5.76699887729533
0.397495 1.6385860463455 1.51077821182281
0.397995 1.6406471867955 1.71008388974907
0.398495 1.6427083272455 3.52462116133036
0.398995 1.6447694676955 6.62106076121496
0.399495 1.6468306081455 3.27026771139722
0.399995 1.6488917485955 3.02003877178243
0.400495 1.6509528890455 4.52905403712726
0.400995 1.6530140294955 6.32107034013878
0.401495 1.6550751699455 2.62623945008911
0.401995 1.6571363103955 3.55412888752347
0.402495 1.6591974508455 6.19535108637878
0.402995 1.6612585912955 6.40065591466645
0.403495 1.6633197317455 2.65884513906625
0.403995 1.6653808721955 3.42012040858333
0.404495 1.6674420126455 5.719032123282
0.404995 1.6695031530955 5.56549564571488
0.405495 1.6715642935455 2.98946999868058
0.405995 1.6736254339955 4.1771654551796
0.406495 1.6756865744455 6.18171556300968
0.406995 1.6777477148955 4.82206465249096
0.407495 1.6798088553455 3.59880240101148
0.407995 1.6818699957955 5.03290134453883
0.408495 1.6839311362455 5.20297857589351
0.408995 1.6859922766955 4.07277221778431
0.409495 1.6880534171455 2.92129842661038
0.409995 1.6901145575955 5.21181240473634
0.410495 1.6921756980455 5.07095842777489
0.410995 1.6942368384955 3.80300201056601
0.411495 1.6962979789455 3.56424383628953
0.411995 1.6983591193955 4.53343331304871
0.412495 1.7004202598455 5.5486310483451
0.412995 1.7024814002955 4.1943411738093
0.413495 1.7045425407455 2.7988449629018
0.413995 1.7066036811955 4.70420648308619
0.414495 1.7086648216455 5.74502983653213
0.414995 1.7107259620955 4.58322185831035
0.415495 1.7127871025455 4.16734056579121
0.415995 1.7148482429955 5.59333325170929
0.416495 1.7169093834455 5.80355203147228
0.416995 1.7189705238955 5.30307099221932
0.417495 1.7210316643455 5.12552559564158
0.417995 1.7230928047955 5.97574123856285
0.418495 1.7251539452455 5.84748140476503
0.418995 1.7272150856955 4.88214599308719
0.419495 1.7292762261455 4.80694254208244
0.419995 1.7313373665955 5.26195568635789
0.420495 1.7333985070455 5.76096545907358
0.420995 1.7354596474955 4.68076331309793
0.421495 1.7375207879455 5.06713327752828
0.421995 1.7395819283955 4.41508732953203
0.422495 1.7416430688455 5.01978511777768
0.422995 1.7437042092955 4.53689151323418
0.423495 1.7457653497455 5.46857973706176
0.423995 1.7478264901955 4.62855182666651
0.424495 1.7498876306455 5.12260297694191
0.424995 1.7519487710955 5.14556523499044
0.425495 1.7540099115455 5.3759362186083
0.425995 1.7560710519955 5.26343404185004
0.426495 1.7581321924455 4.7785223205206
0.426995 1.7601933328955 4.60067797763606
0.427495 1.7622544733455 5.49558791184321
0.427995 1.7643156137955 4.92949754168733
0.428495 1.7663767542455 5.93194241248794
0.428995 1.7684378946955 6.01935647754679
0.429495 1.7704990351455 6.02379027628597
0.429995 1.7725601755955 5.66510949642262
0.430495 1.7746213160455 5.82213380769903
0.430995 1.7766824564955 5.91822950490692
0.431495 1.7787435969455 6.30519793928934
0.431995 1.7808047373955 6.24891237433482
0.432495 1.7828658778455 6.15278439507817
0.432995 1.7849270182955 5.48282434966571
0.433495 1.7869881587455 5.87080951546227
0.433995 1.7890492991955 5.64727754308338
0.434495 1.7911104396455 5.52825232608301
0.434995 1.7931715800955 5.54997397809168
0.435495 1.7952327205455 7.09490633245963
0.435995 1.7972938609955 5.4104969684362
0.436495 1.7993550014455 5.86773294883373
0.436995 1.8014161418955 4.61318065085952
0.437495 1.8034772823455 6.3052208148141
0.437995 1.8055384227955 5.54557158703254
0.438495 1.8075995632455 6.37324141489609
0.438995 1.8096607036955 5.66652736512838
0.439495 1.8117218441455 6.7326170752933
0.439995 1.8137829845955 5.94316373564966
0.440495 1.8158441250455 5.5326979815498
0.440995 1.8179052654955 5.65347890535695
0.441495 1.8199664059455 6.38710928881789
0.441995 1.8220275463955 6.68206230716625
0.442495 1.8240886868455 6.18326952308793
0.442995 1.8261498272955 6.18451369362592
0.443495 1.8282109677455 6.65496336982134
0.443995 1.8302721081955 6.71235184209164
0.444495 1.8323332486455 6.6409399414583
0.444995 1.8343943890955 6.41033238684714
0.445495 1.8364555295455 7.63234369788997
0.445995 1.8385166699955 6.33919985792727
0.446495 1.8405778104455 6.71219566518
0.446995 1.8426389508955 6.34989261274147
0.447495 1.8447000913455 7.31728633399448
0.447995 1.8467612317955 6.31408223911149
0.448495 1.8488223722455 6.35855763670582
0.448995 1.8508835126955 6.61784315476209
0.449495 1.8529446531455 6.87080052296692
0.449995 1.8550057935955 5.97944001505385
0.450495 1.8570669340455 6.35840903405574
0.450995 1.8591280744955 6.4638597623432
0.451495 1.8611892149455 6.72991418636627
0.451995 1.8632503553955 6.25371958756541
0.452495 1.8653114958455 5.89904929789805
0.452995 1.8673726362955 7.05152831005149
0.453495 1.8694337767455 6.82786483370036
0.453995 1.8714949171955 6.15155457720398
0.454495 1.8735560576455 6.72636389738908
0.454995 1.8756171980955 7.92266800650929
0.455495 1.8776783385455 7.60690786433058
0.455995 1.8797394789955 6.84983675626906
0.456495 1.8818006194455 7.39382227893867
0.456995 1.8838617598955 7.70329683628435
0.457495 1.8859229003455 7.45469076923335
0.457995 1.8879840407955 7.12076588331311
0.458495 1.8900451812455 6.94634254958142
0.458995 1.8921063216955 8.0003237655097
0.459495 1.8941674621455 6.860771378934
0.459995 1.8962286025955 7.13100509258095
0.460495 1.8982897430455 7.50240249933908
0.460995 1.9003508834955 7.88741581603557
0.461495 1.9024120239455 7.21225780190987
0.461995 1.9044731643955 6.86693546910469
0.462495 1.9065343048455 7.89239396409471
0.462995 1.9085954452955 7.37644991885014
0.463495 1.9106565857455 7.01341912858961
0.463995 1.9127177261955 6.59117158552554
0.464495 1.9147788666455 7.76437415111628
0.464995 1.9168400070955 6.79227494171292
0.465495 1.9189011475455 7.76456122903876
0.465995 1.9209622879955 7.35117178893462
0.466495 1.9230234284455 8.09090885491591
0.466995 1.9250845688955 7.48898455625737
0.467495 1.9271457093455 7.31928472294897
0.467995 1.9292068497955 7.56146831006446
0.468495 1.9312679902455 8.55977530214026
0.468995 1.9333291306955 9.08626093383615
0.469495 1.9353902711455 7.92853693549657
0.469995 1.9374514115955 6.88223798090458
0.470495 1.9395125520455 8.09027385958112
0.470995 1.9415736924955 9.15206513924795
0.471495 1.9436348329455 8.01995030473925
0.471995 1.9456959733955 7.06337826842009
0.472495 1.9477571138455 8.15940282096218
0.472995 1.9498182542955 8.93721809636534
0.473495 1.9518793947455 8.11819727539448
0.473995 1.9539405351955 7.25029020871614
0.474495 1.9560016756455 8.43706314036005
0.474995 1.9580628160955 8.67744732507106
0.475495 1.9601239565455 8.14084702577725
0.475995 1.9621850969955 8.03168087004014
0.476495 1.9642462374455 8.47953749332721
0.476995 1.9663073778955 8.67435586132441
0.477495 1.9683685183455 8.84679297288185
0.477995 1.9704296587955 8.08974544159533
0.478495 1.9724907992455 8.46503157463795
0.478995 1.9745519396955 8.56546262933323
0.479495 1.9766130801455 8.00874354966369
0.479995 1.9786742205955 8.86063405019847
0.480495 1.9807353610455 8.31735960029769
0.480995 1.9827965014955 9.06571015335103
0.481495 1.9848576419455 8.7869611794665
0.481995 1.9869187823955 7.99277870400063
0.482495 1.9889799228455 9.14857003380753
0.482995 1.9910410632955 8.6857775105855
0.483495 1.9931022037455 7.87703660824956
0.483995 1.9951633441955 9.0659166649679
0.484495 1.9972244846455 9.33433649096865
0.484995 1.9992856250955 9.18501584938891
0.485495 2.0013467655455 8.83760707007795
0.485995 2.0034079059955 9.16179354371954
0.486495 2.0054690464455 9.28792491551321
0.486995 2.0075301868955 8.93783600813117
0.487495 2.0095913273455 8.57196415304383
0.487995 2.0116524677955 9.35065964970655
0.488495 2.0137136082455 9.80301144331313
0.488995 2.0157747486955 8.27416021791584
0.489495 2.0178358891455 8.71468235808101
0.489995 2.0198970295955 9.61972161250925
0.490495 2.0219581700455 9.67480680127828
0.490995 2.0240193104955 8.9114558798588
0.491495 2.0260804509455 8.79463841478734
0.491995 2.0281415913955 9.67418205626046
0.492495 2.0302027318455 10.057947754942
0.492995 2.0322638722955 9.24837369924601
0.493495 2.0343250127455 8.98633625566087
0.493995 2.0363861531955 9.51400051831861
0.494495 2.0384472936455 9.64069430048768
0.494995 2.0405084340955 9.46009137571862
0.495495 2.0425695745455 10.3533179513811
0.495995 2.0446307149955 9.80532189044774
0.496495 2.0466918554455 9.57475749698527
0.496995 2.0487529958955 8.93146922089095
0.497495 2.0508141363455 10.1444077580579
0.497995 2.0528752767955 9.77182526609118
0.498495 2.0549364172455 9.98939350847148
0.498995 2.0569975576955 10.0577774540258
0.499495 2.0590586981455 9.35160768511416
0.499995 2.0611198385955 9.31006630353306
