# Fix print output for fix Step
0 0 0.636225438568602
0.000494999999999946 0.00612158713649933 0.837041771711725
0.000995000000000111 0.0123050084865014 1.13102369267175
0.00149500000000005 0.0184884298365006 1.48549071340654
0.00199499999999998 0.0246718511864998 1.60681829548489
0.00249499999999992 0.030855272536499 1.75044753514856
0.00299500000000009 0.0370386938865011 2.26774955303349
0.00349500000000002 0.0432221152365003 2.37560234223728
0.00399499999999996 0.0494055365864995 2.43210416366321
0.00449500000000001 0.0555889579365001 3.01759618932437
0.00499500000000006 0.0617723792865007 3.06020303217696
0.00549499999999999 0.0679558006364999 3.24060894741337
0.00599499999999993 0.0741392219864991 3.60888809647458
0.0064950000000001 0.0803226433365012 3.68303168533589
0.00699500000000003 0.0865060646865004 4.00743985989716
0.00749499999999997 0.0926894860364996 4.30677577654015
0.0079949999999999 0.0988729073864988 4.42266924192875
0.00849500000000007 0.105056328736501 4.71098459433693
0.00899500000000001 0.1112397500865 5.12944918047062
0.00949499999999994 0.117423171436499 5.09323664183699
0.00999500000000011 0.123606592786501 5.30871540670556
0.010495 0.129790014136501 5.85241439069306
0.010995 0.1359734354865 5.73516502543807
0.0114949999999999 0.142156856836499 6.02809963971589
0.0119950000000001 0.148340278186501 6.4783008235795
0.012495 0.1545236995365 6.60013294597355
0.012995 0.160707120886499 6.70509985478553
0.013495 0.1668905422365 7.02489995780705
0.0139950000000001 0.173073963586501 7.2129394418747
0.014495 0.1792573849365 7.48203408502966
0.0149949999999999 0.185440806286499 7.59261516820837
0.0154950000000001 0.191624227636501 7.80849346885608
0.015995 0.1978076489865 8.26180835888507
0.016495 0.2039910703365 8.35457632987909
0.0169949999999999 0.210174491686499 8.39026391615514
0.0174950000000001 0.216357913036501 8.81692388711846
0.017995 0.2225413343865 9.07956817409433
0.0184949999999999 0.228724755736499 8.98627422717847
0.0189950000000001 0.234908177086501 9.28101914296558
0.019495 0.2410915984365 9.73764164533542
0.019995 0.2472750197865 9.77281359918843
0.0204949999999999 0.253458441136499 9.93090166571112
0.0209950000000001 0.259641862486501 10.2609703227597
0.021495 0.2658252838365 10.3357638372307
0.0219949999999999 0.272008705186499 10.6020891164859
0.0224950000000001 0.278192126536501 10.9675278594176
0.0229950000000001 0.284375547886501 10.9011702579256
0.023495 0.2905589692365 11.206683749108
0.0239949999999999 0.296742390586499 11.5508556666132
0.0244950000000001 0.302925811936501 11.6518945083661
0.024995 0.3091092332865 11.8316847624661
0.025495 0.315292654636499 12.2551385372652
0.025995 0.3214760759865 12.3786288113815
0.0264950000000001 0.327659497336501 12.4705647118476
0.026995 0.3338429186865 12.8016112680283
0.0274949999999999 0.340026340036499 12.9298225390862
0.0279950000000001 0.346209761386501 12.953411744063
0.028495 0.3523931827365 13.4049330328917
0.028995 0.3585766040865 13.5991038833145
0.0294949999999999 0.364760025436499 13.7074290449009
0.0299950000000001 0.370943446786501 14.0697450155227
0.030495 0.3771268681365 14.1450392088016
0.0309949999999999 0.383310289486499 14.1477566517687
0.0314950000000001 0.389493710836501 14.5177144906377
0.031995 0.395677132186501 14.6828662621321
0.032495 0.4018605535365 14.8068341525306
0.0329949999999999 0.408043974886499 15.2789349327003
0.0334950000000001 0.414227396236501 15.4594842912433
0.033995 0.4204108175865 15.4003884824333
0.034495 0.426594238936499 15.7128430157902
0.034995 0.4327776602865 15.8256202507937
0.0354949999999999 0.438961081636499 15.9544755763979
0.0359950000000001 0.445144502986501 16.2951453298572
0.036495 0.451327924336501 16.5842313926939
0.036995 0.4575113456865 16.5856569112096
0.0374949999999999 0.463694767036499 16.9277975760603
0.0379950000000001 0.469878188386501 17.2817247735394
0.038495 0.4760616097365 17.2259173708201
0.038995 0.482245031086499 17.4410478272921
0.0394950000000001 0.488428452436501 17.6847312524703
0.0399950000000001 0.494611873786501 17.6258721883039
0.040495 0.5007952951365 17.925818299331
0.0409949999999999 0.506978716486499 18.3080566923902
0.0414950000000001 0.513162137836501 18.3031263796897
0.041995 0.5193455591865 18.5825791074805
0.042495 0.5255289805365 18.9591431346261
0.0429950000000001 0.531712401886502 18.8853522586125
0.0434950000000001 0.537895823236501 19.1374905106069
0.043995 0.5440792445865 19.3572854192774
0.0444949999999999 0.550262665936499 19.3444614293618
0.0449950000000001 0.556446087286501 19.6019850163783
0.045495 0.562629508636501 19.9667470256256
0.045995 0.5688129299865 19.990110536593
0.0464949999999999 0.574996351336499 20.236530524397
0.0469950000000001 0.581179772686501 20.6418370031725
0.047495 0.5873631940365 20.6636338683773
0.0479949999999999 0.593546615386499 20.8091244151035
0.0484950000000001 0.599730036736501 21.1285684314134
0.0489950000000001 0.605913458086501 21.1686626120058
0.049495 0.6120968794365 21.2976580904609
0.0499949999999999 0.618280300786499 21.6713480224971
0.0504950000000001 0.624463722136501 21.6774491799199
0.050995 0.6306471434865 21.8090221259633
0.051495 0.636830564836499 22.186213902548
0.0519949999999999 0.643013986186499 22.2601703173316
0.0524950000000001 0.649197407536501 22.4083799648878
0.052995 0.6553808288865 22.7327644396166
0.0534949999999999 0.661564250236499 22.8426260684916
0.0539950000000001 0.667747671586501 22.8601635103594
0.054495 0.6739310929365 23.2752895903662
0.054995 0.6801145142865 23.4438743162444
0.0554949999999999 0.686297935636499 23.4865223570486
0.0559950000000001 0.692481356986501 23.8615683285865
0.056495 0.6986647783365 23.9776014104876
0.0569949999999999 0.704848199686499 24.0491191835907
0.0574950000000001 0.711031621036501 24.3999761394047
0.057995 0.717215042386501 24.5551562264095
0.058495 0.7233984637365 24.5600276356977
0.0589949999999999 0.729581885086499 24.876431252033
0.0594950000000001 0.735765306436501 25.0426805505885
0.059995 0.7419487277865 25.0616046169373
0.060495 0.748132149136499 25.359480110421
0.0609950000000001 0.754315570486501 25.5693421084702
0.0614950000000001 0.760498991836501 25.5378156420297
0.061995 0.7666824131865 25.889282196642
0.0624949999999999 0.772865834536499 26.0823368766315
0.0629950000000001 0.779049255886501 26.1154897696318
0.063495 0.7852326772365 26.3293559932861
0.063995 0.7914160985865 26.5413686011158
0.0644950000000001 0.797599519936502 26.525990120002
0.0649950000000001 0.803782941286501 26.7869814875963
0.065495 0.8099663626365 27.0708915184597
0.0659949999999999 0.816149783986499 27.1691959107811
0.0664950000000001 0.822333205336501 27.3249952331553
0.066995 0.828516626686501 27.6163960410139
0.067495 0.8347000480365 27.6067830487587
0.0679949999999999 0.840883469386499 27.7718221449355
0.0684950000000001 0.847066890736501 27.9552450707654
0.068995 0.8532503120865 27.9934222776955
0.069495 0.859433733436499 28.1700515631668
0.0699949999999999 0.865617154786499 28.3478330604797
0.0704950000000001 0.871800576136501 28.4108772673434
0.070995 0.8779839974865 28.5535941692687
0.0714949999999999 0.884167418836499 28.7831313511984
0.0719950000000001 0.890350840186501 28.9051748792993
0.072495 0.8965342615365 29.1098189857347
0.072995 0.9027176828865 29.3347831091071
0.0734949999999999 0.908901104236499 29.4898846701917
0.0739950000000001 0.915084525586501 29.599226270994
0.074495 0.9212679469365 29.9548437072301
0.0749949999999999 0.927451368286499 30.094863076473
0.0754950000000001 0.933634789636501 30.195745708791
0.075995 0.9398182109865 30.4986955675183
0.076495 0.9460016323365 30.5353563147847
0.0769949999999999 0.952185053686499 30.6502375383771
0.0774950000000001 0.958368475036501 30.8662349258249
0.077995 0.9645518963865 30.8778852227645
0.078495 0.970735317736499 31.0035094815027
0.0789950000000001 0.976918739086501 31.1514304708736
0.0794950000000001 0.983102160436501 31.3325088308186
0.079995 0.9892855817865 31.4765309169357
0.0804949999999999 0.995469003136499 31.7257686100372
0.0809950000000001 1.0016524244865 31.8490193988763
0.081495 1.0078358458365 31.9639407508087
0.081995 1.0140192671865 32.1972231655729
0.0824950000000001 1.0202026885365 32.2598611094553
0.0829950000000001 1.0263861098865 32.3139917154029
0.083495 1.0325695312365 32.5238990428921
0.0839949999999999 1.0387529525865 32.687576738329
0.0844950000000001 1.0449363739365 32.8499962913756
0.084995 1.0511197952865 33.0492202543139
0.085495 1.0573032166365 33.2256113742994
0.0859950000000001 1.0634866379865 33.3706399542401
0.0864950000000001 1.0696700593365 33.5093189988378
0.086995 1.0758534806865 33.5794112321714
0.0874949999999999 1.0820369020365 33.6835559618452
0.0879950000000001 1.0882203233865 33.8680986365816
0.088495 1.0944037447365 34.0004219965804
0.088995 1.1005871660865 34.1907123535318
0.0894950000000001 1.1067705874365 34.4116753103213
0.0899950000000001 1.1129540087865 34.5049128486745
0.090495 1.1191374301365 34.5396317383292
0.090995 1.1253208514865 34.7209339433307
0.0914950000000001 1.1315042728365 34.8354137356963
0.0919950000000001 1.1376876941865 34.976189363601
0.092495 1.1438711155365 35.2241687975171
0.0929949999999999 1.1500545368865 35.3231028834684
0.0934950000000001 1.1562379582365 35.4044755351443
0.093995 1.1624213795865 35.5508547790906
0.094495 1.1686048009365 35.7029030006022
0.0949949999999999 1.1747882222865 35.8286799218236
0.0954950000000001 1.1809716436365 36.0269820324563
0.095995 1.1871550649865 36.1912909654065
0.0964949999999999 1.1933384863365 36.2723061743075
0.0969950000000001 1.1995219076865 36.378882108926
0.097495 1.2057053290365 36.5710117048195
0.097995 1.2118887503865 36.6843175267398
0.0984949999999999 1.2180721717365 36.8171435509149
0.0989950000000001 1.2242555930865 36.9784280158123
0.099495 1.2304390144365 37.0697533066887
0.099995 1.2366224357865 37.2002171947965
0.100495 1.2428058571365 37.3687058239685
0.100995 1.2489892784865 37.5196459299743
0.101495 1.2551726998365 37.6233482819782
0.101995 1.2613561211865 37.7463082834636
0.102495 1.2675395425365 37.8279176436574
0.102995 1.2737229638865 37.9875903959875
0.103495 1.2799063852365 38.1573703758112
0.103995 1.2860898065865 38.3317275999947
0.104495 1.2922732279365 38.3622761095081
0.104995 1.2984566492865 38.4748441797897
0.105495 1.3046400706365 38.6170399284215
0.105995 1.3108234919865 38.781306206654
0.106495 1.3170069133365 38.8596720351565
0.106995 1.3231903346865 39.036692279932
0.107495 1.3293737560365 39.1513507191318
0.107995 1.3355571773865 39.2316271178732
0.108495 1.3417405987365 39.4228650730184
0.108995 1.3479240200865 39.4713830136444
0.109495 1.3541074414365 39.6297133625878
0.109995 1.3602908627865 39.826974983837
0.110495 1.3664742841365 39.8755691697484
0.110995 1.3726577054865 39.936393028682
0.111495 1.3788411268365 40.1308773184411
0.111995 1.3850245481865 40.2733107727178
0.112495 1.3912079695365 40.3336201509307
0.112995 1.3973913908865 40.4307975301866
0.113495 1.4035748122365 40.5512002939125
0.113995 1.4097582335865 40.6780675301248
0.114495 1.4159416549365 40.8529548422983
0.114995 1.4221250762865 40.9383671156521
0.115495 1.4283084976365 41.0299909882591
0.115995 1.4344919189865 41.2296826254328
0.116495 1.4406753403365 41.2435623512844
0.116995 1.4468587616865 41.3537740414753
0.117495 1.4530421830365 41.5383392437585
0.117995 1.4592256043865 41.6976136297641
0.118495 1.4654090257365 41.7039806108624
0.118995 1.4715924470865 41.845444737333
0.119495 1.4777758684365 42.0313321961607
0.119995 1.4839592897865 42.1053599434667
0.120495 1.4901427111365 42.1198051960213
0.120995 1.4963261324865 42.3810411807182
0.121495 1.5025095538365 42.436765346045
0.121995 1.5086929751865 42.5125598074622
0.122495 1.5148763965365 42.6531518132177
0.122995 1.5210598178865 42.794251025087
0.123495 1.5272432392365 42.8405297403623
0.123995 1.5334266605865 42.9840812113904
0.124495 1.5396100819365 43.152901376381
0.124995 1.5457935032865 43.1811366528875
0.125495 1.5519769246365 43.3131209074063
0.125995 1.5581603459865 43.4328801605023
0.126495 1.5643437673365 43.4533607963466
0.126995 1.5705271886865 43.66013519211
0.127495 1.5767106100365 43.7502528491675
0.127995 1.5828940313865 43.7857385011146
0.128495 1.5890774527365 43.9333699949917
0.128995 1.5952608740865 44.0384646962629
0.129495 1.6014442954365 44.0762995126628
0.129995 1.6076277167865 44.2056321283277
0.130495 1.6138111381365 44.3472506103615
0.130995 1.6199945594865 44.423185768813
0.131495 1.6261779808365 44.5065054051169
0.131995 1.6323614021865 44.597205946739
0.132495 1.6385448235365 44.7697188168146
0.132995 1.6447282448865 44.8524708001066
0.133495 1.6509116662365 44.9479551796
0.133995 1.6570950875865 45.0368976973788
0.134495 1.6632785089365 45.1161801677235
0.134995 1.6694619302865 45.2359854852206
0.135495 1.6756453516365 45.3194494998447
0.135995 1.6818287729865 45.4306178355901
0.136495 1.6880121943365 45.5928698047843
0.136995 1.6941956156865 45.6204209750837
0.137495 1.7003790370365 45.7088265497103
0.137995 1.7065624583865 45.8021117096815
0.138495 1.7127458797365 45.927653541728
0.138995 1.7189293010865 46.0402436251399
0.139495 1.7251127224365 46.0864711045781
0.139995 1.7312961437865 46.1929698164704
0.140495 1.7374795651365 46.3041155569052
0.140995 1.7436629864865 46.3343039889259
0.141495 1.7498464078365 46.4678084345071
0.141995 1.7560298291865 46.5472569908638
0.142495 1.7622132505365 46.6730412680113
0.142995 1.7683966718865 46.7518152626565
0.143495 1.7745800932365 46.8877858868385
0.143995 1.7807635145865 46.9153776115308
0.144495 1.7869469359365 46.9356894931607
0.144995 1.7931303572865 47.0742882506455
0.145495 1.7993137786365 47.1790038698216
0.145995 1.8054971999865 47.3294658221687
0.146495 1.8116806213365 47.3862940527896
0.146995 1.8178640426865 47.4954551268412
0.147495 1.8240474640365 47.5414548858839
0.147995 1.8302308853865 47.592962718961
0.148495 1.8364143067365 47.6607292004508
0.148995 1.8425977280865 47.7652254610497
0.149495 1.8487811494365 47.9721511049746
0.149995 1.8549645707865 47.9459255696592
0.150495 1.8611479921365 48.1061146322496
0.150995 1.8673314134865 48.0895848838775
0.151495 1.8735148348365 48.2851115631495
0.151995 1.8796982561865 48.2915279044104
0.152495 1.8858816775365 48.4365658113919
0.152995 1.8920650988865 48.4850697208415
0.153495 1.8982485202365 48.5672419253022
0.153995 1.9044319415865 48.6440148560439
0.154495 1.9106153629365 48.7056934139497
0.154995 1.9167987842865 48.8345675074938
0.155495 1.9229822056365 48.8681069718436
0.155995 1.9291656269865 48.9645646657493
0.156495 1.9353490483365 49.0463764942412
0.156995 1.9415324696865 49.1080038962223
0.157495 1.9477158910365 49.2188696168075
0.157995 1.9538993123865 49.2792126734817
0.158495 1.9600827337365 49.3433892701243
0.158995 1.9662661550865 49.3951714684567
0.159495 1.9724495764365 49.5266100595513
0.159995 1.9786329977865 49.5266319687424
0.160495 1.9848164191365 49.6857081538526
0.160995 1.9909998404865 49.6921633308798
0.161495 1.9971832618365 49.8157092506497
0.161995 2.0033666831865 49.81908882204
0.162495 2.0095501045365 49.9608753685465
0.162995 2.0157335258865 49.9830913453864
0.163495 2.0219169472365 50.1510458711143
0.163995 2.0281003685865 50.1095539774737
0.164495 2.0342837899365 50.2961494853172
0.164995 2.0404672112865 50.2377285637636
0.165495 2.0466506326365 50.4569306329754
0.165995 2.0528340539865 50.4295752284001
0.166495 2.0590174753365 50.598919621375
0.166995 2.0652008966865 50.5290083195043
0.167495 2.0713843180365 50.7685200246768
0.167995 2.0775677393865 50.6445675573267
0.168495 2.0837511607365 50.8462028124573
0.168995 2.0899345820865 50.8210570697618
0.169495 2.0961180034365 50.9364698928058
0.169995 2.1023014247865 51.0189038089594
0.170495 2.1084848461365 51.1146335264253
0.170995 2.1146682674865 51.1698708007169
0.171495 2.1208516888365 51.1783759285301
0.171995 2.1270351101865 51.3074191511748
0.172495 2.1332185315365 51.3195023095878
0.172995 2.1394019528865 51.4418675475754
0.173495 2.1455853742365 51.443107811594
0.173995 2.1517687955865 51.5666636652325
0.174495 2.1579522169365 51.5849592462378
0.174995 2.1641356382865 51.6437448757666
0.175495 2.1703190596365 51.7527307850818
0.175995 2.1765024809865 51.8101427169343
0.176495 2.1826859023365 51.913920676774
0.176995 2.1888693236865 51.9001017032966
0.177495 2.1950527450365 52.004117416916
0.177995 2.2012361663865 52.0219043117255
0.178495 2.2074195877365 52.0794257175807
0.178995 2.2136030090865 52.1412229772806
0.179495 2.2197864304365 52.2547306873131
0.179995 2.2259698517865 52.2570401704069
0.180495 2.2321532731365 52.3911714559405
0.180995 2.2383366944865 52.4142817131638
0.181495 2.2445201158365 52.5248158252758
0.181995 2.2507035371865 52.5441797694193
0.182495 2.2568869585365 52.6199089194495
0.182995 2.2630703798865 52.647461757642
0.183495 2.2692538012365 52.7369495117945
0.183995 2.2754372225865 52.7989505138849
0.184495 2.2816206439365 52.7855726405858
0.184995 2.2878040652865 52.9320497612908
0.185495 2.2939874866365 52.9900085957113
0.185995 2.3001709079865 53.0157061723564
0.186495 2.3063543293365 53.1057387490873
0.186995 2.3125377506865 53.1265898851636
0.187495 2.3187211720365 53.1938352382958
0.187995 2.3249045933865 53.2687914849067
0.188495 2.3310880147365 53.2811133128479
0.188995 2.3372714360865 53.3681370460432
0.189495 2.3434548574365 53.4992868496566
0.189995 2.3496382787865 53.5162807824724
0.190495 2.3558217001365 53.5395535634883
0.190995 2.3620051214865 53.6471384682177
0.191495 2.3681885428365 53.6324547022176
0.191995 2.3743719641865 53.6934099614321
0.192495 2.3805553855365 53.6831013830717
0.192995 2.3867388068865 53.7744951545381
0.193495 2.3929222282365 53.8630194123465
0.193995 2.3991056495865 53.9131049878792
0.194495 2.4052890709365 53.9547805594715
0.194995 2.4114724922865 54.0134858291252
0.195495 2.4176559136365 54.0496729824599
0.195995 2.4238393349865 54.0857682748882
0.196495 2.4300227563365 54.1561925123975
0.196995 2.4362061776865 54.1687955877514
0.197495 2.4423895990365 54.2461737581073
0.197995 2.4485730203865 54.3458217536091
0.198495 2.4547564417365 54.444332035713
0.198995 2.4609398630865 54.3907775930403
0.199495 2.4671232844365 54.5141895726391
0.199995 2.4733067057865 54.5251541532822
0.200495 2.4794901271365 54.5859879359075
0.200995 2.4856735484865 54.7370454917587
0.201495 2.4918569698365 54.6898331819923
0.201995 2.4980403911865 54.756086916202
0.202495 2.5042238125365 54.7485298536131
0.202995 2.5104072338865 54.8561692210322
0.203495 2.5165906552365 54.9687454532666
0.203995 2.5227740765865 54.935812496345
0.204495 2.5289574979365 54.9403904468327
0.204995 2.5351409192865 55.1013876743135
0.205495 2.5413243406365 55.0681071224353
0.205995 2.5475077619865 55.1055786929938
0.206495 2.5536911833365 55.2685231589987
0.206995 2.5598746046865 55.262122959435
0.207495 2.5660580260365 55.2941854976444
0.207995 2.5722414473865 55.2966933056521
0.208495 2.5784248687365 55.3903893296689
0.208995 2.5846082900865 55.5188860787508
0.209495 2.5907917114365 55.5500502238457
0.209995 2.5969751327865 55.6023629195646
0.210495 2.6031585541365 55.6261154191573
0.210995 2.6093419754865 55.7045673304089
0.211495 2.6155253968365 55.6646938403822
0.211995 2.6217088181865 55.8297202040132
0.212495 2.6278922395365 55.8448647158506
0.212995 2.6340756608865 55.7656215654251
0.213495 2.6402590822365 55.8582441303376
0.213995 2.6464425035865 55.9411163151047
0.214495 2.6526259249365 55.8861905362054
0.214995 2.6588093462865 55.9097597607086
0.215495 2.6649927676365 56.0796804055798
0.215995 2.6711761889865 56.1244914844653
0.216495 2.6773596103365 56.1596841895169
0.216995 2.6835430316865 56.1663671112893
0.217495 2.6897264530365 56.2544477763795
0.217995 2.6959098743865 56.3321342173777
0.218495 2.7020932957365 56.3911578440457
0.218995 2.7082767170865 56.4077269014139
0.219495 2.7144601384365 56.4786962877996
0.219995 2.7206435597865 56.5097699062891
0.220495 2.7268269811365 56.4524105524232
0.220995 2.7330104024865 56.498595930214
0.221495 2.7391938238365 56.7584426942726
0.221995 2.7453772451865 56.6873752476738
0.222495 2.7515606665365 56.6109213872079
0.222995 2.7577440878865 56.7583645811786
0.223495 2.7639275092365 56.7983896076542
0.223995 2.7701109305865 56.8399366852308
0.224495 2.7762943519365 56.9199275303545
0.224995 2.7824777732865 57.0504275259059
0.225495 2.7886611946365 57.0632651737688
0.225995 2.7948446159865 57.0501435910824
0.226495 2.8010280373365 57.0957182284464
0.226995 2.8072114586865 57.1646308316668
0.227495 2.8133948800365 57.2745106391919
0.227995 2.8195783013865 57.2848439881139
0.228495 2.8257617227365 57.2624895760387
0.228995 2.8319451440865 57.5019559512561
0.229495 2.8381285654365 57.2997416769041
0.229995 2.8443119867865 57.4604455266357
0.230495 2.8504954081365 57.4465742891025
0.230995 2.8566788294865 57.4947436416613
0.231495 2.8628622508365 57.4978653021169
0.231995 2.8690456721865 57.5880368468287
0.232495 2.8752290935365 57.5542507364408
0.232995 2.8814125148865 57.7833691104098
0.233495 2.8875959362365 57.6789506328337
0.233995 2.8937793575865 57.8186112195665
0.234495 2.8999627789365 57.84054752465
0.234995 2.9061462002865 57.8093049131022
0.235495 2.9123296216365 57.9121243578437
0.235995 2.9185130429865 58.0755481047429
0.236495 2.9246964643365 58.0845221779642
0.236995 2.9308798856865 58.0749098333602
0.237495 2.9370633070365 58.0735467237523
0.237995 2.9432467283865 58.1785151956901
0.238495 2.9494301497365 58.3682008773054
0.238995 2.9556135710865 58.315995194405
0.239495 2.9617969924365 58.3115112913419
0.239995 2.9679804137865 58.4983768916824
0.240495 2.9741638351365 58.4576126414331
0.240995 2.9803472564865 58.5158651774853
0.241495 2.9865306778365 58.6339260211782
0.241995 2.9927140991865 58.6105059682023
0.242495 2.9988975205365 58.5441303265008
0.242995 3.0050809418865 58.6226617595746
0.243495 3.0112643632365 58.8326882138878
0.243995 3.0174477845865 58.8177934096122
0.244495 3.0236312059365 58.7732540248147
0.244995 3.0298146272865 58.9009232876156
0.245495 3.0359980486365 58.8198033949202
0.245995 3.0421814699865 58.8804351143473
0.246495 3.0483648913365 58.9131805748598
0.246995 3.0545483126865 59.0221533454894
0.247495 3.0607317340365 59.0876627707521
0.247995 3.0669151553865 59.3991981396837
0.248495 3.0730985767365 59.0620394046793
0.248995 3.0792819980865 59.063676939022
0.249495 3.0854654194365 59.309468862893
0.249995 3.0916488407865 59.3249621696376
0.250495 3.0978322621365 59.4824788497029
0.250995 3.1040156834865 59.6550370745625
0.251495 3.1101991048365 59.2595123566124
0.251995 3.1163825261865 59.5511320548322
0.252495 3.1225659475365 59.7309615586118
0.252995 3.1287493688865 59.7865671857001
0.253495 3.1349327902365 59.7481867940036
0.253995 3.1411162115865 59.8219990408753
0.254495 3.1472996329365 59.7313905641872
0.254995 3.1534830542865 59.7489473627607
0.255495 3.1596664756365 59.7202599787573
0.255995 3.1658498969865 59.925735632241
0.256495 3.1720333183365 59.9574769931969
0.256995 3.1782167396865 59.9211276113999
0.257495 3.1844001610365 60.0737314936404
0.257995 3.1905835823865 60.0974590761615
0.258495 3.1967670037365 60.1205927020373
0.258995 3.2029504250865 60.2466266090887
0.259495 3.2091338464365 60.0866363609662
0.259995 3.2153172677865 60.2217278499682
0.260495 3.2215006891365 60.4706355580155
0.260995 3.2276841104865 60.4856583675502
0.261495 3.2338675318365 60.7477026203393
0.261995 3.2400509531865 60.552801523126
0.262495 3.2462343745365 60.6914922688898
0.262995 3.2524177958865 60.8023973654514
0.263495 3.2586012172365 60.7776843988673
0.263995 3.2647846385865 60.7935742454116
0.264495 3.2709680599365 60.6674412375354
0.264995 3.2771514812865 60.6919847954749
0.265495 3.2833349026365 60.9902505012598
0.265995 3.2895183239865 61.0528525310778
0.266495 3.2957017453365 61.2491513904205
0.266995 3.3018851666865 61.1685979121947
0.267495 3.3080685880365 61.3634393908335
0.267995 3.3142520093865 61.1822439550302
0.268495 3.3204354307365 61.3649453500338
0.268995 3.3266188520865 61.3235210903478
0.269495 3.3328022734365 61.7354451925053
0.269995 3.3389856947865 61.4243143215472
0.270495 3.3451691161365 61.4530850282129
0.270995 3.3513525374865 61.5590580574248
0.271495 3.3575359588365 61.7122814421548
0.271995 3.3637193801865 61.6585914806153
0.272495 3.3699028015365 62.1394000847311
0.272995 3.3760862228865 61.9882706611782
0.273495 3.3822696442365 62.0767652290808
0.273995 3.3884530655865 62.0488557089878
0.274495 3.3946364869365 61.987694716213
0.274995 3.4008199082865 62.1190678543008
0.275495 3.4070033296365 62.3685613973785
0.275995 3.4131867509865 62.309267194361
0.276495 3.4193701723365 62.5242866202169
0.276995 3.4255535936865 62.5106157118118
0.277495 3.4317370150365 62.469082478552
0.277995 3.4379204363865 62.6258116454841
0.278495 3.4441038577365 62.7633198188001
0.278995 3.4502872790865 62.7329655500995
0.279495 3.4564707004365 63.0449602109588
0.279995 3.4626541217865 62.8150228307245
0.280495 3.4688375431365 63.1805806808106
0.280995 3.4750209644865 63.0429379955726
0.281495 3.4812043858365 63.0257650724093
0.281995 3.4873878071865 63.1523147083281
0.282495 3.4935712285365 62.9709976475693
0.282995 3.4997546498865 63.3075164397936
0.283495 3.5059380712365 63.3734560196341
0.283995 3.5121214925865 63.2872701807181
0.284495 3.5183049139365 63.5206476942055
0.284995 3.5244883352865 63.6219810301784
0.285495 3.5306717566365 63.5207061669054
0.285995 3.5368551779865 63.7629842069735
0.286495 3.5430385993365 63.9124236103128
0.286995 3.5492220206865 63.9569089360193
0.287495 3.5554054420365 64.1228772721059
0.287995 3.5615888633865 64.1567603471714
0.288495 3.5677722847365 64.0407195016718
0.288995 3.5739557060865 64.6100415153007
0.289495 3.5801391274365 64.5295676347802
0.289995 3.5863225487865 64.4617447400744
0.290495 3.5925059701365 64.3953153616102
0.290995 3.5986893914865 64.5624329429492
0.291495 3.6048728128365 64.578995039612
0.291995 3.6110562341865 64.9734242633287
0.292495 3.6172396555365 64.9737882838898
0.292995 3.6234230768865 65.0119692346445
0.293495 3.6296064982365 65.144364549791
0.293995 3.6357899195865 65.2299756076809
0.294495 3.6419733409365 65.2076900928289
0.294995 3.6481567622865 65.5757717299678
0.295495 3.6543401836365 65.6111405029317
0.295995 3.6605236049865 65.3497023049274
0.296495 3.6667070263365 65.5188178882116
0.296995 3.6728904476865 66.2262780989741
0.297495 3.6790738690365 66.02663602801
0.297995 3.6852572903865 66.3680869779769
0.298495 3.6914407117365 66.5332192086564
0.298995 3.6976241330865 66.2932870977989
0.299495 3.7038075544365 66.4779580716558
0.299995 3.7099909757865 66.409701776838
0.300495 3.7161743971365 66.7019960666752
0.300995 3.7223578184865 66.4740635989358
0.301495 3.7285412398365 66.8870567819577
0.301995 3.7347246611865 66.9195547942697
0.302495 3.7409080825365 67.1637266940544
0.302995 3.7470915038865 67.5328589748945
0.303495 3.7532749252365 67.4685455263909
0.303995 3.7594583465865 67.7160728624865
0.304495 3.7656417679365 67.7524866475782
0.304995 3.7718251892865 67.6695690996965
0.305495 3.7780086106365 68.2660100677394
0.305995 3.7841920319865 68.2110712003981
0.306495 3.7903754533365 68.2727579575567
0.306995 3.7965588746865 68.6567949199898
0.307495 3.8027422960365 68.5812109303607
0.307995 3.8089257173865 68.6333665631267
0.308495 3.8151091387365 68.9376966821857
0.308995 3.8212925600865 68.9437759375544
0.309495 3.8274759814365 69.5638738408549
0.309995 3.8336594027865 69.0065647704149
0.310495 3.8398428241365 69.5607027372526
0.310995 3.8460262454865 69.4701245144226
0.311495 3.8522096668365 69.5563219679189
0.311995 3.8583930881865 70.1528444767156
0.312495 3.8645765095365 70.0970288314654
0.312995 3.8707599308865 70.2033045999263
0.313495 3.8769433522365 70.5061657352481
0.313995 3.8831267735865 70.6538396771313
0.314495 3.8893101949365 70.5373550248368
0.314995 3.8954936162865 71.2480829431909
0.315495 3.9016770376365 71.3708332747218
0.315995 3.9078604589865 71.1905625520823
0.316495 3.9140438803365 71.4287997274193
0.316995 3.9202273016865 71.9331501719086
0.317495 3.9264107230365 72.0196687801433
0.317995 3.9325941443865 71.7821687252236
0.318495 3.9387775657365 72.1506126803248
0.318995 3.9449609870865 72.4561870524389
0.319495 3.9511444084365 72.5886978021453
0.319995 3.9573278297865 72.5089516047501
0.320495 3.9635112511365 73.4289888349844
0.320995 3.9696946724865 73.1934526181068
0.321495 3.9758780938365 73.8686702134664
0.321995 3.9820615151865 73.7088686048692
0.322495 3.9882449365365 73.8203470539603
0.322995 3.9944283578865 73.4519152517339
0.323495 4.0006117792365 74.4499992150188
0.323995 4.0067952005865 74.8464909822492
0.324495 4.0129786219365 74.4931959537848
0.324995 4.0191620432865 75.2308669770061
0.325495 4.0253454646365 74.9084229040901
0.325995 4.0315288859865 75.7270826989762
0.326495 4.0377123073365 75.5390329314042
0.326995 4.0438957286865 76.2033621076805
0.327495 4.0500791500365 76.2274134647826
0.327995 4.0562625713865 76.6218357639066
0.328495 4.0624459927365 76.2769505342759
0.328995 4.0686294140865 77.3346525443951
0.329495 4.0748128354365 76.9942739732628
0.329995 4.0809962567865 77.3621190684261
0.330495 4.0871796781365 77.5672519301122
0.330995 4.0933630994865 77.7043589428751
0.331495 4.0995465208365 78.4885505585509
0.331995 4.1057299421865 78.3626438906362
0.332495 4.1119133635365 78.2619408060257
0.332995 4.1180967848865 79.3797032314045
0.333495 4.1242802062365 79.0343932977013
0.333995 4.1304636275865 79.1931267864935
0.334495 4.1366470489365 79.6837765443085
0.334995 4.1428304702865 79.4418876940722
0.335495 4.1490138916365 80.2142853975139
0.335995 4.1551973129865 80.1170863839123
0.336495 4.1613807343365 80.4838017914096
0.336995 4.1675641556865 81.4400260969183
0.337495 4.1737475770365 81.1388744577137
0.337995 4.1799309983865 81.8966147942836
0.338495 4.1861144197365 81.7750966619093
0.338995 4.1922978410865 82.2959035725081
0.339495 4.1984812624365 82.767703652494
0.339995 4.2046646837865 82.6643376258315
0.340495 4.2108481051365 83.2137121331318
0.340995 4.2170315264865 82.9740392017301
0.341495 4.2232149478365 83.5512517308373
0.341995 4.2293983691865 83.9006914902505
0.342495 4.2355817905365 83.7831506455914
0.342995 4.2417652118865 84.6717598818491
0.343495 4.2479486332365 84.4665268887549
0.343995 4.2541320545865 84.5184955327559
0.344495 4.2603154759365 85.8130907573457
0.344995 4.2664988972865 85.4057716943696
0.345495 4.2726823186365 86.119909426909
0.345995 4.2788657399865 86.0919333187593
0.346495 4.2850491613365 86.6646351140896
0.346995 4.2912325826865 86.5111093830009
0.347495 4.2974160040365 87.2372703624966
0.347995 4.3035994253865 87.0010428058133
0.348495 4.3097828467365 88.0875515668621
0.348995 4.3159662680865 87.5862947315223
0.349495 4.3221496894365 88.1609959393154
0.349995 4.3283331107865 88.5608999715502
0.350495 4.3345165321365 88.5273192730045
0.350995 4.3406999534865 89.242545059801
0.351495 4.3468833748365 89.6338892641742
0.351995 4.3530667961865 89.6953977398458
0.352495 4.3592502175365 90.0745784056127
0.352995 4.3654336388865 90.3802364440813
0.353495 4.3716170602365 90.6496408977019
0.353995 4.3778004815865 90.7472886551685
0.354495 4.3839839029365 91.7407359381087
0.354995 4.3901673242865 91.3431550769004
0.355495 4.3963507456365 92.2582763494022
0.355995 4.4025341669865 92.5556493849025
0.356495 4.4087175883365 92.6810602506456
0.356995 4.4149010096865 93.0213952396614
0.357495 4.4210844310365 93.5113935117833
0.357995 4.4272678523865 93.3999938364906
0.358495 4.4334512737365 93.7117775602009
0.358995 4.4396346950865 95.2699814932913
0.359495 4.4458181164365 94.4447684301075
0.359995 4.4520015377865 94.6892020909104
0.360495 4.4581849591365 95.4799524572467
0.360995 4.4643683804865 95.4565101828867
0.361495 4.4705518018365 95.96804178288
0.361995 4.4767352231865 96.500239118763
0.362495 4.4829186445365 96.9601359358209
0.362995 4.4891020658865 97.2474949144324
0.363495 4.4952854872365 97.9265012271685
0.363995 4.5014689085865 97.8302176175905
0.364495 4.5076523299365 98.3741497531685
0.364995 4.5138357512865 98.8893737476528
0.365495 4.5200191726365 98.2482842468625
0.365995 4.5262025939865 99.0330437337556
0.366495 4.5323860153365 99.9741097136265
0.366995 4.5385694366865 99.9118342493756
0.367495 4.5447528580365 100.195656333063
0.367995 4.5509362793865 101.19909892352
0.368495 4.5571197007365 101.422466873239
0.368995 4.5633031220865 101.71055317585
0.369495 4.5694865434365 101.804256702645
0.369995 4.5756699647865 102.102249017738
0.370495 4.5818533861365 102.525303809432
0.370995 4.5880368074865 103.179971092166
0.371495 4.5942202288365 103.832089768419
0.371995 4.6004036501865 104.201363037186
0.372495 4.6065870715365 104.352348138293
0.372995 4.6127704928865 104.57227027992
0.373495 4.6189539142365 104.796018545191
0.373995 4.6251373355865 105.762363815813
0.374495 4.6313207569365 106.174597346319
0.374995 4.6375041782865 106.614005059535
0.375495 4.6436875996365 106.972089391027
0.375995 4.6498710209865 106.881801029211
0.376495 4.6560544423365 107.01506516885
0.376995 4.6622378636865 107.984584168937
0.377495 4.6684212850365 108.507347515891
0.377995 4.6746047063865 109.201630749026
0.378495 4.6807881277365 109.274393639747
0.378995 4.6869715490865 109.815299808271
0.379495 4.6931549704365 110.348770066321
0.379995 4.6993383917865 110.746556205348
0.380495 4.7055218131365 111.179824109428
0.380995 4.7117052344865 111.760211379522
0.381495 4.7178886558365 112.163808413052
0.381995 4.7240720771865 112.958754355401
0.382495 4.7302554985365 113.107743542796
0.382995 4.7364389198865 113.884996912229
0.383495 4.7426223412365 113.81625919377
0.383995 4.7488057625865 113.974426373669
0.384495 4.7549891839365 114.868039152312
0.384995 4.7611726052865 115.223529178091
0.385495 4.7673560266365 115.758567264445
0.385995 4.7735394479865 116.472819931598
0.386495 4.7797228693365 116.849674184241
0.386995 4.7859062906865 117.067319475722
0.387495 4.7920897120365 117.632896128555
0.387995 4.7982731333865 117.712013836611
0.388495 4.8044565547365 118.804340385807
0.388995 4.8106399760865 119.034700627434
0.389495 4.8168233974365 119.188371363896
0.389995 4.8230068187865 119.902609443462
0.390495 4.8291902401365 120.32253333163
0.390995 4.8353736614865 121.445228760788
0.391495 4.8415570828365 120.164852904945
0.391995 4.8477405041865 110.161698253851
0.392495 4.8539239255365 84.4252929072601
0.392995 4.8601073468865 55.2562698179296
0.393495 4.8662907682365 41.5804316535682
0.393995 4.8724741895865 33.9103510737711
0.394495 4.8786576109365 29.4805511234259
0.394995 4.8848410322865 24.9936996640425
0.395495 4.8910244536365 19.9877013903558
0.395995 4.8972078749865 14.5183803888038
0.396495 4.9033912963365 8.8953620871443
0.396995 4.9095747176865 4.22547500101476
0.397495 4.9157581390365 0.698995318589943
0.397995 4.9219415603865 -1.38947021490843
0.398495 4.9281249817365 -2.48699154281783
0.398995 4.9343084030865 -2.65269329044259
0.399495 4.9404918244365 -2.5089131152252
0.399995 4.9466752457865 -1.59119464587394
0.400495 4.9528586671365 -0.736776348420136
0.400995 4.9590420884865 -0.238042129008674
0.401495 4.9652255098365 -0.0048001601192779
0.401995 4.9714089311865 -0.123653005871126
0.402495 4.9775923525365 -0.734414360852943
0.402995 4.9837757738865 -0.941550466810037
0.403495 4.9899591952365 -0.619311032562005
0.403995 4.9961426165865 -0.60710868439449
0.404495 5.0023260379365 -0.390751183415111
0.404995 5.0085094592865 -0.528520844556268
0.405495 5.0146928806365 -0.923319765346657
0.405995 5.0208763019865 -1.33208128729321
0.406495 5.0270597233365 -1.29785264386037
0.406995 5.0332431446865 -0.636902612010112
0.407495 5.0394265660365 -0.674341946240561
0.407995 5.0456099873865 -0.37572741250178
0.408495 5.0517934087365 -0.887540935693154
0.408995 5.0579768300865 -0.772269020121392
0.409495 5.0641602514365 -0.390114229472157
0.409995 5.0703436727865 -0.222420469227835
0.410495 5.0765270941365 -0.313190341985843
0.410995 5.0827105154865 -0.412850135183695
0.411495 5.0888939368365 -0.390611470514038
0.411995 5.0950773581865 -0.239694286870522
0.412495 5.1012607795365 0.232367156589512
0.412995 5.1074442008865 0.216967975791487
0.413495 5.1136276222365 0.594692750669895
0.413995 5.1198110435865 0.66920148068677
0.414495 5.1259944649365 0.244491008076176
0.414995 5.1321778862865 0.0963040358243892
0.415495 5.1383613076365 -0.414258085733621
0.415995 5.1445447289865 -0.254014920174734
0.416495 5.1507281503365 0.0627371675720813
0.416995 5.1569115716865 0.404752650610064
0.417495 5.1630949930365 0.415689871294459
0.417995 5.1692784143865 0.535527995158935
0.418495 5.1754618357365 0.137594974771772
0.418995 5.1816452570865 0.220583602755251
0.419495 5.1878286784365 0.364221611679458
0.419995 5.1940120997865 -0.0816416277888256
0.420495 5.2001955211365 -0.0964654812760168
0.420995 5.2063789424865 0.0700854446239373
0.421495 5.2125623638365 0.389378024549509
0.421995 5.2187457851865 0.323226329397177
0.422495 5.2249292065365 0.588538420080809
0.422995 5.2311126278865 0.315684042319106
0.423495 5.2372960492365 0.128424704178941
0.423995 5.2434794705865 0.0612367690111909
0.424495 5.2496628919365 -0.0662710971011939
0.424995 5.2558463132865 -0.385243042256147
0.425495 5.2620297346365 -0.288455395675985
0.425995 5.2682131559865 -0.0533734267282426
0.426495 5.2743965773365 0.114397050940776
0.426995 5.2805799986865 -0.0888597534742873
0.427495 5.2867634200365 -0.226221884976489
0.427995 5.2929468413865 -0.229293678319872
0.428495 5.2991302627365 -0.372893796120106
0.428995 5.3053136840865 -0.5100505632827
0.429495 5.3114971054365 -0.350023999852775
0.429995 5.3176805267865 -0.245755859988994
0.430495 5.3238639481365 -0.100909179911375
0.430995 5.3300473694865 0.190908552542062
0.431495 5.3362307908365 -0.0319474734658014
0.431995 5.3424142121865 -0.202492447889111
0.432495 5.3485976335365 -0.0890186158704327
0.432995 5.3547810548865 -0.156722308222127
0.433495 5.3609644762365 -0.313572293532771
0.433995 5.3671478975865 -0.04646471525755
0.434495 5.3733313189365 0.584113136671345
0.434995 5.3795147402865 0.572569698443342
0.435495 5.3856981616365 0.539476272777407
0.435995 5.3918815829865 0.5898973232645
0.436495 5.3980650043365 -0.027479002351376
0.436995 5.4042484256865 -0.305708463760069
0.437495 5.4104318470365 -0.19986306244058
0.437995 5.4166152683865 -0.050446220188145
0.438495 5.4227986897365 0.0827609040793523
0.438995 5.4289821110865 -0.0473481508870165
0.439495 5.4351655324365 0.268527626064065
0.439995 5.4413489537865 0.430489823487221
0.440495 5.4475323751365 -0.132898262460891
0.440995 5.4537157964865 0.00266779648838831
0.441495 5.4598992178365 -0.0883938329903907
0.441995 5.4660826391865 -0.0381633844115075
0.442495 5.4722660605365 -0.0707464339714126
0.442995 5.4784494818865 0.228665754083981
0.443495 5.4846329032365 0.274797872526239
0.443995 5.4908163245865 0.00259177841712612
0.444495 5.4969997459365 -0.0480614418792624
0.444995 5.5031831672865 -0.263493185101801
0.445495 5.5093665886365 -0.203798354638839
0.445995 5.5155500099865 -0.293917634295538
0.446495 5.5217334313365 -0.212075523836229
0.446995 5.5279168526865 -0.0217113726683229
0.447495 5.5341002740365 0.0400854433267506
0.447995 5.5402836953865 0.0532069518070092
0.448495 5.5464671167365 -0.0495150906681862
0.448995 5.5526505380865 -0.244163661182374
0.449495 5.5588339594365 -0.340241950023459
0.449995 5.5650173807865 -0.276512141924821
0.450495 5.5712008021365 -0.476048711857112
0.450995 5.5773842234865 -0.319597971491928
0.451495 5.5835676448365 -0.0678645258653027
0.451995 5.5897510661865 -0.0788418032999861
0.452495 5.5959344875365 0.0633495003703498
0.452995 5.6021179088865 0.244712997653092
0.453495 5.6083013302365 0.38699518218975
0.453995 5.6144847515865 0.498442006177574
0.454495 5.6206681729365 0.359164109534309
0.454995 5.6268515942865 0.311446406682964
0.455495 5.6330350156365 0.197611832288375
0.455995 5.6392184369865 -0.0801436345135766
0.456495 5.6454018583365 -0.184033084865171
0.456995 5.6515852796865 -0.345891178646088
0.457495 5.6577687010365 -0.433355387946628
0.457995 5.6639521223865 -0.228995249714483
0.458495 5.6701355437365 -0.258414574937673
0.458995 5.6763189650865 -0.0854948278056558
0.459495 5.6825023864365 0.092586169794409
0.459995 5.6886858077865 0.222627885622881
0.460495 5.6948692291365 0.30949285232028
0.460995 5.7010526504865 0.370036547326425
0.461495 5.7072360718365 0.1549873670165
0.461995 5.7134194931865 -0.129768946570071
0.462495 5.7196029145365 0.138661156300943
0.462995 5.7257863358865 -0.153114938624004
0.463495 5.7319697572365 -0.180627779126929
0.463995 5.7381531785865 0.136972302225093
0.464495 5.7443365999365 0.0591867687066689
0.464995 5.7505200212865 0.188686448659074
0.465495 5.7567034426365 0.223231337352481
0.465995 5.7628868639865 -0.0621533925250859
0.466495 5.7690702853365 0.0421815485549333
0.466995 5.7752537066865 -0.0690376289956403
0.467495 5.7814371280365 0.0525375626260874
0.467995 5.7876205493865 0.0347752058858965
0.468495 5.7938039707365 -0.00160104339292058
0.468995 5.7999873920865 0.0284382397480683
0.469495 5.8061708134365 0.216144697359255
0.469995 5.8123542347865 -0.104329221727782
0.470495 5.8185376561365 -0.0458793887645208
0.470995 5.8247210774865 0.205447921604006
0.471495 5.8309044988365 -0.16180644022349
0.471995 5.8370879201865 -0.165299942313949
0.472495 5.8432713415365 -0.081466705562818
0.472995 5.8494547628865 -0.101626015920245
0.473495 5.8556381842365 0.0565333155782275
0.473995 5.8618216055865 0.12222042710432
0.474495 5.8680050269365 0.0075217213621156
0.474995 5.8741884482865 -0.155952599354075
0.475495 5.8803718696365 -0.251760802901569
0.475995 5.8865552909865 -0.593869605448338
0.476495 5.8927387123365 -0.441267405206232
0.476995 5.8989221336865 -0.159141677194624
0.477495 5.9051055550365 -0.104025849541581
0.477995 5.9112889763865 0.265608270636158
0.478495 5.9174723977365 0.528220835996083
0.478995 5.9236558190865 0.430844212732881
0.479495 5.9298392404365 0.509907795737005
0.479995 5.9360226617865 0.0242997065568932
0.480495 5.9422060831365 -0.072286265758481
0.480995 5.9483895044865 -0.202960709962182
0.481495 5.9545729258365 -0.166059660253667
0.481995 5.9607563471865 -0.340951642344973
0.482495 5.9669397685365 0.0716812235249072
0.482995 5.9731231898865 0.134376510099647
0.483495 5.9793066112365 0.132743322183714
0.483995 5.9854900325865 0.363174313304959
0.484495 5.9916734539365 0.127460336097597
0.484995 5.9978568752865 0.0384680839122954
0.485495 6.0040402966365 -0.12225234724045
0.485995 6.0102237179865 -0.0296775999022273
0.486495 6.0164071393365 -0.166655939199264
0.486995 6.0225905606865 -0.0584729838278742
0.487495 6.0287739820365 0.116256541835169
0.487995 6.0349574033865 -0.0114309658162902
0.488495 6.0411408247365 0.247660395424004
0.488995 6.0473242460865 0.0544665454678503
0.489495 6.0535076674365 0.0396113347348637
0.489995 6.0596910887865 0.096473171819903
0.490495 6.0658745101365 -0.131469388221283
0.490995 6.0720579314865 -0.388007371778893
0.491495 6.0782413528365 -0.302338165776379
0.491995 6.0844247741865 -0.185480092316378
0.492495 6.0906081955365 -0.0741983118783219
0.492995 6.0967916168865 0.23539861702234
0.493495 6.1029750382365 0.361993833994845
0.493995 6.1091584595865 0.214320293305769
0.494495 6.1153418809365 0.256496269216581
0.494995 6.1215253022865 0.0102655736592422
0.495495 6.1277087236365 -0.150635280232543
0.495995 6.1338921449865 0.0295739867259209
0.496495 6.1400755663365 -0.0840620926204215
0.496995 6.1462589876865 -0.246192716191819
0.497495 6.1524424090365 0.0515154178617026
0.497995 6.1586258303865 8.4558314845257e-05
0.498495 6.1648092517365 -0.0929869704955145
0.498995 6.1709926730865 -0.0474236635908686
0.499495 6.1771760944365 -0.052115908030357
0.499995 6.1833595157865 -0.047624175747398
