# Fix print output for fix Step
-1.96990175155449e-16 -5.6843418860808e-15 2.88898477806933
0.000494999999999674 0.0142837033947899 3.18421200980251
0.000994999999999616 0.0287116866218582 4.25400970908095
0.00149499999999976 0.0431396698489323 5.00502825342985
0.0019949999999997 0.0575676530760006 6.01492032680518
0.00249499999999964 0.071995636303069 7.69108640172635
0.00299499999999978 0.086423619530143 9.51957097784709
0.00349499999999972 0.100851602757211 8.60668100109767
0.00399499999999967 0.11527958598428 8.37598440954327
0.00449499999999981 0.129707569211354 8.86010233432917
0.00499499999999975 0.144135552438422 8.13419114772117
0.00549499999999969 0.15856353566549 7.17564443718699
0.00599499999999964 0.172991518892559 7.42162743767003
0.00649499999999978 0.187419502119633 8.19939914691693
0.00699499999999972 0.201847485346701 8.25104386022016
0.00749499999999966 0.21627546857377 9.43523468424934
0.0079949999999998 0.230703451800844 9.89527125058696
0.00849499999999974 0.245131435027912 10.2095232484978
0.00899499999999969 0.25955941825498 10.7935912184232
0.00949499999999963 0.273987401482049 10.8541171422252
0.00999499999999977 0.288415384709123 10.7178685144317
0.0104949999999997 0.302843367936191 11.4354517938428
0.0109949999999997 0.317271351163259 11.1218686952135
0.0114949999999998 0.331699334390333 11.0096432383634
0.0119949999999997 0.346127317617402 11.4856528544744
0.0124949999999997 0.36055530084447 11.8024629279183
0.0129949999999996 0.374983284071538 11.8442356052576
0.0134949999999998 0.389411267298613 12.5519449309785
0.0139949999999997 0.403839250525681 12.8076206770755
0.0144949999999997 0.418267233752749 13.111621439727
0.0149949999999998 0.432695216979823 13.3960386278975
0.0154949999999997 0.447123200206892 13.5619455611757
0.0159949999999997 0.46155118343396 13.881456478495
0.0164949999999996 0.475979166661028 14.1364237708732
0.0169949999999998 0.490407149888102 14.4186596971974
0.0174949999999997 0.504835133115171 14.4443965033743
0.0179949999999996 0.519263116342239 14.7543231408199
0.0184949999999998 0.533691099569313 15.1955845583411
0.0189949999999997 0.548119082796381 15.2831450957457
0.0194949999999997 0.56254706602345 15.7152815106901
0.0199949999999996 0.576975049250518 16.0595359841937
0.0204949999999998 0.591403032477592 15.8539575898967
0.0209949999999997 0.605831015704661 16.4260729885871
0.0214949999999996 0.620258998931729 16.7405596615267
0.0219949999999998 0.634686982158803 17.0076963569996
0.0224949999999997 0.649114965385871 17.0580001492565
0.0229949999999997 0.66354294861294 17.532713862767
0.0234949999999996 0.677970931840008 17.7218031036511
0.0239949999999997 0.692398915067082 18.1098635806919
0.0244949999999997 0.70682689829415 18.162153290198
0.0249949999999996 0.721254881521219 18.5098749049887
0.0254949999999998 0.735682864748293 18.6143444172035
0.0259949999999997 0.750110847975361 18.8574525606315
0.0264949999999997 0.764538831202429 18.9363369683318
0.0269949999999998 0.778966814429504 19.3848081781007
0.0274949999999997 0.793394797656572 19.6597872822249
0.0279949999999997 0.80782278088364 19.9981396129633
0.0284949999999996 0.822250764110709 20.2956353164952
0.0289949999999998 0.836678747337783 20.5153759782659
0.0294949999999997 0.851106730564851 20.5041204034306
0.0299949999999997 0.865534713791919 20.9233841045146
0.0304949999999998 0.879962697018993 21.2024506001229
0.0309949999999997 0.894390680246062 21.3446515585326
0.0314949999999997 0.90881866347313 21.756082027558
0.0319949999999996 0.923246646700198 21.6578433913979
0.0324949999999998 0.937674629927272 22.2066784542835
0.0329949999999997 0.952102613154341 22.085351708683
0.0334949999999996 0.966530596381409 22.588099246539
0.0339949999999998 0.980958579608483 22.6354220769799
0.0344949999999997 0.995386562835552 23.2104921238162
0.0349949999999997 1.00981454606262 23.112587021714
0.0354949999999996 1.02424252928969 23.4797796261416
0.0359949999999998 1.03867051251676 23.7438645710664
0.0364949999999997 1.05309849574383 24.0575406071128
0.0369949999999996 1.0675264789709 24.0238390499971
0.0374949999999998 1.08195446219797 24.1840366993893
0.0379949999999997 1.09638244542504 24.7955952696686
0.0384949999999997 1.11081042865211 24.9009295936026
0.0389949999999998 1.12523841187918 25.2030307776276
0.0394949999999997 1.13966639510625 25.121111735027
0.0399949999999997 1.15409437833332 25.2763379734583
0.0404949999999996 1.16852236156039 25.5511465351632
0.0409949999999998 1.18295034478746 25.7269847585969
0.0414949999999997 1.19737832801453 25.9318752728162
0.0419949999999997 1.2118063112416 25.8966447172901
0.0424949999999996 1.22623429446867 26.2436724756002
0.0429949999999997 1.24066227769574 26.7343630139027
0.0434949999999997 1.25509026092281 26.6464453017709
0.0439949999999996 1.26951824414988 27.3485315024287
0.0444949999999998 1.28394622737695 27.3194000114436
0.0449949999999997 1.29837421060402 27.5355482387721
0.0454949999999997 1.31280219383109 27.7298544784632
0.0459949999999998 1.32723017705816 27.5600214412313
0.0464949999999997 1.34165816028523 27.8706913447305
0.0469949999999997 1.3560861435123 28.177610253044
0.0474949999999996 1.37051412673937 28.680312048007
0.0479949999999998 1.38494210996644 28.8084396396968
0.0484949999999997 1.39937009319351 29.1189707236142
0.0489949999999996 1.41379807642058 29.048457409073
0.0494949999999998 1.42822605964765 29.423129419161
0.0499949999999997 1.44265404287472 29.621690248132
0.0504949999999997 1.45708202610179 29.8421800074347
0.0509949999999996 1.47151000932886 30.022544203819
0.0514949999999998 1.48593799255593 30.259465841131
0.0519949999999997 1.500365975783 30.1507839365467
0.0524949999999996 1.51479395901007 30.3978530346856
0.0529949999999998 1.52922194223714 30.6364629504738
0.0534949999999997 1.54364992546421 30.8267268800356
0.0539949999999997 1.55807790869128 31.0757519155266
0.0544949999999996 1.57250589191835 31.5436475783862
0.0549949999999998 1.58693387514542 31.292176052417
0.0554949999999997 1.60136185837249 31.8607400621849
0.0559949999999996 1.61578984159956 32.0989102008181
0.0564949999999998 1.63021782482663 32.1462408593001
0.0569949999999997 1.6446458080537 32.4330504961397
0.0574949999999997 1.65907379128077 32.5856883639333
0.0579949999999996 1.67350177450784 32.6974907387434
0.0584949999999997 1.68792975773491 32.8012676444066
0.0589949999999997 1.70235774096198 32.953778737994
0.0594949999999996 1.71678572418905 33.0247200772814
0.0599949999999998 1.73121370741612 33.1956763443453
0.0604949999999997 1.74564169064319 33.3109216195102
0.0609949999999997 1.76006967387026 33.9017708920488
0.0614949999999998 1.77449765709733 34.206844065999
0.0619949999999997 1.7889256403244 34.1135555228984
0.0624949999999997 1.80335362355147 34.3585894181626
0.0629949999999996 1.81778160677854 34.5501802865994
0.0634949999999998 1.83220959000561 34.7556079098786
0.0639949999999997 1.84663757323268 34.9160502832136
0.0644949999999996 1.86106555645975 34.7890094606712
0.0649949999999998 1.87549353968682 35.0798636238686
0.0654949999999997 1.88992152291389 35.2449133635074
0.0659949999999997 1.90434950614096 35.3144239791586
0.0664949999999996 1.91877748936803 35.9481660238181
0.0669949999999998 1.9332054725951 35.8230416978428
0.0674949999999997 1.94763345582217 36.0194022605656
0.0679949999999996 1.96206143904924 36.2714165720615
0.0684949999999998 1.97648942227631 36.2801809528136
0.0689949999999997 1.99091740550338 36.5979508021146
0.0694949999999997 2.00534538873045 36.8140298555877
0.0699949999999998 2.01977337195752 36.7246782821419
0.0704949999999998 2.03420135518459 36.9152633980353
0.0709949999999997 2.04862933841166 37.37471620303
0.0714949999999996 2.06305732163873 37.1594807482102
0.0719949999999998 2.0774853048658 37.5319258087931
0.0724949999999997 2.09191328809287 37.7567455082249
0.0729949999999997 2.10634127131994 37.8795459775671
0.0734949999999996 2.12076925454701 38.0164565591752
0.0739949999999997 2.13519723777408 38.4170708367592
0.0744949999999997 2.14962522100115 38.3126611830022
0.0749949999999996 2.16405320422822 38.5970213500755
0.0754949999999998 2.17848118745529 38.5387253812896
0.0759949999999997 2.19290917068236 38.7555264713419
0.0764949999999997 2.20733715390943 39.0115187756193
0.0769949999999996 2.2217651371365 38.941069786045
0.0774949999999997 2.23619312036357 39.2292072120228
0.0779949999999997 2.25062110359064 39.3029326496563
0.0784949999999996 2.26504908681771 39.497620476246
0.0789949999999998 2.27947707004478 39.7947227361855
0.0794949999999997 2.29390505327185 39.8635115996301
0.0799949999999996 2.30833303649892 40.1877505247963
0.0804949999999996 2.32276101972599 40.3768898079302
0.0809949999999997 2.33718900295306 40.4292934209754
0.0814949999999997 2.35161698618013 40.6955930245028
0.0819949999999996 2.3660449694072 40.5980430370222
0.0824949999999998 2.38047295263427 40.8403050194352
0.0829949999999997 2.39490093586134 40.7869121190612
0.0834949999999997 2.40932891908841 40.8733751101959
0.0839949999999998 2.42375690231548 41.173119012083
0.0844949999999997 2.43818488554255 41.321487485233
0.0849949999999997 2.45261286876962 41.5095506310027
0.0854949999999996 2.46704085199669 41.9169138297425
0.0859949999999998 2.48146883522376 41.9553479525342
0.0864949999999997 2.49589681845083 42.0697344889602
0.0869949999999996 2.5103248016779 42.2626496568442
0.0874949999999998 2.52475278490497 42.3258096744921
0.0879949999999997 2.53918076813204 42.5165020737026
0.0884949999999997 2.55360875135911 42.6049900585134
0.0889949999999996 2.56803673458618 42.6533297540044
0.0894949999999998 2.58246471781325 43.0821583355038
0.0899949999999997 2.59689270104032 42.9745622435612
0.0904949999999996 2.61132068426739 43.1939861469995
0.0909949999999998 2.62574866749446 43.4308153521487
0.0914949999999997 2.64017665072153 43.4270035423226
0.0919949999999997 2.6546046339486 43.6259683740677
0.0924949999999998 2.66903261717567 43.8087938178947
0.0929949999999997 2.68346060040274 43.9580845255131
0.0934949999999997 2.69788858362981 44.0848651676618
0.0939949999999996 2.71231656685688 44.2179891000609
0.0944949999999998 2.72674455008395 44.3018532322708
0.0949949999999997 2.74117253331102 44.6243246851446
0.0954949999999996 2.75560051653809 44.6221561716414
0.0959949999999996 2.77002849976516 44.8070373012381
0.0964949999999997 2.78445648299223 44.7123687243785
0.0969949999999997 2.7988844662193 45.0331676315654
0.0974949999999996 2.81331244944637 44.9613933180246
0.0979949999999998 2.82774043267344 45.26118882929
0.0984949999999997 2.84216841590051 45.4790536388711
0.0989949999999997 2.85659639912758 45.5246077116173
0.0994949999999998 2.87102438235465 45.8109421756751
0.0999949999999997 2.88545236558172 45.8438746850549
0.100495 2.89988034880879 45.8176636360198
0.100995 2.91430833203586 46.1192927652831
0.101495 2.92873631526293 45.9025568701177
0.101995 2.94316429849 46.3241211201852
0.102495 2.95759228171707 46.4783074131173
0.102995 2.97202026494414 46.4151873621302
0.103495 2.98644824817121 46.6531492269741
0.103995 3.00087623139828 46.8851833167717
0.104495 3.01530421462535 46.9424058269025
0.104995 3.02973219785242 46.9996521245598
0.105495 3.04416018107949 47.2793280883667
0.105995 3.05858816430656 47.2222700710727
0.106495 3.07301614753363 47.3705634660509
0.106995 3.0874441307607 47.8543848341
0.107495 3.10187211398777 47.580751187928
0.107995 3.11630009721484 47.7672054173044
0.108495 3.13072808044191 47.9695288051666
0.108995 3.14515606366898 47.9761051361941
0.109495 3.15958404689605 47.9190690755184
0.109995 3.17401203012312 48.5564939706327
0.110495 3.18844001335019 48.4638449091532
0.110995 3.20286799657726 48.310542966578
0.111495 3.21729597980433 48.4501073308641
0.111995 3.2317239630314 48.7705265005247
0.112495 3.24615194625847 48.9168515443824
0.112995 3.26057992948554 49.1163385624557
0.113495 3.27500791271261 49.1780770263961
0.113995 3.28943589593968 48.9801538033959
0.114495 3.30386387916675 49.3308332490663
0.114995 3.31829186239382 49.3923610842833
0.115495 3.33271984562089 49.6493896709477
0.115995 3.34714782884796 49.6694787378267
0.116495 3.36157581207503 49.6214713477653
0.116995 3.3760037953021 49.894088334033
0.117495 3.39043177852917 50.0895897830071
0.117995 3.40485976175624 50.5973576838133
0.118495 3.41928774498331 50.4337867714254
0.118995 3.43371572821038 50.4012857787059
0.119495 3.44814371143745 50.10043819245
0.119995 3.46257169466452 50.6121281567078
0.120495 3.47699967789159 50.6560978250989
0.120995 3.49142766111866 50.69429653688
0.121495 3.50585564434573 51.0637860082429
0.121995 3.5202836275728 50.9875055489108
0.122495 3.53471161079987 51.217277483996
0.122995 3.54913959402694 51.3785778640624
0.123495 3.56356757725401 51.3303276455746
0.123995 3.57799556048108 51.541534106284
0.124495 3.59242354370815 51.3385363710071
0.124995 3.60685152693522 51.3273392180624
0.125495 3.62127951016229 51.7119663383029
0.125995 3.63570749338936 51.732662825503
0.126495 3.65013547661643 52.0346218915746
0.126995 3.6645634598435 51.8578077535358
0.127495 3.67899144307057 52.0915815649241
0.127995 3.69341942629764 52.0944279545713
0.128495 3.70784740952471 51.9832452268385
0.128995 3.72227539275178 52.4252407436787
0.129495 3.73670337597885 52.3956738333174
0.129995 3.75113135920592 52.5558855957194
0.130495 3.76555934243299 52.5415610312947
0.130995 3.77998732566006 52.6630560520153
0.131495 3.79441530888713 52.5330225921032
0.131995 3.8088432921142 53.124250243178
0.132495 3.82327127534127 53.0425906092501
0.132995 3.83769925856834 53.1636185282234
0.133495 3.85212724179541 53.388582892991
0.133995 3.86655522502248 53.413408915099
0.134495 3.88098320824955 53.6042571069126
0.134995 3.89541119147662 53.6511139587482
0.135495 3.90983917470369 53.6643880872081
0.135995 3.92426715793076 53.9149822418174
0.136495 3.93869514115783 53.6996676207767
0.136995 3.9531231243849 54.0863491790711
0.137495 3.96755110761197 54.1712451105735
0.137995 3.98197909083904 54.3744519830349
0.138495 3.99640707406611 54.3807854375297
0.138995 4.01083505729318 54.5429269334095
0.139495 4.02526304052025 54.3896195179784
0.139995 4.03969102374732 54.8681916952802
0.140495 4.05411900697439 54.8152373238507
0.140995 4.06854699020146 54.9450993373113
0.141495 4.08297497342853 54.8633883952061
0.141995 4.0974029566556 55.1203917915122
0.142495 4.11183093988267 55.1099773119088
0.142995 4.12625892310974 54.8613841015482
0.143495 4.14068690633681 55.0496259242451
0.143995 4.15511488956388 55.5227926439818
0.144495 4.16954287279095 55.4636740344403
0.144995 4.18397085601802 55.5027623516305
0.145495 4.19839883924509 55.6829229821661
0.145995 4.21282682247216 55.5396493695113
0.146495 4.22725480569923 55.9245337991918
0.146995 4.2416827889263 55.7495126647038
0.147495 4.25611077215337 56.0184263425432
0.147995 4.27053875538044 56.117804284299
0.148495 4.28496673860751 56.2246482736604
0.148995 4.29939472183458 56.3028796489133
0.149495 4.31382270506165 56.2433464367986
0.149995 4.32825068828872 56.2698039193952
0.150495 4.34267867151579 56.381208563891
0.150995 4.35710665474286 56.3603662259878
0.151495 4.37153463796993 56.6405263521072
0.151995 4.385962621197 56.8053587732213
0.152495 4.40039060442407 56.7489861604046
0.152995 4.41481858765114 56.7595450622951
0.153495 4.42924657087821 56.781768967195
0.153995 4.44367455410528 56.5855086056902
0.154495 4.45810253733235 57.0551308011917
0.154995 4.47253052055942 57.0904458916808
0.155495 4.48695850378649 57.3424141069498
0.155995 4.50138648701356 57.3059055074147
0.156495 4.51581447024063 57.3395340470294
0.156995 4.5302424534677 57.3958156453554
0.157495 4.54467043669477 57.4544215794578
0.157995 4.55909841992184 57.653406395148
0.158495 4.57352640314891 57.7932259991625
0.158995 4.58795438637598 58.0013597396349
0.159495 4.60238236960305 58.0588508665833
0.159995 4.61681035283012 58.0041093966083
0.160495 4.63123833605719 57.9460802390528
0.160995 4.64566631928426 58.1926226726032
0.161495 4.66009430251133 58.2565104209286
0.161995 4.6745222857384 58.239475579144
0.162495 4.68895026896547 58.3977535956338
0.162995 4.70337825219254 58.4957440497672
0.163495 4.71780623541961 58.4947840914176
0.163995 4.73223421864668 58.6449639777837
0.164495 4.74666220187375 58.8113246491522
0.164995 4.76109018510082 58.7950492738391
0.165495 4.77551816832789 59.1597820784554
0.165995 4.78994615155496 59.2511479574636
0.166495 4.80437413478203 59.0214535232111
0.166995 4.8188021180091 58.9384329074947
0.167495 4.83323010123617 59.0485693242036
0.167995 4.84765808446324 59.5109347013075
0.168495 4.86208606769031 59.361180346425
0.168995 4.87651405091738 59.5737511735085
0.169495 4.89094203414445 59.8213546539938
0.169995 4.90537001737152 59.5062030704138
0.170495 4.91979800059859 59.5836779070254
0.170995 4.93422598382566 59.690789395126
0.171495 4.94865396705273 59.7134421356824
0.171995 4.9630819502798 59.8703426271119
0.172495 4.97750993350687 60.1459481161524
0.172995 4.99193791673394 60.1717369650628
0.173495 5.00636589996101 60.1449050801953
0.173995 5.02079388318808 60.2039659854089
0.174495 5.03522186641515 60.4750354914339
0.174995 5.04964984964222 60.6012547582362
0.175495 5.06407783286929 60.5529192495553
0.175995 5.07850581609636 60.6104262070574
0.176495 5.09293379932343 60.4474652953063
0.176995 5.1073617825505 60.6654860658769
0.177495 5.12178976577757 60.7040095988653
0.177995 5.13621774900464 61.0198380799715
0.178495 5.15064573223171 61.0038723518243
0.178995 5.16507371545878 60.9912342482694
0.179495 5.17950169868585 61.1738511142009
0.179995 5.19392968191292 61.2364194039306
0.180495 5.20835766513999 61.40411847398
0.180995 5.22278564836706 61.5198767550325
0.181495 5.23721363159413 61.3667911558228
0.181995 5.2516416148212 61.7515779428746
0.182495 5.26606959804827 61.8606899316012
0.182995 5.28049758127534 61.5618021708205
0.183495 5.29492556450241 61.734100115262
0.183995 5.30935354772948 61.8691832055549
0.184495 5.32378153095655 61.8605711486783
0.184995 5.33820951418362 61.6948386242316
0.185495 5.35263749741069 62.0758410741877
0.185995 5.36706548063776 62.379425666468
0.186495 5.38149346386483 62.2163831586584
0.186995 5.3959214470919 62.6624525827927
0.187495 5.41034943031897 62.382212886372
0.187995 5.42477741354604 62.4973920582115
0.188495 5.43920539677311 62.2605389180038
0.188995 5.45363338000018 62.5793855695716
0.189495 5.46806136322725 62.61909362257
0.189995 5.48248934645432 62.8221398257818
0.190495 5.49691732968139 62.8370946180649
0.190995 5.51134531290846 62.9265785339605
0.191495 5.52577329613553 63.2638809416384
0.191995 5.5402012793626 62.9733125159998
0.192495 5.55462926258967 63.1688196747472
0.192995 5.56905724581674 63.3355447294738
0.193495 5.58348522904381 63.381624544748
0.193995 5.59791321227088 63.5002089262862
0.194495 5.61234119549795 63.3549050129282
0.194995 5.62676917872502 63.6602999629124
0.195495 5.64119716195209 63.6648348558779
0.195995 5.65562514517916 63.8883055697786
0.196495 5.67005312840623 63.8802531377267
0.196995 5.6844811116333 63.885559415749
0.197495 5.69890909486037 63.9399481953804
0.197995 5.71333707808744 63.8670672521648
0.198495 5.72776506131451 63.7872564244249
0.198995 5.74219304454158 64.1316517229727
0.199495 5.75662102776865 64.5213011077315
0.199995 5.77104901099572 64.27569459604
0.200495 5.78547699422279 64.1035534396292
0.200995 5.79990497744986 64.4326678389661
0.201495 5.81433296067693 64.5160330792514
0.201995 5.828760943904 64.4475850125774
0.202495 5.84318892713107 64.5393970245805
0.202995 5.85761691035814 64.8466576536971
0.203495 5.87204489358521 64.784665006416
0.203995 5.88647287681228 64.7735991751895
0.204495 5.90090086003935 65.0524440366139
0.204995 5.91532884326642 64.9121647127677
0.205495 5.92975682649349 65.1985692114105
0.205995 5.94418480972056 65.4375592910654
0.206495 5.95861279294763 64.9703510120461
0.206995 5.9730407761747 65.1865508176013
0.207495 5.98746875940177 65.4882683785971
0.207995 6.00189674262884 65.5544192798046
0.208495 6.01632472585591 65.4112751601
0.208995 6.03075270908298 65.7145225334357
0.209495 6.04518069231005 65.9335673630385
0.209995 6.05960867553712 65.8824293201963
0.210495 6.07403665876419 66.1187828898702
0.210995 6.08846464199126 65.8882561767047
0.211495 6.10289262521833 66.272493796878
0.211995 6.1173206084454 66.1569523031389
0.212495 6.13174859167247 66.3347198861396
0.212995 6.14617657489954 66.4729203582582
0.213495 6.16060455812661 66.2321320891532
0.213995 6.17503254135368 66.3900812061752
0.214495 6.18946052458075 66.8042901828521
0.214995 6.20388850780782 66.6475833985146
0.215495 6.21831649103489 66.6351093077396
0.215995 6.23274447426196 66.9167556055626
0.216495 6.24717245748903 66.9499179809879
0.216995 6.2616004407161 66.9939017204277
0.217495 6.27602842394317 67.0902502647068
0.217995 6.29045640717024 67.0179216804891
0.218495 6.30488439039731 66.8836738466837
0.218995 6.31931237362438 66.955171232975
0.219495 6.33374035685145 67.0679617936448
0.219995 6.34816834007852 67.5740570709732
0.220495 6.36259632330559 67.6378671095506
0.220995 6.37702430653266 67.6759085076099
0.221495 6.39145228975973 67.3889267051624
0.221995 6.4058802729868 67.6145018831385
0.222495 6.42030825621387 67.5475818116418
0.222995 6.43473623944094 67.7751718132835
0.223495 6.44916422266801 68.1235688944847
0.223995 6.46359220589508 67.710612330882
0.224495 6.47802018912215 68.1922113973521
0.224995 6.49244817234922 67.9344662604764
0.225495 6.50687615557629 68.4327498548508
0.225995 6.52130413880336 68.2803551856611
0.226495 6.53573212203043 68.2741442697023
0.226995 6.5501601052575 68.7863937919389
0.227495 6.56458808848457 68.5672850363619
0.227995 6.57901607171164 68.6819401602205
0.228495 6.59344405493871 68.5342724518035
0.228995 6.60787203816578 68.395096302752
0.229495 6.62230002139285 68.8693894023301
0.229995 6.63672800461992 69.0540739918721
0.230495 6.65115598784699 69.3212671039432
0.230995 6.66558397107406 69.1143718452029
0.231495 6.68001195430113 69.3567719154582
0.231995 6.6944399375282 69.4578740819614
0.232495 6.70886792075527 69.2499889799317
0.232995 6.72329590398234 69.6291015792767
0.233495 6.73772388720941 69.7579357394104
0.233995 6.75215187043648 69.817247847507
0.234495 6.76657985366355 69.9768444891122
0.234995 6.78100783689062 70.0295701624945
0.235495 6.79543582011769 70.0393727862612
0.235995 6.80986380334476 70.1852509232425
0.236495 6.82429178657183 70.0440918059999
0.236995 6.8387197697989 70.2308517160758
0.237495 6.85314775302597 70.2281126140915
0.237995 6.86757573625304 70.3076751076634
0.238495 6.88200371948011 70.7275721407363
0.238995 6.89643170270718 70.6989532720214
0.239495 6.91085968593425 70.3665721565795
0.239995 6.92528766916132 71.0340002193379
0.240495 6.93971565238839 70.7380401270509
0.240995 6.95414363561546 70.7845745654687
0.241495 6.96857161884253 71.1822500321614
0.241995 6.9829996020696 71.117708482371
0.242495 6.99742758529667 71.5499387661285
0.242995 7.01185556852374 71.0823409201008
0.243495 7.02628355175081 71.4598746412538
0.243995 7.04071153497788 71.7284173914495
0.244495 7.05513951820495 71.8476160335899
0.244995 7.06956750143202 71.7541743979829
0.245495 7.08399548465909 71.7875294608014
0.245995 7.09842346788616 71.8965864025833
0.246495 7.11285145111323 71.9407881847331
0.246995 7.1272794343403 72.2286162491
0.247495 7.14170741756737 72.1584011141667
0.247995 7.15613540079444 72.3727837420264
0.248495 7.17056338402151 72.1743153722609
0.248995 7.18499136724858 72.2050413637189
0.249495 7.19941935047565 72.8007435870974
0.249995 7.21384733370272 72.8073357902771
0.250495 7.22827531692979 72.9471165071418
0.250995 7.24270330015686 72.6567924391099
0.251495 7.25713128338393 73.0723297338232
0.251995 7.271559266611 73.1610739852211
0.252495 7.28598724983807 73.2204979758228
0.252995 7.30041523306514 74.0627557021832
0.253495 7.31484321629221 73.6066445609054
0.253995 7.32927119951928 73.3781698483537
0.254495 7.34369918274635 73.6710264049031
0.254995 7.35812716597342 73.9017095816437
0.255495 7.37255514920049 73.9655793198949
0.255995 7.38698313242756 73.9745065015819
0.256495 7.40141111565463 74.2924594851754
0.256995 7.4158390988817 74.1457322763628
0.257495 7.43026708210877 74.1620297149177
0.257995 7.44469506533584 74.1891600978569
0.258495 7.45912304856291 74.906100431701
0.258995 7.47355103178998 74.7992353974276
0.259495 7.48797901501705 74.8984517737021
0.259995 7.50240699824412 74.6909704587549
0.260495 7.51683498147119 75.0865072419489
0.260995 7.53126296469826 75.0621167964866
0.261495 7.54569094792533 75.1391695099832
0.261995 7.5601189311524 75.8018912514683
0.262495 7.57454691437947 75.4951722218498
0.262995 7.58897489760654 76.2412888936149
0.263495 7.60340288083361 75.6757782797639
0.263995 7.61783086406068 75.8574307064278
0.264495 7.63225884728775 76.216711547833
0.264995 7.64668683051482 76.2683047137474
0.265495 7.66111481374189 76.3941966991473
0.265995 7.67554279696896 77.1541472228538
0.266495 7.68997078019603 76.8824586656477
0.266995 7.7043987634231 77.0740397221568
0.267495 7.71882674665017 77.0592942643463
0.267995 7.73325472987724 76.8369404770116
0.268495 7.74768271310431 77.2019905621645
0.268995 7.76211069633138 77.4899785266671
0.269495 7.77653867955845 77.6371538168784
0.269995 7.79096666278552 77.8436380414977
0.270495 7.80539464601259 77.9400501837525
0.270995 7.81982262923966 78.1336765250072
0.271495 7.83425061246673 78.1795525987945
0.271995 7.8486785956938 78.5019520417284
0.272495 7.86310657892087 78.3833907405945
0.272995 7.87753456214794 79.0424746666119
0.273495 7.89196254537501 78.235257485999
0.273995 7.90639052860208 78.8477185713042
0.274495 7.92081851182915 79.3851009886632
0.274995 7.93524649505622 79.5214419854584
0.275495 7.94967447828329 79.6917284385545
0.275994999999999 7.96410246151036 79.385218959348
0.276495 7.97853044473743 79.4460967205359
0.276995 7.9929584279645 80.0276418864871
0.277495 8.00738641119157 79.5927174749296
0.277995 8.02181439441864 80.3089025278054
0.278495 8.03624237764571 80.8970303809884
0.278995 8.05067036087278 80.2682813486587
0.279495 8.06509834409985 81.0221042396826
0.279995 8.07952632732692 81.4813542539827
0.280495 8.09395431055399 81.3884333826234
0.280995 8.10838229378106 81.9113307564297
0.281495 8.12281027700813 81.9645076115257
0.281995 8.1372382602352 81.671708264448
0.282495 8.15166624346227 82.3362883370857
0.282995 8.16609422668934 82.2334832028506
0.283495 8.18052220991641 82.3703055309099
0.283995 8.19495019314348 82.9679186913736
0.284495 8.20937817637055 83.3113265897693
0.284995 8.22380615959762 82.6632546428614
0.285495 8.23823414282469 83.5341502562287
0.285995 8.25266212605176 83.3561924350513
0.286495 8.26709010927883 83.6856192571223
0.286995 8.2815180925059 84.1814389048114
0.287495 8.29594607573297 83.8191182533473
0.287995 8.31037405896004 84.1163552432397
0.288495 8.32480204218711 84.1301794020092
0.288995 8.33923002541418 84.3908854990706
0.289495 8.35365800864125 84.5172587950457
0.289995 8.36808599186832 84.9022568840346
0.290495 8.38251397509539 85.6302805878033
0.290995 8.39694195832246 85.1987624164675
0.291495 8.41136994154953 85.8315423401305
0.291995 8.4257979247766 86.0211832442037
0.292495 8.44022590800367 86.3690797399974
0.292995 8.45465389123074 86.2708909238192
0.293495 8.46908187445781 86.4298098776418
0.293995 8.48350985768488 87.389656305751
0.294495 8.49793784091195 87.7319753738806
0.294995 8.51236582413902 87.3234926677715
0.295495 8.52679380736609 88.3072848040065
0.295995 8.54122179059316 88.0791228170491
0.296495 8.55564977382023 88.2684801543652
0.296995 8.5700777570473 88.9558658897699
0.297495 8.58450574027437 89.047175376842
0.297995 8.59893372350144 89.4399607184702
0.298495 8.61336170672851 89.1527050047398
0.298995 8.62778968995558 90.4529391907399
0.299495 8.64221767318265 89.5830433889194
0.299995 8.65664565640972 90.0744271599766
0.300495 8.67107363963679 90.3100143509262
0.300995 8.68550162286386 91.1199464825194
0.301495 8.69992960609093 91.277442366941
0.301995 8.714357589318 91.5003771999578
0.302495 8.72878557254507 91.7103728389398
0.302995 8.74321355577214 91.7551504135787
0.303495 8.75764153899921 92.1894493383471
0.303995 8.77206952222628 92.7822714097446
0.304495 8.78649750545335 92.9210209879808
0.304995 8.80092548868042 93.3450731640353
0.305495 8.81535347190749 93.2943537597348
0.305995 8.82978145513456 93.3324244420721
0.306495 8.84420943836163 93.6822244111349
0.306995 8.8586374215887 94.1282606028526
0.307495 8.87306540481577 95.0756304549907
0.307995 8.88749338804284 94.6045619167098
0.308495 8.90192137126991 94.9497860216645
0.308995 8.91634935449698 95.0776789075919
0.309495 8.93077733772406 95.9671464811994
0.309995 8.94520532095112 95.8241880308782
0.310495 8.95963330417819 96.5111209969291
0.310995 8.97406128740526 96.7151883925073
0.311495 8.98848927063233 96.9549922179177
0.311995 9.0029172538594 96.5828311761488
0.312495 9.01734523708647 97.5367169677858
0.312995 9.03177322031354 97.8453170092254
0.313495 9.04620120354061 98.1715336806074
0.313995 9.06062918676768 98.003756381256
0.314495 9.07505716999475 98.851131173274
0.314995 9.08948515322182 99.230818337979
0.315495 9.10391313644889 99.1081875800169
0.315995 9.11834111967596 100.057739042088
0.316495 9.13276910290303 100.166490844636
0.316995 9.1471970861301 100.562214092923
0.317495 9.16162506935717 100.667445019582
0.317995 9.17605305258425 101.330765960617
0.318495 9.19048103581131 101.526297061704
0.318995 9.20490901903838 102.429881489731
0.319495 9.21933700226545 101.697410262466
0.319995 9.23376498549252 102.535571608585
0.320495 9.24819296871959 102.835936790791
0.320994999999999 9.26262095194665 103.346012504984
0.321495 9.27704893517373 103.661181240882
0.321995 9.2914769184008 103.683853177174
0.322495 9.30590490162787 103.967140923798
0.322995 9.32033288485494 104.70427694488
0.323495 9.33476086808201 105.188975414087
0.323995 9.34918885130908 104.948105777499
0.324495 9.36361683453615 105.303585715188
0.324995 9.37804481776322 106.201801650313
0.325495 9.39247280099029 106.03070598193
0.325995 9.40690078421736 106.138936337262
0.326495 9.42132876744443 106.773930319989
0.326995 9.4357567506715 107.383175223166
0.327495 9.45018473389857 107.145152467353
0.327995 9.46461271712564 107.927142521797
0.328495 9.47904070035271 107.903502625486
0.328995 9.49346868357978 108.621202871008
0.329495 9.50789666680685 109.276199157308
0.329995 9.52232465003392 109.081890934928
0.330495 9.53675263326099 109.980020336368
0.330995 9.55118061648806 109.425006805397
0.331495 9.56560859971513 110.336569181323
0.331995 9.5800365829422 111.127683117939
0.332495 9.59446456616927 110.345681734722
0.332995 9.60889254939634 111.874187343183
0.333495 9.62332053262341 111.754056172643
0.333995 9.63774851585048 112.387597977966
0.334495 9.65217649907755 113.164785616026
0.334995 9.66660448230462 112.255006416577
0.335495 9.68103246553169 114.084189895171
0.335995 9.69546044875876 113.729505584994
0.336495 9.70988843198583 114.204614164739
0.336995 9.7243164152129 114.230927785339
0.337495 9.73874439843997 115.256862256673
0.337995 9.75317238166704 115.105874073913
0.338495 9.76760036489411 116.610800106035
0.338995 9.78202834812118 116.464804666984
0.339495 9.79645633134825 117.290850948294
0.339995 9.81088431457532 116.342823174257
0.340495 9.82531229780239 117.411365359111
0.340995 9.83974028102946 117.806680947827
0.341495 9.85416826425653 117.87620495209
0.341995 9.8685962474836 119.204544208447
0.342495 9.88302423071067 119.135844062791
0.342995 9.89745221393774 119.564248121046
0.343495 9.91188019716481 119.550804357225
0.343995 9.92630818039188 120.692842321852
0.344495 9.94073616361895 120.428823896947
0.344994999999999 9.95516414684602 121.28932324069
0.345495 9.96959213007309 121.509937152207
0.345995 9.98402011330016 121.883732461605
0.346495 9.99844809652723 123.238790365901
0.346995 10.0128760797543 122.756511094035
0.347495 10.0273040629814 123.755664965385
0.347995 10.0417320462084 123.371355346844
0.348495 10.0561600294355 124.850827117014
0.348995 10.0705880126626 124.714343576463
0.349495 10.0850159958896 124.591987331793
0.349995 10.0994439791167 125.720549635102
0.350495 10.1138719623438 126.217131177255
0.350995 10.1282999455709 125.937939720905
0.351495 10.1427279287979 127.080269247207
0.351995 10.157155912025 126.976761328613
0.352495 10.1715838952521 127.76900330038
0.352995 10.1860118784791 128.165096438133
0.353495 10.2004398617062 129.557926230003
0.353995 10.2148678449333 128.454611356907
0.354495 10.2292958281604 129.460345755477
0.354995 10.2437238113874 129.925150632014
0.355495 10.2581517946145 130.71433004799
0.355995 10.2725797778416 131.322582206094
0.356495 10.2870077610686 131.318055415411
0.356995 10.3014357442957 131.83250786058
0.357495 10.3158637275228 132.393352728706
0.357995 10.3302917107498 133.000128488246
0.358495 10.3447196939769 134.065076323513
0.358995 10.359147677204 134.187303033417
0.359495 10.373575660431 134.430646651912
0.359995 10.3880036436581 134.728291744426
0.360495 10.4024316268852 135.080945419251
0.360995 10.4168596101123 136.294061651222
0.361495 10.4312875933393 137.093716077884
0.361995 10.4457155765664 137.318769177668
0.362495 10.4601435597935 137.59092222844
0.362995 10.4745715430205 137.764713044667
0.363495 10.4889995262476 138.18519818062
0.363995 10.5034275094747 139.401967784491
0.364495 10.5178554927018 139.245431305358
0.364995 10.5322834759288 140.68601520256
0.365495 10.5467114591559 140.979810099345
0.365995 10.561139442383 141.44535796075
0.366495 10.57556742561 142.535787176679
0.366995 10.5899954088371 142.750839508802
0.367495 10.6044233920642 142.697490455209
0.367995 10.6188513752912 143.53991675041
0.368495 10.6332793585183 143.878890318555
0.368995 10.6477073417454 145.267797834825
0.369495 10.6621353249724 144.849387850263
0.369995 10.6765633081995 145.319620509156
0.370495 10.6909912914266 146.124104390318
0.370995 10.7054192746537 147.277164504091
0.371495 10.7198472578807 147.200758164575
0.371995 10.7342752411078 148.536700527728
0.372495 10.7487032243349 148.737982782903
0.372995 10.7631312075619 147.626267552196
0.373495 10.777559190789 137.889025017353
0.373995 10.7919871740161 118.7211877209
0.374495 10.8064151572432 102.906570033438
0.374995 10.8208431404702 89.7088944836228
0.375495 10.8352711236973 78.7353733478947
0.375995 10.8496991069244 69.6986266792777
0.376495 10.8641270901514 61.4114449512631
0.376995 10.8785550733785 54.4305884564588
0.377495 10.8929830566056 48.4645249661645
0.377995 10.9074110398326 44.4374490223806
0.378495 10.9218390230597 42.0191258286213
0.378995 10.9362670062868 39.8879827073365
0.379495 10.9506949895139 37.7439862648086
0.379995 10.9651229727409 35.2292043038081
0.380495 10.979550955968 32.4863134156681
0.380995 10.9939789391951 29.445937287972
0.381494999999999 11.0084069224221 27.0270079621148
0.381995 11.0228349056492 25.1772627679775
0.382495 11.0372628888763 23.9088284903763
0.382995 11.0516908721033 22.8360873956641
0.383495 11.0661188553304 21.4623118584051
0.383995 11.0805468385575 19.7353668349206
0.384495 11.0949748217845 17.6702808028108
0.384995 11.1094028050116 14.8847088702354
0.385495 11.1238307882387 11.4265773375874
0.385995 11.1382587714658 7.88296714614321
0.386495 11.1526867546928 4.55697951758763
0.386995 11.1671147379199 1.05762280442815
0.387495 11.181542721147 -2.43849088938244
0.387995 11.195970704374 -5.62336307005437
0.388495 11.2103986876011 -8.15753088791048
0.388995 11.2248266708282 -9.87932840159644
0.389495 11.2392546540553 -11.861183709145
0.389994999999999 11.2536826372823 -14.0883534220626
0.390495 11.2681106205094 -15.8448939083296
0.390995 11.2825386037365 -16.3592417906737
0.391495 11.2969665869635 -15.9464093649554
0.391995 11.3113945701906 -14.3642737633751
0.392495 11.3258225534177 -11.5896531497991
0.392995 11.3402505366447 -9.36525489725861
0.393495 11.3546785198718 -6.62774462324659
0.393995 11.3691065030989 -4.35000499239983
0.394495 11.3835344863259 -2.10491134480009
0.394995 11.397962469553 0.657886762824109
0.395495 11.4123904527801 3.29643280689266
0.395995 11.4268184360072 5.61867552834908
0.396495 11.4412464192342 7.64107650228465
0.396995 11.4556744024613 9.40484252451793
0.397495 11.4701023856884 10.648900167778
0.397995 11.4845303689154 11.5583379101817
0.398494999999999 11.4989583521425 12.1360198957245
0.398995 11.5133863353696 12.8211244303963
0.399495 11.5278143185967 12.0615017754843
0.399995 11.5422423018237 10.7554231708624
0.400495 11.5566702850508 9.55178747579802
0.400995 11.5710982682779 8.02050423740098
0.401495 11.5855262515049 5.9771104832314
0.401995 11.599954234732 4.11358528936511
0.402495 11.6143822179591 1.79990229298577
0.402995 11.6288102011861 -0.440644010878592
0.403495 11.6432381844132 -2.46158574268728
0.403995 11.6576661676403 -4.46951225665525
0.404495 11.6720941508673 -6.59328368221066
0.404995 11.6865221340944 -8.46349579443826
0.405494999999999 11.7009501173215 -9.88095800458781
0.405995 11.7153781005486 -11.3280061065933
0.406495 11.7298060837756 -12.9470834540159
0.406994999999999 11.7442340670027 -13.0947370413419
0.407495 11.7586620502298 -12.7396038560299
0.407995 11.7730900334568 -11.8207120132288
0.408495 11.7875180166839 -10.5354572979955
0.408995 11.801945999911 -8.83292146697232
0.409495 11.816373983138 -6.74185820877888
0.409995 11.8308019663651 -4.58571559429057
0.410495 11.8452299495922 -2.12268692518144
0.410995 11.8596579328193 0.315253275425694
0.411495 11.8740859160463 2.69263563326235
0.411995 11.8885138992734 4.46964711174252
0.412495 11.9029418825005 6.60756363535643
0.412995 11.9173698657275 8.27744553765433
0.413495 11.9317978489546 9.508358646405
0.413995 11.9462258321817 10.5839113091475
0.414495 11.9606538154088 11.0461041901735
0.414995 11.9750817986358 11.4093919561357
0.415495 11.9895097818629 11.0169055800868
0.415995 12.00393776509 10.584228032189
0.416495 12.018365748317 9.61284823374222
0.416995 12.0327937315441 8.67781406403962
0.417495 12.0472217147712 7.05888481417319
0.417995 12.0616496979982 5.46339456134372
0.418495 12.0760776812253 4.001364915477
0.418995 12.0905056644524 2.38098439878786
0.419495 12.1049336476795 0.703054966516939
0.419995 12.1193616309065 -1.23159060115166
0.420495 12.1337896141336 -2.78666101903469
0.420995 12.1482175973607 -4.34038932089115
0.421495 12.1626455805877 -4.93993013201557
0.421995 12.1770735638148 -6.07520473744496
0.422495 12.1915015470419 -6.42569355186534
0.422995 12.2059295302689 -6.63109136933708
0.423495 12.220357513496 -6.55210045649137
0.423995 12.2347854967231 -5.79747955677817
0.424495 12.2492134799502 -4.63751227074758
0.424995 12.2636414631772 -3.68951901182636
0.425495 12.2780694464043 -2.031604825222
0.425995 12.2924974296314 -1.02492925464282
0.426495 12.3069254128584 -0.389151862970578
0.426995 12.3213533960855 1.51840492419849
0.427495 12.3357813793126 2.18410611560523
0.427995 12.3502093625396 3.40197435241812
0.428495 12.3646373457667 4.30720341086237
0.428995 12.3790653289938 4.93421343380833
0.429495 12.3934933122209 5.06645763841614
0.429995 12.4079212954479 4.917078755685
0.430495 12.422349278675 4.94976309204337
0.430995 12.4367772619021 4.57639433140014
0.431495 12.4512052451291 3.59646537339423
0.431995 12.4656332283562 3.22948863600577
0.432495 12.4800612115833 2.22692785286492
0.432995 12.4944891948103 1.64558478180668
0.433495 12.5089171780374 0.793142769791681
0.433995 12.5233451612645 -0.235766839657135
0.434495 12.5377731444916 -1.57112354905848
0.434995 12.5522011277186 -2.65281093766652
0.435495 12.5666291109457 -3.74018800497316
0.435995 12.5810570941728 -4.49226430325038
0.436495 12.5954850773998 -4.79774509275404
0.436995 12.6099130606269 -4.93695536337819
0.437495 12.624341043854 -4.88267282290037
0.437995 12.638769027081 -4.55685674814414
0.438495 12.6531970103081 -4.14002221699541
0.438995 12.6676249935352 -3.61267976376263
0.439495 12.6820529767622 -2.85783105876129
0.439995 12.6964809599893 -2.67082933154837
0.440495 12.7109089432164 -2.0307430119271
0.440995 12.7253369264435 -0.905573852728992
0.441495 12.7397649096705 0.181386374527973
0.441995 12.7541928928976 1.35847251747057
0.442495 12.7686208761247 2.58415045836473
0.442995 12.7830488593517 3.22151817911721
0.443494999999999 12.7974768425788 3.52863131791801
0.443995 12.8119048258059 3.80617723341511
0.444495 12.826332809033 4.20367719115608
0.444995 12.84076079226 4.08304790302197
0.445495 12.8551887754871 3.62791566071183
0.445995 12.8696167587142 3.10263479611308
0.446495 12.8840447419412 2.72708499476968
0.446995 12.8984727251683 2.16526870795126
0.447495 12.9129007083954 1.51237360129815
0.447995 12.9273286916224 0.540908164653836
0.448495 12.9417566748495 -0.291234461275153
0.448994999999999 12.9561846580766 -1.4589697415026
0.449495 12.9706126413036 -2.50791587184704
0.449995 12.9850406245307 -3.23351222238707
0.450494999999999 12.9994686077578 -3.84987859387924
0.450995 13.0138965909849 -4.2594472539923
0.451495 13.0283245742119 -4.43688258956989
0.451994999999999 13.042752557439 -4.52197998873135
0.452495 13.0571805406661 -4.05504603302195
0.452995 13.0716085238931 -3.70086445046452
0.453495 13.0860365071202 -3.48465652982549
0.453995 13.1004644903473 -2.54216167019633
0.454495 13.1148924735743 -1.54904089747737
0.454995 13.1293204568014 -0.683746580420142
0.455495 13.1437484400285 0.1205698405836
0.455995 13.1581764232556 0.930047859272948
0.456495 13.1726044064826 2.16867506308935
0.456995 13.1870323897097 2.66454109470451
0.457494999999999 13.2014603729368 3.26618523542261
0.457995 13.2158883561638 3.81845952943999
0.458495 13.2303163393909 4.31000233692454
0.458994999999999 13.244744322618 4.09268711817126
0.459495 13.2591723058451 4.16320890057226
0.459995 13.2736002890721 3.85057446639031
0.460495 13.2880282722992 3.4714476673569
0.460995 13.3024562555263 2.86058337498851
0.461495 13.3168842387533 2.12194517944117
0.461995 13.3313122219804 1.23419527714021
0.462495 13.3457402052075 0.25216978012856
0.462995 13.3601681884345 -0.673559298810846
0.463495 13.3745961716616 -1.50021215891139
0.463995 13.3890241548887 -2.08777399468878
0.464495 13.4034521381157 -3.04895808629019
0.464995 13.4178801213428 -3.70101904395389
0.465495 13.4323081045699 -4.31477696159966
0.465994999999999 13.446736087797 -4.249228510658
0.466495 13.461164071024 -3.97558000477142
0.466995 13.4755920542511 -3.55185642234885
0.467494999999999 13.4900200374782 -3.27396198472783
0.467995 13.5044480207052 -2.57691234860395
0.468495 13.5188760039323 -1.92668148244216
0.468995 13.5333039871594 -1.01537335510622
0.469495 13.5477319703865 -0.025622745186643
0.469995 13.5621599536135 1.02401154177743
0.470495 13.5765879368406 1.58361027706668
0.470995 13.5910159200677 2.21920637667117
0.471495 13.6054439032947 3.05899587680892
0.471995 13.6198718865218 3.68890672847514
0.472495 13.6342998697489 3.93052097515191
0.472994999999999 13.6487278529759 4.1522791454478
0.473495 13.663155836203 4.03673750866411
0.473995 13.6775838194301 3.73761672391575
0.474495 13.6920118026571 3.28050862067234
0.474995 13.7064397858842 2.72884175353229
0.475495 13.7208677691113 1.99642563362259
0.475995 13.7352957523384 0.874860050592113
0.476495 13.7497237355654 0.332325533095732
0.476995 13.7641517187925 -0.642186518081655
0.477495 13.7785797020196 -1.31208741479569
0.477995 13.7930076852466 -1.86900264746216
0.478495 13.8074356684737 -2.43227300635574
0.478995 13.8218636517008 -2.9444627943948
0.479495 13.8362916349279 -3.4341821292338
0.479995 13.8507196181549 -3.62816096791871
0.480495 13.865147601382 -3.38764942567173
0.480995 13.8795755846091 -3.0927919757464
0.481495 13.8940035678361 -2.58631428077774
0.481995 13.9084315510632 -1.49829076393199
0.482495 13.9228595342903 -0.953352807931388
0.482995 13.9372875175173 -0.228975079517761
0.483495 13.9517155007444 0.513145885641749
0.483995 13.9661434839715 1.0186033660568
0.484495 13.9805714671985 1.57375317912523
0.484995 13.9949994504256 2.01903807974991
0.485495 14.0094274336527 2.44639994247903
0.485995 14.0238554168798 2.8962770005743
0.486495 14.0382834001068 3.24507870513735
0.486995 14.0527113833339 3.06259579390582
0.487495 14.067139366561 3.12872069237332
0.487995 14.081567349788 2.65063228549663
0.488495 14.0959953330151 2.34701690912559
0.488995 14.1104233162422 1.78233525336185
0.489495 14.1248512994693 1.25500986557334
0.489995 14.1392792826963 0.109302251635755
0.490495 14.1537072659234 -0.666312227695846
0.490995 14.1681352491505 -1.36557655776637
0.491495 14.1825632323775 -1.92949991239979
0.491995 14.1969912156046 -2.17000763421228
0.492495 14.2114191988317 -2.84504749220557
0.492995 14.2258471820587 -2.93243970476
0.493495 14.2402751652858 -3.29903764207743
0.493995 14.2547031485129 -3.22967673810605
0.494495 14.2691311317399 -3.17073125815603
0.494995 14.283559114967 -2.88302903278075
0.495495 14.2979870981941 -2.24179595895201
0.495995 14.3124150814212 -1.93719182402272
0.496495 14.3268430646482 -1.05052105036799
0.496994999999999 14.3412710478753 -0.321684316500719
0.497495 14.3556990311024 0.412431220866681
0.497995 14.3701270143294 1.31082659558488
0.498495 14.3845549975565 1.67942797090812
0.498995 14.3989829807836 2.07435931869199
0.499495 14.4134109640106 2.50259886192363
0.499995 14.4278389472377 2.65123237423584
