# Fix print output for fix Step
0 0 0.602465907587862
0.000495000000000029 0.0408105814545024 0.87805140249071
0.000995000000000079 0.0820333910045065 1.11115609507192
0.00149499999999999 0.123256200554499 1.64033105272044
0.0019949999999999 0.164479010104492 1.66800481193801
0.00249499999999995 0.205701819654496 1.98870217774989
0.002995 0.2469246292045 2.45741208472765
0.00349500000000005 0.288147438754504 2.31998211267874
0.0039950000000001 0.329370248304508 2.88744960114055
0.00449499999999987 0.370593057854489 3.15458388993215
0.00499499999999992 0.411815867404493 3.09100970104209
0.00549499999999997 0.453038676954498 3.67223175461375
0.00599500000000002 0.494261486504502 3.89012552268154
0.00649500000000007 0.535484296054506 3.92982384802328
0.00699500000000012 0.57670710560451 4.49928690920606
0.00749499999999989 0.617929915154491 4.61462559316046
0.00799499999999994 0.659152724704495 4.70548032246094
0.00849499999999999 0.700375534254499 5.3244389141636
0.00899500000000004 0.741598343804503 5.35007226368012
0.00949500000000009 0.782821153354507 5.52146226730208
0.009995 0.8240439629045 6.09952953320279
0.0104949999999999 0.865266772454493 6.01021871740546
0.010995 0.906489582004497 6.32201590267045
0.011495 0.947712391554501 6.75931197175456
0.0119950000000001 0.988935201104505 6.75120768987617
0.0124950000000001 1.03015801065451 7.16316057287532
0.0129949999999999 1.07138082020449 7.43609130467421
0.0134949999999999 1.11260362975449 7.46357255522615
0.013995 1.1538264393045 7.98773389545211
0.014495 1.1950492488545 8.18205289792803
0.0149950000000001 1.23627205840451 8.16266729954457
0.015495 1.2774948679545 8.72895631675405
0.0159949999999999 1.31871767750449 8.88772224334659
0.016495 1.3599404870545 8.97951681674183
0.016995 1.4011632966045 9.40191814824919
0.017495 1.4423861061545 9.45629739919057
0.0179950000000001 1.48360891570451 9.70485938208713
0.0184949999999999 1.52483172525449 10.2132425275214
0.0189949999999999 1.56605453480449 10.2283082193577
0.019495 1.6072773443545 10.4829203675117
0.019995 1.6485001539045 10.8153680811761
0.0204950000000001 1.68972296345451 10.8191287170151
0.0209950000000001 1.73094577300451 11.2388499469847
0.0214949999999999 1.77216858255449 11.5844044664606
0.0219949999999999 1.8133913921045 11.5097800481259
0.022495 1.8546142016545 11.8672188000749
0.022995 1.8958370112045 12.1533119434664
0.0234950000000001 1.93705982075451 12.2412837848077
0.023995 1.9782826303045 12.6814059135014
0.0244949999999999 2.01950543985449 12.8209591117597
0.024995 2.0607282494045 12.8778268088096
0.025495 2.1019510589545 13.3525394889286
0.0259950000000001 2.1431738685045 13.5361941972366
0.0264950000000001 2.18439667805451 13.6589107953919
0.0269949999999999 2.22561948760449 14.0184987248353
0.0274949999999999 2.26684229715449 14.0731832326417
0.027995 2.3080651067045 14.2520224270393
0.028495 2.3492879162545 14.6639523488883
0.0289950000000001 2.39051072580451 14.8155696738829
0.029495 2.4317335353545 15.0283921139831
0.0299949999999999 2.47295634490449 15.3301071560194
0.0304949999999999 2.5141791544545 15.3959277418224
0.030995 2.5554019640045 15.6360817243826
0.0314950000000001 2.5966247735545 16.0092409003805
0.0319950000000001 2.63784758310451 16.079766135537
0.032495 2.6790703926545 16.3796000153787
0.0329949999999999 2.72029320220449 16.6799582988872
0.033495 2.7615160117545 16.6633877794935
0.033995 2.8027388213045 16.9264014009315
0.0344950000000001 2.84396163085451 17.213335952307
0.0349950000000001 2.88518444040451 17.3467692908038
0.0354949999999999 2.92640724995449 17.6410311697851
0.0359949999999999 2.96763005950449 17.9091237417147
0.036495 3.0088528690545 17.9920060642532
0.036995 3.0500756786045 18.2934265109449
0.0374950000000001 3.09129848815451 18.5265204004992
0.037995 3.1325212977045 18.6012947831854
0.0384949999999999 3.17374410725449 18.8825757167945
0.038995 3.2149669168045 19.121318800941
0.039495 3.2561897263545 19.2170771276964
0.0399950000000001 3.2974125359045 19.5595146727296
0.0404950000000001 3.33863534545451 19.7819042380003
0.0409949999999999 3.37985815500449 19.8675701485585
0.0414949999999999 3.42108096455449 20.2297903873125
0.041995 3.4623037741045 20.3689483099183
0.042495 3.5035265836545 20.4767424070535
0.0429950000000001 3.54474939320451 20.8176541122037
0.043495 3.5859722027545 20.9376043726187
0.0439949999999999 3.62719501230449 21.0976816207363
0.044495 3.6684178218545 21.4342489867703
0.044995 3.7096406314045 21.5319216205113
0.045495 3.7508634409545 21.7444042623544
0.0459950000000001 3.79208625050451 22.0510343430817
0.046495 3.8333090600545 22.1536278772512
0.0469949999999999 3.87453186960449 22.3476192675272
0.047495 3.9157546791545 22.640476605787
0.047995 3.9569774887045 22.7378210108312
0.0484950000000001 3.99820029825451 23.0061511684088
0.0489950000000001 4.03942310780451 23.244929505722
0.0494949999999999 4.08064591735449 23.327233640145
0.0499949999999999 4.12186872690449 23.6099075308202
0.050495 4.1630915364545 23.8478173462353
0.050995 4.2043143460045 23.9480339883098
0.0514950000000001 4.24553715555451 24.1998277247232
0.051995 4.2867599651045 24.3925419165984
0.0524949999999999 4.32798277465449 24.493822894198
0.052995 4.3692055842045 24.7724636652471
0.053495 4.4104283937545 24.9435983957134
0.0539950000000001 4.4516512033045 25.0863607538667
0.0544950000000001 4.49287401285451 25.3644110519143
0.0549949999999999 4.53409682240449 25.5298072587544
0.0554949999999999 4.57531963195449 25.6699184644723
0.055995 4.6165424415045 25.9577647210222
0.056495 4.6577652510545 26.1090801000608
0.0569950000000001 4.69898806060451 26.2830074237559
0.057495 4.7402108701545 26.5631935868246
0.0579949999999999 4.78143367970449 26.6900511793664
0.0584949999999999 4.8226564892545 26.8411768189569
0.058995 4.8638792988045 27.108868646718
0.059495 4.9051021083545 27.233570337165
0.0599950000000001 4.94632491790451 27.4340728569641
0.060495 4.9875477274545 27.6718685361504
0.0609949999999999 5.02877053700449 27.7993369154109
0.061495 5.0699933465545 28.003845133901
0.061995 5.1112161561045 28.2235971246869
0.0624950000000001 5.15243896565451 28.3597923338362
0.0629950000000001 5.19366177520451 28.5550520867184
0.0634949999999999 5.23488458475449 28.774305597289
0.0639949999999999 5.27610739430449 28.9248461567133
0.064495 5.3173302038545 29.1497332991708
0.064995 5.3585530134045 29.3257554032771
0.0654950000000001 5.39977582295451 29.4491982613001
0.065995 5.4409986325045 29.6853022246331
0.0664949999999999 5.48222144205449 29.8358538545845
0.066995 5.5234442516045 30.0422426421689
0.067495 5.5646670611545 30.2527027579721
0.0679950000000001 5.6058898707045 30.4221903600612
0.0684950000000001 5.64711268025451 30.5915360278304
0.068995 5.6883354898045 30.7715121071972
0.0694949999999999 5.72955829935449 30.9301904116577
0.069995 5.7707811089045 31.1086398146056
0.070495 5.8120039184545 31.277968539267
0.0709950000000001 5.85322672800451 31.4358614488187
0.0714950000000001 5.89444953755451 31.5979894481432
0.0719949999999999 5.93567234710449 31.7995383061536
0.0724949999999999 5.9768951566545 31.9641813899256
0.072995 6.0181179662045 32.1580223561575
0.073495 6.0593407757545 32.3076046076891
0.0739950000000001 6.10056358530451 32.4973176526079
0.074495 6.1417863948545 32.6960269144891
0.0749949999999999 6.18300920440449 32.8679936506254
0.075495 6.2242320139545 33.0360271696744
0.075995 6.2654548235045 33.1964023542346
0.0764950000000001 6.30667763305451 33.3588265855102
0.0769950000000001 6.34790044260451 33.5265242096728
0.0774949999999999 6.38912325215449 33.673247242854
0.0779949999999999 6.43034606170449 33.8425677951915
0.078495 6.4715688712545 34.0342773774069
0.078995 6.5127916808045 34.1666585501622
0.0794950000000001 6.55401449035451 34.3374311315502
0.079995 6.5952372999045 34.5507062648754
0.0804949999999999 6.63646010945449 34.6989851761661
0.080995 6.6776829190045 34.8997670044123
0.081495 6.7189057285545 35.0764430342616
0.0819950000000001 6.7601285381045 35.2125215477785
0.0824950000000001 6.80135134765451 35.392827137354
0.0829949999999999 6.84257415720449 35.5305461815063
0.0834949999999999 6.88379696675449 35.6721061546939
0.083995 6.9250197763045 35.8167295645537
0.084495 6.9662425858545 35.9567506759215
0.0849950000000001 7.00746539540451 36.1326806897156
0.0854950000000001 7.04868820495451 36.3483638001119
0.0859949999999999 7.08991101450449 36.5228839581618
0.0864949999999999 7.1311338240545 36.6884996502149
0.086995 7.1723566336045 36.8485595043012
0.087495 7.2135794431545 37.0053072033564
0.0879950000000001 7.25480225270451 37.0954219033679
0.088495 7.2960250622545 37.2417592819046
0.0889949999999999 7.33724787180449 37.4331841108456
0.089495 7.3784706813545 37.5977114551956
0.089995 7.4196934909045 37.777648438747
0.0904950000000001 7.4609163004545 37.9382358700369
0.0909950000000001 7.50213911000451 38.0480380669849
0.0914949999999999 7.54336191955449 38.2251314631627
0.0919949999999999 7.58458472910449 38.3705994022238
0.092495 7.6258075386545 38.5044470599772
0.092995 7.6670303482045 38.6943879113735
0.0934950000000001 7.70825315775451 38.8465426918033
0.093995 7.7494759673045 39.0081103668342
0.0944949999999999 7.79069877685449 39.1257136986131
0.094995 7.8319215864045 39.2624702218022
0.095495 7.8731443959545 39.3943724364327
0.0959950000000001 7.9143672055045 39.5902563188247
0.0964950000000001 7.95559001505451 39.7425294657096
0.096995 7.9968128246045 39.8552350989155
0.0974949999999999 8.03803563415449 40.0294945975305
0.097995 8.0792584437045 40.1458016759891
0.098495 8.1204812532545 40.284266154304
0.0989950000000001 8.16170406280451 40.4588751427171
0.0994950000000001 8.20292687235451 40.5944957486911
0.0999949999999999 8.24414968190449 40.7468397196066
0.100495 8.2853724914545 40.9018205762028
0.100995 8.3265953010045 41.0477888750758
0.101495 8.3678181105545 41.186289832437
0.101995 8.40904092010451 41.3255037995024
0.102495 8.4502637296545 41.4606877372902
0.102995 8.49148653920449 41.6015874573321
0.103495 8.5327093487545 41.7428599932575
0.103995 8.5739321583045 41.8901098734079
0.104495 8.6151549678545 42.0344325202303
0.104995 8.65637777740451 42.2074725853732
0.105495 8.6976005869545 42.2818145502772
0.105995 8.7388233965045 42.416394619994
0.106495 8.7800462060545 42.599417997246
0.106995 8.8212690156045 42.7488628011496
0.107495 8.86249182515451 42.8374072847852
0.107995 8.9037146347045 42.9992743517397
0.108495 8.94493744425449 43.1149113793484
0.108995 8.9861602538045 43.2583810529649
0.109495 9.0273830633545 43.4011216071368
0.109995 9.0686058729045 43.5061883637981
0.110495 9.10982868245451 43.6508013229492
0.110995 9.1510514920045 43.8156391550364
0.111495 9.19227430155449 43.934108710005
0.111995 9.2334971111045 44.0330942831647
0.112495 9.2747199206545 44.1924512236171
0.112995 9.31594273020451 44.3358203444249
0.113495 9.35716553975451 44.4453010693292
0.113995 9.3983883493045 44.5663663161125
0.114495 9.4396111588545 44.7158129116353
0.114995 9.4808339684045 44.8417400564469
0.115495 9.5220567779545 44.9486159193719
0.115995 9.56327958750451 45.0918932079467
0.116495 9.6045023970545 45.235028722459
0.116995 9.64572520660449 45.3523735494006
0.117495 9.6869480161545 45.4659791780549
0.117995 9.7281708257045 45.5724885914511
0.118495 9.76939363525451 45.7356867524558
0.118995 9.81061644480451 45.8515094242517
0.119495 9.8518392543545 45.9484899705932
0.119995 9.89306206390449 46.1186950025883
0.120495 9.9342848734545 46.2167635717055
0.120995 9.9755076830045 46.3058928476719
0.121495 10.0167304925545 46.4379013535675
0.121995 10.0579533021045 46.5900516357593
0.122495 10.0991761116545 46.6850246552663
0.122995 10.1403989212045 46.832474859224
0.123495 10.1816217307545 46.9341201366957
0.123995 10.2228445403045 47.0421524554779
0.124495 10.2640673498545 47.1897164287665
0.124995 10.3052901594045 47.2924233909204
0.125495 10.3465129689545 47.4074712411619
0.125995 10.3877357785045 47.5458617774574
0.126495 10.4289585880545 47.6239089352919
0.126995 10.4701813976045 47.7490786373207
0.127495 10.5114042071545 47.886671345857
0.127995 10.5526270167045 47.9758783989747
0.128495 10.5938498262545 48.1097242638263
0.128995 10.6350726358045 48.2178824207104
0.129495 10.6762954453545 48.3099944413733
0.129995 10.7175182549045 48.4449426983095
0.130495 10.7587410644545 48.5523501092704
0.130995 10.7999638740045 48.660698656289
0.131495 10.8411866835545 48.7733209851408
0.131995 10.8824094931045 48.8557442353801
0.132495 10.9236323026545 49.0002283116904
0.132995 10.9648551122045 49.1245832046788
0.133495 11.0060779217545 49.1844092613522
0.133995 11.0473007313045 49.3333326519556
0.134495 11.0885235408545 49.4440751872994
0.134995 11.1297463504045 49.5156738230186
0.135495 11.1709691599545 49.6515681913545
0.135995 11.2121919695045 49.7457403119821
0.136495 11.2534147790545 49.8418960124021
0.136995 11.2946375886045 49.9529490476537
0.137495 11.3358603981545 50.0873751261147
0.137995 11.3770832077045 50.1705122907982
0.138495 11.4183060172545 50.2830281673282
0.138995 11.4595288268045 50.3895607576933
0.139495 11.5007516363545 50.4786851375177
0.139995 11.5419744459045 50.5896679611419
0.140495 11.5831972554545 50.6936091287138
0.140995 11.6244200650045 50.7908618169167
0.141495 11.6656428745545 50.8940761573486
0.141995 11.7068656841045 50.9910899763539
0.142495 11.7480884936545 51.0819668483072
0.142995 11.7893113032045 51.2029943147799
0.143495 11.8305341127545 51.2706611467623
0.143995 11.8717569223045 51.3970920147697
0.144495 11.9129797318545 51.4887287681913
0.144995 11.9542025414045 51.5911309604354
0.145495 11.9954253509545 51.674132548688
0.145995 12.0366481605045 51.7598717385574
0.146495 12.0778709700545 51.8792081211102
0.146995 12.1190937796045 52.0004194151211
0.147495 12.1603165891545 52.0638335174203
0.147995 12.2015393987045 52.1651796506462
0.148495 12.2427622082545 52.2396897637409
0.148995 12.2839850178045 52.3543550585258
0.149495 12.3252078273545 52.4254032179403
0.149995 12.3664306369045 52.5351358460724
0.150495 12.4076534464545 52.6375742537421
0.150995 12.4488762560045 52.7317525412732
0.151495 12.4900990655545 52.7972916361158
0.151995 12.5313218751045 52.9205733386765
0.152495 12.5725446846545 52.9848673111037
0.152995 12.6137674942045 53.0958154518886
0.153495 12.6549903037545 53.1974570293047
0.153995 12.6962131133045 53.2592312391624
0.154495 12.7374359228545 53.3652860342421
0.154995 12.7786587324045 53.4460322237367
0.155495 12.8198815419545 53.5486110668522
0.155995 12.8611043515045 53.5789216973765
0.156495 12.9023271610545 53.7425363071316
0.156995 12.9435499706045 53.7815446116189
0.157495 12.9847727801545 53.8827667878509
0.157995 13.0259955897045 53.9589195816653
0.158495 13.0672183992545 54.067199183653
0.158995 13.1084412088045 54.120377921472
0.159495 13.1496640183545 54.2439827957459
0.159995 13.1908868279045 54.29730644988
0.160495 13.2321096374545 54.4173301888594
0.160995 13.2733324470045 54.4509868671622
0.161495 13.3145552565545 54.5756607385119
0.161995 13.3557780661045 54.6116195757045
0.162495 13.3970008756545 54.7487728690253
0.162995 13.4382236852045 54.8078156992171
0.163495 13.4794464947545 54.9121478365445
0.163995 13.5206693043045 54.9610021262434
0.164495 13.5618921138545 55.0597160481574
0.164995 13.6031149234045 55.1242982388587
0.165495 13.6443377329545 55.2200034866653
0.165995 13.6855605425045 55.2866776869519
0.166495 13.7267833520545 55.3736144534921
0.166995 13.7680061616045 55.422333136135
0.167495 13.8092289711545 55.529989618895
0.167995 13.8504517807045 55.5768363783606
0.168495 13.8916745902545 55.7118092891055
0.168995 13.9328973998045 55.715494619701
0.169495 13.9741202093545 55.8475452165058
0.169995 14.0153430189045 55.8796366576363
0.170495 14.0565658284545 55.9882987412781
0.170995 14.0977886380045 56.0406155976038
0.171495 14.1390114475545 56.1231952156021
0.171995 14.1802342571045 56.1943074561851
0.172495 14.2214570666545 56.2650174368
0.172995 14.2626798762045 56.348259320857
0.173495 14.3039026857545 56.4108733316474
0.173995 14.3451254953045 56.5002992318102
0.174495 14.3863483048545 56.5557557109863
0.174995 14.4275711144045 56.6465158633504
0.175495 14.4687939239545 56.6943050656082
0.175995 14.5100167335045 56.7799610570804
0.176495 14.5512395430545 56.828863144258
0.176995 14.5924623526045 56.9228841421383
0.177495 14.6336851621545 56.9762129562877
0.177995 14.6749079717045 57.0396694962839
0.178495 14.7161307812545 57.1078311008658
0.178995 14.7573535908045 57.1855175293621
0.179495 14.7985764003545 57.2500584108288
0.179995 14.8397992099045 57.3112060681454
0.180495 14.8810220194545 57.3636310308674
0.180995 14.9222448290045 57.4478487000253
0.181495 14.9634676385545 57.5015319033351
0.181995 15.0046904481045 57.5806988170116
0.182495 15.0459132576545 57.6668841034041
0.182995 15.0871360672045 57.689580295355
0.183495 15.1283588767545 57.7717692226119
0.183995 15.1695816863045 57.8418549788797
0.184495 15.2108044958545 57.9276066666073
0.184995 15.2520273054045 57.9684369105445
0.185495 15.2932501149545 58.0459595562296
0.185995 15.3344729245045 58.0921220851828
0.186495 15.3756957340545 58.1995971317051
0.186995 15.4169185436045 58.2100056658764
0.187495 15.4581413531545 58.277631235888
0.187995 15.4993641627045 58.3454428840286
0.188495 15.5405869722545 58.4113704037308
0.188995 15.5818097818045 58.4711976069877
0.189495 15.6230325913545 58.5312664825356
0.189995 15.6642554009045 58.5740819175188
0.190495 15.7054782104545 58.6498856697485
0.190995 15.7467010200045 58.728228463986
0.191495 15.7879238295545 58.7630858635684
0.191995 15.8291466391045 58.8583639284751
0.192495 15.8703694486545 58.9238094021433
0.192995 15.9115922582045 58.9307554282148
0.193495 15.9528150677545 59.0152726882806
0.193995 15.9940378773045 59.0862625551067
0.194495 16.0352606868545 59.1223928636129
0.194995 16.0764834964045 59.2324885937485
0.195495 16.1177063059545 59.2600589036719
0.195995 16.1589291155045 59.3176921062109
0.196495 16.2001519250545 59.3807203878552
0.196995 16.2413747346045 59.4058235029906
0.197495 16.2825975441545 59.482490711168
0.197995 16.3238203537045 59.5705072486101
0.198495 16.3650431632545 59.6187974304263
0.198995 16.4062659728045 59.648029131032
0.199495 16.4474887823545 59.7231324647977
0.199995 16.4887115919045 59.7739024892069
0.200495 16.5299344014545 59.8237181902516
0.200995 16.5711572110045 59.9128854269233
0.201495 16.6123800205545 59.9471265726989
0.201995 16.6536028301045 59.9990013053155
0.202495 16.6948256396545 60.078988856352
0.202995 16.7360484492045 60.0945929653309
0.203495 16.7772712587545 60.141222782554
0.203995 16.8184940683045 60.2334361902306
0.204495 16.8597168778545 60.2701943049095
0.204995 16.9009396874045 60.3521217747484
0.205495 16.9421624969545 60.412119709151
0.205995 16.9833853065045 60.4406589052318
0.206495 17.0246081160545 60.4859044149191
0.206995 17.0658309256045 60.480682747653
0.207495 17.1070537351545 60.5895446507128
0.207995 17.1482765447045 60.661817638621
0.208495 17.1894993542545 60.7251517790966
0.208995 17.2307221638045 60.7382829868904
0.209495 17.2719449733545 60.844901123193
0.209995 17.3131677829045 60.8667051973887
0.210495 17.3543905924545 60.9105317685237
0.210995 17.3956134020045 60.9346592438611
0.211495 17.4368362115545 61.0459956803471
0.211995 17.4780590211045 61.0811755677447
0.212495 17.5192818306545 61.1168166053521
0.212995 17.5605046402045 61.1697109293588
0.213495 17.6017274497545 61.2381844747258
0.213995 17.6429502593045 61.2984052858186
0.214495 17.6841730688545 61.3545023302151
0.214995 17.7253958784045 61.4128936400028
0.215495 17.7666186879545 61.4701059603409
0.215995 17.8078414975045 61.5409381813813
0.216495 17.8490643070545 61.5413549702758
0.216995 17.8902871166045 61.5880724963181
0.217495 17.9315099261545 61.6333137265436
0.217995 17.9727327357045 61.7056631086671
0.218495 18.0139555452545 61.7627911486072
0.218995 18.0551783548045 61.7999108366466
0.219495 18.0964011643545 61.8367950382251
0.219995 18.1376239739045 61.9464588164921
0.220495 18.1788467834545 62.008603349932
0.220995 18.2200695930045 62.0444125127747
0.221495 18.2612924025545 62.0496804711815
0.221995 18.3025152121045 62.1158063682778
0.222495 18.3437380216545 62.1803894717999
0.222995 18.3849608312045 62.193728441909
0.223495 18.4261836407545 62.2566957384214
0.223995 18.4674064503045 62.3188037887777
0.224495 18.5086292598545 62.3853777176905
0.224995 18.5498520694045 62.4153473709641
0.225495 18.5910748789545 62.4512789511599
0.225995 18.6322976885045 62.536183306995
0.226495 18.6735204980545 62.6021511679379
0.226995 18.7147433076045 62.6327646552813
0.227495 18.7559661171545 62.7065006149546
0.227995 18.7971889267045 62.720693364557
0.228495 18.8384117362545 62.8036729832079
0.228995 18.8796345458045 62.8733501988279
0.229495 18.9208573553545 62.9021557820607
0.229995 18.9620801649045 62.9297969359873
0.230495 19.0033029744545 62.9959919045096
0.230995 19.0445257840045 63.0756353012871
0.231495 19.0857485935545 63.1200495164698
0.231995 19.1269714031045 63.1583032978702
0.232495 19.1681942126545 63.1344968387804
0.232995 19.2094170222045 63.2452780654119
0.233495 19.2506398317545 63.3043718461269
0.233995 19.2918626413045 63.3516757538421
0.234495 19.3330854508545 63.351221135254
0.234995 19.3743082604045 63.4153327478145
0.235495 19.4155310699545 63.5204057085072
0.235995 19.4567538795045 63.6229586781724
0.236495 19.4979766890545 63.5742779178847
0.236995 19.5391994986045 63.7202496919498
0.237495 19.5804223081545 63.7237088882537
0.237995 19.6216451177045 63.7893098305526
0.238495 19.6628679272545 63.7945387673475
0.238995 19.7040907368045 63.895719283393
0.239495 19.7453135463545 63.9487565747264
0.239995 19.7865363559045 63.9642185340774
0.240495 19.8277591654545 64.0700423692175
0.240995 19.8689819750045 64.0168355249076
0.241495 19.9102047845545 64.1628010869718
0.241995 19.9514275941045 64.2233497417314
0.242495 19.9926504036545 64.2375403058255
0.242995 20.0338732132045 64.3409982355596
0.243495 20.0750960227545 64.3455171185183
0.243995 20.1163188323045 64.3465361316599
0.244495 20.1575416418545 64.4681499839762
0.244995 20.1987644514045 64.4884018104099
0.245495 20.2399872609545 64.5528991125998
0.245995 20.2812100705045 64.6154470234928
0.246495 20.3224328800545 64.7004681761147
0.246995 20.3636556896045 64.6707542613533
0.247495 20.4048784991545 64.7003668702262
0.247995 20.4461013087045 64.7492191675436
0.248495 20.4873241182545 64.8971585240903
0.248995 20.5285469278045 64.9495541990486
0.249495 20.5697697373545 64.9233472604891
0.249995 20.6109925469045 65.082037304123
0.250495 20.6522153564545 65.1579463693739
0.250995 20.6934381660045 65.2092047366097
0.251495 20.7346609755545 65.2182031888007
0.251995 20.7758837851045 65.1658151653231
0.252495 20.8171065946545 65.3029632712754
0.252995 20.8583294042045 65.3649032715655
0.253495 20.8995522137545 65.4325951569181
0.253995 20.9407750233045 65.5119683085309
0.254495 20.9819978328545 65.467822848259
0.254995 21.0232206424045 65.6393964156961
0.255495 21.0644434519545 65.7070268765148
0.255995 21.1056662615045 65.7405227040712
0.256495 21.1468890710545 65.8007687905973
0.256995 21.1881118806045 65.8573219466263
0.257495 21.2293346901545 65.811052060791
0.257995 21.2705574997045 65.8486227413677
0.258495 21.3117803092545 65.9560831726371
0.258995 21.3530031188045 66.0842016940466
0.259495 21.3942259283545 66.1688490428302
0.259995 21.4354487379045 66.2157411867085
0.260495 21.4766715474545 66.2374734187177
0.260995 21.5178943570045 66.2749519184409
0.261495 21.5591171665545 66.3251097232408
0.261995 21.6003399761045 66.3943346600927
0.262495 21.6415627856545 66.445496227148
0.262995 21.6827855952045 66.5823403559537
0.263495 21.7240084047545 66.55138888289
0.263995 21.7652312143045 66.6052804695487
0.264495 21.8064540238545 66.7773449342369
0.264995 21.8476768334045 66.77085195174
0.265495 21.8888996429545 66.8027695430178
0.265995 21.9301224525045 66.9126138407993
0.266495 21.9713452620545 66.8824958925969
0.266995 22.0125680716045 67.0524877326726
0.267495 22.0537908811545 67.1174851489451
0.267995 22.0950136907045 67.1676845906951
0.268495 22.1362365002545 67.1660414926549
0.268995 22.1774593098045 67.3409669015077
0.269495 22.2186821193545 67.2930093864888
0.269995 22.2599049289045 67.3737760535634
0.270495 22.3011277384545 67.4970066864271
0.270995 22.3423505480045 67.6615369460564
0.271495 22.3835733575545 67.5304027773993
0.271995 22.4247961671045 67.6545166677838
0.272495 22.4660189766545 67.7698555866076
0.272995 22.5072417862045 67.8169732430256
0.273495 22.5484645957545 67.9419871638064
0.273995 22.5896874053045 68.0375087688777
0.274495 22.6309102148545 68.0901855732045
0.274995 22.6721330244045 68.1606023625588
0.275495 22.7133558339545 68.145981597404
0.275995 22.7545786435045 68.188540187954
0.276495 22.7958014530545 68.3648229929548
0.276995 22.8370242626045 68.5334156735831
0.277495 22.8782470721545 68.5360542300493
0.277995 22.9194698817045 68.478760160419
0.278495 22.9606926912545 68.7189383935233
0.278995 23.0019155008045 68.7876377742713
0.279495 23.0431383103545 68.7127309120135
0.279995 23.0843611199045 68.9905737085215
0.280495 23.1255839294545 68.9373124911684
0.280995 23.1668067390045 69.0330173325159
0.281495 23.2080295485545 69.2057270161622
0.281995 23.2492523581045 69.2391442354082
0.282495 23.2904751676545 69.3010927417633
0.282995 23.3316979772045 69.3529092631951
0.283495 23.3729207867545 69.3972306529578
0.283995 23.4141435963045 69.3828222523908
0.284495 23.4553664058545 69.6547783629077
0.284995 23.4965892154045 69.6899457960529
0.285495 23.5378120249545 69.7736030680797
0.285995 23.5790348345045 69.7374964605374
0.286495 23.6202576440545 69.984975225546
0.286995 23.6614804536045 70.1057990259687
0.287495 23.7027032631545 70.1297076055433
0.287995 23.7439260727045 70.2296757474825
0.288495 23.7851488822545 70.3754649260007
0.288995 23.8263716918045 70.408011437436
0.289495 23.8675945013545 70.594859623638
0.289995 23.9088173109045 70.7048273560631
0.290495 23.9500401204545 70.7079288638241
0.290995 23.9912629300045 70.9205304998935
0.291495 24.0324857395545 70.9689704920382
0.291995 24.0737085491045 71.0759071930403
0.292495 24.1149313586545 71.1698642766398
0.292995 24.1561541682045 71.3799957494932
0.293495 24.1973769777545 71.3652634459595
0.293995 24.2385997873045 71.5432907535156
0.294495 24.2798225968545 71.5935565565805
0.294995 24.3210454064045 71.7780048791662
0.295495 24.3622682159545 71.7816758920821
0.295995 24.4034910255045 71.8460519522562
0.296495 24.4447138350545 71.9361361959245
0.296995 24.4859366446045 72.1397573835776
0.297495 24.5271594541545 72.4583122432987
0.297995 24.5683822637045 72.3824628978928
0.298495 24.6096050732545 72.5909480703095
0.298995 24.6508278828045 72.6380232290749
0.299495 24.6920506923545 72.7861626075895
0.299995 24.7332735019045 73.0193889004079
0.300495 24.7744963114545 73.1709269903223
0.300995 24.8157191210045 73.1480837461712
0.301495 24.8569419305545 73.2982097552118
0.301995 24.8981647401045 73.4741739174314
0.302495 24.9393875496545 73.7222754193637
0.302995 24.9806103592045 73.6984332344312
0.303495 25.0218331687545 73.9065357676674
0.303995 25.0630559783045 74.0232234340983
0.304495 25.1042787878545 74.224808486731
0.304995 25.1455015974045 74.3684107083957
0.305495 25.1867244069545 74.4477389659546
0.305995 25.2279472165045 74.5336555380516
0.306495 25.2691700260545 74.7880987939358
0.306995 25.3103928356045 74.9280654842478
0.307495 25.3516156451545 75.0680686469987
0.307995 25.3928384547045 75.5211725022022
0.308495 25.4340612642545 75.4190358304415
0.308995 25.4752840738045 75.6645390041615
0.309495 25.5165068833545 75.7686016509554
0.309995 25.5577296929045 75.8492213219268
0.310495 25.5989525024545 76.0719968974877
0.310995 25.6401753120045 76.322605698689
0.311495 25.6813981215545 76.4245505881821
0.311995 25.7226209311045 76.6936418406478
0.312495 25.7638437406545 76.9036082857485
0.312995 25.8050665502045 77.1125891407902
0.313495 25.8462893597545 77.2377625058614
0.313995 25.8875121693045 77.4323336819219
0.314495 25.9287349788545 77.5286040210581
0.314995 25.9699577884045 77.8104194440006
0.315495 26.0111805979545 77.9980037585777
0.315995 26.0524034075045 78.1353336856714
0.316495 26.0936262170545 78.3571463916229
0.316995 26.1348490266045 78.6504278469352
0.317495 26.1760718361545 78.7921066841195
0.317995 26.2172946457045 78.9629727843346
0.318495 26.2585174552545 79.2634199592177
0.318995 26.2997402648045 79.1843473032982
0.319495 26.3409630743545 79.8190256635689
0.319995 26.3821858839045 79.9242717024012
0.320495 26.4234086934545 79.9987630402264
0.320995 26.4646315030045 80.5282435442442
0.321495 26.5058543125545 80.6995937695573
0.321995 26.5470771221045 80.7348661014315
0.322495 26.5882999316545 81.0701296908414
0.322995 26.6295227412045 81.2713397610112
0.323495 26.6707455507545 81.2565224293542
0.323995 26.7119683603045 81.9157440304416
0.324495 26.7531911698545 81.9927849041898
0.324995 26.7944139794045 82.2440418643252
0.325495 26.8356367889545 82.4637532595044
0.325995 26.8768595985045 82.8300579794721
0.326495 26.9180824080545 82.8847036924969
0.326995 26.9593052176045 83.1331041390775
0.327495 27.0005280271545 83.6825446175419
0.327995 27.0417508367045 83.6699065044024
0.328495 27.0829736462545 84.0404086824601
0.328995 27.1241964558045 84.2333781711207
0.329495 27.1654192653545 84.4987053761186
0.329995 27.2066420749045 84.8163329143148
0.330495 27.2478648844545 84.987569791827
0.330995 27.2890876940045 85.4815849974623
0.331495 27.3303105035545 85.6953380386463
0.331995 27.3715333131045 85.8438811765739
0.332495 27.4127561226545 86.3484821328729
0.332995 27.4539789322045 86.4273918517083
0.333495 27.4952017417545 86.8647813696861
0.333995 27.5364245513045 87.1078126813884
0.334495 27.5776473608545 87.2374585769365
0.334995 27.6188701704045 87.7367973315373
0.335495 27.6600929799545 88.0441921226995
0.335995 27.7013157895045 88.218591825338
0.336495 27.7425385990545 88.6223280496342
0.336995 27.7837614086045 88.7654352379768
0.337495 27.8249842181545 89.1319033912107
0.337995 27.8662070277045 89.3759418087205
0.338495 27.9074298372545 89.7318356118564
0.338995 27.9486526468045 89.9370815650644
0.339495 27.9898754563545 90.3434801677609
0.339995 28.0310982659045 90.6041059208581
0.340495 28.0723210754545 90.9200095337887
0.340995 28.1135438850045 91.1251131016054
0.341495 28.1547666945545 91.6404586320479
0.341995 28.1959895041045 91.7789943596239
0.342495 28.2372123136545 92.2736062149391
0.342995 28.2784351232045 92.5027586606206
0.343495 28.3196579327545 92.7568201877738
0.343995 28.3608807423045 93.1360853786522
0.344495 28.4021035518545 93.4407230212196
0.344995 28.4433263614045 93.6391023993019
0.345495 28.4845491709545 94.1932033583857
0.345995 28.5257719805045 94.3333536855721
0.346495 28.5669947900545 94.6617196907438
0.346995 28.6082175996045 94.9803962495879
0.347495 28.6494404091545 95.4586284924281
0.347995 28.6906632187045 95.5459789843931
0.348495 28.7318860282545 96.1035609216949
0.348995 28.7731088378045 96.4225757243916
0.349495 28.8143316473545 96.8449768322793
0.349995 28.8555544569045 97.0155416494429
0.350495 28.8967772664545 97.4329541853225
0.350995 28.9380000760045 97.7362748002354
0.351495 28.9792228855545 98.0786183792345
0.351995 29.0204456951045 98.5463634517821
0.352495 29.0616685046545 98.7798142059633
0.352995 29.1028913142045 99.0418708647468
0.353495 29.1441141237545 99.5747806131426
0.353995 29.1853369333045 99.7593257213482
0.354495 29.2265597428545 100.327345486876
0.354995 29.2677825524045 100.550201884693
0.355495 29.3090053619545 100.868795383954
0.355995 29.3502281715045 101.161273993707
0.356495 29.3914509810545 101.57935884589
0.356995 29.4326737906045 101.975946229083
0.357495 29.4738966001545 102.469698688562
0.357995 29.5151194097045 102.791531936872
0.358495 29.5563422192545 102.979138197032
0.358995 29.5975650288045 103.335947057019
0.359495 29.6387878383545 103.975676963479
0.359995 29.6800106479045 103.905597674132
0.360495 29.7212334574545 104.557118451508
0.360995 29.7624562670045 105.212644288766
0.361495 29.8036790765545 105.16853809339
0.361995 29.8449018861045 105.531600756879
0.362495 29.8861246956545 106.1984259842
0.362995 29.9273475052045 106.437613058259
0.363495 29.9685703147545 106.726281838398
0.363995 30.0097931243045 107.422943642502
0.364495 30.0510159338545 107.610768007386
0.364995 30.0922387434045 108.050444666687
0.365495 30.1334615529545 108.505429176632
0.365995 30.1746843625045 108.673965825198
0.366495 30.2159071720545 109.137871426574
0.366995 30.2571299816045 109.85241063083
0.367495 30.2983527911545 110.023053337735
0.367995 30.3395756007045 110.282255243394
0.368495 30.3807984102545 110.927554002162
0.368995 30.4220212198045 111.244322677747
0.369495 30.4632440293545 111.572901216491
0.369995 30.5044668389045 112.147707491384
0.370495 30.5456896484545 112.490931830583
0.370995 30.5869124580045 112.886784053414
0.371495 30.6281352675545 113.401420303422
0.371995 30.6693580771045 113.798461520875
0.372495 30.7105808866545 114.290060210713
0.372995 30.7518036962045 114.796917381253
0.373495 30.7930265057545 115.044780941785
0.373995 30.8342493153045 115.561001143579
0.374495 30.8754721248545 116.070053624745
0.374995 30.9166949344045 116.471438608819
0.375495 30.9579177439545 117.117049971125
0.375995 30.9991405535045 117.603460959717
0.376495 31.0403633630545 118.059822284323
0.376995 31.0815861726045 118.413583853721
0.377495 31.1228089821545 118.91316171365
0.377995 31.1640317917045 119.385169148173
0.378495 31.2052546012545 119.779114453757
0.378995 31.2464774108045 120.445249068056
0.379495 31.2877002203545 120.819393466164
0.379995 31.3289230299045 121.331109876361
0.380495 31.3701458394545 121.886124771966
0.380995 31.4113686490045 122.591626198894
0.381495 31.4525914585545 122.914283963376
0.381995 31.4938142681045 123.629076427711
0.382495 31.5350370776545 124.043734063805
0.382995 31.5762598872045 124.541109632341
0.383495 31.6174826967545 124.954248652177
0.383995 31.6587055063045 125.316591427048
0.384495 31.6999283158545 125.874651514097
0.384995 31.7411511254045 126.335327375774
0.385495 31.7823739349545 126.821803821157
0.385995 31.8235967445045 127.26423551329
0.386495 31.8648195540545 128.103284162174
0.386995 31.9060423636045 128.696889125557
0.387495 31.9472651731545 128.950789383486
0.387995 31.9884879827045 129.005386270923
0.388495 32.0297107922545 127.66319722768
0.388995 32.0709336018045 124.438330608221
0.389495 32.1121564113545 118.349715909487
0.389995 32.1533792209045 111.37178707809
0.390495 32.1946020304545 103.616594940267
0.390995 32.2358248400045 95.0598349266483
0.391495 32.2770476495545 87.5890952863337
0.391995 32.3182704591045 81.3728780208093
0.392495 32.3594932686545 75.3134986259738
0.392995 32.4007160782045 69.7363150131237
0.393495 32.4419388877545 65.0429944199522
0.393995 32.4831616973045 60.661938938213
0.394495 32.5243845068545 56.457168059808
0.394995 32.5656073164045 52.7639579267883
0.395495 32.6068301259545 49.2924201561056
0.395995 32.6480529355045 46.4098668404554
0.396495 32.6892757450545 44.0733650615838
0.396995 32.7304985546045 42.2161357457528
0.397495 32.7717213641545 40.8051105249816
0.397995 32.8129441737045 39.6062318058927
0.398495 32.8541669832545 38.4064261387231
0.398995 32.8953897928045 37.2383313236773
0.399495 32.9366126023545 36.1064367866985
0.399995 32.9778354119045 34.9887358931399
0.400495 33.0190582214545 33.9271571636859
0.400995 33.0602810310045 32.9120828841335
0.401495 33.1015038405545 31.9209260781499
0.401995 33.1427266501045 30.9739049554916
0.402495 33.1839494596545 30.0645069977242
0.402995 33.2251722692045 29.1906302490494
0.403495 33.2663950787545 28.3358216223681
0.403995 33.3076178883045 27.4832252808265
0.404495 33.3488406978545 26.6698099455377
0.404995 33.3900635074045 25.8561759966252
0.405495 33.4312863169545 24.9510863471294
0.405995 33.4725091265045 23.9010321945016
0.406495 33.5137319360545 22.77714191757
0.406995 33.5549547456045 21.5713639572407
0.407495 33.5961775551545 20.2570314295527
0.407995 33.6374003647045 18.8481916785733
0.408495 33.6786231742545 17.3501716338803
0.408995 33.7198459838045 15.7638724085762
0.409495 33.7610687933545 14.0859853897473
0.409995 33.8022916029045 12.3161375315877
0.410495 33.8435144124545 10.4518696749313
0.410995 33.8847372220045 8.5249944275902
0.411495 33.9259600315545 6.59657431001261
0.411995 33.9671828411045 4.74466941036733
0.412495 34.0084056506545 2.98691803848091
0.412995 34.0496284602045 1.32288618444608
0.413495 34.0908512697545 -0.324384791943474
0.413995 34.1320740793045 -2.04851508485718
0.414495 34.1732968888545 -3.95259039174694
0.414995 34.2145196984045 -6.09577325118892
0.415495 34.2557425079545 -8.40280135771518
0.415995 34.2969653175045 -10.8822238762032
0.416495 34.3381881270545 -13.4792833872452
0.416995 34.3794109366045 -16.1782052110239
0.417495 34.4206337461545 -18.8714497155858
0.417995 34.4618565557045 -20.7891449145196
0.418495 34.5030793652545 -20.1737916369841
0.418995 34.5443021748045 -17.4895006545984
0.419495 34.5855249843545 -11.9521608498032
0.419995 34.6267477939045 -8.26938571577776
0.420495 34.6679706034545 -5.45964493596112
0.420995 34.7091934130045 -3.93872835920098
0.421495 34.7504162225545 -2.43935209255788
0.421995 34.7916390321045 -0.929419097129451
0.422495 34.8328618416545 -0.0421546710377081
0.422995 34.8740846512045 0.0191377925857977
0.423495 34.9153074607545 -0.299489925234971
0.423995 34.9565302703045 -0.392037280933251
0.424495 34.9977530798545 -0.78394406371059
0.424995 35.0389758894045 -1.28726094608006
0.425495 35.0801986989545 -1.97780042856168
0.425995 35.1214215085045 -2.3975224496611
0.426495 35.1626443180545 -2.59387017709699
0.426995 35.2038671276045 -2.01273115114534
0.427495 35.2450899371545 -1.41649256247583
0.427995 35.2863127467045 -0.917660074154846
0.428495 35.3275355562545 -0.519362071276774
0.428995 35.3687583658045 -0.125212836664633
0.429495 35.4099811753545 0.358496944800841
0.429995 35.4512039849045 0.818161902661855
0.430495 35.4924267944545 1.16524322902954
0.430995 35.5336496040045 1.51758452068659
0.431495 35.5748724135545 1.86046923646376
0.431995 35.6160952231045 1.68415854730122
0.432495 35.6573180326545 1.67445523158789
0.432995 35.6985408422045 1.36755396783184
0.433495 35.7397636517545 1.4007421903314
0.433995 35.7809864613045 1.21970615166447
0.434495 35.8222092708545 1.21087947419266
0.434995 35.8634320804045 1.13149288173945
0.435495 35.9046548899545 0.990622056859423
0.435995 35.9458776995045 0.946864918321393
0.436495 35.9871005090545 0.849103959572069
0.436995 36.0283233186045 0.7333141624036
0.437495 36.0695461281545 0.560570063342404
0.437995 36.1107689377045 0.213967351913951
0.438495 36.1519917472545 -0.143290175880689
0.438995 36.1932145568045 -0.580605715188723
0.439495 36.2344373663545 -1.01077041698718
0.439995 36.2756601759045 -1.27770153019953
0.440495 36.3168829854545 -1.57493445166294
0.440995 36.3581057950045 -1.97322729947896
0.441495 36.3993286045545 -2.2803306360066
0.441995 36.4405514141045 -2.42579841248607
0.442495 36.4817742236545 -2.47144531354511
0.442995 36.5229970332045 -2.21261410080762
0.443495 36.5642198427545 -2.08656111796757
0.443995 36.6054426523045 -2.01287808931842
0.444495 36.6466654618545 -1.8218181796944
0.444995 36.6878882714045 -1.73552886812865
0.445495 36.7291110809545 -1.51101173702108
0.445995 36.7703338905045 -1.27148027973917
0.446495 36.8115567000545 -1.0524972299257
0.446995 36.8527795096045 -0.864584661203988
0.447495 36.8940023191545 -0.704831453773248
0.447995 36.9352251287045 -0.46617957222304
0.448495 36.9764479382545 -0.0743651974847521
0.448995 37.0176707478045 0.284925151980465
0.449495 37.0588935573545 0.758131379022963
0.449995 37.1001163669045 1.14499927658673
0.450495 37.1413391764545 1.32468843994015
0.450995 37.1825619860045 1.71549596577204
0.451495 37.2237847955545 2.01498974318031
0.451995 37.2650076051045 2.39590861164917
0.452495 37.3062304146545 2.67070611297281
0.452995 37.3474532242045 2.64626381889653
0.453495 37.3886760337545 2.59218092208044
0.453995 37.4298988433045 2.61908015472595
0.454495 37.4711216528545 2.46755982023955
0.454995 37.5123444624045 2.46904667492157
0.455495 37.5535672719545 2.35703195017415
0.455995 37.5947900815045 2.27301840027927
0.456495 37.6360128910545 2.2398337317543
0.456995 37.6772357006045 1.92834784110406
0.457495 37.7184585101545 1.78474884930071
0.457995 37.7596813197045 1.51293471404745
0.458495 37.8009041292545 1.29321940182869
0.458995 37.8421269388045 1.01351264663208
0.459495 37.8833497483545 0.792596448247749
0.459995 37.9245725579045 0.440247846077132
0.460495 37.9657953674545 0.101455196232396
0.460995 38.0070181770045 -0.429169353748434
0.461495 38.0482409865545 -0.874442343982504
0.461995 38.0894637961045 -1.25027372600016
0.462495 38.1306866056545 -1.50328326300183
0.462995 38.1719094152045 -1.6963506151434
0.463495 38.2131322247545 -2.0076321113777
0.463995 38.2543550343045 -2.0993229132331
0.464495 38.2955778438545 -2.0328218258228
0.464995 38.3368006534045 -2.00263409215255
0.465495 38.3780234629545 -1.98705188690672
0.465995 38.4192462725045 -2.06366778210618
0.466495 38.4604690820545 -2.03765055094953
0.466995 38.5016918916045 -1.94875533346196
0.467495 38.5429147011545 -1.79733687794837
0.467995 38.5841375107045 -1.56073088872362
0.468495 38.6253603202545 -1.38131407449772
0.468995 38.6665831298045 -1.08891638380642
0.469495 38.7078059393545 -0.809377419068629
0.469995 38.7490287489045 -0.352074748200738
0.470495 38.7902515584545 -0.0568741646385667
0.470995 38.8314743680045 0.31898352655823
0.471495 38.8726971775545 0.545203854134652
0.471995 38.9139199871045 0.807036778360448
0.472495 38.9551427966545 1.02282392268392
0.472995 38.9963656062045 1.08671396132802
0.473495 39.0375884157545 1.28751527640243
0.473995 39.0788112253045 1.28409234596821
0.474495 39.1200340348545 1.32240010532774
0.474995 39.1612568444045 1.36637736805261
0.475495 39.2024796539545 1.41806556175939
0.475995 39.2437024635045 1.54629831528307
0.476495 39.2849252730545 1.46819182763714
0.476995 39.3261480826045 1.41800515637322
0.477495 39.3673708921545 1.3470255737844
0.477995 39.4085937017045 1.25012972100874
0.478495 39.4498165112545 1.22226432372235
0.478995 39.4910393208045 0.923501555265505
0.479495 39.5322621303545 0.628698238860048
0.479995 39.5734849399045 0.345836050109549
0.480495 39.6147077494545 0.0216589866650119
0.480995 39.6559305590045 -0.15154890099689
0.481495 39.6971533685545 -0.402876911664848
0.481995 39.7383761781045 -0.636428460178079
0.482495 39.7795989876545 -0.788654976749072
0.482995 39.8208217972045 -0.937202873535733
0.483495 39.8620446067545 -0.996940282106197
0.483995 39.9032674163045 -0.984630523626527
0.484495 39.9444902258545 -0.969772758513328
0.484995 39.9857130354045 -1.01069745960754
0.485495 40.0269358449545 -1.01119124725579
0.485995 40.0681586545045 -0.915543420688284
0.486495 40.1093814640545 -0.895775614272368
0.486995 40.1506042736045 -0.832944068857651
0.487495 40.1918270831545 -0.678292141255062
0.487995 40.2330498927045 -0.655035030160041
0.488495 40.2742727022545 -0.519472126786938
0.488995 40.3154955118045 -0.411990395311442
0.489495 40.3567183213545 -0.334378179176435
0.489995 40.3979411309045 -0.127569293240378
0.490495 40.4391639404545 -0.0465347718971451
0.490995 40.4803867500045 0.0392480050166934
0.491495 40.5216095595545 0.0625792582305128
0.491995 40.5628323691045 0.223141554957368
0.492495 40.6040551786545 0.261131674868968
0.492995 40.6452779882045 0.386442318056538
0.493495 40.6865007977545 0.460437469915607
0.493995 40.7277236073045 0.505837072508447
0.494495 40.7689464168545 0.585783149573166
0.494995 40.8101692264045 0.746582679338453
0.495495 40.8513920359545 0.816638065130368
0.495995 40.8926148455045 0.971360770987872
0.496495 40.9338376550545 0.969261191411668
0.496995 40.9750604646045 0.979566229070736
0.497495 41.0162832741545 1.03321174913107
0.497995 41.0575060837045 0.912839111393012
0.498495 41.0987288932545 0.871492846933627
0.498995 41.1399517028045 0.749589695650574
0.499495 41.1811745123545 0.57714561395365
0.499995 41.2223973219045 0.476783524762481
