# Fix print output for fix Step
0 0 -0.747523447723262
0.000494999999999898 0.0324084026604623 2.28674648505122
0.000995000000000024 0.0651441629235705 -0.244498845704903
0.00149500000000015 0.0978799231866787 2.78022471368535
0.00199499999999993 0.130615683449764 1.26537151717952
0.00249500000000005 0.163351443712872 1.72466120446998
0.002995 0.196087203975969 3.1123669681553
0.00349499999999996 0.228822964239066 1.23708178319166
0.00399500000000008 0.261558724502174 3.88648711295857
0.00449500000000003 0.294294484765271 0.77135129365588
0.00499499999999998 0.327030245028368 5.02788866572547
0.00549500000000011 0.359766005291476 1.32900211701006
0.00599499999999989 0.392501765554562 4.91224095768637
0.00649500000000001 0.42523752581767 2.73549737100513
0.00699500000000014 0.457973286080778 4.42514522303382
0.00749499999999992 0.490709046343864 4.1505776893825
0.00799500000000004 0.523444806606972 3.93735659338563
0.00849500000000017 0.55618056687008 5.26937427336968
0.00899499999999994 0.588916327133165 3.41978226810151
0.00949500000000007 0.621652087396274 6.53649671334056
0.00999500000000002 0.65438784765937 3.60290232620924
0.010495 0.687123607922467 6.67352186770868
0.0109950000000001 0.719859368185575 4.30223211195006
0.0114949999999999 0.752595128448661 6.8893908178888
0.011995 0.785330888711769 5.16864081557239
0.0124950000000001 0.818066648974877 6.51598601232611
0.0129949999999999 0.850802409237963 6.5579694819099
0.013495 0.883538169501071 6.12915863098466
0.0139950000000002 0.916273929764179 7.38027483007863
0.0144949999999999 0.949009690027265 6.11717519054782
0.0149950000000001 0.981745450290373 8.32610868161798
0.015495 1.01448121055347 6.22972177970817
0.015995 1.04721697081657 8.62627857958267
0.0164950000000001 1.07995273107967 6.81438066119419
0.016995 1.11268849134277 8.80331930147508
0.017495 1.14542425160587 7.63216333053103
0.0179950000000001 1.17816001186898 8.73047855837592
0.0184949999999999 1.21089577213206 8.42355819772354
0.018995 1.24363153239517 8.59401498356816
0.0194950000000001 1.27636729265828 9.42325331908536
0.0199949999999999 1.30910305292136 8.52335534764553
0.020495 1.34183881318447 10.1282659078101
0.020995 1.37457457344757 8.84635432239775
0.021495 1.40731033371067 10.4579839846629
0.0219950000000001 1.44004609397377 9.12502639606762
0.022495 1.47278185423687 10.6629023817016
0.022995 1.50551761449997 9.84346583439084
0.0234950000000001 1.53825337476308 10.7392065362265
0.0239949999999999 1.57098913502616 10.537087190459
0.024495 1.60372489528927 10.7720580257179
0.0249950000000001 1.63646065555238 11.0801974434239
0.0254949999999999 1.66919641581546 10.9798043331741
0.025995 1.70193217607857 11.8602629879088
0.0264950000000002 1.73466793634168 11.1765006147517
0.0269949999999999 1.76740369660477 12.1389666307157
0.0274950000000001 1.80013945686787 11.5233671561839
0.027995 1.83287521713097 12.5518343937323
0.028495 1.86561097739407 11.9868733173351
0.0289950000000001 1.89834673765718 12.694837240191
0.029495 1.93108249792027 12.4453070457805
0.029995 1.96381825818337 12.885078260137
0.0304950000000001 1.99655401844648 13.048751918154
0.0309949999999999 2.02928977870956 13.1468150435161
0.031495 2.06202553897267 13.5560504949053
0.0319950000000001 2.09476129923578 13.3026804746166
0.0324949999999999 2.12749705949886 13.9254168168992
0.0329950000000001 2.16023281976197 13.633319665735
0.033495 2.19296858002507 14.3593805448549
0.033995 2.22570434028817 13.9679560200609
0.0344950000000001 2.25844010055127 14.586674550234
0.034995 2.29117586081437 14.3724283782809
0.035495 2.32391162107747 14.8144318353953
0.0359950000000001 2.35664738134058 14.8239325741244
0.0364949999999999 2.38938314160366 15.1117330371191
0.036995 2.42211890186677 15.2854347329431
0.0374950000000001 2.45485466212988 15.4387372452008
0.0379949999999999 2.48759042239296 15.8129714683575
0.038495 2.52032618265607 15.7337948373729
0.0389950000000002 2.55306194291918 16.2278437366632
0.0394949999999999 2.58579770318227 15.9549588265188
0.0399950000000001 2.61853346344537 16.5407105191739
0.040495 2.65126922370847 16.365887324818
0.040995 2.68400498397157 16.831410247397
0.0414950000000001 2.71674074423468 16.6314029035284
0.0419949999999999 2.74947650449776 17.0391219365898
0.042495 2.78221226476087 17.1084046930854
0.0429950000000001 2.81494802502398 17.3295192427777
0.0434949999999999 2.84768378528706 17.5683517402943
0.043995 2.88041954555017 17.6128682940147
0.0444950000000002 2.91315530581328 17.9800280917488
0.0449949999999999 2.94589106607636 17.952217566666
0.0454950000000001 2.97862682633947 18.3887544397083
0.045995 3.01136258660257 18.185858378498
0.046495 3.04409834686567 18.625117235002
0.0469950000000001 3.07683410712878 18.4832883983717
0.047495 3.10956986739187 18.9848451150522
0.047995 3.14230562765497 18.9828323576687
0.0484950000000001 3.17504138791808 19.0713761337362
0.0489949999999999 3.20777714818116 19.1907422459336
0.049495 3.24051290844427 19.4787663759156
0.0499950000000001 3.27324866870738 19.7171133846145
0.0504949999999999 3.30598442897046 19.6765037541203
0.050995 3.33872018923357 20.0263699117149
0.051495 3.37145594949667 20.099046321469
0.051995 3.40419170975977 20.5238430287392
0.0524950000000001 3.43692747002287 20.382099394639
0.052995 3.46966323028597 20.7240840550109
0.053495 3.50239899054907 20.7313297745105
0.0539950000000001 3.53513475081218 21.0478816238956
0.0544949999999999 3.56787051107526 21.1481778356382
0.054995 3.60060627133837 21.3217985883927
0.0554950000000001 3.63334203160148 21.4770782880884
0.0559949999999999 3.66607779186456 21.5247431442776
0.056495 3.69881355212767 21.8892191057396
0.056995 3.73154931239077 21.8582691425797
0.0574949999999999 3.76428507265387 22.2101114371296
0.0579950000000001 3.79702083291697 22.1487784540985
0.058495 3.82975659318007 22.4733773240755
0.058995 3.86249235344317 22.4562986986186
0.0594950000000001 3.89522811370628 22.7431887098682
0.059995 3.92796387396937 22.7857482121321
0.060495 3.96069963423247 22.9972577726719
0.0609950000000001 3.99343539449558 23.0749674400962
0.0614949999999999 4.02617115475866 23.2854849250475
0.061995 4.05890691502177 23.5006484460393
0.0624950000000002 4.09164267528488 23.5639837981196
0.0629949999999999 4.12437843554796 23.8673627753291
0.0634950000000001 4.15711419581107 23.8972770313669
0.063995 4.18984995607417 24.171593834003
0.064495 4.22258571633727 24.1625013131828
0.0649950000000001 4.25532147660037 24.3966006614012
0.065495 4.28805723686347 24.4235600453107
0.065995 4.32079299712657 24.7616021474477
0.0664950000000001 4.35352875738968 24.861619199517
0.0669949999999999 4.38626451765276 24.917937088884
0.067495 4.41900027791587 25.1650431572251
0.0679950000000001 4.45173603817898 25.2952208751775
0.0684949999999999 4.48447179844206 25.5046012079766
0.068995 4.51720755870517 25.4227050380553
0.069495 4.54994331896827 25.7814912895034
0.0699949999999999 4.58267907923137 25.7884369410165
0.0704950000000001 4.61541483949447 26.1528655923959
0.070995 4.64815059975757 26.0251727080097
0.071495 4.68088636002067 26.3138804764851
0.0719950000000001 4.71362212028378 26.4118377999119
0.0724949999999999 4.74635788054686 26.5378592645093
0.072995 4.77909364080997 26.6639081908881
0.0734950000000001 4.81182940107308 26.8060711317718
0.0739949999999999 4.84456516133616 27.0059928579999
0.074495 4.87730092159927 27.0250708279735
0.0749950000000002 4.91003668186238 27.3451833697248
0.0754949999999999 4.94277244212546 27.2671322634766
0.0759950000000001 4.97550820238857 27.5881672387927
0.076495 5.00824396265167 27.5982416231631
0.076995 5.04097972291477 27.8794754560378
0.0774950000000001 5.07371548317788 27.9160199942854
0.077995 5.10645124344097 28.1391078432714
0.078495 5.13918700370407 28.2398980855566
0.0789950000000001 5.17192276396718 28.394892902783
0.0794949999999999 5.20465852423026 28.5713307612704
0.079995 5.23739428449337 28.5685701250196
0.0804950000000001 5.27013004475648 28.7818193040331
0.0809949999999999 5.30286580501956 28.9114894105382
0.0814950000000001 5.33560156528267 29.1635306216072
0.081995 5.36833732554577 29.0892646087798
0.082495 5.40107308580887 29.3809185728456
0.0829950000000001 5.43380884607197 29.3749420127746
0.083495 5.46654460633507 29.6409497444593
0.083995 5.49928036659817 29.7760340077361
0.0844950000000001 5.53201612686128 29.953407271202
0.0849949999999999 5.56475188712436 30.0285738502526
0.085495 5.59748764738747 30.098457033489
0.0859950000000001 5.63022340765058 30.3271189912363
0.0864949999999999 5.66295916791366 30.4298730936438
0.086995 5.69569492817677 30.58677500509
0.0874950000000002 5.72843068843988 30.6136916846792
0.0879949999999999 5.76116644870297 30.8235845527712
0.0884950000000001 5.79390220896607 30.909889408775
0.088995 5.82663796922917 31.0824000160389
0.089495 5.85937372949227 31.2476582504242
0.0899950000000001 5.89210948975538 31.3184756744114
0.090495 5.92484525001847 31.4632284981562
0.090995 5.95758101028157 31.5646169344056
0.0914950000000001 5.99031677054468 31.6809573102265
0.0919949999999999 6.02305253080776 31.8593829665315
0.092495 6.05578829107087 31.9728104556693
0.092995 6.08852405133397 32.0906121868125
0.0934949999999999 6.12125981159707 32.2360960366204
0.0939950000000001 6.15399557186017 32.4256514070357
0.094495 6.18673133212327 32.4172781092139
0.094995 6.21946709238637 32.5262619687327
0.0954950000000001 6.25220285264948 32.7414737837223
0.095995 6.28493861291257 32.8751267928701
0.096495 6.31767437317567 32.9433607859536
0.0969950000000001 6.35041013343878 33.080388672726
0.0974949999999999 6.38314589370186 33.2340691625181
0.097995 6.41588165396497 33.2947202608061
0.0984950000000001 6.44861741422808 33.3885248860524
0.0989949999999999 6.48135317449116 33.5151084570029
0.099495 6.51408893475427 33.7805444246469
0.099995 6.54682469501737 33.8358540135182
0.100495 6.57956045528047 33.8869042538809
0.100995 6.61229621554357 33.9981417324644
0.101495 6.64503197580667 34.1342630759777
0.101995 6.67776773606977 34.2756391630224
0.102495 6.71050349633288 34.3898035675335
0.102995 6.74323925659597 34.5176777711715
0.103495 6.77597501685907 34.5599007694327
0.103995 6.80871077712218 34.7698287272643
0.104495 6.84144653738526 34.8499410925942
0.104995 6.87418229764837 35.0414132334461
0.105495 6.90691805791147 35.0894716759288
0.105995 6.93965381817457 35.2607878768985
0.106495 6.97238957843767 35.3558115524103
0.106995 7.00512533870077 35.4381261989676
0.107495 7.03786109896387 35.5637479155737
0.107995 7.07059685922698 35.630226255168
0.108495 7.10333261949007 35.8165281896808
0.108995 7.13606837975317 35.829039992248
0.109495 7.16880414001628 36.006631921792
0.109995 7.20153990027936 36.1095413734963
0.110495 7.23427566054247 36.2259728220961
0.110995 7.26701142080558 36.2429915486167
0.111495 7.29974718106866 36.4032078964383
0.111995 7.33248294133177 36.5922168139269
0.112495 7.36521870159487 36.6914978795384
0.112995 7.39795446185797 36.6677252456705
0.113495 7.43069022212107 36.8382685659768
0.113995 7.46342598238417 37.0272891017903
0.114495 7.49616174264727 37.102098803473
0.114995 7.52889750291038 37.1661337729258
0.115495 7.56163326317346 37.1630674256973
0.115995 7.59436902343657 37.4202534915897
0.116495 7.62710478369968 37.5081454999468
0.116995 7.65984054396276 37.5687058854058
0.117495 7.69257630422587 37.6384001732787
0.117995 7.72531206448897 37.8574636108942
0.118495 7.75804782475207 37.8829888330175
0.118995 7.79078358501517 37.9518500826968
0.119495 7.82351934527827 38.0890606046557
0.119995 7.85625510554137 38.2051237952845
0.120495 7.88899086580448 38.3120116830515
0.120995 7.92172662606757 38.4160419345414
0.121495 7.95446238633067 38.4883944925145
0.121995 7.98719814659378 38.5873528165719
0.122495 8.01993390685686 38.7496113192164
0.122995 8.05266966711997 38.791907242919
0.123495 8.08540542738307 38.9604941761746
0.123995 8.11814118764616 38.9258571469598
0.124495 8.15087694790927 39.1044554140566
0.124995 8.18361270817237 39.193888687922
0.125495 8.21634846843547 39.3140639184593
0.125995 8.24908422869857 39.3350901598743
0.126495 8.28181998896167 39.5303630361232
0.126995 8.31455574922477 39.640619493735
0.127495 8.34729150948788 39.6216017386002
0.127995 8.38002726975096 39.7861605717545
0.128495 8.41276303001407 39.870283313334
0.128995 8.44549879027717 39.9568828484306
0.129495 8.47823455054026 40.0319988680685
0.129995 8.51097031080337 40.1846335327279
0.130495 8.54370607106647 40.1905493876109
0.130995 8.57644183132957 40.3438711536159
0.131495 8.60917759159267 40.425890848093
0.131995 8.64191335185577 40.5215649818879
0.132495 8.67464911211887 40.6715535482028
0.132995 8.70738487238198 40.6936557614036
0.133495 8.74012063264506 40.8124312531948
0.133995 8.77285639290817 40.8560256092654
0.134495 8.80559215317128 41.0284811810418
0.134995 8.83832791343436 41.0490672202078
0.135495 8.87106367369747 41.1679795643009
0.135995 8.90379943396058 41.2815544784076
0.136495 8.93653519422367 41.3563798049461
0.136995 8.96927095448677 41.4175185491523
0.137495 9.00200671474987 41.5403214670065
0.137995 9.03474247501297 41.6051223233843
0.138495 9.06747823527608 41.6415299315733
0.138995 9.10021399553917 41.8078272335381
0.139495 9.13294975580227 41.8412338377983
0.139995 9.16568551606538 41.9953906588304
0.140495 9.19842127632846 41.954362084061
0.140995 9.23115703659157 42.1135570594931
0.141495 9.26389279685467 42.2411561500385
0.141995 9.29662855711777 42.2526651827696
0.142495 9.32936431738087 42.3426639865895
0.142995 9.36210007764397 42.4600420271727
0.143495 9.39483583790707 42.5525707077733
0.143995 9.42757159817018 42.5982494607987
0.144495 9.46030735843327 42.6048937180489
0.144995 9.49304311869637 42.7657289024095
0.145495 9.52577887895948 42.8681635914426
0.145995 9.55851463922257 42.9170341678608
0.146495 9.59125039948567 43.0072839741643
0.146995 9.62398615974878 43.0515282395969
0.147495 9.65672192001187 43.1865201815842
0.147995 9.68945768027497 43.2457731373347
0.148495 9.72219344053807 43.3145390864238
0.148995 9.75492920080117 43.363304450312
0.149495 9.78766496106427 43.4776606738304
0.149995 9.82040072132737 43.5661047303004
0.150495 9.85313648159047 43.615005996718
0.150995 9.88587224185358 43.7199171900369
0.151495 9.91860800211666 43.8088043329571
0.151995 9.95134376237977 43.8657567800349
0.152495 9.98407952264287 43.9035493684955
0.152995 10.016815282906 44.0084380782072
0.153495 10.0495510431691 44.0652911392349
0.153995 10.0822868034322 44.1073693355132
0.154495 10.1150225636953 44.1744014282899
0.154995 10.1477583239584 44.291845864532
0.155495 10.1804940842215 44.3717921207788
0.155995 10.2132298444846 44.398918382875
0.156495 10.2459656047477 44.4868008161958
0.156995 10.2787013650108 44.5986606289698
0.157495 10.3114371252739 44.635360888146
0.157995 10.344172885537 44.6477346304057
0.158495 10.3769086458001 44.7926072965175
0.158995 10.4096444060632 44.9080061499429
0.159495 10.4423801663263 44.9640057076058
0.159995 10.4751159265894 44.9491379928319
0.160495 10.5078516868525 45.087796442737
0.160995 10.5405874471156 45.1478203184711
0.161495 10.5733232073787 45.2259257882056
0.161995 10.6060589676418 45.2564646311945
0.162495 10.6387947279049 45.3307953425884
0.162995 10.671530488168 45.4522758467145
0.163495 10.7042662484311 45.4954711629692
0.163995 10.7370020086942 45.536505163231
0.164495 10.7697377689573 45.5362861313366
0.164995 10.8024735292204 45.6953334985683
0.165495 10.8352092894835 45.7485687899065
0.165995 10.8679450497466 45.8376352108844
0.166495 10.9006808100097 45.874369749277
0.166995 10.9334165702728 45.8959543762396
0.167495 10.9661523305359 45.9636283635442
0.167995 10.998888090799 46.0608825941974
0.168495 11.0316238510621 46.094624231823
0.168995 11.0643596113252 46.1718121999487
0.169495 11.0970953715883 46.2602861799469
0.169995 11.1298311318514 46.2838279380523
0.170495 11.1625668921145 46.3302172057408
0.170995 11.1953026523776 46.3562584415214
0.171495 11.2280384126407 46.4994442440619
0.171995 11.2607741729038 46.5255700142209
0.172495 11.2935099331669 46.5948131259828
0.172995 11.32624569343 46.5913791075714
0.173495 11.3589814536931 46.8107766585623
0.173995 11.3917172139562 46.7665008216262
0.174495 11.4244529742193 46.8239927487118
0.174995 11.4571887344824 46.8550080833577
0.175495 11.4899244947455 47.0043848360739
0.175995 11.5226602550086 47.0660675243667
0.176495 11.5553960152717 47.0688528086793
0.176995 11.5881317755348 47.1489199747549
0.177495 11.6208675357979 47.2011673925633
0.177995 11.653603296061 47.2887126539533
0.178495 11.6863390563241 47.2716600504601
0.178995 11.7190748165872 47.4038614380731
0.179495 11.7518105768503 47.4402988365865
0.179995 11.7845463371134 47.5017511011191
0.180495 11.8172820973765 47.5171718694915
0.180995 11.8500178576396 47.591927754461
0.181495 11.8827536179027 47.6503499665554
0.181995 11.9154893781658 47.6827513254899
0.182495 11.9482251384289 47.7282540911298
0.182995 11.980960898692 47.7556389735434
0.183495 12.0136966589551 47.873726956248
0.183995 12.0464324192182 47.8617234809654
0.184495 12.0791681794813 47.949097476766
0.184995 12.1119039397444 47.980765447756
0.185495 12.1446397000075 48.1051266962892
0.185995 12.1773754602706 48.0638120688555
0.186495 12.2101112205337 48.2179588183889
0.186995 12.2428469807968 48.2265221346197
0.187495 12.2755827410599 48.2889080107315
0.187995 12.308318501323 48.3407522252862
0.188495 12.3410542615861 48.3212926292718
0.188995 12.3737900218492 48.4190664712127
0.189495 12.4065257821123 48.4654156001029
0.189995 12.4392615423754 48.565392283054
0.190495 12.4719973026385 48.5411659570524
0.190995 12.5047330629016 48.6746993417919
0.191495 12.5374688231647 48.6271420521743
0.191995 12.5702045834278 48.7706307408242
0.192495 12.6029403436909 48.7879058587806
0.192995 12.635676103954 48.8229886342465
0.193495 12.6684118642171 48.8294057749026
0.193995 12.7011476244802 48.8932706469533
0.194495 12.7338833847433 48.9721978544062
0.194995 12.7666191450064 49.0111708068973
0.195495 12.7993549052695 49.0678135079139
0.195995 12.8320906655326 49.0625386974032
0.196495 12.8648264257957 49.1620596208511
0.196995 12.8975621860588 49.2136460561452
0.197495 12.9302979463219 49.332965025468
0.197995 12.963033706585 49.2465358343074
0.198495 12.9957694668481 49.2997797235399
0.198995 13.0285052271112 49.4255576263158
0.199495 13.0612409873743 49.5119368480874
0.199995 13.0939767476374 49.4675917681273
0.200495 13.1267125079005 49.4795507013566
0.200995 13.1594482681636 49.5259884906283
0.201495 13.1921840284267 49.69278822851
0.201995 13.2249197886898 49.7106381195328
0.202495 13.2576555489529 49.6677752000592
0.202995 13.290391309216 49.7147581608521
0.203495 13.3231270694791 49.7517076494736
0.203995 13.3558628297422 49.9050528165035
0.204495 13.3885985900053 49.8808013642355
0.204995 13.4213343502684 49.9194229206889
0.205495 13.4540701105315 49.8639802453774
0.205995 13.4868058707946 50.0518052980154
0.206495 13.5195416310577 49.9705884169238
0.206995 13.5522773913208 50.0953064278079
0.207495 13.5850131515839 50.0538368487122
0.207995 13.617748911847 50.1400975258406
0.208495 13.6504846721101 50.1682461661561
0.208995 13.6832204323732 50.2583599833828
0.209495 13.7159561926363 50.3303738512423
0.209995 13.7486919528994 50.2889054130134
0.210495 13.7814277131625 50.401468923933
0.210995 13.8141634734256 50.3352778963821
0.211495 13.8468992336887 50.493773786595
0.211995 13.8796349939518 50.5137613844514
0.212495 13.9123707542149 50.5560794754204
0.212995 13.945106514478 50.5040012460697
0.213495 13.9778422747411 50.671638278974
0.213995 14.0105780350042 50.6996779952942
0.214495 14.0433137952673 50.7194029377053
0.214995 14.0760495555304 50.7183923025131
0.215495 14.1087853157935 50.7502332331848
0.215995 14.1415210760566 50.8390245403025
0.216495 14.1742568363197 50.8569639335717
0.216995 14.2069925965828 50.9464628272308
0.217495 14.2397283568459 50.872139485856
0.217995 14.272464117109 51.0308790052574
0.218495 14.3051998773721 51.0313482516459
0.218995 14.3379356376352 51.0919676916625
0.219495 14.3706713978983 51.0700757587537
0.219995 14.4034071581614 51.2051629208854
0.220495 14.4361429184245 51.2299939621742
0.220995 14.4688786786876 51.2377096976005
0.221495 14.5016144389507 51.2774813839829
0.221995 14.5343501992138 51.3005694499418
0.222495 14.5670859594769 51.4423343089363
0.222995 14.59982171974 51.3863448735826
0.223495 14.6325574800031 51.4981936169353
0.223995 14.6652932402662 51.4982493412318
0.224495 14.6980290005293 51.6041992822972
0.224995 14.7307647607924 51.5105162976108
0.225495 14.7635005210555 51.6149499120155
0.225995 14.7962362813186 51.7205437920752
0.226495 14.8289720415817 51.7341589281235
0.226995 14.8617078018448 51.7170653029561
0.227495 14.8944435621079 51.7221323989531
0.227995 14.927179322371 51.8790795595021
0.228495 14.9599150826341 51.8120871768593
0.228995 14.9926508428972 51.945367945734
0.229495 15.0253866031603 51.9342891922741
0.229995 15.0581223634234 52.0636306562744
0.230495 15.0908581236865 51.941067952382
0.230995 15.1235938839496 52.0483890539791
0.231495 15.1563296442127 52.1645018573821
0.231995 15.1890654044758 52.1978085211182
0.232495 15.2218011647389 52.205828825185
0.232995 15.254536925002 52.266114375614
0.233495 15.2872726852651 52.2338882867711
0.233995 15.3200084455282 52.2373562510833
0.234495 15.3527442057913 52.3421874638738
0.234995 15.3854799660544 52.3872449469451
0.235495 15.4182157263175 52.4697225239224
0.235995 15.4509514865806 52.5186897956633
0.236495 15.4836872468437 52.5548423026302
0.236995 15.5164230071068 52.5187678343722
0.237495 15.5491587673699 52.5740155327338
0.237995 15.581894527633 52.6840193672612
0.238495 15.6146302878961 52.7142470890859
0.238995 15.6473660481592 52.6928521221973
0.239495 15.6801018084223 52.8055333754369
0.239995 15.7128375686854 52.8941286257117
0.240495 15.7455733289485 52.8910330296902
0.240995 15.7783090892116 52.8962369538829
0.241495 15.8110448494747 52.9603136221019
0.241995 15.8437806097378 53.0035182337322
0.242495 15.8765163700009 52.9454434525825
0.242995 15.909252130264 53.0992235514968
0.243495 15.9419878905271 53.1536262926634
0.243995 15.9747236507902 53.2430462985082
0.244495 16.0074594110533 53.0886976299447
0.244995 16.0401951713164 53.2529897820609
0.245495 16.0729309315795 53.3339762790814
0.245995 16.1056666918426 53.3609891650967
0.246495 16.1384024521057 53.4005867917742
0.246995 16.1711382123688 53.4070763163163
0.247495 16.2038739726319 53.4666808971704
0.247995 16.236609732895 53.5425531933278
0.248495 16.2693454931581 53.5378508319942
0.248995 16.3020812534212 53.5427945067215
0.249495 16.3348170136843 53.5854953343859
0.249995 16.3675527739474 53.6103380624103
0.250495 16.4002885342105 53.7779982288589
0.250995 16.4330242944736 53.7343306210947
0.251495 16.4657600547367 53.7752608806772
0.251995 16.4984958149998 53.810883654732
0.252495 16.5312315752629 53.8948333966284
0.252995 16.563967335526 53.9826650652481
0.253495 16.5967030957891 53.9775694812497
0.253995 16.6294388560522 53.9717240301082
0.254495 16.6621746163153 53.9869535091079
0.254995 16.6949103765784 54.1506296336826
0.255495 16.7276461368415 54.157572974567
0.255995 16.7603818971046 54.1902239501218
0.256495 16.7931176573677 54.1614777517835
0.256995 16.8258534176308 54.4487713838208
0.257495 16.8585891778939 54.352100025041
0.257995 16.891324938157 54.3611659115621
0.258495 16.9240606984201 54.3763719675518
0.258995 16.9567964586832 54.4449838395474
0.259495 16.9895322189463 54.6225928637275
0.259995 17.0222679792094 54.562572950782
0.260495 17.0550037394725 54.5425316753749
0.260995 17.0877394997356 54.6060083590392
0.261495 17.1204752599987 54.839885725789
0.261995 17.1532110202618 54.8400240134845
0.262495 17.1859467805249 54.8460113318856
0.262995 17.218682540788 54.8872338121033
0.263495 17.2514183010511 54.9030841761892
0.263995 17.2841540613142 54.9396726624094
0.264495 17.3168898215773 55.0231584827088
0.264995 17.3496255818404 55.0344843985406
0.265495 17.3823613421035 55.0998980612081
0.265995 17.4150971023666 55.2011823896194
0.266495 17.4478328626297 55.2424173560605
0.266995 17.4805686228928 55.3241001571142
0.267495 17.5133043831559 55.2987629149544
0.267995 17.546040143419 55.4548457863713
0.268495 17.5787759036821 55.5033522159324
0.268995 17.6115116639452 55.5896345626017
0.269495 17.6442474242083 55.552554414598
0.269995 17.6769831844714 55.6257941766004
0.270495 17.7097189447345 55.6426618377445
0.270995 17.7424547049976 55.7356613380056
0.271495 17.7751904652607 55.8838134449552
0.271995 17.8079262255238 55.7861386358204
0.272495 17.8406619857869 55.8818863015168
0.272995 17.87339774605 55.9636958621441
0.273495 17.9061335063131 56.0637934126756
0.273995 17.9388692665762 56.0671922688688
0.274495 17.9716050268393 56.165615357284
0.274995 18.0043407871024 56.269499888114
0.275495 18.0370765473655 56.3113747033557
0.275995 18.0698123076286 56.3385278837458
0.276495 18.1025480678917 56.316824833264
0.276995 18.1352838281548 56.5119904386457
0.277495 18.1680195884179 56.516130993731
0.277995 18.200755348681 56.6329529146365
0.278495 18.2334911089441 56.6492281469125
0.278995 18.2662268692072 56.7039982855705
0.279495 18.2989626294703 56.7193431295214
0.279995 18.3316983897334 56.804722523382
0.280495 18.3644341499965 56.9039424697674
0.280995 18.3971699102596 56.9344850352241
0.281495 18.4299056705227 57.0576424903924
0.281995 18.4626414307858 57.138729471336
0.282495 18.4953771910489 57.25529881576
0.282995 18.528112951312 57.183270515599
0.283495 18.5608487115751 57.3183232160424
0.283995 18.5935844718382 57.3045305335573
0.284495 18.6263202321013 57.4879664869981
0.284995 18.6590559923644 57.6877772479088
0.285495 18.6917917526275 57.5550606193802
0.285995 18.7245275128906 57.6147561682567
0.286495 18.7572632731537 57.9552734662172
0.286995 18.7899990334168 57.8237803896511
0.287495 18.8227347936799 57.9183648665084
0.287995 18.855470553943 57.8768601805777
0.288495 18.8882063142061 58.1190623317363
0.288995 18.9209420744692 58.2232074299505
0.289495 18.9536778347323 58.2435396020838
0.289995 18.9864135949954 58.4079654900314
0.290495 19.0191493552585 58.4288896239919
0.290995 19.0518851155216 58.4943982793046
0.291495 19.0846208757847 58.5827927062596
0.291995 19.1173566360478 58.7466337273588
0.292495 19.1500923963109 58.8083358865113
0.292995 19.182828156574 59.0154978693379
0.293495 19.2155639168371 58.8694699610017
0.293995 19.2482996771002 58.9417536198441
0.294495 19.2810354373633 59.1539477261219
0.294995 19.3137711976264 59.1901027481765
0.295495 19.3465069578895 59.2814210190233
0.295995 19.3792427181526 59.3554802023148
0.296495 19.4119784784157 59.5038340416233
0.296995 19.4447142386788 59.6785749942127
0.297495 19.4774499989419 59.7670059037061
0.297995 19.510185759205 59.7830835808735
0.298495 19.5429215194681 59.7912012507459
0.298995 19.5756572797312 60.0265650263178
0.299495 19.6083930399943 60.1211083423073
0.299995 19.6411288002574 60.1896040241295
0.300495 19.6738645605205 60.3864179830529
0.300995 19.7066003207836 60.5275474599568
0.301495 19.7393360810467 60.5227502534253
0.301995 19.7720718413098 60.6594227910753
0.302495 19.8048076015729 60.8098037827132
0.302995 19.837543361836 61.0788983428819
0.303495 19.8702791220991 61.1191312584025
0.303995 19.9030148823622 61.2305245003994
0.304495 19.9357506426253 61.2143351901119
0.304995 19.9684864028884 61.4862273880352
0.305495 20.0012221631515 61.5236418350114
0.305995 20.0339579234146 61.8383869650896
0.306495 20.0666936836777 61.8837503656875
0.306995 20.0994294439408 61.9838384964568
0.307495 20.1321652042039 61.9663477047873
0.307995 20.164900964467 62.1356634913027
0.308495 20.1976367247301 62.3515303586823
0.308995 20.2303724849932 62.6628525410403
0.309495 20.2631082452563 62.6502702803465
0.309995 20.2958440055194 62.824150216557
0.310495 20.3285797657825 62.9986627580488
0.310995 20.3613155260456 63.1218801842324
0.311495 20.3940512863087 63.3036799296242
0.311995 20.4267870465718 63.2327083441794
0.312495 20.4595228068349 63.6748553992101
0.312995 20.492258567098 63.7443135615583
0.313495 20.5249943273611 63.7529639205125
0.313995 20.5577300876242 64.042129264809
0.314495 20.5904658478873 64.2719458358309
0.314995 20.6232016081504 64.3358814463229
0.315495 20.6559373684135 64.5001485558359
0.315995 20.6886731286766 64.5831701615494
0.316495 20.7214088889397 64.9486048669301
0.316995 20.7541446492028 65.1755310054835
0.317495 20.7868804094659 65.2034811258716
0.317995 20.819616169729 65.3728173895824
0.318495 20.8523519299921 65.5780688430425
0.318995 20.8850876902552 65.628075866801
0.319495 20.9178234505183 66.0218047354068
0.319995 20.9505592107814 66.1301502002427
0.320495 20.9832949710445 66.3250478288454
0.320995 21.0160307313076 66.5383885894961
0.321495 21.0487664915707 66.6395960240494
0.321995 21.0815022518338 66.912643790867
0.322495 21.1142380120969 67.124138970964
0.322995 21.14697377236 67.1022824858954
0.323495 21.1797095326231 67.4306591569644
0.323995 21.2124452928862 67.6181382849717
0.324495 21.2451810531493 67.8556795341774
0.324995 21.2779168134124 68.0764038299429
0.325495 21.3106525736755 68.260080615686
0.325995 21.3433883339386 68.6445496056758
0.326495 21.3761240942017 68.7614511867668
0.326995 21.4088598544648 68.9084610622597
0.327495 21.4415956147279 69.0729803597134
0.327995 21.474331374991 69.4814899339012
0.328495 21.5070671352541 69.5561599646124
0.328995 21.5398028955172 69.8023205882895
0.329495 21.5725386557803 70.0381445184011
0.329995 21.6052744160434 70.1619747419978
0.330495 21.6380101763065 70.3763419942096
0.330995 21.6707459365696 70.6939596203877
0.331495 21.7034816968327 70.9284143521321
0.331995 21.7362174570958 71.143845992566
0.332495 21.7689532173589 71.3783873444261
0.332995 21.801688977622 71.4616932153704
0.333495 21.8344247378851 71.7377823532113
0.333995 21.8671604981482 71.8954035427703
0.334495 21.8998962584113 72.2942398385691
0.334995 21.9326320186744 72.5784784205169
0.335495 21.9653677789375 72.6086004001814
0.335995 21.9981035392006 73.1092679556942
0.336495 22.0308392994637 73.0544458032265
0.336995 22.0635750597268 73.5667471388726
0.337495 22.0963108199899 73.6865382108213
0.337995 22.129046580253 73.9002462084082
0.338495 22.1617823405161 74.2740306169682
0.338995 22.1945181007792 74.4875896836394
0.339495 22.2272538610423 74.5093558208656
0.339995 22.2599896213054 74.9451402249132
0.340495 22.2927253815685 75.4051894849572
0.340995 22.3254611418316 75.2005903105858
0.341495 22.3581969020947 75.8274487282597
0.341995 22.3909326623578 75.8687891373551
0.342495 22.4236684226209 76.2163944765479
0.342995 22.456404182884 76.6181073996238
0.343495 22.4891399431471 76.6411857976197
0.343995 22.5218757034102 77.0181702675396
0.344495 22.5546114636733 77.2037822469464
0.344995 22.5873472239364 77.4217921974683
0.345495 22.6200829841995 77.7955815903804
0.345995 22.6528187444626 77.9812722500555
0.346495 22.6855545047257 78.3892563009359
0.346995 22.7182902649888 78.4264275181726
0.347495 22.7510260252519 78.9659296411704
0.347995 22.783761785515 79.2082343635255
0.348495 22.8164975457781 79.3604837187336
0.348995 22.8492333060412 79.6041732009541
0.349495 22.8819690663043 79.9759094449747
0.349995 22.9147048265674 80.169403218361
0.350495 22.9474405868305 80.4754853308601
0.350995 22.9801763470936 80.8214545555833
0.351495 23.0129121073567 81.1568238120493
0.351995 23.0456478676198 81.0926057752443
0.352495 23.0783836278829 81.7965479399339
0.352995 23.111119388146 82.1399668726669
0.353495 23.1438551484091 82.2468588214714
0.353995 23.1765909086722 82.5346508413657
0.354495 23.2093266689353 82.9070969629895
0.354995 23.2420624291984 83.0049354104036
0.355495 23.2747981894615 83.5084276829907
0.355995 23.3075339497246 83.8046510485118
0.356495 23.3402697099877 84.2271065431422
0.356995 23.3730054702508 84.3092406844665
0.357495 23.4057412305139 84.5882174200731
0.357995 23.438476990777 84.969575763906
0.358495 23.4712127510401 85.0953407656938
0.358995 23.5039485113032 85.6243266493559
0.359495 23.5366842715663 85.7593737803415
0.359995 23.5694200318294 85.9824257890279
0.360495 23.6021557920925 86.5553193657259
0.360995 23.6348915523556 86.835410123437
0.361495 23.6676273126187 87.0564797631371
0.361995 23.7003630728818 87.4369231364256
0.362495 23.7330988331449 87.7801751323549
0.362995 23.765834593408 88.1676904580808
0.363495 23.7985703536711 88.3730314822672
0.363995 23.8313061139342 88.6088270001203
0.364495 23.8640418741973 88.9121451137604
0.364995 23.8967776344604 89.5321564478212
0.365495 23.9295133947235 89.7089720898441
0.365995 23.9622491549866 90.001554834693
0.366495 23.9949849152497 90.5889802038296
0.366995 24.0277206755128 90.5354595685269
0.367495 24.0604564357759 91.0809937611114
0.367995 24.093192196039 91.4349866127344
0.368495 24.1259279563021 91.8486917391302
0.368995 24.1586637165652 91.9989514961793
0.369495 24.1913994768283 92.350815152367
0.369995 24.2241352370914 92.8542729344894
0.370495 24.2568709973545 93.2708686433962
0.370995 24.2896067576176 93.5530614472022
0.371495 24.3223425178807 94.042364178343
0.371995 24.3550782781438 94.1790869605753
0.372495 24.3878140384069 94.6082786298468
0.372995 24.42054979867 95.0296309972796
0.373495 24.4532855589331 95.4397259336247
0.373995 24.4860213191962 95.6526113332735
0.374495 24.5187570794593 96.3114285612498
0.374995 24.5514928397224 96.560294479526
0.375495 24.5842285999855 97.0727056044323
0.375995 24.6169643602486 97.3396225190841
0.376495 24.6497001205117 97.6654011117664
0.376995 24.6824358807748 98.2666514952292
0.377495 24.7151716410379 98.4522535113148
0.377995 24.747907401301 98.9927525452831
0.378495 24.7806431615641 99.4330019916002
0.378995 24.8133789218272 99.6931533753778
0.379495 24.8461146820903 100.054481286403
0.379995 24.8788504423534 99.8752774289232
0.380495 24.9115862026165 98.2247346478369
0.380995 24.9443219628796 95.0949852033102
0.381495 24.9770577231427 91.0862879515863
0.381995 25.0097934834058 85.780615644561
0.382495 25.0425292436689 81.3607462144854
0.382995 25.075265003932 77.8100459313521
0.383495 25.1080007641951 74.6546799798747
0.383995 25.1407365244582 71.3865183131595
0.384495 25.1734722847213 68.4477025717847
0.384995 25.2062080449844 65.6452613660947
0.385495 25.2389438052475 63.0089938051277
0.385995 25.2716795655106 60.4425467574268
0.386495 25.3044153257737 57.9246908315969
0.386995 25.3371510860368 55.6527254372561
0.387495 25.3698868462999 53.2631896439596
0.387995 25.402622606563 51.1058948484974
0.388495 25.4353583668261 48.9740830288973
0.388995 25.4680941270892 46.8446341589169
0.389495 25.5008298873523 44.8624094002834
0.389995 25.5335656476154 42.9515853484707
0.390495 25.5663014078785 41.2117187230645
0.390995 25.5990371681416 39.6273035615179
0.391495 25.6317729284047 38.1925703116041
0.391995 25.6645086886678 36.9509927885033
0.392495 25.6972444489309 35.8693703263581
0.392995 25.729980209194 34.9472371825659
0.393495 25.7627159694571 34.1580427082393
0.393995 25.7954517297202 33.4551305273733
0.394495 25.8281874899833 32.7699283436063
0.394995 25.8609232502464 32.1165725667681
0.395495 25.8936590105095 31.4622416465943
0.395995 25.9263947707726 30.8024283633827
0.396495 25.9591305310357 30.1757375111024
0.396995 25.9918662912988 29.5689268548351
0.397495 26.0246020515619 28.9519071129202
0.397995 26.057337811825 28.3752999322701
0.398495 26.0900735720881 27.8156399959018
0.398995 26.1228093323512 27.2518396164984
0.399495 26.1555450926143 26.6915591272099
0.399995 26.1882808528774 26.1577796562927
0.400495 26.2210166131405 25.637509698958
0.400995 26.2537523734036 25.1166112751716
0.401495 26.2864881336667 24.6169344685238
0.401995 26.3192238939298 24.1311444803127
0.402495 26.3519596541929 23.6471043703505
0.402995 26.384695414456 23.1701003191318
0.403495 26.4174311747191 22.7019013898588
0.403995 26.4501669349822 22.2637131433881
0.404495 26.4829026952453 21.7877308735564
0.404995 26.5156384555084 21.3431851211512
0.405495 26.5483742157715 20.9176138086914
0.405995 26.5811099760346 20.4273943943091
0.406495 26.6138457362977 19.8887432530111
0.406995 26.6465814965608 19.3150098991343
0.407495 26.6793172568239 18.6749853037937
0.407995 26.712053017087 18.0181834546872
0.408495 26.7447887773501 17.3064677525186
0.408995 26.7775245376132 16.5492682525584
0.409495 26.8102602978763 15.7521144670301
0.409995 26.8429960581394 14.9221510159199
0.410495 26.8757318184025 14.061546281417
0.410995 26.9084675786656 13.1484555194563
0.411495 26.9412033389287 12.1938849038091
0.411995 26.9739390991918 11.2028782000174
0.412495 27.0066748594549 10.1571083312659
0.412995 27.039410619718 9.055989741711
0.413495 27.0721463799811 7.92107097221503
0.413995 27.1048821402442 6.73269796995518
0.414495 27.1376179005073 5.48628329634189
0.414995 27.1703536607704 4.19415426859427
0.415495 27.2030894210335 2.88764084888169
0.415995 27.2358251812966 1.66275173301037
0.416495 27.2685609415597 0.557295632172634
0.416995 27.3012967018228 -0.46080719706836
0.417495 27.3340324620859 -1.47670795891751
0.417995 27.366768222349 -2.52959960680246
0.418495 27.3995039826121 -3.71591553648638
0.418995 27.4322397428752 -4.97324081595403
0.419495 27.4649755031383 -6.26652430964958
0.419995 27.4977112634014 -7.52051294477355
0.420495 27.5304470236645 -8.37688376545849
0.420995 27.5631827839276 -8.4701604084436
0.421495 27.5959185441907 -8.10513544784144
0.421995 27.6286543044538 -7.08909798774165
0.422495 27.6613900647169 -5.99105219191387
0.422995 27.69412582498 -5.18889147548312
0.423495 27.7268615852431 -4.66848416486837
0.423995 27.7595973455062 -4.16342412571927
0.424495 27.7923331057693 -3.92226227772832
0.424995 27.8250688660324 -3.88488714228527
0.425495 27.8578046262955 -3.54373145160122
0.425995 27.8905403865586 -2.9286341769362
0.426495 27.9232761468217 -2.49439374774608
0.426995 27.9560119070848 -2.33408723900616
0.427495 27.9887476673479 -2.14329040548246
0.427995 28.021483427611 -2.199867530242
0.428495 28.0542191878741 -2.17928652180686
0.428995 28.0869549481372 -1.92730952462172
0.429495 28.1196907084003 -1.69824011522658
0.429995 28.1524264686634 -1.63131938529117
0.430495 28.1851622289265 -1.84947911750278
0.430995 28.2178979891896 -1.80834012335645
0.431495 28.2506337494527 -1.78027550574137
0.431995 28.2833695097158 -1.61862265407042
0.432495 28.3161052699789 -1.40962028562893
0.432995 28.348841030242 -1.41672370333414
0.433495 28.3815767905051 -1.62706468867401
0.433995 28.4143125507682 -1.60885107155977
0.434495 28.4470483110313 -1.61307950435307
0.434995 28.4797840712944 -1.38644333064664
0.435495 28.5125198315575 -1.15975965135069
0.435995 28.5452555918206 -1.15740717037278
0.436495 28.5779913520837 -1.20566742518418
0.436995 28.6107271123468 -1.18148597116523
0.437495 28.6434628726099 -1.14696284741973
0.437995 28.676198632873 -1.15931392743348
0.438495 28.7089343931361 -1.03829041384551
0.438995 28.7416701533992 -0.827579812668596
0.439495 28.7744059136623 -0.756284031790585
0.439995 28.8071416739254 -0.709027024001119
0.440495 28.8398774341885 -0.456842575007581
0.440995 28.8726131944516 -0.553066038347431
0.441495 28.9053489547147 -0.569815134295734
0.441995 28.9380847149778 -0.332025441283023
0.442495 28.9708204752409 -0.0808410746794194
0.442995 29.003556235504 -0.0294982778594556
0.443495 29.0362919957671 0.0317215876023565
0.443995 29.0690277560302 -0.0334391677826789
0.444495 29.1017635162933 -0.0538024573284423
0.444995 29.1344992765564 0.0374496364149501
0.445495 29.1672350368195 -0.0639871733573967
0.445995 29.1999707970826 -0.146710664925283
0.446495 29.2327065573457 -0.271926933842724
0.446995 29.2654423176088 -0.281465176419704
0.447495 29.2981780778719 -0.182950131755414
0.447995 29.330913838135 -0.133355197560493
0.448495 29.3636495983981 -0.40372002133108
0.448995 29.3963853586612 -0.471929385308064
0.449495 29.4291211189243 -0.70518791296796
0.449995 29.4618568791874 -0.530255342590637
0.450495 29.4945926394505 -0.563156903031064
0.450995 29.5273283997136 -0.608959590077785
0.451495 29.5600641599767 -0.609300975087165
0.451995 29.5927999202398 -0.729273317022745
0.452495 29.6255356805029 -0.602019146437828
0.452995 29.658271440766 -0.632967578394729
0.453495 29.6910072010291 -0.684893358556821
0.453995 29.7237429612922 -0.617989445016745
0.454495 29.7564787215553 -0.581325330775098
0.454995 29.7892144818184 -0.587485061260675
0.455495 29.8219502420815 -0.540784352468382
0.455995 29.8546860023446 -0.502842390264804
0.456495 29.8874217626077 -0.598894749229551
0.456995 29.9201575228708 -0.438726199669028
0.457495 29.9528932831339 -0.236183568121304
0.457995 29.985629043397 -0.209755784257073
0.458495 30.0183648036601 -0.254084723746689
0.458995 30.0511005639232 -0.150773464797925
0.459495 30.0838363241863 -0.0234283673487844
0.459995 30.1165720844494 -0.30197127551635
0.460495 30.1493078447125 -0.269282610473517
0.460995 30.1820436049756 -0.432351764787772
0.461495 30.2147793652387 -0.301615603472266
0.461995 30.2475151255018 -0.220041109291212
0.462495 30.2802508857649 -0.323639541450322
0.462995 30.312986646028 -0.314635756751639
0.463495 30.3457224062911 -0.144000474592372
0.463995 30.3784581665542 -0.447733422602577
0.464495 30.4111939268173 -0.282353486950777
0.464995 30.4439296870804 -0.183990500258867
0.465495 30.4766654473435 -0.24126770151649
0.465995 30.5094012076066 -0.276289235995275
0.466495 30.5421369678697 -0.158982146325127
0.466995 30.5748727281328 -0.144153655805366
0.467495 30.6076084883959 -0.0605171707773492
0.467995 30.640344248659 -0.11040951173215
0.468495 30.6730800089221 -0.260504585108434
0.468995 30.7058157691852 -0.245032611215983
0.469495 30.7385515294483 -0.198871442479967
0.469995 30.7712872897114 -0.20487478827949
0.470495 30.8040230499745 -0.244264845551602
0.470995 30.8367588102376 -0.259575632884046
0.471495 30.8694945705007 -0.292880033822515
0.471995 30.9022303307638 -0.298214245424812
0.472495 30.9349660910269 -0.43864221819917
0.472995 30.96770185129 -0.536976845731874
0.473495 31.0004376115531 -0.421222281619351
0.473995 31.0331733718162 -0.340443379114506
0.474495 31.0659091320793 -0.310786381949218
0.474995 31.0986448923424 -0.253534879928365
0.475495 31.1313806526055 -0.172558251443149
0.475995 31.1641164128686 -0.204394986848795
0.476495 31.1968521731317 -0.180201368774362
0.476995 31.2295879333948 -0.118582632748113
0.477495 31.2623236936579 -0.25441822440461
0.477995 31.295059453921 -0.361794960060784
0.478495 31.3277952141841 -0.274608509657066
0.478995 31.3605309744472 -0.274795139867097
0.479495 31.3932667347103 -0.209478288540188
0.479995 31.4260024949734 -0.244287283073119
0.480495 31.4587382552365 -0.293280318827688
0.480995 31.4914740154996 -0.294158738164882
0.481495 31.5242097757627 -0.429903100257508
0.481995 31.5569455360258 -0.342089084711984
0.482495 31.5896812962889 -0.375100079196006
0.482995 31.622417056552 -0.362287390144504
0.483495 31.6551528168151 -0.389625353299433
0.483995 31.6878885770782 -0.367320006404767
0.484495 31.7206243373413 -0.30979444519594
0.484995 31.7533600976044 -0.285827867139413
0.485495 31.7860958578675 -0.264979205907167
0.485995 31.8188316181306 -0.200920741433405
0.486495 31.8515673783937 -0.151570740624243
0.486995 31.8843031386568 -0.0924039843677674
0.487495 31.9170388989199 -0.256507741158938
0.487995 31.949774659183 -0.145913807808117
0.488495 31.9825104194461 -0.114655979500401
0.488995 32.0152461797092 -0.241337679252845
0.489495 32.0479819399723 -0.184863235943229
0.489995 32.0807177002354 -0.166854955518825
0.490495 32.1134534604985 -0.271230333956955
0.490995 32.1461892207616 -0.252318863679363
0.491495 32.1789249810247 -0.265152769176977
0.491995 32.2116607412878 -0.302315037405792
0.492495 32.2443965015509 -0.198274838593226
0.492995 32.277132261814 -0.231952513852455
0.493495 32.3098680220771 -0.282370750637384
0.493995 32.3426037823402 -0.213475641704043
0.494495 32.3753395426033 -0.195703989165938
0.494995 32.4080753028664 -0.251981059903933
0.495495 32.4408110631295 -0.25555191601493
0.495995 32.4735468233926 -0.192226147638422
0.496495 32.5062825836557 -0.254273814019421
0.496995 32.5390183439188 -0.250994005531943
0.497495 32.5717541041819 -0.231015464155111
0.497995 32.604489864445 -0.324898087061789
0.498495 32.6372256247081 -0.311050736374746
0.498995 32.6699613849712 -0.210855145579956
0.499495 32.7026971452343 -0.230136528597042
0.499995 32.7354329054974 -0.290499818446882
