# Fix print output for fix Step
-1.67441647542527e-16 -5.6843418860808e-15 1.2762660765902
0.000494999999999763 0.016804357069492 1.38200248760652
0.000994999999999832 0.0337784551194943 -2.68168801493544
0.0014949999999999 0.0507525531694967 0.620059919341305
0.0019949999999998 0.0677266512194933 -1.04376993488271
0.0024949999999997 0.08470074926949 4.28126857356322
0.00299499999999977 0.101674847319492 4.50704946752354
0.00349499999999984 0.118648945369495 5.41594637349966
0.00399499999999991 0.135623043419497 1.35131894495914
0.00449499999999981 0.152597141469494 2.00269104622078
0.00499499999999971 0.16957123951949 2.20100787737302
0.00549499999999978 0.186545337569493 3.2619794148038
0.00599499999999985 0.203519435619495 6.04113566464686
0.00649499999999992 0.220493533669497 5.3830272910332
0.00699499999999982 0.237467631719494 4.47831719351668
0.00749499999999972 0.254441729769491 4.95147118937811
0.00799499999999979 0.271415827819493 6.01871192906003
0.00849499999999986 0.288389925869495 6.84497296165656
0.00899499999999993 0.305364023919498 7.0713618656525
0.00949499999999966 0.322338121969489 7.34020579675867
0.00999499999999973 0.339312220019491 6.29545952697058
0.0104949999999998 0.356286318069493 7.14997276961996
0.0109949999999999 0.373260416119496 6.71781359041616
0.0114949999999999 0.390234514169498 7.08886297051918
0.0119949999999997 0.407208612219489 8.27432292994374
0.0124949999999997 0.424182710269491 8.24055564329339
0.0129949999999998 0.441156808319494 9.16246086889928
0.0134949999999999 0.458130906369496 9.42337355456526
0.013995 0.475105004419498 9.71374297203202
0.0144949999999997 0.492079102469489 9.4733854781827
0.0149949999999998 0.509053200519492 9.78305774548693
0.0154949999999998 0.526027298569494 10.0055760780641
0.0159949999999999 0.543001396619496 10.0558878720608
0.0164949999999998 0.559975494669493 10.6904955946005
0.0169949999999997 0.57694959271949 10.0896767550585
0.0174949999999998 0.593923690769492 11.1920514387792
0.0179949999999998 0.610897788819494 11.2542143850315
0.0184949999999999 0.627871886869497 11.8982881239735
0.0189949999999998 0.644845984919493 12.32855129467
0.0194949999999997 0.66182008296949 12.4531937109185
0.0199949999999998 0.678794181019492 12.8523725541862
0.0204949999999998 0.695768279069495 12.3144181671063
0.0209949999999999 0.712742377119497 12.910156607034
0.0214949999999998 0.729716475169494 12.7842240636412
0.0219949999999997 0.74669057321949 13.7594186971883
0.0224949999999998 0.763664671269493 13.6320592855051
0.0229949999999998 0.780638769319495 13.8260269614621
0.0234949999999999 0.797612867369497 14.2762117655345
0.0239949999999998 0.814586965419494 14.2522673888962
0.0244949999999997 0.831561063469491 15.297110762932
0.0249949999999998 0.848535161519493 15.0096617927116
0.0254949999999999 0.865509259569495 15.5034869453936
0.0259949999999999 0.882483357619498 15.2428075868491
0.0264949999999997 0.899457455669489 15.6220430277472
0.0269949999999997 0.916431553719491 15.8861635265797
0.0274949999999998 0.933405651769493 15.89958104113
0.0279949999999999 0.950379749819496 16.7657973605135
0.0284949999999999 0.967353847869498 16.6902429354101
0.0289949999999997 0.984327945919489 16.979298817465
0.0294949999999997 1.00130204396949 17.0374894246339
0.0299949999999998 1.01827614201949 17.4266069724503
0.0304949999999999 1.0352502400695 18.0483654710966
0.0309949999999999 1.0522243381195 17.9714224860419
0.0314949999999997 1.06919843616949 18.5524871248983
0.0319949999999998 1.08617253421949 18.2141928241903
0.0324949999999998 1.10314663226949 18.7618298335315
0.0329949999999999 1.1201207303195 18.8726382551163
0.0334949999999998 1.13709482836949 19.2451821862227
0.0339949999999997 1.15406892641949 19.6045914284515
0.0344949999999998 1.17104302446949 19.671675187732
0.0349949999999998 1.18801712251949 20.0269054583276
0.0354949999999999 1.2049912205695 19.9258139134309
0.0359949999999998 1.22196531861949 20.4805844597936
0.0364949999999997 1.23893941666949 20.7627720177775
0.0369949999999998 1.25591351471949 21.1187294480589
0.0374949999999998 1.27288761276949 21.4864820495907
0.0379949999999999 1.2898617108195 21.4888825414112
0.0384949999999998 1.30683580886949 21.8722133296769
0.0389949999999997 1.32380990691949 22.0110239257997
0.0394949999999998 1.34078400496949 22.1744330727498
0.0399949999999999 1.35775810301949 22.107162791759
0.0404949999999999 1.3747322010695 22.3632587657719
0.0409949999999998 1.39170629911949 22.8025173690985
0.0414949999999997 1.40868039716949 23.1470807389372
0.0419949999999998 1.42565449521949 23.536291288533
0.0424949999999999 1.4426285932695 23.6057294831189
0.0429949999999999 1.4596026913195 23.9137183513807
0.0434949999999997 1.47657678936949 24.0192650822086
0.0439949999999997 1.49355088741949 24.4585239139954
0.0444949999999998 1.51052498546949 24.5029268824194
0.0449949999999999 1.5274990835195 24.7736709644518
0.0454949999999999 1.5444731815695 24.9112305191092
0.0459949999999997 1.56144727961949 24.9627725818849
0.0464949999999997 1.57842137766949 25.5619057476616
0.0469949999999998 1.59539547571949 25.6203529332833
0.0474949999999999 1.6123695737695 26.0536413436776
0.0479949999999999 1.6293436718195 26.2248100423346
0.0484949999999997 1.64631776986949 26.500552603498
0.0489949999999997 1.66329186791949 26.8736613059043
0.0494949999999998 1.68026596596949 27.023575284611
0.0499949999999999 1.6972400640195 26.9805698577668
0.0504949999999998 1.71421416206949 27.3723790008432
0.0509949999999997 1.73118826011949 27.5380963326489
0.0514949999999998 1.74816235816949 27.8022190830115
0.0519949999999998 1.76513645621949 27.9489745501312
0.0524949999999999 1.7821105542695 28.198988723812
0.0529949999999998 1.79908465231949 28.4079246056756
0.0534949999999997 1.81605875036949 28.9479428764682
0.0539949999999998 1.83303284841949 29.0369624344752
0.0544949999999998 1.85000694646949 29.2431861765839
0.0549949999999999 1.8669810445195 29.2907764486047
0.0554949999999998 1.88395514256949 29.622454095479
0.0559949999999997 1.90092924061949 29.7544356187259
0.0564949999999998 1.91790333866949 29.9110807626355
0.0569949999999998 1.93487743671949 30.2333869159092
0.0574949999999999 1.9518515347695 30.4647209048555
0.0579949999999997 1.96882563281949 30.6402614426105
0.0584949999999997 1.98579973086949 30.867894603987
0.0589949999999998 2.00277382891949 31.0230973984061
0.0594949999999999 2.0197479269695 31.5778667716226
0.0599949999999999 2.0367220250195 31.5558299679316
0.0604949999999997 2.05369612306949 31.9603051414749
0.0609949999999997 2.07067022111949 31.9352719075073
0.0614949999999998 2.08764431916949 32.2148119547088
0.0619949999999999 2.1046184172195 32.3347607732604
0.0624949999999999 2.1215925152695 32.7290745265007
0.0629949999999997 2.13856661331949 32.6861939722226
0.0634949999999997 2.15554071136949 33.1357154903442
0.0639949999999998 2.17251480941949 33.1492274886119
0.0644949999999999 2.1894889074695 33.4100558320236
0.0649949999999999 2.2064630055195 33.6106226428739
0.0654949999999997 2.22343710356949 34.2442092704144
0.0659949999999997 2.24041120161949 34.2821038440245
0.0664949999999998 2.25738529966949 34.3415042312695
0.0669949999999999 2.2743593977195 34.5593688541666
0.0674949999999998 2.29133349576949 34.8591653314553
0.0679949999999997 2.30830759381949 34.8927886107803
0.0684949999999998 2.32528169186949 35.1418360717245
0.0689949999999998 2.34225578991949 35.3798602343068
0.0694949999999999 2.3592298879695 35.784503492224
0.0699949999999998 2.37620398601949 35.7252551526752
0.0704949999999997 2.39317808406949 36.0439359130935
0.0709949999999998 2.41015218211949 36.1081706422141
0.0714949999999998 2.42712628016949 36.6290408036669
0.0719949999999999 2.4441003782195 36.661572968227
0.0724949999999998 2.46107447626949 36.9921328936078
0.0729949999999997 2.47804857431949 37.1101187711438
0.0734949999999998 2.49502267236949 37.330441722324
0.0739949999999998 2.51199677041949 37.4307469834881
0.0744949999999999 2.5289708684695 37.7461941608277
0.0749949999999998 2.54594496651949 37.8321323524408
0.0754949999999997 2.56291906456949 38.1175196332101
0.0759949999999998 2.57989316261949 38.1755327125764
0.0764949999999999 2.5968672606695 38.5457538394415
0.0769949999999999 2.6138413587195 38.6280462360083
0.0774949999999997 2.63081545676949 38.8637062686914
0.0779949999999997 2.64778955481949 39.2286332166995
0.0784949999999998 2.66476365286949 39.3747184396072
0.0789949999999999 2.6817377509195 39.6740498408649
0.0794949999999999 2.6987118489695 39.6072335582478
0.0799949999999997 2.71568594701949 39.8016369088182
0.0804949999999997 2.73266004506949 39.9795791696617
0.0809949999999998 2.74963414311949 40.2252820603323
0.0814949999999999 2.7666082411695 40.4488826903365
0.0819949999999999 2.7835823392195 40.7031782652112
0.0824949999999997 2.80055643726949 40.8292921002635
0.0829949999999997 2.81753053531949 41.0550113503981
0.0834949999999998 2.83450463336949 41.1752685172844
0.0839949999999999 2.8514787314195 41.5888065169914
0.0844949999999998 2.86845282946949 41.5766201451153
0.0849949999999997 2.88542692751949 41.8451355482891
0.0854949999999998 2.90240102556949 42.073357326472
0.0859949999999998 2.91937512361949 42.0921261059676
0.0864949999999999 2.9363492216695 42.312333093097
0.0869949999999998 2.95332331971949 42.6228411378147
0.0874949999999997 2.97029741776949 42.6264201781317
0.0879949999999998 2.98727151581949 42.9980852775203
0.0884949999999998 3.00424561386949 43.0656914446685
0.0889949999999999 3.0212197119195 43.3936777274983
0.0894949999999998 3.03819380996949 43.3849017258281
0.0899949999999997 3.05516790801949 43.5828123787672
0.0904949999999998 3.07214200606949 43.7954814190854
0.0909949999999998 3.08911610411949 44.0714029340322
0.0914949999999999 3.1060902021695 44.1944839838837
0.0919949999999996 3.12306430021949 44.4290069500064
0.0924949999999997 3.14003839826949 44.5331346848958
0.0929949999999998 3.15701249631949 44.8075236528499
0.0934949999999999 3.1739865943695 44.92974149929
0.0939949999999999 3.1909606924195 45.1641740679882
0.0944949999999997 3.20793479046949 45.2524856144807
0.0949949999999997 3.22490888851949 45.563122594261
0.0954949999999998 3.24188298656949 45.6104786810612
0.0959949999999999 3.2588570846195 45.8371214611212
0.0964949999999999 3.2758311826695 45.9875836944053
0.0969949999999997 3.29280528071949 46.2504878626686
0.0974949999999997 3.30977937876949 46.2688735138528
0.0979949999999998 3.32675347681949 46.4352503428437
0.0984949999999999 3.3437275748695 46.6881186741126
0.0989949999999999 3.3607016729195 46.9951019583004
0.0994949999999997 3.37767577096949 47.0212943772175
0.0999949999999998 3.39464986901949 47.1297124332009
0.100495 3.41162396706949 47.3032930630431
0.100995 3.4285980651195 47.6292602226449
0.101495 3.4455721631695 47.6599731619783
0.101995 3.46254626121949 47.8892566048093
0.102495 3.47952035926949 47.9999505678355
0.102995 3.49649445731949 48.1979601635938
0.103495 3.5134685553695 48.2767339508504
0.103995 3.53044265341949 48.6430451627016
0.104495 3.54741675146949 48.8459802699346
0.104995 3.56439084951949 48.9778261451782
0.105495 3.58136494756949 48.9342813030291
0.105995 3.5983390456195 49.166182763653
0.106495 3.61531314366949 49.3994587368647
0.106995 3.63228724171949 49.638315582656
0.107495 3.64926133976949 49.6286825912711
0.107995 3.66623543781949 49.8373761989224
0.108495 3.6832095358695 49.9134443038417
0.108995 3.70018363391949 50.2205263542877
0.109495 3.71715773196949 50.4256677812464
0.109995 3.73413183001949 50.4692868478219
0.110495 3.75110592806949 50.55345941391
0.110995 3.7680800261195 50.8739431777612
0.111495 3.78505412416949 51.1089194687603
0.111995 3.80202822221949 51.1408313152519
0.112495 3.81900232026949 51.2436834267405
0.112995 3.8359764183195 51.4515506786757
0.113495 3.8529505163695 51.7745508121078
0.113995 3.86992461441949 51.7916807686322
0.114495 3.88689871246949 51.7332650984498
0.114995 3.90387281051949 52.0091820546312
0.115495 3.9208469085695 52.2423905055323
0.115995 3.9378210066195 52.4018857075338
0.116495 3.95479510466949 52.4882824310389
0.116995 3.97176920271949 52.5527751883699
0.117495 3.98874330076949 52.8539135176088
0.117995 4.0057173988195 53.0027423464073
0.118495 4.0226914968695 53.0964195143442
0.118995 4.03966559491949 53.2969346212341
0.119495 4.05663969296949 53.5388914963373
0.119995 4.07361379101949 53.6090841377205
0.120495 4.0905878890695 53.6155948415986
0.120995 4.10756198711949 53.8001701312027
0.121495 4.12453608516949 54.0094279909318
0.121995 4.14151018321949 54.0698182684434
0.122495 4.15848428126949 54.2788443599869
0.122995 4.1754583793195 54.3821248108801
0.123495 4.19243247736949 54.5756950780048
0.123995 4.20940657541949 54.6809237779715
0.124495 4.22638067346949 54.8095692674863
0.124995 4.24335477151949 54.8588762739864
0.125495 4.2603288695695 55.1777198093751
0.125995 4.27730296761949 55.4354671684266
0.126495 4.29427706566949 55.3605541520832
0.126995 4.31125116371949 55.3198966307371
0.127495 4.32822526176949 55.7649488797261
0.127995 4.3451993598195 55.8311405821757
0.128495 4.36217345786949 56.0038708950918
0.128995 4.37914755591949 55.9837773072468
0.129495 4.39612165396949 56.214961485906
0.129995 4.4130957520195 56.3579718324097
0.130495 4.4300698500695 56.638416831918
0.130995 4.44704394811949 56.5077196934393
0.131495 4.46401804616949 56.7296755394558
0.131995 4.48099214421949 56.8007330820683
0.132495 4.4979662422695 57.0582562083009
0.132995 4.5149403403195 57.3350395448206
0.133495 4.53191443836949 57.2318961956434
0.133995 4.54888853641949 57.4393730566403
0.134495 4.56586263446949 57.5653343623025
0.134995 4.5828367325195 57.780565813525
0.135495 4.5998108305695 57.8520001858668
0.135995 4.61678492861949 58.0014713640297
0.136495 4.63375902666949 58.059468850502
0.136995 4.65073312471949 58.0193572409221
0.137495 4.6677072227695 58.3200727407218
0.137995 4.68468132081949 58.4181042394655
0.138495 4.70165541886949 58.627333999403
0.138995 4.71862951691949 58.6293137915198
0.139495 4.73560361496949 58.7924888353868
0.139995 4.7525777130195 58.9124828756127
0.140495 4.76955181106949 59.1068358062241
0.140995 4.78652590911949 59.1761908284804
0.141495 4.80350000716949 59.2327688827247
0.141995 4.82047410521949 59.362586814785
0.142495 4.8374482032695 59.4551804781482
0.142995 4.85442230131949 59.7547443213342
0.143495 4.87139639936949 59.8272196718344
0.143995 4.88837049741949 59.7633503338248
0.144495 4.9053445954695 60.0126150474993
0.144995 4.9223186935195 60.1571071235005
0.145495 4.93929279156949 60.1801203720696
0.145995 4.95626688961949 60.3787002711047
0.146495 4.97324098766949 60.3624979245587
0.146995 4.9902150857195 60.6689446369044
0.147495 5.0071891837695 60.6213144253171
0.147995 5.02416328181949 60.8909901653853
0.148495 5.04113737986949 60.8975919536472
0.148995 5.05811147791949 61.0124618194347
0.149495 5.0750855759695 61.3421770236692
0.149995 5.09205967401949 61.2072960082124
0.150495 5.10903377206949 61.2683099045322
0.150995 5.12600787011949 61.4342549596722
0.151495 5.14298196816949 61.5620096744846
0.151995 5.1599560662195 61.6964478866325
0.152495 5.17693016426949 61.7572483657082
0.152995 5.19390426231949 61.9111712306157
0.153495 5.21087836036949 62.1023280112789
0.153995 5.22785245841949 62.1931311463122
0.154495 5.2448265564695 62.2129423202304
0.154995 5.26180065451949 62.3221745116213
0.155495 5.27877475256949 62.5424309336882
0.155995 5.29574885061949 62.5785408101917
0.156495 5.31272294866949 62.5498765176636
0.156995 5.3296970467195 62.6597477717101
0.157495 5.34667114476949 62.8726764161322
0.157995 5.36364524281949 62.9450234692427
0.158495 5.38061934086949 62.9973003859433
0.158995 5.3975934389195 63.107490076755
0.159495 5.4145675369695 63.2641948352074
0.159995 5.43154163501949 63.4987965179685
0.160495 5.44851573306949 63.4197015060248
0.160995 5.46548983111949 63.5489665042783
0.161495 5.4824639291695 63.6899891642537
0.161995 5.4994380272195 63.8943996741883
0.162495 5.51641212526949 63.8514474544457
0.162995 5.53338622331949 63.9231493726395
0.163495 5.55036032136949 64.0619556917573
0.163995 5.5673344194195 64.2933456261649
0.164495 5.5843085174695 64.2292123239247
0.164995 5.60128261551949 64.1864245050815
0.165495 5.61825671356949 64.4883280065019
0.165995 5.63523081161949 64.4893601303178
0.166495 5.6522049096695 64.6050539052251
0.166995 5.6691790077195 64.6503803811093
0.167495 5.68615310576949 64.8745136231421
0.167995 5.70312720381949 64.94815233158
0.168495 5.72010130186949 64.9913493030857
0.168995 5.7370753999195 64.995042921107
0.169495 5.7540494979695 65.1960639586157
0.169995 5.77102359601949 65.2594467147255
0.170495 5.78799769406949 65.4260889531576
0.170995 5.80497179211949 65.3972451427485
0.171495 5.8219458901695 65.4899735757389
0.171995 5.83891998821949 65.6358520466791
0.172495 5.85589408626949 65.7725824678245
0.172995 5.87286818431949 65.8223903579119
0.173495 5.88984228236949 65.8611589828239
0.173995 5.9068163804195 65.9954331696287
0.174495 5.92379047846949 66.100455656852
0.174995 5.94076457651949 66.2095811760708
0.175495 5.95773867456949 66.2194778389849
0.175995 5.97471277261949 66.241884543448
0.176495 5.9916868706695 66.4329154462033
0.176995 6.00866096871949 66.3723016799853
0.177495 6.02563506676949 66.5251857070939
0.177995 6.04260916481949 66.5969880421913
0.178495 6.0595832628695 66.8068911497169
0.178995 6.0765573609195 66.8459223685159
0.179495 6.09353145896949 66.8886110774112
0.179995 6.11050555701949 66.9361987008295
0.180495 6.12747965506949 66.9931451465902
0.180995 6.1444537531195 67.2748021827551
0.181495 6.1614278511695 67.2654683802841
0.181995 6.17840194921949 67.2449730789103
0.182495 6.19537604726949 67.2891164824455
0.182995 6.21235014531949 67.4222831327761
0.183495 6.2293242433695 67.5947954381452
0.183995 6.24629834141949 67.5554630162573
0.184495 6.26327243946949 67.6117134351593
0.184995 6.28024653751949 67.7757431944319
0.185495 6.29722063556949 67.8015952687691
0.185995 6.3141947336195 67.8230906431236
0.186495 6.33116883166949 67.9589092641094
0.186995 6.34814292971949 68.1374860643379
0.187495 6.36511702776949 68.1475483002139
0.187995 6.38209112581949 68.1015083460079
0.188495 6.3990652238695 68.1776560130948
0.188995 6.41603932191949 68.5557193967919
0.189495 6.43301341996949 68.423655980076
0.189995 6.44998751801949 68.4464309764635
0.190495 6.46696161606949 68.3778492008435
0.190995 6.4839357141195 68.6779512326403
0.191495 6.50090981216949 68.7997405757142
0.191995 6.51788391021949 68.773537230132
0.192495 6.53485800826949 68.7799573064824
0.192995 6.55183210631949 68.9838675351067
0.193495 6.5688062043695 69.1164974218653
0.193995 6.58578030241949 68.9496555922308
0.194495 6.60275440046949 69.2367479302164
0.194995 6.61972849851949 69.1745969781675
0.195495 6.63670259656949 69.2726388190937
0.195995 6.6536766946195 69.2624050467434
0.196495 6.67065079266949 69.3582666316951
0.196995 6.68762489071949 69.5792665429147
0.197495 6.70459898876949 69.6721510868637
0.197995 6.72157308681949 69.6815155639763
0.198495 6.7385471848695 69.4987064704716
0.198995 6.75552128291949 69.8392652336028
0.199495 6.77249538096949 69.7722813200305
0.199995 6.78946947901949 69.9558291548468
0.200495 6.8064435770695 69.8103587899714
0.200995 6.8234176751195 70.0659524978283
0.201495 6.84039177316949 70.2271052313065
0.201995 6.85736587121949 70.0913794331834
0.202495 6.87433996926949 70.1503003043547
0.202995 6.8913140673195 70.2707362666527
0.203495 6.9082881653695 70.4864862599702
0.203995 6.92526226341949 70.3384292008295
0.204495 6.94223636146949 70.5190194479705
0.204995 6.95921045951949 70.5245406260213
0.205495 6.9761845575695 70.6743416230852
0.205995 6.9931586556195 70.7867600962798
0.206495 7.01013275366949 70.6186229159198
0.206995 7.02710685171949 70.8150752072604
0.207495 7.04408094976949 70.8343324114853
0.207995 7.0610550478195 70.9567844534569
0.208495 7.07802914586949 71.0034820781133
0.208995 7.09500324391949 71.1532733453435
0.209495 7.11197734196949 71.1172305747577
0.209995 7.12895144001949 71.1672024625984
0.210495 7.1459255380695 71.3170980338721
0.210995 7.16289963611949 71.3834723983257
0.211495 7.17987373416949 71.5155867516319
0.211995 7.19684783221949 71.2960177877128
0.212495 7.21382193026949 71.5726081213648
0.212995 7.2307960283195 71.5973334383571
0.213495 7.24777012636949 71.6263375349153
0.213995 7.26474422441949 71.4906972475056
0.214495 7.28171832246949 71.7553065128695
0.214995 7.2986924205195 71.8552136090262
0.215495 7.3156665185695 71.8882159901277
0.215995 7.33264061661949 71.9146294770717
0.216495 7.34961471466949 71.6987941830649
0.216995 7.36658881271949 72.1122123161471
0.217495 7.3835629107695 71.9142522987077
0.217995 7.4005370088195 72.1410048353196
0.218495 7.41751110686949 72.2075327728003
0.218995 7.43448520491949 72.2779830151258
0.219495 7.45145930296949 72.2695907881671
0.219995 7.4684334010195 72.2503430151528
0.220495 7.48540749906949 72.3914291211105
0.220995 7.50238159711949 72.4699981342394
0.221495 7.51935569516949 72.6199058079749
0.221995 7.53632979321949 72.464666522375
0.222495 7.5533038912695 72.8599296395996
0.222995 7.57027798931949 72.6811286226824
0.223495 7.58725208736949 72.8219349867758
0.223995 7.60422618541949 72.7076837114542
0.224495 7.62120028346949 72.9798022782288
0.224995 7.6381743815195 73.0503701826244
0.225495 7.65514847956949 72.9644974466393
0.225995 7.67212257761949 72.9293689651187
0.226495 7.68909667566949 72.9706055677619
0.226995 7.70607077371949 73.2723074290254
0.227495 7.7230448717695 73.2047363023923
0.227995 7.74001896981949 73.1739065281676
0.228495 7.75699306786949 73.3551459118151
0.228995 7.77396716591949 73.6122516688516
0.229495 7.7909412639695 73.5842377739048
0.229995 7.8079153620195 73.5740911777091
0.230495 7.82488946006949 73.598150353184
0.230995 7.84186355811949 73.6426938090532
0.231495 7.85883765616949 73.7738986679645
0.231995 7.8758117542195 73.837260078178
0.232495 7.8927858522695 73.8909993243742
0.232995 7.90975995031949 73.9126209613026
0.233495 7.92673404836949 73.8721187219055
0.233995 7.94370814641949 74.0706236734869
0.234495 7.9606822444695 74.2277746368875
0.234995 7.9776563425195 74.0266647585994
0.235495 7.99463044056949 74.1280813040539
0.235995 8.01160453861949 74.2624764262508
0.236495 8.02857863666949 74.3302318598032
0.236995 8.0455527347195 74.3928686001858
0.237495 8.0625268327695 74.4538197126697
0.237995 8.07950093081949 74.3190109161852
0.238495 8.09647502886949 74.47098899632
0.238995 8.11344912691949 74.6252032002088
0.239495 8.1304232249695 74.7369406420265
0.239995 8.1473973230195 74.6037708327379
0.240495 8.16437142106949 74.7510177953274
0.240995 8.18134551911949 74.9140468961399
0.241495 8.19831961716949 74.9654428297506
0.241995 8.2152937152195 74.7944830494192
0.242495 8.23226781326949 75.0004965491972
0.242995 8.24924191131949 75.1123135768633
0.243495 8.26621600936949 75.1198375292417
0.243995 8.28319010741949 75.1033540535864
0.244495 8.3001642054695 75.0402532170262
0.244995 8.31713830351949 75.2144876780995
0.245495 8.33411240156949 75.3373032408195
0.245995 8.35108649961949 75.4358175708782
0.246495 8.36806059766949 75.5154132629185
0.246995 8.3850346957195 75.4641656274845
0.247495 8.40200879376949 75.70710138816
0.247995 8.41898289181949 75.6567951013138
0.248495 8.43595698986949 75.6657087747321
0.248995 8.4529310879195 75.8696711726301
0.249495 8.4699051859695 75.5914360997386
0.249995 8.48687928401949 76.0276128068573
0.250495 8.50385338206949 75.8606776318839
0.250995 8.52082748011949 75.8694054660341
0.251495 8.5378015781695 75.9874793962838
0.251995 8.5547756762195 76.2701224641544
0.252495 8.5717497742695 76.0859743495781
0.252995 8.58872387231949 76.0295597312474
0.253495 8.60569797036949 76.4053743468978
0.253995 8.6226720684195 76.3338255357484
0.254495 8.6396461664695 76.5218103160919
0.254995 8.65662026451949 76.3837117198922
0.255495 8.67359436256949 76.4943408761952
0.255995 8.69056846061949 76.5983844958942
0.256495 8.7075425586695 76.7795594992408
0.256995 8.72451665671949 76.7723802114498
0.257495 8.74149075476949 76.9912880395583
0.257995 8.75846485281949 76.5806709802017
0.258495 8.77543895086949 77.0270305378477
0.258995 8.7924130489195 77.2620886105611
0.259495 8.80938714696949 77.2047995119787
0.259995 8.82636124501949 77.0891042691904
0.260495 8.84333534306949 77.2472770011615
0.260995 8.86030944111949 77.3127623527997
0.261495 8.8772835391695 77.3282179349205
0.261995 8.89425763721949 77.4142186746325
0.262495 8.91123173526949 77.5461520963575
0.262995 8.92820583331949 77.7011423577771
0.263495 8.94517993136949 77.5564321135958
0.263995 8.9621540294195 77.780318960985
0.264495 8.97912812746949 77.8457619387356
0.264995 8.99610222551949 78.1022033244162
0.265495 9.01307632356949 77.8954823618215
0.265995 9.0300504216195 77.9182317405818
0.266495 9.04702451966949 78.1955259493383
0.266995 9.06399861771949 78.0252299700365
0.267495 9.08097271576949 78.3665383701971
0.267995 9.09794681381949 78.2265271000575
0.268495 9.1149209118695 78.2345754632521
0.268995 9.13189500991949 78.7387382866454
0.269495 9.14886910796949 78.6251779602541
0.269995 9.16584320601949 78.7154967902937
0.270495 9.18281730406949 78.6528105585229
0.270995 9.1997914021195 78.855138731896
0.271495 9.21676550016949 79.1326601674351
0.271995 9.23373959821949 79.2476400703323
0.272495 9.25071369626949 79.1885408405097
0.272995 9.26768779431949 79.1727257080529
0.273495 9.2846618923695 79.2645684259511
0.273995 9.30163599041949 79.3457310830274
0.274495 9.31861008846949 79.3428645543373
0.274995 9.33558418651949 79.4735481489441
0.275495 9.35255828456949 79.6248596392611
0.275995 9.3695323826195 79.7325174327954
0.276495 9.38650648066949 79.7627561559577
0.276995 9.40348057871949 79.7981328733962
0.277495 9.42045467676949 79.8822194562193
0.277995 9.43742877481949 80.2370194328083
0.278495 9.4544028728695 79.9352316893901
0.278995 9.47137697091949 80.2427236645315
0.279495 9.48835106896949 80.561316168756
0.279995 9.50532516701949 80.2172821077692
0.280495 9.5222992650695 80.5700067935139
0.280995 9.5392733631195 80.6297324365768
0.281495 9.55624746116949 80.6181695967369
0.281995 9.57322155921949 81.0021325754184
0.282495 9.59019565726949 80.7004715415246
0.282995 9.60716975531949 81.2517549240848
0.283495 9.6241438533695 81.0615026362408
0.283995 9.64111795141949 80.8975040929712
0.284495 9.65809204946949 81.6572622304484
0.284995 9.67506614751949 81.2886738061548
0.285495 9.6920402455695 81.5610957083607
0.285995 9.7090143436195 81.4048519565933
0.286495 9.72598844166949 81.7661262639705
0.286995 9.74296253971949 81.5032294459204
0.287495 9.75993663776949 81.9369201223115
0.287995 9.7769107358195 81.8162476175934
0.288495 9.79388483386949 82.1132634991157
0.288995 9.81085893191949 82.3874097727967
0.289495 9.82783302996949 82.3540550876828
0.289995 9.84480712801949 82.3947287656738
0.290495 9.8617812260695 82.3206982315001
0.290995 9.87875532411949 82.5590572108924
0.291495 9.89572942216949 82.8909586442079
0.291995 9.91270352021949 83.0911412348379
0.292495 9.92967761826949 83.2256919454067
0.292995 9.9466517163195 83.3223859613978
0.293495 9.96362581436949 83.3648248562855
0.293995 9.98059991241949 83.4237669424154
0.294495 9.99757401046949 83.3035908677303
0.294995 10.0145481085195 83.6104225301667
0.295495 10.0315222065695 83.7346674564538
0.295995 10.0484963046195 83.8370365014108
0.296495 10.0654704026695 84.4506837988299
0.296995 10.0824445007195 84.2557043554891
0.297495 10.0994185987695 84.3116916877269
0.297995 10.1163926968195 84.2813617900822
0.298495 10.1333667948695 84.9039786154619
0.298995 10.1503408929195 84.8576642192749
0.299495 10.1673149909695 85.2676973436847
0.299995 10.1842890890195 85.1882141201791
0.300495 10.2012631870695 85.3938132146696
0.300995 10.2182372851195 85.6429684376472
0.301495 10.2352113831695 85.6618431078169
0.301995 10.2521854812195 85.6571838687777
0.302495 10.2691595792695 85.7438362461535
0.302995 10.2861336773195 86.0349744632673
0.303495 10.3031077753695 86.2944677139146
0.303995 10.3200818734195 86.6497093260913
0.304495 10.3370559714695 86.6050144790337
0.304995 10.3540300695195 86.8047486783766
0.305495 10.3710041675695 87.2683227515041
0.305995 10.3879782656195 86.7836549580451
0.306495 10.4049523636695 87.4527586401724
0.306995 10.4219264617195 87.5358062875325
0.307495 10.4389005597695 87.8586129054503
0.307995 10.4558746578195 87.7807433163836
0.308495 10.4728487558695 87.8935204868005
0.308995 10.4898228539195 88.4116726948231
0.309495 10.5067969519695 88.085348560266
0.309995 10.5237710500195 88.8470862657916
0.310495 10.5407451480695 88.829086877707
0.310995 10.5577192461195 89.097931459523
0.311495 10.5746933441695 89.7179743163789
0.311995 10.5916674422195 89.6965596609464
0.312495 10.6086415402695 89.5343106363483
0.312995 10.6256156383195 90.0193679020899
0.313495 10.6425897363695 90.0691805035694
0.313995 10.6595638344195 90.461999195018
0.314495 10.6765379324695 90.5128742731689
0.314995 10.6935120305195 91.0455793639981
0.315495 10.7104861285695 91.1127257461752
0.315995 10.7274602266195 91.4583861970644
0.316495 10.7444343246695 91.6673000343629
0.316995 10.7614084227195 91.8801254130162
0.317495 10.7783825207695 91.962697784099
0.317995 10.7953566188195 92.1510194963238
0.318495 10.8123307168695 92.6419008246515
0.318995 10.8293048149195 92.8252783965875
0.319495 10.8462789129695 93.0185614520115
0.319995 10.8632530110195 93.115921084753
0.320495 10.8802271090695 93.38847378248
0.320995 10.8972012071195 93.8440085035681
0.321495 10.9141753051695 94.0394016035604
0.321995 10.9311494032195 94.3258772748929
0.322495 10.9481235012695 94.4978256332485
0.322995 10.9650975993195 95.1124552311535
0.323495 10.9820716973695 94.797164109733
0.323995 10.9990457954195 95.4289291905725
0.324495 11.0160198934695 95.5419758221535
0.324995 11.0329939915195 95.8889226874306
0.325495 11.0499680895695 96.1607151154946
0.325995 11.0669421876195 96.5232747765907
0.326495 11.0839162856695 96.7482045557107
0.326995 11.1008903837195 96.9517190855239
0.327495 11.1178644817695 97.5667449405784
0.327995 11.1348385798195 97.8369944590662
0.328495 11.1518126778695 98.2365789749569
0.328995 11.1687867759195 98.3149690449644
0.329495 11.1857608739695 98.6279046909753
0.329995 11.2027349720195 98.6174468187461
0.330495 11.2197090700695 99.3044243206144
0.330995 11.2366831681195 99.8263107765674
0.331495 11.2536572661695 99.7457301927283
0.331995 11.2706313642195 100.455657000114
0.332495 11.2876054622695 100.472930296186
0.332995 11.3045795603195 100.789348046307
0.333495 11.3215536583695 101.243455463742
0.333995 11.3385277564195 101.632162106427
0.334495 11.3555018544695 101.339285993854
0.334995 11.3724759525195 102.594356177403
0.335495 11.3894500505695 101.954013318721
0.335995 11.4064241486195 102.939575271787
0.336495 11.4233982466695 102.900128452441
0.336995 11.4403723447195 103.193815689189
0.337495 11.4573464427695 103.999642070099
0.337995 11.4743205408195 104.152742306125
0.338495 11.4912946388695 104.5539465129
0.338995 11.5082687369195 104.996086130151
0.339495 11.5252428349695 105.12581616106
0.339995 11.5422169330195 105.750591433599
0.340495 11.5591910310695 105.48061011379
0.340995 11.5761651291195 106.539458552898
0.341495 11.5931392271695 106.480783537513
0.341995 11.6101133252195 107.353610507909
0.342495 11.6270874232695 107.069636721903
0.342995 11.6440615213195 107.506124781968
0.343495 11.6610356193695 108.224269926877
0.343995 11.6780097174195 108.24288388788
0.344495 11.6949838154695 108.601084830579
0.344995 11.7119579135195 109.136466956569
0.345495 11.7289320115695 109.55042324863
0.345995 11.7459061096195 109.874032034027
0.346495 11.7628802076695 110.364928663675
0.346995 11.7798543057195 110.420212554856
0.347495 11.7968284037695 111.052483217013
0.347995 11.8138025018195 111.234736631621
0.348495 11.8307765998695 111.684034598302
0.348995 11.8477506979195 112.131583399094
0.349495 11.8647247959695 112.514305235641
0.349995 11.8816988940195 113.11349696242
0.350495 11.8986729920695 113.028980748519
0.350995 11.9156470901195 113.444469970043
0.351495 11.9326211881695 114.120095958882
0.351995 11.9495952862195 114.4124050726
0.352495 11.9665693842695 114.800207062873
0.352995 11.9835434823195 115.478627565029
0.353495 12.0005175803695 115.381470478227
0.353995 12.0174916784195 116.149477900626
0.354495 12.0344657764695 116.634776657385
0.354995 12.0514398745195 117.199705689285
0.355495 12.0684139725695 116.925499172743
0.355995 12.0853880706195 118.245211469161
0.356495 12.1023621686695 118.037807411236
0.356995 12.1193362667195 118.579400464119
0.357495 12.1363103647695 118.80728338209
0.357995 12.1532844628195 119.264542145116
0.358495 12.1702585608695 120.24298754918
0.358995 12.1872326589195 120.071683160966
0.359495 12.2042067569695 120.679648639319
0.359995 12.2211808550195 120.971925839964
0.360495 12.2381549530695 121.18032979467
0.360995 12.2551290511195 122.208860123669
0.361495 12.2721031491695 122.425384361828
0.361995 12.2890772472195 122.555523419557
0.362495 12.3060513452695 123.424092706476
0.362995 12.3230254433195 123.721505235731
0.363495 12.3399995413695 124.65251742314
0.363995 12.3569736394195 124.584205240637
0.364495 12.3739477374695 124.830949669225
0.364995 12.3909218355195 125.219985521709
0.365495 12.4078959335695 125.953709432961
0.365995 12.4248700316195 126.923968457877
0.366495 12.4418441296695 127.05685616879
0.366995 12.4588182277195 127.504497876678
0.367495 12.4757923257695 127.883585983055
0.367995 12.4927664238195 127.63137128921
0.368495 12.5097405218695 128.490715512121
0.368995 12.5267146199195 129.520146064427
0.369495 12.5436887179695 130.393521174936
0.369995 12.5606628160195 130.763857087284
0.370495 12.5776369140695 130.593594075835
0.370995 12.5946110121195 131.14908871395
0.371495 12.6115851101695 131.848745869122
0.371995 12.6285592082195 131.695536593069
0.372495 12.6455333062695 133.031675537301
0.372995 12.6625074043195 133.127134742171
0.373495 12.6794815023695 134.288806575008
0.373995 12.6964556004195 134.847579459828
0.374495 12.7134296984695 135.320548829184
0.374995 12.7304037965195 135.853693790359
0.375495 12.7473778945695 136.221727946511
0.375995 12.7643519926195 137.305375457445
0.376495 12.7813260906695 137.291766572305
0.376995 12.7983001887195 136.913405791463
0.377495 12.8152742867695 137.431929830495
0.377995 12.8322483848195 138.193077926676
0.378495 12.8492224828695 140.209700999492
0.378995 12.8661965809195 140.694079456619
0.379495 12.8831706789695 141.082642035262
0.379995 12.9001447770195 141.936091476892
0.380495 12.9171188750695 141.659024987399
0.380995 12.9340929731195 141.880823577996
0.381495 12.9510670711695 142.610144869102
0.381995 12.9680411692195 142.985096228716
0.382495 12.9850152672695 143.908240912831
0.382995 13.0019893653195 144.501184269024
0.383495 13.0189634633695 145.25539274747
0.383995 13.0359375614195 146.319275832182
0.384495 13.0529116594695 145.688750815639
0.384995 13.0698857575195 141.670684429047
0.385495 13.0868598555695 131.432177174349
0.385995 13.1038339536195 116.548153498843
0.386495 13.1208080516695 104.960397596212
0.386995 13.1377821497195 95.3019923408435
0.387495 13.1547562477695 85.5531262181675
0.387995 13.1717303458195 77.0587268733593
0.388495 13.1887044438695 70.0419188052079
0.388995 13.2056785419195 63.8635726629007
0.389495 13.2226526399695 58.6749455572505
0.389995 13.2396267380195 53.7544850203566
0.390495 13.2566008360695 50.1510640244591
0.390995 13.2735749341195 47.5937642265609
0.391495 13.2905490321695 45.4583689527853
0.391995 13.3075231302195 43.4709792483924
0.392495 13.3244972282695 41.41136673203
0.392995 13.3414713263195 39.4945817538462
0.393495 13.3584454243695 37.5646839853445
0.393995 13.3754195224195 35.7811416552836
0.394495 13.3923936204695 34.0909326628927
0.394995 13.4093677185195 32.4896109250668
0.395495 13.4263418165695 31.0058869616289
0.395995 13.4433159146195 29.5655679788609
0.396495 13.4602900126695 28.1951090078301
0.396995 13.4772641107195 26.5635890553657
0.397495 13.4942382087695 24.5960730877277
0.397995 13.5112123068195 22.4253953860327
0.398495 13.5281864048695 20.0137223263462
0.398995 13.5451605029195 17.4579384508545
0.399495 13.5621346009695 14.6687041677923
0.399995 13.5791086990195 11.7022307696224
0.400495 13.5960827970695 8.5025298582556
0.400995 13.6130568951195 5.12867822813667
0.401495 13.6300309931695 1.51697080636606
0.401995 13.6470050912195 -1.7278644178613
0.402495 13.6639791892695 -4.54635708304502
0.402995 13.6809532873195 -7.84089999783307
0.403495 13.6979273853695 -11.4105241316722
0.403995 13.7149014834195 -15.1699609662095
0.404495 13.7318755814695 -18.6798436839768
0.404995 13.7488496795195 -17.165839547298
0.405495 13.7658237775695 -14.3849381169639
0.405995 13.7827978756195 -12.4013906503435
0.406495 13.7997719736695 -9.97289996916777
0.406995 13.8167460717195 -7.26488415782937
0.407495 13.8337201697695 -5.97163114255172
0.407995 13.8506942678195 -5.50139316624009
0.408495 13.8676683658695 -5.37609423974036
0.408995 13.8846424639195 -5.15672852383308
0.409495 13.9016165619695 -5.84830631512786
0.409995 13.9185906600195 -5.84027154532768
0.410495 13.9355647580695 -4.81581251530436
0.410995 13.9525388561195 -3.67656309681948
0.411495 13.9695129541695 -1.92528218016567
0.411995 13.9864870522195 -0.795290952763904
0.412495 14.0034611502695 -0.562496910724067
0.412995 14.0204352483195 -1.39524604846352
0.413495 14.0374093463695 -3.13034889470084
0.413995 14.0543834444195 -3.38618087085728
0.414495 14.0713575424695 -3.58282559417053
0.414995 14.0883316405195 -2.843935039842
0.415495 14.1053057385695 -1.93167191622684
0.415995 14.1222798366195 -1.55963901824706
0.416495 14.1392539346695 -1.84108971763474
0.416995 14.1562280327195 -1.90704746657511
0.417495 14.1732021307695 -1.72314287469146
0.417995 14.1901762288195 -1.81238019120898
0.418495 14.2071503268695 -1.5571123541695
0.418995 14.2241244249195 -1.08323655023116
0.419495 14.2410985229695 -0.463712910926243
0.419995 14.2580726210195 0.143013982088483
0.420495 14.2750467190695 -0.307468564438586
0.420995 14.2920208171195 0.162026785951243
0.421495 14.3089949151695 0.0186058034653047
0.421995 14.3259690132195 -0.118710206056237
0.422495 14.3429431112695 -0.216904035548466
0.422995 14.3599172093195 -0.977759376310392
0.423495 14.3768913073695 -1.65541066817562
0.423995 14.3938654054195 -2.51613145819926
0.424495 14.4108395034695 -2.74681813741084
0.424995 14.4278136015195 -2.65875840114464
0.425495 14.4447876995695 -2.28980281802006
0.425995 14.4617617976195 -1.84630837785344
0.426495 14.4787358956695 -1.22018137565836
0.426995 14.4957099937195 -1.2478546886403
0.427495 14.5126840917695 -1.0631567359985
0.427995 14.5296581898195 -0.766982853980012
0.428495 14.5466322878695 -0.318389487212846
0.428995 14.5636063859195 -0.281685416522714
0.429495 14.5805804839695 0.0912812324189591
0.429995 14.5975545820195 0.322269469090913
0.430495 14.6145286800695 0.986353387514315
0.430995 14.6315027781195 1.31314276686794
0.431495 14.6484768761695 1.69420849925608
0.431995 14.6654509742195 2.25778406283419
0.432495 14.6824250722695 2.94087673829016
0.432995 14.6993991703195 3.79788325025998
0.433495 14.7163732683695 4.07011389230656
0.433995 14.7333473664195 4.6959582685566
0.434495 14.7503214644695 4.97553621377445
0.434995 14.7672955625195 4.90363563137844
0.435495 14.7842696605695 4.69826928606718
0.435995 14.8012437586195 4.37311843166824
0.436495 14.8182178566695 3.68737542651208
0.436995 14.8351919547195 2.58351177273832
0.437495 14.8521660527695 1.89558227525483
0.437995 14.8691401508195 0.900136533230916
0.438495 14.8861142488695 0.398894453809529
0.438995 14.9030883469195 -0.0565951445831444
0.439495 14.9200624449695 -0.238692599750032
0.439995 14.9370365430195 -0.759180521982862
0.440495 14.9540106410695 -1.37155743205595
0.440995 14.9709847391195 -1.64822291315722
0.441495 14.9879588371695 -2.02309513470962
0.441995 15.0049329352195 -2.24444815798481
0.442495 15.0219070332695 -2.37895245517644
0.442995 15.0388811313195 -2.32294718111937
0.443495 15.0558552293695 -2.09292565661057
0.443995 15.0728293274195 -1.82667339603542
0.444495 15.0898034254695 -1.52928067830318
0.444995 15.1067775235195 -1.61137276789594
0.445495 15.1237516215695 -1.01841095002876
0.445995 15.1407257196195 -0.940083616783695
0.446495 15.1576998176695 -0.408839361421154
0.446995 15.1746739157195 -0.454817118025683
0.447495 15.1916480137695 0.078345845558181
0.447995 15.2086221118195 -0.0591700750266593
0.448495 15.2255962098695 0.4883527059878
0.448995 15.2425703079195 0.763453470846949
0.449495 15.2595444059695 0.913471480471173
0.449995 15.2765185040195 1.05077716671839
0.450495 15.2934926020695 0.953953489729997
0.450995 15.3104667001195 0.967803485006985
0.451495 15.3274407981695 0.733592520394122
0.451995 15.3444148962195 0.9977124662633
0.452495 15.3613889942695 0.704364920720499
0.452995 15.3783630923195 0.612495938658205
0.453495 15.3953371903695 0.467275133460118
0.453995 15.4123112884195 0.0408327372860997
0.454495 15.4292853864695 0.037744473639341
0.454995 15.4462594845195 -0.421449597479178
0.455495 15.4632335825695 -0.413845045118203
0.455995 15.4802076806195 -0.759862278549084
0.456495 15.4971817786695 -0.630326364448802
0.456995 15.5141558767195 -0.528510565762022
0.457495 15.5311299747695 -0.822850027465905
0.457995 15.5481040728195 -0.524596817270605
0.458495 15.5650781708695 -0.53957669643832
0.458995 15.5820522689195 0.0541509310272918
0.459495 15.5990263669695 0.111713496042219
0.459995 15.6160004650195 0.699145062594779
0.460495 15.6329745630695 1.0246301182935
0.460995 15.6499486611195 1.10216794638298
0.461495 15.6669227591695 1.24727801272451
0.461995 15.6838968572195 1.41849345466285
0.462495 15.7008709552695 1.57606626450107
0.462995 15.7178450533195 1.53780089646049
0.463495 15.7348191513695 1.44889732656124
0.463995 15.7517932494195 1.18894146039138
0.464495 15.7687673474695 1.1076771994413
0.464995 15.7857414455195 0.903381105510337
0.465495 15.8027155435695 0.759519842190344
0.465995 15.8196896416195 0.482841231964721
0.466495 15.8366637396695 0.0791744956026698
0.466995 15.8536378377195 -0.029724929821829
0.467495 15.8706119357695 -0.315308698827763
0.467995 15.8875860338195 -0.644610990632433
0.468495 15.9045601318695 -1.03039348045606
0.468995 15.9215342299195 -1.3706764441378
0.469495 15.9385083279695 -1.38192549847257
0.469995 15.9554824260195 -1.52518859697954
0.470495 15.9724565240695 -1.64041220642782
0.470995 15.9894306221195 -1.86976685771232
0.471495 16.0064047201695 -1.77939936087259
0.471995 16.0233788182195 -2.12808440000447
0.472495 16.0403529162695 -1.97093978909398
0.472995 16.0573270143195 -1.54542220139475
0.473495 16.0743011123695 -1.32490427263343
0.473995 16.0912752104195 -1.32723957145177
0.474495 16.1082493084695 -1.11002962188578
0.474995 16.1252234065195 -0.65235509735512
0.475495 16.1421975045695 -0.403061998893762
0.475995 16.1591716026195 0.11281667437166
0.476495 16.1761457006695 0.738481286233432
0.476995 16.1931197987195 1.26513952930959
0.477495 16.2100938967695 1.73137705930553
0.477995 16.2270679948195 2.02779503919727
0.478495 16.2440420928695 2.36975616738907
0.478995 16.2610161909195 2.48897106119342
0.479495 16.2779902889695 2.61893281266367
0.479995 16.2949643870195 2.77823864695257
0.480495 16.3119384850695 2.87913466816501
0.480995 16.3289125831195 2.81589516990809
0.481495 16.3458866811695 2.41592117652828
0.481995 16.3628607792195 2.20514465913549
0.482495 16.3798348772695 1.9910675362929
0.482995 16.3968089753195 1.60114567390635
0.483495 16.4137830733695 1.11646541397789
0.483995 16.4307571714195 0.611718152519465
0.484495 16.4477312694695 -0.0376436706361943
0.484995 16.4647053675195 -0.838776484529937
0.485495 16.4816794655695 -1.43765984604886
0.485995 16.4986535636195 -1.8346875883349
0.486495 16.5156276616695 -2.20116046468863
0.486995 16.5326017597195 -2.53387089140222
0.487495 16.5495758577695 -2.64728987534017
0.487995 16.5665499558195 -2.88835822140559
0.488495 16.5835240538695 -2.89958368909298
0.488995 16.6004981519195 -2.77546909301117
0.489495 16.6174722499695 -2.69393115170663
0.489995 16.6344463480195 -2.35064663972565
0.490495 16.6514204460695 -2.03378735781703
0.490995 16.6683945441195 -1.72535769498147
0.491495 16.6853686421695 -1.19386244939484
0.491995 16.7023427402195 -0.567116599344615
0.492495 16.7193168382695 0.15021347844879
0.492995 16.7362909363195 0.798842123042354
0.493495 16.7532650343695 1.39149944535884
0.493995 16.7702391324195 1.75233482851279
0.494495 16.7872132304695 2.15276831348975
0.494995 16.8041873285195 2.42164775132985
0.495495 16.8211614265695 2.52351144999369
0.495995 16.8381355246195 2.71227988027731
0.496495 16.8551096226695 2.65069285787299
0.496995 16.8720837207195 2.61267290697533
0.497495 16.8890578187695 2.37051231215552
0.497995 16.9060319168195 2.1938340196223
0.498495 16.9230060148695 1.91590697080041
0.498995 16.9399801129195 1.57302094769755
0.499495 16.9569542109695 1.35171834665887
0.499995 16.9739283090195 0.797675541737307
0.500495 16.9909024070695 0.280966778850027
0.500995 17.0078765051195 -0.32149356804242
0.501495 17.0248506031695 -0.830484075986344
0.501995 17.0418247012195 -1.3841840860566
0.502495 17.0587987992695 -1.67483213186182
0.502995 17.0757728973195 -2.04009761069147
0.503495 17.0927469953695 -2.61357049346626
0.503995 17.1097210934195 -2.74287151595194
0.504495 17.1266951914695 -2.90566116517197
0.504995 17.1436692895195 -2.81370503677875
0.505495 17.1606433875695 -2.77897053874961
0.505995 17.1776174856195 -2.85122502841464
0.506495 17.1945915836695 -2.29537067524124
0.506995 17.2115656817195 -2.20817640411092
0.507495 17.2285397797695 -1.75187243592516
0.507995 17.2455138778195 -1.36325803812461
0.508495 17.2624879758695 -0.963395072632905
0.508995 17.2794620739195 -0.112957976018151
0.509495 17.2964361719695 0.279053957165075
0.509995 17.3134102700195 1.01210448755029
0.510495 17.3303843680695 1.34599374806919
0.510995 17.3473584661195 1.95737132233772
0.511495 17.3643325641695 2.17899864090859
0.511995 17.3813066622195 2.50489359277974
0.512495 17.3982807602695 2.63629528946466
0.512995 17.4152548583195 2.99761044424267
