# Fix print output for fix Step
-1.23378056083968e-16 -1.13686837721616e-14 0.383130512559173
0.00049499999999979 0.0456118263314806 0.815492942411589
0.000994999999999912 0.0916843781814919 1.22398186401922
0.00149499999999979 0.13775693003148 1.5754059299477
0.00199499999999991 0.183829481881492 1.76560237103176
0.00249499999999978 0.22990203373148 2.2986257149809
0.00299499999999991 0.275974585581491 2.30580627477826
0.00349499999999978 0.32204713743148 2.88691062322123
0.0039949999999999 0.368119689281491 2.93557667046466
0.00449499999999978 0.414192241131479 3.37151449425278
0.0049949999999999 0.460264792981491 3.68561197363496
0.00549499999999977 0.506337344831479 3.8684199526283
0.0059949999999999 0.55240989668149 4.31859468822898
0.00649499999999977 0.598482448531479 4.53673129181346
0.00699499999999989 0.64455500038149 4.91145255163261
0.00749499999999977 0.690627552231479 5.23664978032675
0.00799499999999989 0.73670010408149 5.38351025200259
0.00849499999999976 0.782772655931478 5.84219759958535
0.00899499999999989 0.82884520778149 6.01468494327782
0.00949499999999976 0.874917759631478 6.40769705198522
0.00999499999999988 0.920990311481489 6.70665061587115
0.0104949999999998 0.967062863331478 6.91543720037627
0.0109949999999999 1.01313541518149 7.29339330835066
0.0114949999999998 1.05920796703148 7.53249962432489
0.0119949999999999 1.10528051888149 7.92958197269437
0.0124949999999999 1.15135307073149 8.11032494154018
0.0129949999999999 1.19742562258149 8.51184759819082
0.0134949999999999 1.24349817443149 8.70648576740584
0.0139949999999999 1.28957072628149 8.93785303463965
0.0144949999999999 1.33564327813149 9.3190911936439
0.0149949999999999 1.38171582998149 9.53669217755058
0.0154949999999999 1.42778838183149 9.83892201195804
0.0159949999999999 1.47386093368149 10.1567367669299
0.0164949999999999 1.51993348553149 10.4339725514716
0.0169949999999999 1.56600603738149 10.7530480575208
0.0174949999999999 1.61207858923149 10.914064620126
0.0179949999999999 1.65815114108149 11.2811848310458
0.018495 1.7042236929315 11.4489513305734
0.0189949999999999 1.75029624478149 11.7856171860857
0.019495 1.7963687966315 12.121357947998
0.0199949999999998 1.84244134848149 12.3208934249181
0.020495 1.8885139003315 12.6336356591965
0.0209949999999998 1.93458645218149 12.8373375822574
0.021495 1.9806590040315 13.1992996790615
0.0219949999999998 2.02673155588149 13.4695010929482
0.022495 2.0728041077315 13.6200517883239
0.0229949999999998 2.11887665958149 13.9668639534611
0.023495 2.1649492114315 14.2489504327017
0.0239949999999998 2.21102176328149 14.558378187583
0.024495 2.2570943151315 14.7669033811865
0.0249949999999998 2.30316686698148 14.9508604033485
0.025495 2.3492394188315 15.315736101896
0.0259949999999998 2.39531197068148 15.6115842315329
0.026495 2.4413845225315 15.8566394586657
0.0269949999999998 2.48745707438148 16.0804572608548
0.027495 2.5335296262315 16.292960195854
0.0279949999999998 2.57960217808148 16.5907664760239
0.0284949999999999 2.6256747299315 16.818686617697
0.0289949999999998 2.67174728178148 17.1580901408851
0.0294949999999999 2.71781983363149 17.4494117529178
0.0299949999999998 2.76389238548148 17.6385516003485
0.0304949999999999 2.80996493733149 17.9159975273254
0.0309949999999998 2.85603748918148 18.081650525776
0.0314949999999999 2.90211004103149 18.3739796189656
0.0319949999999998 2.94818259288148 18.6391178318865
0.0324949999999999 2.99425514473149 18.8714690144772
0.0329949999999998 3.04032769658148 19.1712319640961
0.0334949999999999 3.08640024843149 19.3346744026937
0.0339949999999998 3.13247280028148 19.6829118658858
0.0344949999999999 3.17854535213149 19.9068574439569
0.0349949999999998 3.22461790398148 20.1497216614421
0.0354949999999999 3.27069045583149 20.4773877815379
0.0359949999999998 3.31676300768148 20.650814522826
0.0364949999999999 3.36283555953149 20.9359960764409
0.0369949999999998 3.40890811138148 21.1436955007419
0.0374949999999999 3.45498066323149 21.3466406698651
0.0379949999999998 3.50105321508148 21.701433986012
0.0384949999999999 3.54712576693149 21.8378594724841
0.0389949999999998 3.59319831878148 22.1436960850053
0.0394949999999999 3.63927087063149 22.3675096219725
0.0399949999999998 3.68534342248148 22.583692693502
0.0404949999999999 3.73141597433149 22.8707480831767
0.0409949999999998 3.77748852618148 23.0353676320773
0.0414949999999999 3.82356107803149 23.3626785803187
0.0419949999999998 3.86963362988148 23.5653226913073
0.0424949999999999 3.91570618173149 23.8769987889743
0.0429949999999998 3.96177873358148 24.1706422380637
0.0434949999999999 4.00785128543149 24.3023773327276
0.0439949999999998 4.05392383728148 24.609264915106
0.0444949999999999 4.09999638913149 24.7403105488109
0.0449949999999998 4.14606894098148 24.9988155930373
0.0454949999999999 4.19214149283149 25.262775079516
0.0459949999999998 4.23821404468148 25.3820970015252
0.0464949999999999 4.28428659653149 25.7274323751104
0.0469949999999998 4.33035914838148 25.8867487526637
0.0474949999999999 4.37643170023149 26.1998075434921
0.0479949999999998 4.42250425208148 26.493810612123
0.0484949999999999 4.46857680393149 26.6801198967922
0.0489949999999998 4.51464935578148 27.0163533508386
0.0494949999999999 4.56072190763149 27.170507858917
0.0499949999999999 4.60679445948149 27.430622411601
0.0504949999999999 4.65286701133149 27.6658900211987
0.0509949999999997 4.69893956318148 27.7974380769406
0.0514949999999999 4.74501211503149 28.0880462496668
0.0519949999999999 4.79108466688149 28.2558697033932
0.0524949999999999 4.83715721873149 28.498280470652
0.0529949999999999 4.88322977058149 28.7496459476074
0.0534949999999999 4.92930232243149 28.9348635563941
0.0539949999999999 4.97537487428149 29.2173969685713
0.0544949999999999 5.02144742613149 29.3617801294849
0.0549949999999999 5.06751997798149 29.6582278482721
0.0554949999999999 5.11359252983149 29.8636180112846
0.0559949999999999 5.15966508168149 30.0805966317081
0.0564949999999999 5.20573763353149 30.33634241359
0.0569949999999999 5.25181018538149 30.5214617309428
0.0574949999999999 5.29788273723149 30.7719975745245
0.0579949999999999 5.34395528908149 30.9705659903636
0.0584949999999999 5.39002784093149 31.1456626425215
0.0589949999999998 5.43610039278149 31.4266256294661
0.0594949999999998 5.48217294463149 31.5958433412424
0.059995 5.5282454964815 31.8338306562926
0.0604949999999998 5.57431804833149 32.0770969649034
0.060995 5.6203906001815 32.2297411798139
0.0614949999999998 5.66646315203149 32.5028991897862
0.061995 5.7125357038815 32.6780486168502
0.0624949999999998 5.75860825573149 32.9411452046166
0.062995 5.8046808075815 33.1589041630485
0.0634949999999998 5.85075335943148 33.353557673803
0.063995 5.8968259112815 33.6257876680653
0.0644949999999998 5.94289846313148 33.8274677406364
0.064995 5.9889710149815 34.0540339205125
0.0654949999999998 6.03504356683148 34.2648762192035
0.065995 6.0811161186815 34.4746020250005
0.0664949999999998 6.12718867053148 34.7369589020178
0.0669949999999999 6.1732612223815 34.8962397911609
0.0674949999999998 6.21933377423148 35.1451272326266
0.0679949999999999 6.26540632608149 35.3638134617339
0.0684949999999998 6.31147887793148 35.5524473368744
0.0689949999999999 6.35755142978149 35.789326991812
0.0694949999999998 6.40362398163148 35.9214167935918
0.0699949999999999 6.44969653348149 36.1619824171584
0.0704949999999998 6.49576908533148 36.3548396263507
0.0709949999999999 6.54184163718149 36.5596154987983
0.0714949999999998 6.58791418903148 36.7730763687096
0.0719949999999999 6.63398674088149 36.9331186165873
0.0724949999999998 6.68005929273148 37.1817633302457
0.0729949999999999 6.72613184458149 37.3171106699821
0.0734949999999998 6.77220439643148 37.5169044582383
0.0739949999999999 6.81827694828149 37.7578721795891
0.0744949999999998 6.86434950013148 37.9465364965877
0.0749949999999999 6.91042205198149 38.1915097538375
0.0754949999999998 6.95649460383148 38.3702422382909
0.0759949999999999 7.00256715568149 38.5823289739266
0.0764949999999998 7.04863970753148 38.8044639963943
0.0769949999999999 7.09471225938149 38.9850556099432
0.0774949999999998 7.14078481123148 39.1831607330155
0.0779949999999999 7.18685736308149 39.3882446461622
0.0784949999999998 7.23292991493148 39.5902048384248
0.0789949999999999 7.27900246678149 39.7699190985292
0.0794949999999998 7.32507501863148 39.8880611126566
0.0799949999999999 7.37114757048149 40.1216171804628
0.0804949999999998 7.41722012233148 40.3077612055013
0.0809949999999999 7.46329267418149 40.5194337533151
0.0814949999999998 7.50936522603148 40.7319377693657
0.0819949999999999 7.55543777788149 40.9480594171337
0.0824949999999998 7.60151032973148 41.1433482437317
0.0829949999999999 7.64758288158149 41.336690769128
0.0834949999999998 7.69365543343148 41.5058168533254
0.0839949999999999 7.73972798528149 41.6768396704778
0.0844949999999998 7.78580053713148 41.8347633233651
0.0849949999999999 7.83187308898149 42.0386852698711
0.0854949999999998 7.87794564083148 42.2027031689248
0.0859949999999999 7.92401819268149 42.4375122770672
0.0864949999999999 7.97009074453149 42.6044400422563
0.0869949999999999 8.01616329638149 42.8523033075281
0.0874949999999998 8.06223584823148 43.0283243767157
0.0879949999999999 8.10830840008149 43.2034062085775
0.0884949999999999 8.15438095193149 43.3529382348186
0.0889949999999999 8.20045350378149 43.51542353123
0.0894949999999998 8.24652605563148 43.7240004890935
0.0899949999999999 8.29259860748149 43.8992414061298
0.0904949999999999 8.33867115933149 44.1001576676217
0.0909949999999999 8.38474371118149 44.3001122148901
0.0914949999999999 8.43081626303149 44.4738646703979
0.0919949999999999 8.47688881488149 44.63992706353
0.0924949999999999 8.52296136673149 44.7686160808532
0.0929949999999999 8.56903391858149 44.9683641695212
0.0934949999999999 8.61510647043149 45.1559412521845
0.0939949999999999 8.66117902228149 45.3512769301802
0.0944949999999999 8.70725157413149 45.5486886757122
0.0949949999999999 8.75332412598149 45.6962771299178
0.0954949999999999 8.79939667783149 45.8675194635563
0.0959949999999999 8.84546922968149 46.0401454169053
0.0964949999999999 8.89154178153149 46.2055085734014
0.0969949999999998 8.93761433338149 46.3940258255259
0.0974949999999998 8.98368688523149 46.5555741294188
0.0979949999999998 9.02975943708149 46.7246264657614
0.0984949999999998 9.07583198893149 46.9073952362083
0.0989949999999998 9.12190454078149 47.0851557332149
0.0994949999999998 9.16797709263149 47.2625840814424
0.0999949999999998 9.21404964448149 47.3795965936451
0.100495 9.2601221963315 47.559280664485
0.100995 9.30619474818149 47.7061495565569
0.101495 9.3522673000315 47.9326952670693
0.101995 9.39833985188148 48.1461694458277
0.102495 9.4444124037315 48.2692645145776
0.102995 9.49048495558148 48.3843160797379
0.103495 9.5365575074315 48.5210430543553
0.103995 9.58263005928148 48.7256894967379
0.104495 9.6287026111315 48.9349956870469
0.104995 9.67477516298148 49.0802467481578
0.105495 9.7208477148315 49.2185766556448
0.105995 9.76692026668148 49.3532314323564
0.106495 9.81299281853149 49.5426555751591
0.106995 9.85906537038148 49.7475719276622
0.107495 9.90513792223149 49.8837258972243
0.107995 9.95121047408148 49.9880238765053
0.108495 9.99728302593149 50.1172670625007
0.108995 10.0433555777815 50.3615959517811
0.109495 10.0894281296315 50.5636788438089
0.109995 10.1355006814815 50.6168918903586
0.110495 10.1815732333315 50.7667720422973
0.110995 10.2276457851815 50.9989824171552
0.111495 10.2737183370315 51.1481671637616
0.111995 10.3197908888815 51.2464849839879
0.112495 10.3658634407315 51.3994263968289
0.112995 10.4119359925815 51.600163220339
0.113495 10.4580085444315 51.7315136494109
0.113995 10.5040810962815 51.8370129251303
0.114495 10.5501536481315 52.0142393738242
0.114995 10.5962261999815 52.1643312246594
0.115495 10.6422987518315 52.32465675608
0.115995 10.6883713036815 52.4389609917006
0.116495 10.7344438555315 52.6062263379672
0.116995 10.7805164073815 52.8097645140766
0.117495 10.8265889592315 52.8559982061256
0.117995 10.8726615110815 53.0627222149238
0.118495 10.9187340629315 53.2258981161827
0.118995 10.9648066147815 53.3421212034077
0.119495 11.0108791666315 53.50464724604
0.119995 11.0569517184815 53.6166207563865
0.120495 11.1030242703315 53.8023860325702
0.120995 11.1490968221815 53.9119325356878
0.121495 11.1951693740315 54.0481906743932
0.121995 11.2412419258815 54.2226659776882
0.122495 11.2873144777315 54.3250863350338
0.122995 11.3333870295815 54.5398628971195
0.123495 11.3794595814315 54.6273279248959
0.123995 11.4255321332815 54.71329497701
0.124495 11.4716046851315 54.9440894962736
0.124995 11.5176772369815 55.034501389497
0.125495 11.5637497888315 55.1515682201202
0.125995 11.6098223406815 55.3394099458844
0.126495 11.6558948925315 55.4568175202588
0.126995 11.7019674443815 55.5630591542826
0.127495 11.7480399962315 55.7384397761715
0.127995 11.7941125480815 55.8727303452936
0.128495 11.8401850999315 55.9974788987495
0.128995 11.8862576517815 56.128035161604
0.129495 11.9323302036315 56.2511875807829
0.129995 11.9784027554815 56.3570127379898
0.130495 12.0244753073315 56.536328736911
0.130995 12.0705478591815 56.6579145315819
0.131495 12.1166204110315 56.7604067636992
0.131995 12.1626929628815 56.8956409279881
0.132495 12.2087655147315 57.0010298433647
0.132995 12.2548380665815 57.1768777820137
0.133495 12.3009106184315 57.2985028205871
0.133995 12.3469831702815 57.414220057589
0.134495 12.3930557221315 57.5677484400616
0.134995 12.4391282739815 57.6291631984482
0.135495 12.4852008258315 57.803724737129
0.135995 12.5312733776815 57.947239717966
0.136495 12.5773459295315 58.0041357554427
0.136995 12.6234184813815 58.2035786122996
0.137495 12.6694910332315 58.2787634287547
0.137995 12.7155635850815 58.3791333947338
0.138495 12.7616361369315 58.557001435549
0.138995 12.8077086887815 58.628419278449
0.139495 12.8537812406315 58.7908623201577
0.139995 12.8998537924815 58.8936090671807
0.140495 12.9459263443315 58.9967285267631
0.140995 12.9919988961815 59.160254189985
0.141495 13.0380714480315 59.2336313442915
0.141995 13.0841439998815 59.3733371669058
0.142495 13.1302165517315 59.4883783171615
0.142995 13.1762891035815 59.5607413619463
0.143495 13.2223616554315 59.7481611304659
0.143995 13.2684342072815 59.8320821519793
0.144495 13.3145067591315 59.9515460475443
0.144995 13.3605793109815 60.1010458727899
0.145495 13.4066518628315 60.174971164546
0.145995 13.4527244146815 60.2757062381242
0.146495 13.4987969665315 60.3863903488947
0.146995 13.5448695183815 60.529007641639
0.147495 13.5909420702315 60.6068857199176
0.147995 13.6370146220815 60.7710718655726
0.148495 13.6830871739315 60.8404136707528
0.148995 13.7291597257815 60.9552529450353
0.149495 13.7752322776315 61.0666338033286
0.149995 13.8213048294815 61.1673566798595
0.150495 13.8673773813315 61.279176914518
0.150995 13.9134499331815 61.4054301333507
0.151495 13.9595224850315 61.5214223201572
0.151995 14.0055950368815 61.5964081631973
0.152495 14.0516675887315 61.7190482973141
0.152995 14.0977401405815 61.8252622166279
0.153495 14.1438126924315 61.9131730860327
0.153995 14.1898852442815 62.0211775404111
0.154495 14.2359577961315 62.1566251370256
0.154995 14.2820303479815 62.1884163092544
0.155495 14.3281028998315 62.369530361018
0.155995 14.3741754516815 62.4010909359514
0.156495 14.4202480035315 62.5687604160485
0.156995 14.4663205553815 62.6056669532574
0.157495 14.5123931072315 62.7520544784116
0.157995 14.5584656590815 62.8468003645644
0.158495 14.6045382109315 62.956001811135
0.158995 14.6506107627815 63.0314173141817
0.159495 14.6966833146315 63.1454115344403
0.159995 14.7427558664815 63.2201123492404
0.160495 14.7888284183315 63.3278429673148
0.160995 14.8349009701815 63.4109967946791
0.161495 14.8809735220315 63.5153708280599
0.161995 14.9270460738815 63.5918089011713
0.162495 14.9731186257315 63.7382128845728
0.162995 15.0191911775815 63.8152264230272
0.163495 15.0652637294315 63.8895936872114
0.163995 15.1113362812815 63.9836428428528
0.164495 15.1574088331315 64.0841122233022
0.164995 15.2034813849815 64.1452498509498
0.165495 15.2495539368315 64.2778062009982
0.165995 15.2956264886815 64.3572067948386
0.166495 15.3416990405315 64.4990652966087
0.166995 15.3877715923815 64.5160035875633
0.167495 15.4338441442315 64.6491299701918
0.167995 15.4799166960815 64.7067632929303
0.168495 15.5259892479315 64.8281658430013
0.168995 15.5720617997815 64.9232634780546
0.169495 15.6181343516315 64.9983459222943
0.169995 15.6642069034815 65.0991199327792
0.170495 15.7102794553315 65.1574743215362
0.170995 15.7563520071815 65.2596699058903
0.171495 15.8024245590315 65.3255528471373
0.171995 15.8484971108815 65.4523714544863
0.172495 15.8945696627315 65.4959656304029
0.172995 15.9406422145815 65.6138557155096
0.173495 15.9867147664315 65.6365135370229
0.173995 16.0327873182815 65.7762819298323
0.174495 16.0788598701315 65.8767654403629
0.174995 16.1249324219815 65.9587860396939
0.175495 16.1710049738315 66.0420660465988
0.175995 16.2170775256815 66.0782053342999
0.176495 16.2631500775315 66.186470168234
0.176995 16.3092226293815 66.2221582844233
0.177495 16.3552951812315 66.3594248385808
0.177995 16.4013677330815 66.4294771656488
0.178495 16.4474402849315 66.5148138632772
0.178995 16.4935128367815 66.5812266282959
0.179495 16.5395853886315 66.6279889988361
0.179995 16.5856579404815 66.7207543521487
0.180495 16.6317304923315 66.8169208654461
0.180995 16.6778030441815 66.8864272259782
0.181495 16.7238755960315 66.9914211567685
0.181995 16.7699481478815 67.0599593747497
0.182495 16.8160206997315 67.1478115001309
0.182995 16.8620932515815 67.1719155564167
0.183495 16.9081658034315 67.2564926472962
0.183995 16.9542383552815 67.3712725787105
0.184495 17.0003109071315 67.4097910916949
0.184995 17.0463834589815 67.5225647727024
0.185495 17.0924560108315 67.5687322858475
0.185995 17.1385285626815 67.6505525596792
0.186495 17.1846011145315 67.7090430558087
0.186995 17.2306736663815 67.7972716034355
0.187495 17.2767462182315 67.9203910915664
0.187995 17.3228187700815 67.9201241840773
0.188495 17.3688913219315 68.0155482318743
0.188995 17.4149638737815 68.0734551298917
0.189495 17.4610364256315 68.1578824046709
0.189995 17.5071089774815 68.2642495280042
0.190495 17.5531815293315 68.2698803805873
0.190995 17.5992540811815 68.417536904475
0.191495 17.6453266330315 68.4428013702042
0.191995 17.6913991848815 68.5084738380138
0.192495 17.7374717367315 68.6291026421147
0.192995 17.7835442885815 68.6639538963764
0.193495 17.8296168404315 68.7199460068472
0.193995 17.8756893922815 68.8301514436981
0.194495 17.9217619441315 68.839628165014
0.194995 17.9678344959815 68.9205374749418
0.195495 18.0139070478315 69.0218982777826
0.195995 18.0599795996815 69.0759779106025
0.196495 18.1060521515315 69.1597954167633
0.196995 18.1521247033815 69.2340495584768
0.197495 18.1981972552315 69.2706202495813
0.197995 18.2442698070815 69.3541173553648
0.198495 18.2903423589315 69.432149603763
0.198995 18.3364149107815 69.4824889285391
0.199495 18.3824874626315 69.5599256764454
0.199995 18.4285600144815 69.5911375178549
0.200495 18.4746325663315 69.6632619951799
0.200995 18.5207051181815 69.7529361273215
0.201495 18.5667776700315 69.8135314977809
0.201995 18.6128502218815 69.8849917816572
0.202495 18.6589227737315 69.9400241781002
0.202995 18.7049953255815 70.0063205847492
0.203495 18.7510678774315 70.0519549821865
0.203995 18.7971404292815 70.1457713628213
0.204495 18.8432129811315 70.1938809225433
0.204995 18.8892855329815 70.2735223355151
0.205495 18.9353580848315 70.3529855442823
0.205995 18.9814306366815 70.39950315873
0.206495 19.0275031885315 70.45429200346
0.206995 19.0735757403815 70.5396584699321
0.207495 19.1196482922315 70.5726806431689
0.207995 19.1657208440815 70.6564788194003
0.208495 19.2117933959315 70.7250485402014
0.208995 19.2578659477815 70.7088490844698
0.209495 19.3039384996315 70.8286882747174
0.209995 19.3500110514815 70.8833043733756
0.210495 19.3960836033315 70.9409565940204
0.210995 19.4421561551815 71.0546295354859
0.211495 19.4882287070315 71.0825687819545
0.211995 19.5343012588815 71.1410537899111
0.212495 19.5803738107315 71.1931421755756
0.212995 19.6264463625815 71.2878916213404
0.213495 19.6725189144315 71.2841547120233
0.213995 19.7185914662815 71.4141113658091
0.214495 19.7646640181315 71.4945672469177
0.214995 19.8107365699815 71.5156740321182
0.215495 19.8568091218315 71.5785722291653
0.215995 19.9028816736815 71.6376935326973
0.216495 19.9489542255315 71.6480671381121
0.216995 19.9950267773815 71.7693586971265
0.217495 20.0410993292315 71.8434416770996
0.217995 20.0871718810815 71.877432697215
0.218495 20.1332444329315 71.9230917410684
0.218995 20.1793169847815 71.9733909465982
0.219495 20.2253895366315 72.0855385228788
0.219995 20.2714620884815 72.099227191247
0.220495 20.3175346403315 72.2116100945478
0.220995 20.3636071921815 72.2357598954689
0.221495 20.4096797440315 72.2476595498933
0.221995 20.4557522958815 72.3504469369107
0.222495 20.5018248477315 72.4484970434331
0.222995 20.5478973995815 72.5042261601747
0.223495 20.5939699514315 72.4845669158758
0.223995 20.6400425032815 72.6283019777738
0.224495 20.6861150551315 72.6331617926506
0.224995 20.7321876069815 72.7131992829935
0.225495 20.7782601588315 72.809573412672
0.225995 20.8243327106815 72.8040315976877
0.226495 20.8704052625315 72.8841253290563
0.226995 20.9164778143815 72.9506827660594
0.227495 20.9625503662315 72.9759829013415
0.227995 21.0086229180815 73.0445313952045
0.228495 21.0546954699315 73.1292055510797
0.228995 21.1007680217815 73.2449750561035
0.229495 21.1468405736315 73.2789788657403
0.229995 21.1929131254815 73.2901459574522
0.230495 21.2389856773315 73.3120532791311
0.230995 21.2850582291815 73.4773096174821
0.231495 21.3311307810315 73.5511604462816
0.231995 21.3772033328815 73.5315115137473
0.232495 21.4232758847315 73.6040390544786
0.232995 21.4693484365815 73.7267316709763
0.233495 21.5154209884315 73.6707434397237
0.233995 21.5614935402815 73.8088695769928
0.234495 21.6075660921315 73.851025828724
0.234995 21.6536386439815 73.9431107049994
0.235495 21.6997111958315 74.010868850321
0.235995 21.7457837476815 74.1063219960803
0.236495 21.7918562995315 74.0861270418669
0.236995 21.8379288513815 74.0861504298272
0.237495 21.8840014032315 74.2272068878745
0.237995 21.9300739550815 74.3249907132705
0.238495 21.9761465069315 74.3249270950119
0.238995 22.0222190587815 74.3844134359325
0.239495 22.0682916106315 74.4639825160371
0.239995 22.1143641624815 74.5126106295994
0.240495 22.1604367143315 74.5713033393115
0.240995 22.2065092661815 74.6675019093107
0.241495 22.2525818180315 74.7366808369682
0.241995 22.2986543698815 74.7144320120282
0.242495 22.3447269217315 74.8887241016929
0.242995 22.3907994735815 74.9525403927957
0.243495 22.4368720254315 75.0240648487296
0.243995 22.4829445772815 75.0079186854646
0.244495 22.5290171291315 75.1041427943946
0.244995 22.5750896809815 75.044318740989
0.245495 22.6211622328315 75.227591301835
0.245995 22.6672347846815 75.2742455410833
0.246495 22.7133073365315 75.3533432643663
0.246995 22.7593798883815 75.3603857375559
0.247495 22.8054524402315 75.4555681015432
0.247995 22.8515249920815 75.5575305280207
0.248495 22.8975975439315 75.565873687752
0.248995 22.9436700957815 75.6542414749553
0.249495 22.9897426476315 75.7107169184985
0.249995 23.0358151994815 75.8007833813642
0.250495 23.0818877513315 75.8508941222196
0.250995 23.1279603031815 75.9313193128698
0.251495 23.1740328550315 76.0304548551226
0.251995 23.2201054068815 75.9711425583887
0.252495 23.2661779587315 76.0554774287317
0.252995 23.3122505105815 76.2168879626335
0.253495 23.3583230624315 76.2428522156008
0.253995 23.4043956142815 76.3748589762931
0.254495 23.4504681661315 76.3551254327631
0.254995 23.4965407179815 76.4154264893376
0.255495 23.5426132698315 76.551777324402
0.255995 23.5886858216815 76.5580997384759
0.256495 23.6347583735315 76.6957943592642
0.256995 23.6808309253815 76.7518220832633
0.257495 23.7269034772315 76.8027305016816
0.257995 23.7729760290815 76.8388337901516
0.258495 23.8190485809315 76.8824909405099
0.258995 23.8651211327815 77.0088983011044
0.259495 23.9111936846315 77.1235643233884
0.259995 23.9572662364815 77.0560777329933
0.260495 24.0033387883315 77.1527820941984
0.260995 24.0494113401815 77.2056665732737
0.261495 24.0954838920315 77.3617380201469
0.261995 24.1415564438815 77.393949106702
0.262495 24.1876289957315 77.4570704078995
0.262995 24.2337015475815 77.5884479949519
0.263495 24.2797740994315 77.5470429913352
0.263995 24.3258466512815 77.6779465306656
0.264495 24.3719192031315 77.6275491930488
0.264995 24.4179917549815 77.9022409659398
0.265495 24.4640643068315 77.9046907292951
0.265995 24.5101368586815 78.0469200198785
0.266495 24.5562094105315 78.0804163597255
0.266995 24.6022819623815 78.1972123901645
0.267495 24.6483545142315 78.209761773685
0.267995 24.6944270660815 78.3650665242599
0.268495 24.7404996179315 78.3474197666709
0.268995 24.7865721697815 78.3368548205409
0.269495 24.8326447216315 78.4081931791384
0.269995 24.8787172734815 78.5732438611684
0.270495 24.9247898253315 78.5459743217676
0.270995 24.9708623771815 78.6798904990889
0.271495 25.0169349290315 78.8739383902769
0.271995 25.0630074808815 78.8453435748426
0.272495 25.1090800327315 78.9340962532125
0.272995 25.1551525845815 79.1397213612172
0.273495 25.2012251364315 79.0853458956714
0.273995 25.2472976882815 79.1737532804009
0.274495 25.2933702401315 79.1223749060157
0.274995 25.3394427919815 79.4115041564874
0.275495 25.3855153438315 79.4921239394153
0.275995 25.4315878956815 79.4817330204825
0.276495 25.4776604475315 79.7918703203021
0.276995 25.5237329993815 79.8334526797235
0.277495 25.5698055512315 79.73911193072
0.277995 25.6158781030815 79.8008563537131
0.278495 25.6619506549315 79.8987142750566
0.278995 25.7080232067815 80.1866261843422
0.279495 25.7540957586315 80.2391657564839
0.279995 25.8001683104815 80.2473794426273
0.280495 25.8462408623315 80.4386722467164
0.280995 25.8923134141815 80.5096474366529
0.281495 25.9383859660315 80.4830872642467
0.281995 25.9844585178815 80.4916410815302
0.282495 26.0305310697315 80.766937533427
0.282995 26.0766036215815 81.0049165380818
0.283495 26.1226761734315 80.8533254958771
0.283995 26.1687487252815 80.8368961139312
0.284495 26.2148212771315 81.1186140052459
0.284995 26.2608938289815 81.2183965253471
0.285495 26.3069663808315 81.267670375705
0.285995 26.3530389326815 81.5937129038089
0.286495 26.3991114845315 81.416184404312
0.286995 26.4451840363815 81.6036615123243
0.287495 26.4912565882315 81.8679182134728
0.287995 26.5373291400815 81.7409723213952
0.288495 26.5834016919315 82.0433983536554
0.288995 26.6294742437815 82.1937639021653
0.289495 26.6755467956315 82.2437751231106
0.289995 26.7216193474815 82.3095249909961
0.290495 26.7676918993315 82.4220974905325
0.290995 26.8137644511815 82.5571699586852
0.291495 26.8598370030315 82.5229641899571
0.291995 26.9059095548815 82.8144808684378
0.292495 26.9519821067315 82.9211452269944
0.292995 26.9980546585815 83.009087335106
0.293495 27.0441272104315 83.1595122145574
0.293995 27.0901997622815 83.3113655950984
0.294495 27.1362723141315 83.3919517756169
0.294995 27.1823448659815 83.569764516545
0.295495 27.2284174178315 83.818074308298
0.295995 27.2744899696815 83.7402606480339
0.296495 27.3205625215315 83.9801750894176
0.296995 27.3666350733815 84.2281615209239
0.297495 27.4127076252315 84.1516325250708
0.297995 27.4587801770815 84.249990051658
0.298495 27.5048527289315 84.5517221387345
0.298995 27.5509252807815 84.8018966222482
0.299495 27.5969978326315 84.9026400892497
0.299995 27.6430703844815 84.9503299477456
0.300495 27.6891429363315 85.1150571931917
0.300995 27.7352154881815 85.2244465686589
0.301495 27.7812880400315 85.4906284085838
0.301995 27.8273605918815 85.5942890233959
0.302495 27.8734331437315 85.8962135776303
0.302995 27.9195056955815 86.016392548437
0.303495 27.9655782474315 86.0590602549852
0.303995 28.0116507992815 86.1902801455481
0.304495 28.0577233511315 86.4964962873395
0.304995 28.1037959029815 86.3535146374462
0.305495 28.1498684548315 86.8726985262373
0.305995 28.1959410066815 86.8388498453118
0.306495 28.2420135585315 87.176412942353
0.306995 28.2880861103815 87.3567335856913
0.307495 28.3341586622315 87.6594283956519
0.307995 28.3802312140815 87.7911329574811
0.308495 28.4263037659315 87.8466617340187
0.308995 28.4723763177815 88.034596915103
0.309495 28.5184488696315 88.3014448914287
0.309995 28.5645214214815 88.5559400611785
0.310495 28.6105939733315 88.7347250912423
0.310995 28.6566665251815 88.8517938964767
0.311495 28.7027390770315 89.1803095121119
0.311995 28.7488116288815 89.3056688116907
0.312495 28.7948841807315 89.6948816244379
0.312995 28.8409567325815 89.967183075151
0.313495 28.8870292844315 89.8448015671038
0.313995 28.9331018362815 90.3548774499529
0.314495 28.9791743881315 90.360068726273
0.314995 29.0252469399815 90.4187732189861
0.315495 29.0713194918315 91.085240770198
0.315995 29.1173920436815 90.8585938830155
0.316495 29.1634645955315 91.6494281750089
0.316995 29.2095371473815 91.5588249125647
0.317495 29.2556096992315 91.8056994486838
0.317995 29.3016822510815 91.9350395610279
0.318495 29.3477548029315 92.5924123155075
0.318995 29.3938273547815 92.5008066729169
0.319495 29.4398999066315 92.8879873213339
0.319995 29.4859724584815 93.128769300255
0.320495 29.5320450103315 93.42779794994
0.320995 29.5781175621815 93.6405827184378
0.321495 29.6241901140315 93.9730224858499
0.321995 29.6702626658815 94.063227544508
0.322495 29.7163352177315 94.4193559524511
0.322995 29.7624077695815 94.797924317387
0.323495 29.8084803214315 94.9871623153053
0.323995 29.8545528732815 95.4542415517424
0.324495 29.9006254251315 95.5257900117675
0.324995 29.9466979769815 95.8205782899783
0.325495 29.9927705288315 96.0905724443431
0.325995 30.0388430806815 96.509334735789
0.326495 30.0849156325315 96.4526763076583
0.326995 30.1309881843815 97.0442295718095
0.327495 30.1770607362315 97.182528650513
0.327995 30.2231332880815 97.6325481315426
0.328495 30.2692058399315 97.8231182151613
0.328995 30.3152783917815 98.3024595559829
0.329495 30.3613509436315 98.458774809837
0.329995 30.4074234954815 98.6685480088534
0.330495 30.4534960473315 99.1214265023344
0.330995 30.4995685991815 99.4628131759491
0.331495 30.5456411510315 99.8829961243743
0.331995 30.5917137028815 100.319412695747
0.332495 30.6377862547315 100.309217919306
0.332995 30.6838588065815 100.893200394326
0.333495 30.7299313584315 100.900966462845
0.333995 30.7760039102815 101.467231782761
0.334495 30.8220764621315 101.641443482967
0.334995 30.8681490139815 102.138555852823
0.335495 30.9142215658315 102.49006020796
0.335995 30.9602941176815 102.730970586052
0.336495 31.0063666695315 103.185079911687
0.336995 31.0524392213815 103.593321454095
0.337495 31.0985117732315 103.685763756007
0.337995 31.1445843250815 104.348622544299
0.338495 31.1906568769315 104.432956605589
0.338995 31.2367294287815 104.851091128692
0.339495 31.2828019806315 105.154069265755
0.339995 31.3288745324815 105.565214875764
0.340495 31.3749470843315 105.934992688431
0.340995 31.4210196361815 106.121923834357
0.341495 31.4670921880315 106.574568313819
0.341995 31.5131647398815 106.750657821452
0.342495 31.5592372917315 107.2590399345
0.342995 31.6053098435815 107.622061146691
0.343495 31.6513823954315 108.223156393175
0.343995 31.6974549472815 108.455337283475
0.344495 31.7435274991315 108.832450125883
0.344995 31.7896000509815 109.262218030566
0.345495 31.8356726028315 109.527414874608
0.345995 31.8817451546815 110.103261212451
0.346495 31.9278177065315 110.378432048799
0.346995 31.9738902583815 110.538320174114
0.347495 32.0199628102315 111.129378599858
0.347995 32.0660353620815 111.651299652899
0.348495 32.1121079139315 111.809349684627
0.348995 32.1581804657815 112.213901173333
0.349495 32.2042530176315 112.950972197022
0.349995 32.2503255694815 113.195450867698
0.350495 32.2963981213315 113.583486011621
0.350995 32.3424706731815 113.996082459723
0.351495 32.3885432250315 113.934643464141
0.351995 32.4346157768815 114.859396237654
0.352495 32.4806883287315 115.057197511238
0.352995 32.5267608805815 115.595609796595
0.353495 32.5728334324315 115.715870909369
0.353995 32.6189059842815 116.272034743668
0.354495 32.6649785361315 116.703327054012
0.354995 32.7110510879815 116.798831332291
0.355495 32.7571236398315 117.748573778564
0.355995 32.8031961916815 117.76954821155
0.356495 32.8492687435315 118.201167524604
0.356995 32.8953412953815 119.113434512783
0.357495 32.9414138472315 119.188118478218
0.357995 32.9874863990815 119.672478196741
0.358495 33.0335589509315 120.04342954759
0.358995 33.0796315027815 120.283814450437
0.359495 33.1257040546315 121.108104175812
0.359995 33.1717766064815 121.302139882015
0.360495 33.2178491583315 121.767614058126
0.360995 33.2639217101815 122.200321813738
0.361495 33.3099942620315 122.693091254359
0.361995 33.3560668138815 123.017113393626
0.362495 33.4021393657315 123.497769518675
0.362995 33.4482119175815 124.300263839475
0.363495 33.4942844694315 124.567342604262
0.363995 33.5403570212815 124.973996295284
0.364495 33.5864295731315 125.140233432513
0.364995 33.6325021249815 125.588690206679
0.365495 33.6785746768315 126.652821326074
0.365995 33.7246472286815 126.932089562803
0.366495 33.7707197805315 127.261137947887
0.366995 33.8167923323815 127.746787199264
0.367495 33.8628648842315 128.199960239355
0.367995 33.9089374360815 128.956633402909
0.368495 33.9550099879315 129.400050041873
0.368995 34.0010825397815 129.798301015559
0.369495 34.0471550916315 129.995200885149
0.369995 34.0932276434815 130.509976742833
0.370495 34.1393001953315 131.295151906718
0.370995 34.1853727471815 132.046263390919
0.371495 34.2314452990315 132.156718533336
0.371995 34.2775178508815 132.721047554568
0.372495 34.3235904027315 133.17165203424
0.372995 34.3696629545815 133.831732767479
0.373495 34.4157355064315 134.440231358009
0.373995 34.4618080582815 134.970270371217
0.374495 34.5078806101315 135.308332485762
0.374995 34.5539531619815 135.92315397752
0.375495 34.6000257138315 136.48642208044
0.375995 34.6460982656815 136.716865130315
0.376495 34.6921708175315 137.623880974703
0.376995 34.7382433693815 137.877835918537
0.377495 34.7843159212315 138.41984015931
0.377995 34.8303884730815 139.411641875456
0.378495 34.8764610249315 139.79727222084
0.378995 34.9225335767815 140.373739096573
0.379495 34.9686061286315 141.197385188641
0.379995 35.0146786804815 141.539774771398
0.380495 35.0607512323315 142.26807636086
0.380995 35.1068237841815 142.54319832921
0.381495 35.1528963360315 143.22192959686
0.381995 35.1989688878815 143.823370863123
0.382495 35.2450414397315 144.515406801606
0.382995 35.2911139915815 145.17852622739
0.383495 35.3371865434315 145.84628974271
0.383995 35.3832590952815 146.385016912096
0.384495 35.4293316471315 146.927614500036
0.384995 35.4754041989815 147.280845538842
0.385495 35.5214767508315 147.934096276078
0.385995 35.5675493026815 148.731917051959
0.386495 35.6136218545315 149.314740869455
0.386995 35.6596944063815 149.999939199044
0.387495 35.7057669582315 150.536758702681
0.387995 35.7518395100815 150.568015623583
0.388495 35.7979120619315 146.983442816456
0.388995 35.8439846137815 137.880028809344
0.389495 35.8900571656315 123.782510603473
0.389995 35.9361297174815 109.95239868203
0.390495 35.9822022693315 98.393571385524
0.390995 36.0282748211815 89.3027868313407
0.391495 36.0743473730315 82.1942203458195
0.391995 36.1204199248815 75.9970176348855
0.392495 36.1664924767315 70.9654429835671
0.392995 36.2125650285815 66.405818874081
0.393495 36.2586375804315 62.1252279376573
0.393995 36.3047101322815 57.740121677726
0.394495 36.3507826841315 53.5212627860633
0.394995 36.3968552359815 49.4211690911909
0.395495 36.4429277878315 45.5892759195448
0.395995 36.4890003396815 42.4126493609109
0.396495 36.5350728915315 39.9718274232099
0.396995 36.5811454433815 37.7261157012532
0.397495 36.6272179952315 35.5965158342377
0.397995 36.6732905470815 33.6760672652368
0.398495 36.7193630989315 31.8886612158467
0.398995 36.7654356507815 30.1566492959557
0.399495 36.8115082026315 28.4928872554755
0.399995 36.8575807544815 26.8637196381945
0.400495 36.9036533063315 25.2931213525394
0.400995 36.9497258581815 23.9378674316594
0.401495 36.9957984100315 22.7845354122507
0.401995 37.0418709618815 21.6619180469899
0.402495 37.0879435137315 20.6187652527888
0.402995 37.1340160655815 19.6852524958789
0.403495 37.1800886174315 18.8704070055723
0.403995 37.2261611692815 18.1892479199222
0.404495 37.2722337211315 17.6756663952734
0.404995 37.3183062729815 17.2762925101223
0.405495 37.3643788248315 16.9885763886466
0.405995 37.4104513766815 16.7858677353369
0.406495 37.4565239285315 16.581506446985
0.406995 37.5025964803815 16.3456768813676
0.407495 37.5486690322315 16.0657048193713
0.407995 37.5947415840815 15.7429650970653
0.408495 37.6408141359315 15.4060779639841
0.408995 37.6868866877815 14.935347331698
0.409495 37.7329592396315 14.3196710180588
0.409995 37.7790317914815 13.6009196478011
0.410495 37.8251043433315 12.780119653628
0.410995 37.8711768951815 11.8791017373414
0.411495 37.9172494470315 10.8720400760731
0.411995 37.9633219988815 9.78338171449729
0.412495 38.0093945507315 8.59864139455457
0.412995 38.0554671025815 7.33195012333001
0.413495 38.1015396544315 5.99938778597378
0.413995 38.1476122062815 4.5903956732549
0.414495 38.1936847581315 3.1408356321413
0.414995 38.2397573099815 1.61063940967276
0.415495 38.2858298618315 -0.00651552370499662
0.415995 38.3319024136815 -1.64242857756905
0.416495 38.3779749655315 -3.12706420933473
0.416995 38.4240475173815 -4.57513209042516
0.417495 38.4701200692315 -6.14534055385662
0.417995 38.5161926210815 -7.77612332670189
0.418495 38.5622651729315 -9.52995328032452
0.418995 38.6083377247815 -11.3700523294653
0.419495 38.6544102766315 -13.2988107338309
0.419995 38.7004828284815 -15.0414082138363
0.420495 38.7465553803315 -10.7368494498892
0.420995 38.7926279321815 -10.0794887049921
0.421495 38.8387004840315 -7.6198009289675
0.421995 38.8847730358815 -6.25595451568861
0.422495 38.9308455877315 -5.05497924392351
0.422995 38.9769181395815 -2.92572090042731
0.423495 39.0229906914315 -1.06775862333724
0.423995 39.0690632432815 0.146255171110353
0.424495 39.1151357951315 0.415981897312803
0.424995 39.1612083469815 0.733757201848479
0.425495 39.2072808988315 0.532685831543643
0.425995 39.2533534506815 -0.041654342817012
0.426495 39.2994260025315 -0.590204429737475
0.426995 39.3454985543815 -1.05802277702287
0.427495 39.3915711062315 -1.23002223983193
0.427995 39.4376436580815 -1.3194504398151
0.428495 39.4837162099315 -1.47620035471995
0.428995 39.5297887617815 -1.63214712397726
0.429495 39.5758613136315 -1.72281241443954
0.429995 39.6219338654815 -1.46676002575717
0.430495 39.6680064173315 -1.3862907922417
0.430995 39.7140789691815 -1.06936148324613
0.431495 39.7601515210315 -0.769245614738654
0.431995 39.8062240728815 -0.685147779886695
0.432495 39.8522966247315 -0.757165815679408
0.432995 39.8983691765815 -0.791394426324602
0.433495 39.9444417284315 -0.892521024897831
0.433995 39.9905142802815 -0.945053387645183
0.434495 40.0365868321315 -0.804988685323206
0.434995 40.0826593839815 -0.556782480052138
0.435495 40.1287319358315 -0.373368834856345
0.435995 40.1748044876815 -0.0345770064263902
0.436495 40.2208770395315 0.160148299647967
0.436995 40.2669495913815 0.176530571577538
0.437495 40.3130221432315 0.0390582281332201
0.437995 40.3590946950815 -0.0290089645540512
0.438495 40.4051672469315 -0.0602700165688823
0.438995 40.4512397987815 -0.18044127243429
0.439495 40.4973123506315 -0.255451554606232
0.439995 40.5433849024815 -0.253141375515893
0.440495 40.5894574543315 -0.199485933643369
0.440995 40.6355300061815 -0.286539457235743
0.441495 40.6816025580315 -0.363800099115566
0.441995 40.7276751098815 -0.555756129046028
0.442495 40.7737476617315 -0.50377770394892
0.442995 40.8198202135815 -0.571099151520362
0.443495 40.8658927654315 -0.645430249146409
0.443995 40.9119653172815 -0.66092904986831
0.444495 40.9580378691315 -0.671785539732552
0.444995 41.0041104209815 -0.584284722215362
0.445495 41.0501829728315 -0.707537164026522
0.445995 41.0962555246815 -0.491355709361632
0.446495 41.1423280765315 -0.568194465835795
0.446995 41.1884006283815 -0.43906937817363
0.447495 41.2344731802315 -0.272459035656091
0.447995 41.2805457320815 -0.223160533855423
0.448495 41.3266182839315 -0.149153435911963
0.448995 41.3726908357815 0.0951000414557129
0.449495 41.4187633876315 0.0358652242603923
0.449995 41.4648359394815 0.0780607569878792
0.450495 41.5109084913315 0.258140647971388
0.450995 41.5569810431815 0.17233418976261
0.451495 41.6030535950315 0.23902722938959
0.451995 41.6491261468815 0.330109544848211
0.452495 41.6951986987315 0.251410621729564
0.452995 41.7412712505815 0.0988655830366665
0.453495 41.7873438024315 -0.0615388501655982
0.453995 41.8334163542815 -0.225581218852776
0.454495 41.8794889061315 -0.252351647375583
0.454995 41.9255614579815 -0.33968854233231
0.455495 41.9716340098315 -0.381234947608564
0.455995 42.0177065616815 -0.410889721128738
0.456495 42.0637791135315 -0.385686846956056
0.456995 42.1098516653815 -0.597685036545667
0.457495 42.1559242172315 -0.687273702243816
0.457995 42.2019967690815 -0.658575270876257
0.458495 42.2480693209315 -0.479457840331308
0.458995 42.2941418727815 -0.693126515339678
0.459495 42.3402144246315 -0.612624179044808
0.459995 42.3862869764815 -0.460084781604996
0.460495 42.4323595283315 -0.188102059847891
0.460995 42.4784320801815 -0.166156317638386
0.461495 42.5245046320315 -0.0977623239461671
0.461995 42.5705771838815 0.140002491153059
0.462495 42.6166497357315 -0.0359171187729237
0.462995 42.6627222875815 -0.0808979991670353
0.463495 42.7087948394315 -0.148777941689912
0.463995 42.7548673912815 -0.0657086148541917
0.464495 42.8009399431315 -0.158142601333419
0.464995 42.8470124949815 -0.116092031824447
0.465495 42.8930850468315 -0.0397588938529182
0.465995 42.9391575986815 -0.0540915762621705
0.466495 42.9852301505315 -0.137286220262719
0.466995 43.0313027023815 0.0069559379843873
0.467495 43.0773752542315 -0.187392070911127
0.467995 43.1234478060815 -0.108957113926917
0.468495 43.1695203579315 -0.289629342966834
0.468995 43.2155929097815 -0.301367740470024
0.469495 43.2616654616315 -0.492875331479771
0.469995 43.3077380134815 -0.466163565669128
0.470495 43.3538105653315 -0.545914503918934
0.470995 43.3998831171815 -0.478536468899955
0.471495 43.4459556690315 -0.469222067915471
0.471995 43.4920282208815 -0.42270391416423
0.472495 43.5381007727315 -0.43318735908995
0.472995 43.5841733245815 -0.377509595442454
0.473495 43.6302458764315 -0.422417975266802
0.473995 43.6763184282815 -0.314011536495504
0.474495 43.7223909801315 -0.147237541243797
0.474995 43.7684635319815 -0.106972746499494
0.475495 43.8145360838315 -0.172389417377045
0.475995 43.8606086356815 -0.0746709086680498
0.476495 43.9066811875315 -0.0158492153698313
0.476995 43.9527537393815 0.015142127882898
0.477495 43.9988262912315 0.243556008523675
0.477995 44.0448988430815 0.362646990737194
0.478495 44.0909713949315 0.48266759269209
0.478995 44.1370439467815 0.342202925897127
0.479495 44.1831164986315 0.361844604254032
0.479995 44.2291890504815 0.270225689720689
0.480495 44.2752616023315 0.0935580169510375
0.480995 44.3213341541815 0.0166797417941427
0.481495 44.3674067060315 -0.211175046326876
0.481995 44.4134792578815 -0.279012604188674
0.482495 44.4595518097315 -0.4021312202978
0.482995 44.5056243615815 -0.330862762623741
0.483495 44.5516969134315 -0.398246112148178
0.483995 44.5977694652815 -0.387098867179602
0.484495 44.6438420171315 -0.211405960155527
0.484995 44.6899145689815 -0.320874833158559
0.485495 44.7359871208315 -0.315495844031186
0.485995 44.7820596726815 -0.210947725631144
0.486495 44.8281322245315 -0.178645922687655
0.486995 44.8742047763815 -0.257788847972536
0.487495 44.9202773282315 -0.0443775390167859
0.487995 44.9663498800815 0.101063855957923
0.488495 45.0124224319315 0.213163677939364
0.488995 45.0584949837815 0.299973769044005
0.489495 45.1045675356315 0.449759247877992
0.489995 45.1506400874815 0.393057953476027
0.490495 45.1967126393315 0.397342550245386
0.490995 45.2427851911815 0.387887361084758
0.491495 45.2888577430315 0.412264540285363
0.491995 45.3349302948815 0.27537440412576
0.492495 45.3810028467315 0.222417443964795
0.492995 45.4270753985815 0.0488104015413753
0.493495 45.4731479504315 0.0556961530060512
0.493995 45.5192205022815 0.00367403124918711
0.494495 45.5652930541315 -0.155344789574796
0.494995 45.6113656059815 -0.174060814346456
0.495495 45.6574381578315 -0.206936601663044
0.495995 45.7035107096815 -0.28067103167331
0.496495 45.7495832615315 -0.151638494261364
0.496995 45.7956558133815 -0.163400779557103
0.497495 45.8417283652315 -0.223095086127039
0.497995 45.8878009170815 -0.214495515150417
0.498495 45.9338734689315 -0.342802614363136
0.498995 45.9799460207815 -0.228246632381141
0.499495 46.0260185726315 -0.275278630685871
0.499995 46.0720911244815 -0.316246210559979
0.500495 46.1181636763315 -0.123696240210178
0.500995 46.1642362281815 -0.0116915932922766
0.501495 46.2103087800315 0.0295562899513134
0.501995 46.2563813318815 0.165840180385138
0.502495 46.3024538837315 0.386566464063049
0.502995 46.3485264355815 0.461072290172936
0.503495 46.3945989874315 0.506665122830587
0.503995 46.4406715392815 0.636218097116404
0.504495 46.4867440911315 0.559621725759938
0.504995 46.5328166429815 0.494836863180756
0.505495 46.5788891948315 0.575439918273967
0.505995 46.6249617466815 0.50732362811886
0.506495 46.6710342985315 0.356426908995804
0.506995 46.7171068503815 0.273738494517376
0.507495 46.7631794022315 0.1809246090893
0.507995 46.8092519540815 -0.08012616450924
0.508495 46.8553245059315 -0.328262382643972
0.508995 46.9013970577815 -0.387466301980003
0.509495 46.9474696096315 -0.653203366267721
0.509995 46.9935421614815 -0.72713856206259
0.510495 47.0396147133315 -1.03186767197303
0.510995 47.0856872651815 -0.936107718969748
0.511495 47.1317598170315 -0.795108615902526
0.511995 47.1778323688815 -0.810657107411632
0.512495 47.2239049207315 -0.709235543208147
0.512995 47.2699774725815 -0.787942590552627
0.513495 47.3160500244315 -0.669251885356135
0.513995 47.3621225762815 -0.614482923886365
0.514495 47.4081951281315 -0.460742261133458
0.514995 47.4542676799815 -0.294799732749039
0.515495 47.5003402318315 -0.150065683953579
0.515995 47.5464127836815 -0.00248044806817141
0.516495 47.5924853355315 0.0401559048242533
0.516995 47.6385578873815 0.426067644460175
0.517495 47.6846304392315 0.513735364126188
0.517995 47.7307029910815 0.665433115122806
0.518495 47.7767755429315 0.747331138507309
0.518995 47.8228480947815 0.804984878245117
0.519495 47.8689206466315 0.882424429160247
0.519995 47.9149931984815 0.871185697983056
0.520495 47.9610657503315 0.803746446963646
0.520995 48.0071383021815 0.651739414657217
0.521495 48.0532108540315 0.544419911578839
0.521995 48.0992834058815 0.443821360066946
0.522495 48.1453559577315 0.315774892388538
0.522995 48.1914285095815 0.218453384370198
0.523495 48.2375010614315 0.0135619976928156
0.523995 48.2835736132815 -0.121795768011875
0.524495 48.3296461651315 -0.262688382623031
0.524995 48.3757187169815 -0.406109668794628
0.525495 48.4217912688315 -0.468269669158784
0.525995 48.4678638206815 -0.557528427236553
0.526495 48.5139363725315 -0.617010552105379
0.526995 48.5600089243815 -0.6176848655194
0.527495 48.6060814762315 -0.538312655554358
0.527995 48.6521540280815 -0.447920015208922
0.528495 48.6982265799315 -0.451610628530279
0.528995 48.7442991317815 -0.337170295334172
0.529495 48.7903716836315 -0.1335501998651
0.529995 48.8364442354815 -0.119160995255898
0.530495 48.8825167873315 -0.0102305834341423
0.530995 48.9285893391815 0.123698432560126
0.531495 48.9746618910315 0.207690193296646
0.531995 49.0207344428815 0.228172309993005
0.532495 49.0668069947315 0.304536500750563
0.532995 49.1128795465815 0.366268404558115
0.533495 49.1589520984315 0.386167521759786
0.533995 49.2050246502815 0.376275188683225
0.534495 49.2510972021315 0.470155747792816
0.534995 49.2971697539815 0.363085938305886
0.535495 49.3432423058315 0.427438949920141
0.535995 49.3893148576815 0.388379689352229
0.536495 49.4353874095315 0.402771051268973
0.536995 49.4814599613815 0.26613791948538
0.537495 49.5275325132315 0.287555519170438
0.537995 49.5736050650815 0.247756488391181
0.538495 49.6196776169315 0.148862572847057
0.538995 49.6657501687815 0.150279413138152
0.539495 49.7118227206315 0.159431741043856
0.539995 49.7578952724815 0.130645346724882
0.540495 49.8039678243315 0.0504139260484945
0.540995 49.8500403761815 0.144231700788019
0.541495 49.8961129280315 0.0934409174950538
0.541995 49.9421854798815 0.150191567770929
0.542495 49.9882580317315 0.0959116889651229
0.542995 50.0343305835815 0.106551828698506
0.543495 50.0804031354315 0.149516378756151
0.543995 50.1264756872815 0.0585045149184273
0.544495 50.1725482391315 0.0946987664919729
0.544995 50.2186207909815 -0.0206161563768284
0.545495 50.2646933428315 0.0823877595061739
0.545995 50.3107658946815 -0.0016083993199269
0.546495 50.3568384465315 0.0313932275681677
0.546995 50.4029109983815 0.00222318072498707
0.547495 50.4489835502315 -0.0734562864612865
0.547995 50.4950561020815 -0.0938254181188084
0.548495 50.5411286539315 -0.196664171917626
0.548995 50.5872012057815 -0.251903221282904
0.549495 50.6332737576315 -0.365800384605902
0.549995 50.6793463094815 -0.398810541912664
0.550495 50.7254188613315 -0.406809663887224
0.550995 50.7714914131815 -0.500958452631615
0.551495 50.8175639650315 -0.48109890870229
0.551995 50.8636365168815 -0.502275140374288
0.552495 50.9097090687315 -0.495722440633221
0.552995 50.9557816205815 -0.515473194202648
0.553495 51.0018541724315 -0.409437425336739
0.553995 51.0479267242815 -0.395732536315629
0.554495 51.0939992761315 -0.304601585823391
0.554995 51.1400718279815 -0.23081725656505
0.555495 51.1861443798315 -0.178322390863685
0.555995 51.2322169316815 -0.138074737352584
0.556495 51.2782894835315 0.00905506980838437
0.556995 51.3243620353815 0.223593124909001
0.557495 51.3704345872315 0.216190119267374
0.557995 51.4165071390815 0.250960561254231
0.558495 51.4625796909315 0.237164690184748
0.558995 51.5086522427815 0.243631391686843
0.559495 51.5547247946315 0.232228218895055
0.559995 51.6007973464815 0.269256110972487
0.560495 51.6468698983315 0.270910762051512
0.560995 51.6929424501815 0.26530882218111
0.561495 51.7390150020315 0.276142457976925
0.561995 51.7850875538815 0.274263881734213
0.562495 51.8311601057315 0.10508276212175
0.562995 51.8772326575815 0.117695703516997
0.563495 51.9233052094315 -0.010564861799171
0.563995 51.9693777612815 -0.00825283404736061
0.564495 52.0154503131315 -0.0417527575683852
0.564995 52.0615228649815 -0.0396881931178591
0.565495 52.1075954168315 -0.0410234732176563
0.565995 52.1536679686815 -0.101928027289705
0.566495 52.1997405205315 -0.0499932174902956
0.566995 52.2458130723815 -0.12523747081847
0.567495 52.2918856242315 -0.101815782106821
0.567995 52.3379581760815 -0.0073660481834924
0.568495 52.3840307279315 0.102944478138025
0.568995 52.4301032797815 0.128199373049271
0.569495 52.4761758316315 0.191260983977248
0.569995 52.5222483834815 0.172889924489497
0.570495 52.5683209353315 0.176918578014716
0.570995 52.6143934871815 0.146280665746995
0.571495 52.6604660390315 0.234313113958623
0.571995 52.7065385908815 0.27316653342152
0.572495 52.7526111427315 0.273275832955859
0.572995 52.7986836945815 0.316299290788125
0.573495 52.8447562464315 0.26916804295675
0.573995 52.8908287982815 0.304805715929559
0.574495 52.9369013501315 0.307560795472119
0.574995 52.9829739019815 0.286008063821135
0.575495 53.0290464538315 0.308691137725815
0.575995 53.0751190056815 0.261603717336946
0.576495 53.1211915575315 0.301710942280967
0.576995 53.1672641093815 0.221497136859517
0.577495 53.2133366612315 0.180916434810432
0.577995 53.2594092130815 0.194556745912711
0.578495 53.3054817649315 0.136375237892283
0.578995 53.3515543167815 0.222645535060612
0.579495 53.3976268686315 0.241179162197047
0.579995 53.4436994204815 0.314480707642443
0.580495 53.4897719723315 0.363491695203592
0.580995 53.5358445241815 0.435122314965899
0.581495 53.5819170760315 0.544403067458715
0.581995 53.6279896278815 0.546685320847439
0.582495 53.6740621797315 0.695835963288822
0.582995 53.7201347315815 0.621772173034263
0.583495 53.7662072834315 0.728473171477403
0.583995 53.8122798352815 0.745584270557528
0.584495 53.8583523871315 0.757271918252319
0.584995 53.9044249389815 0.855143593681306
0.585495 53.9504974908315 0.781831138761352
0.585995 53.9965700426815 0.782215157630347
0.586495 54.0426425945315 0.684546785699449
0.586995 54.0887151463815 0.638422543640004
0.587495 54.1347876982315 0.573627994649063
0.587995 54.1808602500815 0.375871175691373
0.588495 54.2269328019315 0.375567582946811
0.588995 54.2730053537815 0.207085482560076
0.589495 54.3190779056315 0.214571998488827
0.589995 54.3651504574815 0.0978997905068119
0.590495 54.4112230093315 0.0801621976874693
0.590995 54.4572955611815 0.116686299444928
0.591495 54.5033681130315 -0.0422653938690373
0.591995 54.5494406648815 -0.0701371030394372
0.592495 54.5955132167315 -0.0787201090131295
0.592995 54.6415857685815 -0.134169517595736
0.593495 54.6876583204315 -0.160642329578721
0.593995 54.7337308722815 -0.235261913179581
0.594495 54.7798034241315 -0.311856312501027
0.594995 54.8258759759815 -0.28455993925516
0.595495 54.8719485278315 -0.329361788181241
0.595995 54.9180210796815 -0.200389379290851
0.596495 54.9640936315315 -0.23095512209893
0.596995 55.0101661833815 -0.26145903738917
0.597495 55.0562387352315 -0.165632353229652
0.597995 55.1023112870815 -0.202084512911801
0.598495 55.1483838389315 -0.154921098617502
0.598995 55.1944563907815 -0.194587413813485
0.599495 55.2405289426315 -0.113834724012053
0.599995 55.2866014944815 -0.0352844701686957
0.600495 55.3326740463315 -0.0191763633296066
0.600995 55.3787465981815 0.0283530020671306
0.601495 55.4248191500315 0.0448431509482812
0.601995 55.4708917018815 0.0526112500056878
0.602495 55.5169642537315 -0.0931884771231908
0.602995 55.5630368055815 -0.112339594847891
0.603495 55.6091093574315 -0.0492298908719958
0.603995 55.6551819092815 -0.187883372463776
0.604495 55.7012544611315 -0.129637436601503
0.604995 55.7473270129815 -0.226478458223793
0.605495 55.7933995648315 -0.20819225481702
0.605995 55.8394721166815 -0.209878168017884
0.606495 55.8855446685315 -0.179002116749345
0.606995 55.9316172203815 -0.103429711542903
0.607495 55.9776897722315 -0.179543976586378
0.607995 56.0237623240815 -0.0193018345373912
0.608495 56.0698348759315 -0.0481077461070312
0.608995 56.1159074277815 -0.0246142113291991
0.609495 56.1619799796315 0.0658393009824775
0.609995 56.2080525314815 0.0533013236823667
0.610495 56.2541250833315 -0.0242824108181649
0.610995 56.3001976351815 0.0580119191714952
0.611495 56.3462701870315 0.14948759494894
0.611995 56.3923427388815 0.0640353091587712
0.612495 56.4384152907315 0.0406105665480623
0.612995 56.4844878425815 0.102631256188366
0.613495 56.5305603944315 0.0320999576671995
0.613995 56.5766329462815 0.082899449633703
0.614495 56.6227054981315 0.0521152925847599
0.614995 56.6687780499815 0.0625090853161118
0.615495 56.7148506018315 -0.0358578867923573
0.615995 56.7609231536815 -0.21226587672991
0.616495 56.8069957055315 -0.135318221007725
0.616995 56.8530682573815 -0.179156112651239
0.617495 56.8991408092315 -0.204742793076951
0.617995 56.9452133610815 -0.258828933754355
0.618495 56.9912859129315 -0.277240516767322
0.618995 57.0373584647815 -0.355234352409364
0.619495 57.0834310166315 -0.391791778873156
0.619995 57.1295035684815 -0.47355913629075
0.620495 57.1755761203315 -0.433684441239178
0.620995 57.2216486721815 -0.480223775288563
0.621495 57.2677212240315 -0.477956770550195
0.621995 57.3137937758815 -0.503026895530628
0.622495 57.3598663277315 -0.555412681375754
0.622995 57.4059388795815 -0.570333644866493
0.623495 57.4520114314315 -0.572857887537035
0.623995 57.4980839832815 -0.603497687847854
0.624495 57.5441565351315 -0.560145992416024
0.624995 57.5902290869815 -0.462669054286338
0.625495 57.6363016388315 -0.516433091483439
0.625995 57.6823741906815 -0.519036305070414
0.626495 57.7284467425315 -0.396040798577541
0.626995 57.7745192943815 -0.445579221396255
0.627495 57.8205918462315 -0.43705438899894
0.627995 57.8666643980815 -0.256797202394602
0.628495 57.9127369499315 -0.351826406197134
0.628995 57.9588095017815 -0.299295895650779
0.629495 58.0048820536315 -0.35776559351616
0.629995 58.0509546054815 -0.318366413505406
0.630495 58.0970271573315 -0.30524739343359
0.630995 58.1430997091815 -0.283870285661577
0.631495 58.1891722610315 -0.260911573025182
0.631995 58.2352448128815 -0.296348960936732
0.632495 58.2813173647315 -0.120164309557974
0.632995 58.3273899165815 -0.0814710127382059
0.633495 58.3734624684315 -0.00226158198373883
0.633995 58.4195350202815 -0.0337270916612157
0.634495 58.4656075721315 0.0683094593626529
0.634995 58.5116801239815 0.118552582524817
0.635495 58.5577526758315 0.0477893031089879
0.635995 58.6038252276815 0.33342161872161
0.636495 58.6498977795315 0.424374275790662
0.636995 58.6959703313815 0.395821963998966
0.637495 58.7420428832315 0.375843568090922
0.637995 58.7881154350815 0.453841017171987
0.638495 58.8341879869315 0.352030851836324
0.638995 58.8802605387815 0.312010168392047
0.639495 58.9263330906315 0.269573793610207
0.639995 58.9724056424815 0.370415239180469
0.640495 59.0184781943315 0.212766518784845
0.640995 59.0645507461815 0.0125244235667764
0.641495 59.1106232980315 0.0347647021875464
0.641995 59.1566958498815 -0.0147727836004931
0.642495 59.2027684017315 -0.00951782793998874
0.642995 59.2488409535815 -0.17816972112142
0.643495 59.2949135054315 -0.0406112319533599
0.643995 59.3409860572815 -0.195831530079455
0.644495 59.3870586091315 -0.146728842654472
0.644995 59.4331311609815 -0.173943992513066
0.645495 59.4792037128315 -0.139224813827005
0.645995 59.5252762646815 -0.11385457736534
0.646495 59.5713488165315 -0.200644089074052
0.646995 59.6174213683815 -0.188781811204175
0.647495 59.6634939202315 -0.133965704852298
0.647995 59.7095664720815 -0.169414122999464
0.648495 59.7556390239315 -0.203347641209591
0.648995 59.8017115757815 -0.0611403163139285
0.649495 59.8477841276315 -0.136727271999313
0.649995 59.8938566794815 -0.0960442142340332
0.650495 59.9399292313315 -0.0825068259633141
0.650995 59.9860017831815 -0.11601332835191
0.651495 60.0320743350315 -0.0381101131410893
0.651995 60.0781468868815 0.0145336787096529
0.652495 60.1242194387315 0.0305033874649835
0.652995 60.1702919905815 -0.0461915728081766
0.653495 60.2163645424315 0.00927973635473555
0.653995 60.2624370942815 -0.0300036661607669
0.654495 60.3085096461315 -0.124075768905645
0.654995 60.3545821979815 -0.143933068453893
0.655495 60.4006547498315 -0.180270513109957
0.655995 60.4467273016815 -0.182160194172304
0.656495 60.4927998535315 -0.20083710008752
0.656995 60.5388724053815 -0.161436014964279
0.657495 60.5849449572315 -0.16995666676321
0.657995 60.6310175090815 -0.110203357041668
0.658495 60.6770900609315 0.0129590756331249
0.658995 60.7231626127815 0.103536838263713
0.659495 60.7692351646315 0.134436826701777
0.659995 60.8153077164815 0.236885178042075
0.660495 60.8613802683315 0.269874617229273
0.660995 60.9074528201815 0.271659362341867
0.661495 60.9535253720315 0.242496186800579
0.661995 60.9995979238815 0.269975458228494
0.662495 61.0456704757315 0.308999551170496
0.662995 61.0917430275815 0.298595328529632
0.663495 61.1378155794315 0.234137258062916
0.663995 61.1838881312815 0.202120159928176
0.664495 61.2299606831315 0.288705330303809
0.664995 61.2760332349815 0.258080249006552
0.665495 61.3221057868315 0.280819389316324
0.665995 61.3681783386815 0.190317029621671
0.666495 61.4142508905315 0.242111621877331
0.666995 61.4603234423815 0.117521826807308
0.667495 61.5063959942315 0.178388215207275
0.667995 61.5524685460815 0.0854273717715892
0.668495 61.5985410979315 0.110289066078659
0.668995 61.6446136497815 0.0388939703516145
0.669495 61.6906862016315 0.061828767719935
0.669995 61.7367587534815 0.0758568718762896
0.670495 61.7828313053315 0.0258871459922248
0.670995 61.8289038571815 0.00766171274439256
0.671495 61.8749764090315 -0.0721380970319223
0.671995 61.9210489608815 -0.0983032208143497
0.672495 61.9671215127315 -0.107132961490257
0.672995 62.0131940645815 -0.0574653566436029
0.673495 62.0592666164315 0.01450531083088
0.673995 62.1053391682815 0.0251991935750058
0.674495 62.1514117201315 0.0262115368922405
0.674995 62.1974842719815 0.109055666227024
0.675495 62.2435568238315 0.0767128187585098
0.675995 62.2896293756815 0.111011666604289
0.676495 62.3357019275315 0.126592560006981
0.676995 62.3817744793815 0.162002025419151
0.677495 62.4278470312315 0.124240844877686
0.677995 62.4739195830815 0.214239924000978
0.678495 62.5199921349315 0.171810442027554
0.678995 62.5660646867815 0.269524618972034
0.679495 62.6121372386315 0.111450462329105
0.679995 62.6582097904815 0.111064818298213
0.680495 62.7042823423315 0.0584412680812472
0.680995 62.7503548941815 0.115845421934862
0.681495 62.7964274460315 0.0585432641876011
0.681995 62.8424999978815 0.140024286784361
0.682495 62.8885725497315 0.13837393000682
0.682995 62.9346451015815 0.00783543838806829
0.683495 62.9807176534315 0.0178112253901296
0.683995 63.0267902052815 -0.0646948367375155
0.684495 63.0728627571315 -0.098378940145662
0.684995 63.1189353089815 -0.22529267067289
0.685495 63.1650078608315 -0.22692028819853
0.685995 63.2110804126815 -0.278094281200681
0.686495 63.2571529645315 -0.281269898404825
0.686995 63.3032255163815 -0.278267894342838
0.687495 63.3492980682315 -0.28689587158573
0.687995 63.3953706200815 -0.304999774753435
0.688495 63.4414431719315 -0.233203734064583
0.688995 63.4875157237815 -0.312176872077548
0.689495 63.5335882756315 -0.268782461937247
0.689995 63.5796608274815 -0.345612637103005
0.690495 63.6257333793315 -0.255759409378022
0.690995 63.6718059311815 -0.317142117707335
0.691495 63.7178784830315 -0.263289554927777
0.691995 63.7639510348815 -0.175187355682995
0.692495 63.8100235867315 -0.194371779941632
0.692995 63.8560961385815 -0.184946286727334
0.693495 63.9021686904315 -0.231109208673013
0.693995 63.9482412422815 -0.19239188220201
0.694495 63.9943137941315 -0.188276248241525
0.694995 64.0403863459815 -0.184882967274476
0.695495 64.0864588978315 -0.178007169643764
0.695995 64.1325314496815 -0.0978789665664964
0.696495 64.1786040015315 -0.0441311472618451
0.696995 64.2246765533815 0.0362511933589166
0.697495 64.2707491052315 0.109192203384579
0.697995 64.3168216570815 0.148302446475408
0.698495 64.3628942089315 0.17885245425852
0.698995 64.4089667607815 0.199851762807065
0.699495 64.4550393126315 0.295626588817231
0.699995 64.5011118644815 0.374491394786261
0.700495 64.5471844163315 0.427929797645624
0.700995 64.5932569681815 0.585055108540759
0.701495 64.6393295200315 0.613666781281077
0.701995 64.6854020718815 0.690246562334817
0.702495 64.7314746237315 0.685360295700453
0.702995 64.7775471755815 0.648629583570542
0.703495 64.8236197274315 0.704905600995886
0.703995 64.8696922792815 0.758414163204137
0.704495 64.9157648311315 0.833279687042767
0.704995 64.9618373829815 0.835364491663465
0.705495 65.0079099348315 0.808882729560864
0.705995 65.0539824866815 0.852981410372029
0.706495 65.1000550385315 0.788536265616344
0.706995 65.1461275903815 0.790610222157339
0.707495 65.1922001422315 0.712928572173789
0.707995 65.2382726940815 0.552058237423437
0.708495 65.2843452459315 0.519744190345875
0.708995 65.3304177977815 0.387271824061688
0.709495 65.3764903496315 0.29608421235677
0.709995 65.4225629014815 0.203405650683788
0.710495 65.4686354533315 0.0583828188417969
0.710995 65.5147080051815 -0.00206832957342076
0.711495 65.5607805570315 -0.0778911266357896
0.711995 65.6068531088815 -0.133192637149328
0.712495 65.6529256607315 -0.232133781532072
0.712995 65.6989982125815 -0.273931449902977
0.713495 65.7450707644315 -0.375493735142519
0.713995 65.7911433162815 -0.492873927653755
0.714495 65.8372158681315 -0.445379003291862
0.714995 65.8832884199815 -0.471090407969115
0.715495 65.9293609718315 -0.589620709117566
0.715995 65.9754335236815 -0.619485078788681
0.716495 66.0215060755315 -0.717848804648058
0.716995 66.0675786273815 -0.767175011819679
0.717495 66.1136511792315 -0.862577621339635
0.717995 66.1597237310815 -0.769980592984247
0.718495 66.2057962829315 -0.687937385552447
0.718995 66.2518688347815 -0.724852359773275
0.719495 66.2979413866315 -0.660724630883795
0.719995 66.3440139384815 -0.602541653757198
0.720495 66.3900864903315 -0.505069239226451
0.720995 66.4361590421815 -0.553211679899163
0.721495 66.4822315940315 -0.329160490282725
0.721995 66.5283041458815 -0.311408193402853
0.722495 66.5743766977315 -0.108177077268486
0.722995 66.6204492495815 -0.112616353989229
0.723495 66.6665218014315 -0.102476804557901
0.723995 66.7125943532815 -0.0278933449683835
0.724495 66.7586669051315 0.077191617553628
0.724995 66.8047394569815 0.237501711848672
0.725495 66.8508120088315 0.210482745907718
0.725995 66.8968845606815 0.326820483877834
0.726495 66.9429571125315 0.288103845255747
0.726995 66.9890296643815 0.358451314133492
0.727495 67.0351022162315 0.389283215434987
0.727995 67.0811747680815 0.4804222615471
0.728495 67.1272473199315 0.501579694585334
0.728995 67.1733198717815 0.48881867813563
0.729495 67.2193924236315 0.564500685626335
0.729995 67.2654649754815 0.479379116249564
0.730495 67.3115375273315 0.43742215498538
0.730995 67.3576100791815 0.433157520216928
0.731495 67.4036826310315 0.3733033373581
0.731995 67.4497551828815 0.339533311221676
0.732495 67.4958277347315 0.207208680275655
0.732995 67.5419002865815 0.194518522711993
0.733495 67.5879728384315 0.135880525097202
0.733995 67.6340453902815 -0.0505719928880792
0.734495 67.6801179421315 -0.0790894513240588
0.734995 67.7261904939815 -0.21080319169941
