# Fix print output for fix Step
-1.56278871039692e-16 -1.13686837721616e-14 0.383004693726992
0.000494999999999708 0.0360093365774787 0.815339555464977
0.000994999999999977 0.0723824038274984 1.21834781079309
0.00149499999999993 0.108755471077495 1.5982747606959
0.00199499999999989 0.145128538327492 1.739962651144
0.00249499999999985 0.181501605577489 2.31856107074511
0.00299499999999981 0.217874672827486 2.31539579786751
0.00349499999999976 0.254247740077483 2.84105721338454
0.00399499999999972 0.29062080732748 2.99213552729144
0.00449499999999983 0.326993874577488 3.32336764470921
0.00499499999999995 0.363366941827496 3.7130216388914
0.00549499999999991 0.399740009077493 3.90893245387457
0.00599499999999986 0.43611307632749 4.24298392107493
0.00649499999999982 0.472486143577487 4.60426693867266
0.00699499999999978 0.508859210827484 4.86302416812198
0.00749499999999973 0.545232278077481 5.1811379527988
0.00799499999999969 0.581605345327478 5.47908240083887
0.00849499999999996 0.617978412577497 5.83926884386279
0.00899499999999992 0.654351479827494 6.00813332773527
0.00949499999999988 0.690724547077491 6.44692440478704
0.00999499999999983 0.727097614327488 6.72628934076204
0.0104949999999998 0.763470681577485 6.91565738594764
0.0109949999999997 0.799843748827482 7.3423841761544
0.0114949999999997 0.836216816077479 7.55284822397112
0.011995 0.872589883327498 7.85322794834498
0.0124949999999999 0.908962950577495 8.11571230469498
0.0129949999999999 0.945336017827492 8.49421449870496
0.0134949999999998 0.981709085077489 8.7140461791355
0.0139949999999998 1.01808215232749 8.94714975573926
0.0144949999999998 1.05445521957748 9.28663795439185
0.0149949999999997 1.09082828682748 9.59391711232417
0.0154949999999998 1.12720135407749 9.8499187168962
0.0159949999999999 1.1635744213275 10.1198902316774
0.0164949999999999 1.19994748857749 10.3976152450064
0.0169949999999999 1.23632055582749 10.7887533440571
0.0174949999999998 1.27269362307749 10.9658679817088
0.0179949999999998 1.30906669032748 11.2484118805262
0.0184949999999997 1.34543975757748 11.5247823002384
0.0189949999999997 1.38181282482748 11.8336138233865
0.019495 1.4181858920775 12.1698548079696
0.0199949999999999 1.45455895932749 12.2455937965138
0.0204949999999999 1.49093202657749 12.5736148675207
0.0209949999999998 1.52730509382749 12.9131389752754
0.0214949999999998 1.56367816107748 13.208935335736
0.0219949999999997 1.60005122832748 13.4995597559595
0.0224949999999997 1.63642429557748 13.6355526078301
0.022995 1.6727973628275 13.9269437764394
0.0234949999999999 1.7091704300775 14.2202463634893
0.0239949999999999 1.74554349732749 14.5226825706089
0.0244949999999998 1.78191656457749 14.8219746241957
0.0249949999999998 1.81828963182749 15.0429077999596
0.0254949999999998 1.85466269907748 15.3775001216813
0.0259949999999997 1.89103576632748 15.5447933085526
0.0264949999999998 1.92740883357749 15.8165776424135
0.0269949999999999 1.9637819008275 16.0992877389079
0.0274949999999999 2.00015496807749 16.2520789627415
0.0279949999999999 2.03652803532749 16.6945998628928
0.0284949999999998 2.07290110257749 16.8492618076097
0.0289949999999998 2.10927416982748 17.1819348211195
0.0294949999999997 2.14564723707748 17.3890679914447
0.0299949999999997 2.18202030432748 17.549587603128
0.030495 2.2183933715775 17.8786845348799
0.0309949999999999 2.25476643882749 18.0979733513096
0.0314949999999999 2.29113950607749 18.3985342115633
0.0319949999999998 2.32751257332749 18.6922186669685
0.0324949999999998 2.36388564057748 18.921441916698
0.0329949999999997 2.40025870782748 19.1939961623067
0.0334949999999997 2.43663177507748 19.3155400150026
0.033995 2.4730048423275 19.6296546903469
0.0344949999999999 2.50937790957749 19.861020083348
0.0349949999999999 2.54575097682749 20.1701565983654
0.0354949999999998 2.58212404407749 20.4681673929396
0.0359949999999998 2.61849711132749 20.6802526542797
0.0364949999999998 2.65487017857748 20.979460982771
0.0369949999999997 2.69124324582748 21.14911765801
0.0374949999999997 2.72761631307748 21.3987873935632
0.0379949999999999 2.7639893803275 21.6518487783051
0.0384949999999999 2.80036244757749 21.8406572102401
0.0389949999999999 2.83673551482749 22.140668235388
0.0394949999999998 2.87310858207749 22.3352732711265
0.0399949999999998 2.90948164932748 22.65295420562
0.0404949999999997 2.94585471657748 22.9374455485853
0.0409949999999997 2.98222778382748 23.1317056709601
0.041495 3.0186008510775 23.4687180101732
0.0419949999999999 3.05497391832749 23.6592638821407
0.0424949999999999 3.09134698557749 23.9059666534121
0.0429949999999998 3.12772005282749 24.0951950172769
0.0434949999999998 3.16409312007748 24.2484161462294
0.0439949999999997 3.20046618732748 24.4654192091197
0.0444949999999997 3.23683925457748 24.7198280672146
0.044995 3.2732123218275 25.006579159931
0.0454949999999999 3.30958538907749 25.2286899524337
0.0459949999999999 3.34595845632749 25.4938524129052
0.0464949999999998 3.38233152357749 25.776624583825
0.0469949999999998 3.41870459082749 25.9624160163261
0.0474949999999998 3.45507765807748 26.2356072901877
0.0479949999999997 3.49145072532748 26.5058301117758
0.048495 3.5278237925775 26.6962812893274
0.0489949999999999 3.5641968598275 26.9743392900433
0.0494949999999999 3.60056992707749 27.1709062005737
0.0499949999999999 3.63694299432749 27.436565600808
0.0504949999999998 3.67331606157749 27.6864917456535
0.0509949999999998 3.70968912882748 27.8600640955718
0.0514949999999997 3.74606219607748 28.1290459604812
0.0519949999999997 3.78243526332748 28.3450319469424
0.052495 3.8188083305775 28.5697978563723
0.0529949999999999 3.85518139782749 28.7752952539329
0.0534949999999999 3.89155446507749 28.9789393461321
0.0539949999999998 3.92792753232749 29.254269581899
0.0544949999999998 3.96430059957748 29.48941038549
0.0549949999999997 4.00067366682748 29.6471371150021
0.0554949999999997 4.03704673407748 29.8690026121672
0.055995 4.0734198013275 30.0569367625048
0.0564949999999999 4.10979286857749 30.2932518993029
0.0569949999999999 4.14616593582749 30.4827329517624
0.0574949999999998 4.18253900307749 30.7235498773024
0.0579949999999998 4.21891207032749 30.9327428137602
0.0584949999999997 4.25528513757748 31.1780316407036
0.0589949999999997 4.29165820482748 31.4335729563585
0.0594949999999997 4.32803127207748 31.6260639465468
0.0599949999999999 4.3644043393275 31.8496732346583
0.0604949999999999 4.40077740657749 32.0766682002481
0.0609949999999998 4.43715047382749 32.2818978938967
0.0614949999999998 4.47352354107749 32.5203027644597
0.0619949999999998 4.50989660832748 32.7302948284604
0.0624949999999997 4.54626967557748 32.9739196399242
0.0629949999999997 4.58264274282748 33.1258317990674
0.063495 4.6190158100775 33.3806643441687
0.0639949999999999 4.65538887732749 33.5606782011057
0.0644949999999999 4.69176194457749 33.7854170697213
0.0649949999999998 4.72813501182749 33.9733930729227
0.0654949999999998 4.76450807907748 34.1997973482067
0.0659949999999997 4.80088114632748 34.4313156113097
0.0664949999999997 4.83725421357748 34.6371925041227
0.066995 4.8736272808275 34.8978449749894
0.0674949999999999 4.91000034807749 35.0948454664446
0.0679949999999999 4.94637341532749 35.2870216907349
0.0684949999999998 4.98274648257749 35.5285450202049
0.0689949999999998 5.01911954982748 35.7542529571516
0.0694949999999998 5.05549261707748 35.9720663194524
0.0699949999999997 5.09186568432748 36.1929821170994
0.0704949999999997 5.12823875157748 36.3897435495385
0.0709949999999999 5.1646118188275 36.5853783748544
0.0714949999999999 5.20098488607749 36.7978794506035
0.0719949999999999 5.23735795332749 36.9784359473089
0.0724949999999998 5.27373102057749 37.2282248887793
0.0729949999999998 5.31010408782748 37.3594314518989
0.0734949999999997 5.34647715507748 37.6066575551937
0.0739949999999997 5.38285022232748 37.7536742235058
0.074495 5.4192232895775 37.9701483299441
0.0749949999999999 5.45559635682749 38.1649532886223
0.0754949999999999 5.49196942407749 38.3614231623506
0.0759949999999998 5.52834249132749 38.5974390540864
0.0764949999999998 5.56471555857748 38.7930187326437
0.0769949999999997 5.60108862582748 39.0068745290585
0.0774949999999997 5.63746169307748 39.2629257818018
0.077995 5.6738347603275 39.4107930437767
0.0784949999999999 5.71020782757749 39.6231839742243
0.0789949999999999 5.74658089482749 39.7834403827287
0.0794949999999998 5.78295396207749 39.9541470929181
0.0799949999999998 5.81932702932748 40.1363819817176
0.0804949999999997 5.85570009657748 40.3037387706336
0.0809949999999997 5.89207316382748 40.5351322483134
0.0814949999999997 5.92844623107748 40.6987088221449
0.0819949999999999 5.9648192983275 40.9244034897785
0.0824949999999999 6.00119236557749 41.188275409589
0.0829949999999998 6.03756543282749 41.3385334965473
0.0834949999999998 6.07393850007749 41.5627962713897
0.0839949999999998 6.11031156732748 41.6939414744857
0.0844949999999997 6.14668463457748 41.87923223419
0.0849949999999997 6.18305770182748 42.0442721930518
0.0854949999999999 6.2194307690775 42.2257359993354
0.0859949999999999 6.25580383632749 42.4425187384018
0.0864949999999999 6.29217690357749 42.6193182076223
0.0869949999999998 6.32854997082749 42.8320313211915
0.0874949999999998 6.36492303807748 43.0328549755762
0.0879949999999997 6.40129610532748 43.1765793341972
0.0884949999999997 6.43766917257748 43.3610636985658
0.0889949999999998 6.47404223982749 43.4947777896786
0.0894949999999999 6.51041530707749 43.7321361862001
0.0899949999999999 6.54678837432749 43.9265906571848
0.0904949999999998 6.58316144157749 44.0843203712374
0.0909949999999998 6.61953450882748 44.3114182862593
0.0914949999999997 6.65590757607748 44.4548066154313
0.0919949999999997 6.69228064332748 44.6070550670676
0.0924949999999997 6.72865371057748 44.8337478551547
0.0929949999999999 6.7650267778275 44.957536046075
0.0934949999999999 6.80139984507749 45.160155596499
0.0939949999999998 6.83777291232749 45.3185329246214
0.0944949999999998 6.87414597957749 45.531727640949
0.0949949999999998 6.91051904682748 45.7098316700138
0.0954949999999997 6.94689211407748 45.8569992016307
0.0959949999999997 6.98326518132748 46.0207216835074
0.0964949999999999 7.0196382485775 46.2209681591645
0.0969949999999999 7.05601131582749 46.4299033680752
0.0974949999999999 7.09238438307749 46.5782003368726
0.0979949999999998 7.12875745032749 46.6771859454203
0.0984949999999998 7.16513051757748 46.8725934732055
0.0989949999999997 7.20150358482748 47.0751469608686
0.0994949999999997 7.23787665207748 47.2927441915696
0.099995 7.2742497193275 47.4494990067522
0.100495 7.31062278657749 47.5393288411136
0.100995 7.34699585382749 47.7533774989351
0.101495 7.38336892107749 47.8953254666602
0.101995 7.41974198832748 48.0899349743584
0.102495 7.45611505557748 48.303115127403
0.102995 7.49248812282748 48.3853046423311
0.103495 7.52886119007748 48.570530839795
0.103995 7.56523425732749 48.7124209741175
0.104495 7.60160732457749 48.8878669207092
0.104995 7.63798039182749 49.0907234184466
0.105495 7.67435345907749 49.2104996466156
0.105995 7.71072652632748 49.3638314029372
0.106495 7.74709959357748 49.5118064579214
0.106995 7.78347266082748 49.703055416136
0.107495 7.8198457280775 49.8922227405696
0.107995 7.85621879532749 49.9962280012098
0.108495 7.89259186257749 50.1423432293435
0.108995 7.92896492982749 50.3346529334227
0.109495 7.96533799707748 50.4978939911126
0.109995 8.00171106432748 50.6185996231536
0.110495 8.03808413157748 50.7479790024969
0.110995 8.07445719882747 50.9700105523529
0.111495 8.11083026607749 51.1306813020544
0.111995 8.14720333332749 51.2310151871572
0.112495 8.18357640057749 51.371956132469
0.112995 8.21994946782748 51.5691403140846
0.113495 8.25632253507748 51.7494950887937
0.113995 8.29269560232748 51.8187863016897
0.114495 8.32906866957748 52.0166780671988
0.114995 8.3654417368275 52.2522588074437
0.115495 8.40181480407749 52.3110610672108
0.115995 8.43818787132749 52.4266800781273
0.116495 8.47456093857749 52.6421978909261
0.116995 8.51093400582748 52.8142051431492
0.117495 8.54730707307748 52.9133788700296
0.117995 8.58368014032748 53.0163925177904
0.118495 8.6200532075775 53.2433910450124
0.118995 8.65642627482749 53.3818911316264
0.119495 8.69279934207749 53.4401572462378
0.119995 8.72917240932749 53.6425490655978
0.120495 8.76554547657748 53.8321187256306
0.120995 8.80191854382748 53.8977251125041
0.121495 8.83829161107748 54.0473563369535
0.121995 8.8746646783275 54.2522581380566
0.122495 8.91103774557749 54.3632856189768
0.122995 8.94741081282749 54.4285975988675
0.123495 8.98378388007749 54.6524551822826
0.123995 9.02015694732748 54.8067643328626
0.124495 9.05653001457748 54.8236094269506
0.124995 9.09290308182748 55.0329533047976
0.125495 9.12927614907747 55.2371956109398
0.125995 9.16564921632749 55.273686633125
0.126495 9.20202228357749 55.4479746025395
0.126995 9.23839535082749 55.6090134808567
0.127495 9.27476841807749 55.6995083696172
0.127995 9.31114148532748 55.8515368239472
0.128495 9.34751455257748 56.0367936807234
0.128995 9.38388761982748 56.0974548878644
0.129495 9.4202606870775 56.2411477486228
0.129995 9.45663375432749 56.3820068084317
0.130495 9.49300682157749 56.5073850485774
0.130995 9.52937988882749 56.6553813834211
0.131495 9.56575295607748 56.8075593707498
0.131995 9.60212602332748 56.9123157466678
0.132495 9.63849909057748 57.0287583377424
0.132995 9.67487215782748 57.1806287784656
0.133495 9.71124522507749 57.2867617756936
0.133995 9.74761829232749 57.4234279948654
0.134495 9.78399135957749 57.5537209783613
0.134995 9.82036442682749 57.6984967566072
0.135495 9.85673749407748 57.7839480342356
0.135995 9.89311056132748 57.8927354820137
0.136495 9.92948362857748 58.0536162802337
0.136995 9.96585669582749 58.1849356534638
0.137495 10.0022297630775 58.2748565193885
0.137995 10.0386028303275 58.4583046544316
0.138495 10.0749758975775 58.5317148235083
0.138995 10.1113489648275 58.6248389568383
0.139495 10.1477220320775 58.7908095480498
0.139995 10.1840950993275 58.8753150930568
0.140495 10.2204681665775 59.0288049094637
0.140995 10.2568412338275 59.1387781488725
0.141495 10.2932143010775 59.2449753861875
0.141995 10.3295873683275 59.3844736616514
0.142495 10.3659604355775 59.4855437411244
0.142995 10.4023335028275 59.5904344555872
0.143495 10.4387065700775 59.7405222872947
0.143995 10.4750796373275 59.8202186170954
0.144495 10.5114527045775 59.9711338005513
0.144995 10.5478257718275 60.0533815194388
0.145495 10.5841988390775 60.1773299534429
0.145995 10.6205719063275 60.3080320459166
0.146495 10.6569449735775 60.3904768644193
0.146995 10.6933180408275 60.5243117555607
0.147495 10.7296911080775 60.5999589048622
0.147995 10.7660641753275 60.7585125909806
0.148495 10.8024372425775 60.867151975446
0.148995 10.8388103098275 60.9381349360909
0.149495 10.8751833770775 61.0822426982541
0.149995 10.9115564443275 61.1343610323691
0.150495 10.9479295115775 61.3032457762189
0.150995 10.9843025788275 61.3750939002768
0.151495 11.0206756460775 61.4972948933441
0.151995 11.0570487133275 61.5964136050503
0.152495 11.0934217805775 61.7341301985665
0.152995 11.1297948478275 61.8097681911947
0.153495 11.1661679150775 61.9103520177028
0.153995 11.2025409823275 62.0097976448545
0.154495 11.2389140495775 62.0918024007597
0.154995 11.2752871168275 62.210457759497
0.155495 11.3116601840775 62.3425642656635
0.155995 11.3480332513275 62.4269437779531
0.156495 11.3844063185775 62.526747558536
0.156995 11.4207793858275 62.6335133721001
0.157495 11.4571524530775 62.7123741082075
0.157995 11.4935255203275 62.841173951532
0.158495 11.5298985875775 62.9398295124663
0.158995 11.5662716548275 63.0225807671064
0.159495 11.6026447220775 63.1064707008362
0.159995 11.6390177893275 63.2169412832353
0.160495 11.6753908565775 63.3229737960084
0.160995 11.7117639238275 63.4429601106807
0.161495 11.7481369910775 63.4923706361686
0.161995 11.7845100583275 63.5927771319434
0.162495 11.8208831255775 63.7058119744087
0.162995 11.8572561928275 63.7985879276994
0.163495 11.8936292600775 63.9184936809631
0.163995 11.9300023273275 63.9814100557875
0.164495 11.9663753945775 64.0879107214974
0.164995 12.0027484618275 64.1531369797159
0.165495 12.0391215290775 64.2776798136996
0.165995 12.0754945963275 64.3913349837439
0.166495 12.1118676635775 64.4658022280641
0.166995 12.1482407308275 64.5653362581722
0.167495 12.1846137980775 64.6432846105029
0.167995 12.2209868653275 64.7339466811484
0.168495 12.2573599325775 64.8449612416683
0.168995 12.2937329998275 64.8958277485315
0.169495 12.3301060670775 64.9937957742688
0.169995 12.3664791343275 65.1114185143986
0.170495 12.4028522015775 65.1379668538315
0.170995 12.4392252688275 65.2603836248945
0.171495 12.4755983360775 65.3283829361308
0.171995 12.5119714033275 65.4450332894802
0.172495 12.5483444705775 65.529208610318
0.172995 12.5847175378275 65.5876175009117
0.173495 12.6210906050775 65.7015868728621
0.173995 12.6574636723275 65.7433842555698
0.174495 12.6938367395775 65.8477171538225
0.174995 12.7302098068275 65.941119484349
0.175495 12.7665828740775 66.019172830422
0.175995 12.8029559413275 66.0815052934968
0.176495 12.8393290085775 66.1680375839083
0.176995 12.8757020758275 66.2513922848555
0.177495 12.9120751430775 66.3176754553267
0.177995 12.9484482103275 66.4140066373333
0.178495 12.9848212775775 66.4986571312603
0.178995 13.0211943448275 66.58382828739
0.179495 13.0575674120775 66.6607165626438
0.179995 13.0939404793275 66.7155121874406
0.180495 13.1303135465775 66.8046348329373
0.180995 13.1666866138275 66.8992044355274
0.181495 13.2030596810775 66.9491955127324
0.181995 13.2394327483275 67.038238814791
0.182495 13.2758058155775 67.1327256315905
0.182995 13.3121788828275 67.2180032745801
0.183495 13.3485519500775 67.252744686807
0.183995 13.3849250173275 67.3833459249445
0.184495 13.4212980845775 67.4471913594442
0.184995 13.4576711518275 67.4812166622076
0.185495 13.4940442190775 67.5762324822175
0.185995 13.5304172863275 67.63664736587
0.186495 13.5667903535775 67.7192070663304
0.186995 13.6031634208275 67.8286167562406
0.187495 13.6395364880775 67.8929344089454
0.187995 13.6759095553275 67.9047398411714
0.188495 13.7122826225775 68.0192845298569
0.188995 13.7486556898275 68.0878065862251
0.189495 13.7850287570775 68.1849685889083
0.189995 13.8214018243275 68.2226490523396
0.190495 13.8577748915775 68.3402792380749
0.190995 13.8941479588275 68.3976303413221
0.191495 13.9305210260775 68.4514880021275
0.191995 13.9668940933275 68.5533941274829
0.192495 14.0032671605775 68.6183566758554
0.192995 14.0396402278275 68.637546013556
0.193495 14.0760132950775 68.7085223184212
0.193995 14.1123863623275 68.8122100742639
0.194495 14.1487594295775 68.8877830020109
0.194995 14.1851324968275 68.9757064388071
0.195495 14.2215055640775 68.9957699380322
0.195995 14.2578786313275 69.0688418694977
0.196495 14.2942516985775 69.1393828591351
0.196995 14.3306247658275 69.1993480085149
0.197495 14.3669978330775 69.2714493332079
0.197995 14.4033709003275 69.3293257941684
0.198495 14.4397439675775 69.3944112317096
0.198995 14.4761170348275 69.4455854574376
0.199495 14.5124901020775 69.4902576391374
0.199995 14.5488631693275 69.5937288725071
0.200495 14.5852362365775 69.6742896759238
0.200995 14.6216093038275 69.7243199488523
0.201495 14.6579823710775 69.8259376377063
0.201995 14.6943554383275 69.8583308390922
0.202495 14.7307285055775 69.9559731602897
0.202995 14.7671015728275 69.9668338135219
0.203495 14.8034746400775 70.0472656277918
0.203995 14.8398477073275 70.172842917065
0.204495 14.8762207745775 70.184357681076
0.204995 14.9125938418275 70.2397540152696
0.205495 14.9489669090775 70.3378564257686
0.205995 14.9853399763275 70.3620471572442
0.206495 15.0217130435775 70.4435441675132
0.206995 15.0580861108275 70.5074577891669
0.207495 15.0944591780775 70.5784366085013
0.207995 15.1308322453275 70.6041384257576
0.208495 15.1672053125775 70.6967051727518
0.208995 15.2035783798275 70.7429302356245
0.209495 15.2399514470775 70.8118271312857
0.209995 15.2763245143275 70.9477502624661
0.210495 15.3126975815775 71.0116091123043
0.210995 15.3490706488275 71.0453493496893
0.211495 15.3854437160775 71.1088219292254
0.211995 15.4218167833275 71.106116656537
0.212495 15.4581898505775 71.2243669443444
0.212995 15.4945629178275 71.2846192883206
0.213495 15.5309359850775 71.3184550644868
0.213995 15.5673090523275 71.3836294608834
0.214495 15.6036821195775 71.4464940450698
0.214995 15.6400551868275 71.4613615719488
0.215495 15.6764282540775 71.5849883158525
0.215995 15.7128013213275 71.6396906151273
0.216495 15.7491743885775 71.7137832447834
0.216995 15.7855474558275 71.768789495041
0.217495 15.8219205230775 71.8277688395518
0.217995 15.8582935903275 71.8956932702897
0.218495 15.8946666575775 71.9204787589026
0.218995 15.9310397248275 71.9788483141701
0.219495 15.9674127920775 72.0463865708797
0.219995 16.0037858593275 72.0881370662905
0.220495 16.0401589265775 72.181123451157
0.220995 16.0765319938275 72.2532894331967
0.221495 16.1129050610775 72.2388396853318
0.221995 16.1492781283275 72.3055524282508
0.222495 16.1856511955775 72.4197377073879
0.222995 16.2220242628275 72.4744729979139
0.223495 16.2583973300775 72.5337972244254
0.223995 16.2947703973275 72.5769799065065
0.224495 16.3311434645775 72.6764664906784
0.224995 16.3675165318275 72.748654069321
0.225495 16.4038895990775 72.7883497905601
0.225995 16.4402626663275 72.8743233615733
0.226495 16.4766357335775 72.9186251198392
0.226995 16.5130088008275 72.9649997639805
0.227495 16.5493818680775 73.0259088767968
0.227995 16.5857549353275 73.0274293156467
0.228495 16.6221280025775 73.1864562301009
0.228995 16.6585010698275 73.2091682141911
0.229495 16.6948741370775 73.2552547768135
0.229995 16.7312472043275 73.2848447275148
0.230495 16.7676202715775 73.3149538428573
0.230995 16.8039933388275 73.3874923319289
0.231495 16.8403664060775 73.4566972107284
0.231995 16.8767394733275 73.6514277849448
0.232495 16.9131125405775 73.5287365938682
0.232995 16.9494856078275 73.6355251422236
0.233495 16.9858586750775 73.63809915447
0.233995 17.0222317423275 73.7787950656074
0.234495 17.0586048095775 73.9470632348288
0.234995 17.0949778768275 73.9449888532585
0.235495 17.1313509440775 73.9566524082203
0.235995 17.1677240113275 74.062509152788
0.236495 17.2040970785775 74.1268403369635
0.236995 17.2404701458275 74.2076457959109
0.237495 17.2768432130775 74.2022077261136
0.237995 17.3132162803275 74.2988654203587
0.238495 17.3495893475775 74.2863549072784
0.238995 17.3859624148275 74.3848929823423
0.239495 17.4223354820775 74.4546483137872
0.239995 17.4587085493275 74.5692101525754
0.240495 17.4950816165775 74.5856213133287
0.240995 17.5314546838275 74.5581118891685
0.241495 17.5678277510775 74.6777891452693
0.241995 17.6042008183275 74.7027371376318
0.242495 17.6405738855775 74.9011052914813
0.242995 17.6769469528275 74.9480197236207
0.243495 17.7133200200775 75.0053872391688
0.243995 17.7496930873275 75.0157703887882
0.244495 17.7860661545775 75.0161253817724
0.244995 17.8224392218275 75.1280827288673
0.245495 17.8588122890775 75.1388070549984
0.245995 17.8951853563275 75.2801986389696
0.246495 17.9315584235775 75.4240943099917
0.246995 17.9679314908275 75.4459562855922
0.247495 18.0043045580775 75.4685155265172
0.247995 18.0406776253275 75.5252457049942
0.248495 18.0770506925775 75.6119162934236
0.248995 18.1134237598275 75.6432793296266
0.249495 18.1497968270775 75.8294989810072
0.249995 18.1861698943275 75.8288996328047
0.250495 18.2225429615775 75.8293677648228
0.250995 18.2589160288275 75.9362031807641
0.251495 18.2952890960775 75.9879951555329
0.251995 18.3316621633275 76.0090196928114
0.252495 18.3680352305775 76.2125127414919
0.252995 18.4044082978275 76.2453375928961
0.253495 18.4407813650775 76.3428223010917
0.253995 18.4771544323275 76.2566151099224
0.254495 18.5135274995775 76.3519185828711
0.254995 18.5499005668275 76.4553861851407
0.255495 18.5862736340775 76.4263780166685
0.255995 18.6226467013275 76.5362829566208
0.256495 18.6590197685775 76.6117791896562
0.256995 18.6953928358275 76.697191007893
0.257495 18.7317659030775 76.7871565020271
0.257995 18.7681389703275 76.8082773543167
0.258495 18.8045120375775 76.8330266719712
0.258995 18.8408851048275 77.0204076855544
0.259495 18.8772581720775 77.0957372479126
0.259995 18.9136312393275 77.2609765878457
0.260495 18.9500043065775 77.1930280337391
0.260995 18.9863773738275 77.1570929733102
0.261495 19.0227504410775 77.3168577534409
0.261995 19.0591235083275 77.3627701128851
0.262495 19.0954965755775 77.4619253453309
0.262995 19.1318696428275 77.5538698085846
0.263495 19.1682427100775 77.6327862942952
0.263995 19.2046157773275 77.6768272629584
0.264495 19.2409888445775 77.7803530666441
0.264995 19.2773619118275 77.9054854635275
0.265495 19.3137349790775 77.8594889015547
0.265995 19.3501080463275 77.9416845592033
0.266495 19.3864811135775 78.0439329405828
0.266995 19.4228541808275 78.0658081425548
0.267495 19.4592272480775 78.218227285978
0.267995 19.4956003153275 78.1988174258768
0.268495 19.5319733825775 78.2428734992483
0.268995 19.5683464498275 78.3912622479701
0.269495 19.6047195170775 78.4709981944339
0.269995 19.6410925843275 78.5466350071709
0.270495 19.6774656515775 78.7251667723147
0.270995 19.7138387188275 78.7075124620532
0.271495 19.7502117860775 78.7274604008505
0.271995 19.7865848533275 78.8749594793497
0.272495 19.8229579205775 78.9236421174805
0.272995 19.8593309878275 78.9635900796171
0.273495 19.8957040550775 79.0879561959912
0.273995 19.9320771223275 79.2095055493588
0.274495 19.9684501895775 79.3523140017917
0.274995 20.0048232568275 79.3191125492418
0.275495 20.0411963240775 79.4885643114053
0.275995 20.0775693913275 79.4199025063071
0.276495 20.1139424585775 79.6208465601131
0.276995 20.1503155258275 79.7389601620919
0.277495 20.1866885930775 79.7430844588957
0.277995 20.2230616603275 79.9883658748193
0.278495 20.2594347275775 79.9830510913206
0.278995 20.2958077948275 80.0828306557486
0.279495 20.3321808620775 80.1764342359108
0.279995 20.3685539293275 80.3506770295578
0.280495 20.4049269965775 80.3363634433956
0.280995 20.4413000638275 80.5165600316247
0.281495 20.4776731310775 80.4775261472984
0.281995 20.5140461983275 80.6969124839371
0.282495 20.5504192655775 80.7308764563781
0.282995 20.5867923328275 80.6992817650782
0.283495 20.6231654000775 80.9682624934417
0.283995 20.6595384673275 80.9061515486842
0.284495 20.6959115345775 81.1589729130629
0.284995 20.7322846018275 81.2138198296507
0.285495 20.7686576690775 81.4005286693274
0.285995 20.8050307363275 81.4477826981618
0.286495 20.8414038035775 81.672965193874
0.286995 20.8777768708275 81.7335078972956
0.287495 20.9141499380775 81.9818808774024
0.287995 20.9505230053275 81.7491302398934
0.288495 20.9868960725775 82.0193772148648
0.288995 21.0232691398275 82.1076724130217
0.289495 21.0596422070775 82.2029041905758
0.289995 21.0960152743275 82.42012890588
0.290495 21.1323883415775 82.4230213253885
0.290995 21.1687614088275 82.6204413982621
0.291495 21.2051344760775 82.6982612475012
0.291995 21.2415075433275 82.7741867055697
0.292495 21.2778806105775 83.0138275571621
0.292995 21.3142536778275 82.932643401544
0.293495 21.3506267450775 83.1700849158059
0.293995 21.3869998123275 83.0524782422061
0.294495 21.4233728795775 83.5346271972284
0.294995 21.4597459468275 83.423018731429
0.295495 21.4961190140775 83.8038166730574
0.295995 21.5324920813275 83.9516836927942
0.296495 21.5688651485775 84.030731395267
0.296995 21.6052382158275 83.9919438050317
0.297495 21.6416112830775 84.2038547618529
0.297995 21.6779843503275 84.3729665029276
0.298495 21.7143574175775 84.5899785583996
0.298995 21.7507304848275 84.7181822778622
0.299495 21.7871035520775 84.7356367787609
0.299995 21.8234766193275 85.2743479884453
0.300495 21.8598496865775 84.9468840215328
0.300995 21.8962227538275 85.2322733616561
0.301495 21.9325958210775 85.4131203051707
0.301995 21.9689688883275 85.5397904409933
0.302495 22.0053419555775 85.8911957967343
0.302995 22.0417150228275 85.859164075923
0.303495 22.0780880900775 86.0245960369073
0.303995 22.1144611573275 86.1954900785401
0.304495 22.1508342245775 86.3759315687324
0.304995 22.1872072918275 86.6969286282603
0.305495 22.2235803590775 86.7692804430387
0.305995 22.2599534263275 87.0746756089612
0.306495 22.2963264935775 87.2561418741928
0.306995 22.3326995608275 87.2014733782762
0.307495 22.3690726280775 87.4920937969435
0.307995 22.4054456953275 87.7129591636781
0.308495 22.4418187625775 87.7288847596061
0.308995 22.4781918298275 88.543318851427
0.309495 22.5145648970775 88.2983565276999
0.309995 22.5509379643275 88.5573283693083
0.310495 22.5873110315775 88.5939000420679
0.310995 22.6236840988275 89.025738871143
0.311495 22.6600571660775 89.13419979802
0.311995 22.6964302333275 89.0608746311195
0.312495 22.7328033005775 89.6615431153563
0.312995 22.7691763678275 89.9159575986823
0.313495 22.8055494350775 90.000625449376
0.313995 22.8419225023275 90.0991660126839
0.314495 22.8782955695775 90.2646651744219
0.314995 22.9146686368275 90.894773082539
0.315495 22.9510417040775 90.7373305876053
0.315995 22.9874147713275 91.0756767534551
0.316495 23.0237878385775 91.4883267392108
0.316995 23.0601609058275 91.7002536731717
0.317495 23.0965339730775 91.6206415709289
0.317995 23.1329070403275 92.1744923354806
0.318495 23.1692801075775 92.4251123671033
0.318995 23.2056531748275 92.9160180745244
0.319495 23.2420262420775 92.7912134567189
0.319995 23.2783993093275 93.0534815231188
0.320495 23.3147723765775 93.5585496745997
0.320995 23.3511454438275 93.4990466470484
0.321495 23.3875185110775 94.0307285319989
0.321995 23.4238915783275 94.1560427628348
0.322495 23.4602646455775 94.5174149862874
0.322995 23.4966377128275 94.5357374990899
0.323495 23.5330107800775 94.9066629791995
0.323995 23.5693838473275 95.272791049154
0.324495 23.6057569145775 95.4146992568803
0.324995 23.6421299818275 96.1314552154204
0.325495 23.6785030490775 96.1782531733711
0.325995 23.7148761163275 96.3254579623822
0.326495 23.7512491835775 96.8599341074954
0.326995 23.7876222508275 97.012730258893
0.327495 23.8239953180775 97.3288678910429
0.327995 23.8603683853275 97.6065045023815
0.328495 23.8967414525775 97.9523049125481
0.328995 23.9331145198275 98.315576875504
0.329495 23.9694875870775 98.5619629342992
0.329995 24.0058606543275 98.7981482678744
0.330495 24.0422337215775 99.300386076967
0.330995 24.0786067888275 99.3475504538138
0.331495 24.1149798560775 99.7953077379748
0.331995 24.1513529233275 100.165431930841
0.332495 24.1877259905775 100.401733243452
0.332995 24.2240990578275 100.833381107547
0.333495 24.2604721250775 101.040547560369
0.333995 24.2968451923275 101.583453414107
0.334495 24.3332182595775 101.764391645607
0.334995 24.3695913268275 102.261084117164
0.335495 24.4059643940775 102.40186823804
0.335995 24.4423374613275 103.095180999907
0.336495 24.4787105285775 102.781492548649
0.336995 24.5150835958275 103.73124979134
0.337495 24.5514566630775 103.797132772242
0.337995 24.5878297303275 104.212052362262
0.338495 24.6242027975775 104.686488649402
0.338995 24.6605758648275 104.633344131848
0.339495 24.6969489320775 105.346464603932
0.339995 24.7333219993275 105.651451899383
0.340495 24.7696950665775 105.67741874418
0.340995 24.8060681338275 106.550298276413
0.341495 24.8424412010775 106.508979980701
0.341995 24.8788142683275 107.277824490358
0.342495 24.9151873355775 107.181390919892
0.342995 24.9515604028275 107.82100313246
0.343495 24.9879334700775 108.109628706282
0.343995 25.0243065373275 108.582275003637
0.344495 25.0606796045775 108.784546673386
0.344995 25.0970526718275 109.313380389308
0.345495 25.1334257390775 109.841316374761
0.345995 25.1697988063275 110.082357298425
0.346495 25.2061718735775 110.276997019762
0.346995 25.2425449408275 110.678440337933
0.347495 25.2789180080775 111.30093553677
0.347995 25.3152910753275 111.60137399942
0.348495 25.3516641425775 111.973555303176
0.348995 25.3880372098275 112.528068116601
0.349495 25.4244102770775 112.532129280769
0.349995 25.4607833443275 113.195443639225
0.350495 25.4971564115775 113.700580543723
0.350995 25.5335294788275 113.952961605183
0.351495 25.5699025460775 114.429705759014
0.351995 25.6062756133275 114.739788897596
0.352495 25.6426486805775 115.415947864443
0.352995 25.6790217478275 115.458229310305
0.353495 25.7153948150775 116.013851368957
0.353995 25.7517678823275 116.197716649975
0.354495 25.7881409495775 116.399800664253
0.354995 25.8245140168275 117.398885462616
0.355495 25.8608870840775 117.420441144362
0.355995 25.8972601513275 118.006805327877
0.356495 25.9336332185775 118.385676078019
0.356995 25.9700062858275 118.562112773922
0.357495 26.0063793530775 119.494074749135
0.357995 26.0427524203275 119.669064054832
0.358495 26.0791254875775 119.942578141414
0.358995 26.1154985548275 120.616952379479
0.359495 26.1518716220775 121.028847985969
0.359995 26.1882446893275 121.236868849093
0.360495 26.2246177565775 121.712836255181
0.360995 26.2609908238275 122.242469023511
0.361495 26.2973638910775 122.727497275238
0.361995 26.3337369583275 122.882724599115
0.362495 26.3701100255775 123.492345301968
0.362995 26.4064830928275 124.093874032804
0.363495 26.4428561600775 124.30806860595
0.363995 26.4792292273275 124.982051129367
0.364495 26.5156022945775 125.431035228324
0.364995 26.5519753618275 126.027336303872
0.365495 26.5883484290775 126.44591738387
0.365995 26.6247214963275 126.466061719149
0.366495 26.6610945635775 127.095675187852
0.366995 26.6974676308275 127.813598316779
0.367495 26.7338406980775 128.119133245082
0.367995 26.7702137653275 128.937413508684
0.368495 26.8065868325775 129.144735227803
0.368995 26.8429598998275 129.823386919098
0.369495 26.8793329670775 129.970095296959
0.369995 26.9157060343275 130.258147024274
0.370495 26.9520791015775 130.738635164641
0.370995 26.9884521688275 131.394018676932
0.371495 27.0248252360775 132.433088683083
0.371995 27.0611983033275 133.087659675331
0.372495 27.0975713705775 133.090262235491
0.372995 27.1339444378275 133.633896639223
0.373495 27.1703175050775 133.953928519197
0.373995 27.2066905723275 134.887020302844
0.374495 27.2430636395775 135.521687664784
0.374995 27.2794367068275 136.011784007864
0.375495 27.3158097740775 136.586704282389
0.375995 27.3521828413275 136.739302185247
0.376495 27.3885559085775 137.632645209239
0.376995 27.4249289758275 138.487226833525
0.377495 27.4613020430775 138.756242048399
0.377995 27.4976751103275 139.47247130239
0.378495 27.5340481775775 139.994912413252
0.378995 27.5704212448275 140.263133237659
0.379495 27.6067943120775 141.051520289147
0.379995 27.6431673793275 141.334386080743
0.380495 27.6795404465775 142.086060115256
0.380995 27.7159135138275 142.767288217798
0.381495 27.7522865810775 143.39555813602
0.381995 27.7886596483275 143.977522753808
0.382495 27.8250327155775 144.581426254747
0.382995 27.8614057828275 145.33350553664
0.383495 27.8977788500775 145.494576460477
0.383995 27.9341519173275 145.851479141106
0.384495 27.9705249845775 146.341325287517
0.384995 28.0068980518275 147.16805438473
0.385495 28.0432711190775 147.704871624623
0.385995 28.0796441863275 148.245734463629
0.386495 28.1160172535775 148.850520079429
0.386995 28.1523903208275 149.619133853368
0.387495 28.1887633880775 149.96755768026
0.387995 28.2251364553275 150.558893525958
0.388495 28.2615095225775 151.426693730986
0.388995 28.2978825898275 151.861982224224
0.389495 28.3342556570775 152.497605950687
0.389995 28.3706287243275 153.120204066487
0.390495 28.4070017915775 151.582557681822
0.390995 28.4433748588275 146.522201581284
0.391495 28.4797479260775 137.190668024988
0.391995 28.5161209933275 126.92812435405
0.392495 28.5524940605775 114.89907574116
0.392995 28.5888671278275 104.48234919701
0.393495 28.6252401950775 95.401540388613
0.393995 28.6616132623275 87.6412011698346
0.394495 28.6979863295775 80.6686023748389
0.394995 28.7343593968275 74.5182435736462
0.395495 28.7707324640775 69.2036788585752
0.395995 28.8071055313275 65.0320286955511
0.396495 28.8434785985775 61.1889991924841
0.396995 28.8798516658275 57.61794125234
0.397495 28.9162247330775 54.2950467212336
0.397995 28.9525978003275 51.1738715771504
0.398495 28.9889708675775 48.396004392305
0.398995 29.0253439348275 45.8955953107488
0.399495 29.0617170020775 43.7599396941872
0.399995 29.0980900693275 41.9298366151449
0.400495 29.1344631365775 40.3525331369314
0.400995 29.1708362038275 38.8665207041989
0.401495 29.2072092710775 37.2325037761615
0.401995 29.2435823383275 35.5350633364806
0.402495 29.2799554055775 33.7596980006844
0.402995 29.3163284728275 31.9244163688756
0.403495 29.3527015400775 30.0645476568469
0.403995 29.3890746073275 28.1486641954792
0.404495 29.4254476745775 26.2304246469196
0.404995 29.4618207418275 24.4390324263325
0.405495 29.4981938090775 22.8548767204482
0.405995 29.5345668763275 21.5236358310429
0.406495 29.5709399435775 20.3082441872653
0.406995 29.6073130108275 19.196912203146
0.407495 29.6436860780775 18.1604873383497
0.407995 29.6800591453275 17.2100228525158
0.408495 29.7164322125775 16.3857356145225
0.408995 29.7528052798275 15.6196517183636
0.409495 29.7891783470775 14.7976483257411
0.409995 29.8255514143275 13.9677454080616
0.410495 29.8619244815775 13.1437926877468
0.410995 29.8982975488275 12.3008524134676
0.411495 29.9346706160775 11.4175464604565
0.411995 29.9710436833275 10.4644099104708
0.412495 30.0074167505775 9.40902886980837
0.412995 30.0437898178275 8.23680915816456
0.413495 30.0801628850775 6.95717838417872
0.413995 30.1165359523275 5.56337299379758
0.414495 30.1529090195775 4.04564377422128
0.414995 30.1892820868275 2.38325655961094
0.415495 30.2256551540775 0.667445606599748
0.415995 30.2620282213275 -0.918290187108723
0.416495 30.2984012885775 -2.39632480177945
0.416995 30.3347743558275 -4.13170417048791
0.417495 30.3711474230775 -6.03975627956062
0.417995 30.4075204903275 -8.11029705049799
0.418495 30.4438935575775 -10.4165581222394
0.418995 30.4802666248275 -12.9132436645899
0.419495 30.5166396920775 -15.5470909576122
0.419995 30.5530127593275 -15.7964957210757
0.420495 30.5893858265775 -15.0963248803181
0.420995 30.6257588938275 -13.0434748339399
0.421495 30.6621319610775 -11.0902368455905
0.421995 30.6985050283275 -9.45007088487025
0.422495 30.7348780955775 -6.42465251396263
0.422995 30.7712511628275 -3.65449240832641
0.423495 30.8076242300775 -1.91576286901332
0.423995 30.8439972973275 -0.54802431455552
0.424495 30.8803703645775 0.533406107789482
0.424995 30.9167434318275 1.26089563462905
0.425495 30.9531164990775 1.426074370906
0.425995 30.9894895663275 1.48778404208855
0.426495 31.0258626335775 1.01298671525511
0.426995 31.0622357008275 0.55894244215194
0.427495 31.0986087680775 -0.243129338340547
0.427995 31.1349818353275 -0.886810094710152
0.428495 31.1713549025775 -1.18796162974757
0.428995 31.2077279698275 -1.61654982902617
0.429495 31.2441010370775 -1.66281725790974
0.429995 31.2804741043275 -0.830918925426165
0.430495 31.3168471715775 -0.353950196448871
0.430995 31.3532202388275 0.191090901480364
0.431495 31.3895933060775 0.802800643228019
0.431995 31.4259663733275 0.864301082991349
0.432495 31.4623394405775 0.853505554044409
0.432995 31.4987125078275 0.331007039827364
0.433495 31.5350855750775 0.0443132125288678
0.433995 31.5714586423275 -0.66243768345715
0.434495 31.6078317095775 -0.943390097062091
0.434995 31.6442047768275 -1.27164747029948
0.435495 31.6805778440775 -1.36480419804471
0.435995 31.7169509113275 -1.41385747902581
0.436495 31.7533239785775 -1.26941369374478
0.436995 31.7896970458275 -1.323639092726
0.437495 31.8260701130775 -1.47467202996291
0.437995 31.8624431803275 -1.29145248965626
0.438495 31.8988162475775 -1.41655577264624
0.438995 31.9351893148275 -1.1368043479054
0.439495 31.9715623820775 -1.37482568567273
0.439995 32.0079354493275 -1.21883778070247
0.440495 32.0443085165775 -1.22196535507558
0.440995 32.0806815838275 -1.20169651230201
0.441495 32.1170546510775 -1.11197864801474
0.441995 32.1534277183275 -0.951811434503738
0.442495 32.1898007855775 -0.481216083241093
0.442995 32.2261738528275 -0.210144195022071
0.443495 32.2625469200775 -0.17050082357566
0.443995 32.2989199873275 -0.0430498191937714
0.444495 32.3352930545775 0.194972658883976
0.444995 32.3716661218275 0.404615886617258
0.445495 32.4080391890775 0.395069287191972
0.445995 32.4444122563275 0.504047534220652
0.446495 32.4807853235775 0.400060159578898
0.446995 32.5171583908275 0.724161165023975
0.447495 32.5535314580775 0.713821351031607
0.447995 32.5899045253275 0.781937536464092
0.448495 32.6262775925775 0.406853574189595
0.448994999999999 32.6626506598275 0.423326557275611
0.449495 32.6990237270775 -0.0532063245242673
0.449995 32.7353967943275 -0.20815628107033
0.450495 32.7717698615775 -0.549133036894429
0.450995 32.8081429288275 -1.10845960246309
0.451495 32.8445159960775 -1.20583427887664
0.451995 32.8808890633275 -1.36561229500049
0.452495 32.9172621305775 -1.25410427538829
0.452995 32.9536351978275 -1.64827501424899
0.453495 32.9900082650775 -1.66138831021014
0.453995 33.0263813323275 -1.75611287610617
0.454495 33.0627543995775 -1.46634975659829
0.454995 33.0991274668275 -1.25284189436355
0.455495 33.1355005340775 -0.851182445038488
0.455995 33.1718736013275 -0.474846717329599
0.456494999999999 33.2082466685775 -0.475937480624416
0.456995 33.2446197358275 -0.308399705996715
0.457495 33.2809928030775 -0.268634923151927
0.457995 33.3173658703275 -0.00596158550318575
0.458495 33.3537389375775 0.321335079401364
0.458995 33.3901120048275 0.508553253295959
0.459495 33.4264850720775 0.647862990653522
0.459995 33.4628581393275 0.786426924832027
0.460495 33.4992312065775 0.840472086621381
0.460995 33.5356042738275 0.826863578601619
0.461495 33.5719773410775 0.770607909652499
0.461995 33.6083504083275 0.760730551950851
0.462495 33.6447234755775 0.594380699596323
0.462995 33.6810965428275 0.532458085744093
0.463494999999999 33.7174696100775 0.291172101877688
0.463995 33.7538426773275 0.173023751007501
0.464495 33.7902157445775 0.10988941556929
0.464995 33.8265888118275 -0.113872183229096
0.465495 33.8629618790775 -0.149814171455185
0.465995 33.8993349463275 -0.416649503728977
0.466495 33.9357080135775 -0.544245806254387
0.466995 33.9720810808275 -0.664678413061427
0.467495 34.0084541480775 -0.806726543730607
0.467995 34.0448272153275 -0.954038578320262
0.468495 34.0812002825775 -1.19697307221029
0.468995 34.1175733498275 -1.08786708337781
0.469495 34.1539464170775 -1.21689347024226
0.469995 34.1903194843275 -1.16448411826423
0.470495 34.2266925515775 -0.883418888213884
0.470994999999999 34.2630656188275 -0.698019323561452
0.471495 34.2994386860775 -0.34909936982294
0.471995 34.3358117533275 -0.181735713247089
0.472495 34.3721848205775 0.238303514856973
0.472995 34.4085578878275 0.4050734547226
0.473495 34.4449309550775 0.609576900256816
0.473995 34.4813040223275 0.670752578355067
0.474495 34.5176770895775 0.701441237886798
0.474995 34.5540501568275 0.807356865639976
0.475495 34.5904232240775 0.801123830452125
0.475995 34.6267962913275 1.074026538821
0.476495 34.6631693585775 0.843323718421353
0.476995 34.6995424258275 0.994165270284122
0.477495 34.7359154930775 0.832479278527015
0.477995 34.7722885603275 0.827475141239349
0.478495 34.8086616275775 0.799585053123033
0.478995 34.8450346948275 0.761657720098511
0.479495 34.8814077620775 0.668836101121793
0.479995 34.9177808293275 0.557261062309622
0.480495 34.9541538965775 0.542744957486234
0.480995 34.9905269638275 0.439829301076094
0.481495 35.0269000310775 0.321034829612205
0.481995 35.0632730983275 0.32782708121213
0.482495 35.0996461655775 0.336301556034218
0.482995 35.1360192328275 0.512971882006833
0.483495 35.1723923000775 0.603015462942039
0.483995 35.2087653673275 0.61265175702586
0.484495 35.2451384345775 0.690390211452957
0.484995 35.2815115018275 0.743782372982677
0.485495 35.3178845690775 0.788122536477795
0.485995 35.3542576363275 0.688689395683926
0.486495 35.3906307035775 0.843944790542769
0.486995 35.4270037708275 0.744996437275526
0.487495 35.4633768380775 0.638888251512415
0.487995 35.4997499053275 0.689082003377549
0.488495 35.5361229725775 0.698961995246042
0.488995 35.5724960398275 0.837801032954886
0.489495 35.6088691070775 0.829919986883363
0.489995 35.6452421743275 0.671727333650895
0.490495 35.6816152415775 0.424644541536586
0.490995 35.7179883088275 0.243880612656136
0.491495 35.7543613760775 0.0950950325099461
0.491995 35.7907344433275 -0.0603102136837717
0.492495 35.8271075105775 -0.494151721557967
0.492995 35.8634805778275 -0.534470107619854
0.493495 35.8998536450775 -0.535352007359191
0.493995 35.9362267123275 -0.708687251272725
0.494495 35.9725997795775 -0.873583702433799
0.494995 36.0089728468275 -0.7780787194218
0.495495 36.0453459140775 -0.805359204330419
0.495995 36.0817189813275 -0.9517474935679
0.496495 36.1180920485775 -1.02270721885153
0.496995 36.1544651158275 -0.90738830250587
0.497495 36.1908381830775 -0.751674565627833
0.497995 36.2272112503275 -0.653866740856591
0.498495 36.2635843175775 -0.492603582344928
0.498995 36.2999573848275 -0.539317895557193
0.499495 36.3363304520775 -0.46269017806211
0.499995 36.3727035193275 -0.215258168452198
0.500495 36.4090765865775 0.0122812255899536
0.500995 36.4454496538275 0.325042597493868
0.501495 36.4818227210775 0.442597013231887
0.501995 36.5181957883275 0.63010894111707
0.502495 36.5545688555775 0.9126062395932
0.502995 36.5909419228275 1.20130348998814
0.503495 36.6273149900775 1.25186106698554
0.503995 36.6636880573275 1.44351934359439
0.504495 36.7000611245775 1.50946799931843
0.504995 36.7364341918275 1.6190297542696
0.505495 36.7728072590775 1.53834830534937
0.505995 36.8091803263275 1.31044567445559
0.506495 36.8455533935775 1.29461399750775
0.506995 36.8819264608275 1.01473807908604
0.507495 36.9182995280775 0.725366524238474
0.507995 36.9546725953275 0.54373570770169
0.508495 36.9910456625775 0.171196390318347
0.508995 37.0274187298275 0.00407296530572949
0.509495 37.0637917970775 -0.270814107789408
0.509995 37.1001648643275 -0.414548069921377
0.510495 37.1365379315775 -0.658557842937154
0.510995 37.1729109988275 -0.875521033435168
0.511495 37.2092840660775 -1.11442164353506
0.511995 37.2456571333275 -1.32544801379143
0.512495 37.2820302005775 -1.34160338110455
0.512995 37.3184032678275 -1.52199926927009
0.513495 37.3547763350775 -1.4235003732445
0.513995 37.3911494023275 -1.59156656907533
0.514494999999999 37.4275224695775 -1.38790509394
0.514995 37.4638955368275 -1.24900293183983
0.515495 37.5002686040775 -1.10815751436372
0.515995 37.5366416713275 -0.80506666164255
0.516495 37.5730147385775 -0.704544259275162
0.516995 37.6093878058275 -0.443852187172083
0.517495 37.6457608730775 -0.310814893525996
0.517995 37.6821339403275 -0.0831570279443362
0.518495 37.7185070075775 0.0688398738030898
0.518995 37.7548800748275 0.161264021419244
0.519495 37.7912531420775 0.345395320241298
0.519995 37.8276262093275 0.487014083469345
0.520495 37.8639992765775 0.629914958453525
0.520995 37.9003723438275 0.603020995598389
0.521495 37.9367454110775 0.64426658309698
0.521995 37.9731184783275 0.605974875331605
0.522495 38.0094915455775 0.610962614479864
0.522995 38.0458646128275 0.564858626196895
0.523495 38.0822376800775 0.505138054320445
0.523995 38.1186107473275 0.556546647455187
0.524495 38.1549838145775 0.484541625155876
0.524995 38.1913568818275 0.594012669604527
0.525495 38.2277299490775 0.521533850586077
0.525994999999999 38.2641030163275 0.548550300814966
0.526495 38.3004760835775 0.453573772713839
0.526995 38.3368491508275 0.308730570165107
0.527495 38.3732222180775 0.320982668183167
0.527995 38.4095952853275 0.183416264361269
0.528495 38.4459683525775 0.11437556454453
0.528995 38.4823414198275 0.162590764199522
0.529495 38.5187144870775 0.175257498016021
0.529995 38.5550875543275 0.346185904015305
0.530495 38.5914606215775 0.262737132474499
0.530995 38.6278336888275 0.335149881182875
0.531495 38.6642067560775 0.315328754933296
0.531995 38.7005798233275 0.354399952491125
0.532494999999999 38.7369528905775 0.461000777913387
0.532995 38.7733259578275 0.319065342327473
0.533495 38.8096990250775 0.413047013955769
0.533995 38.8460720923275 0.239004611141299
0.534495 38.8824451595775 0.186435518552123
0.534995 38.9188182268275 -0.0373495530597789
0.535495 38.9551912940775 -0.188604713125839
0.535995 38.9915643613275 -0.398426546832096
0.536495 39.0279374285775 -0.609350274746875
0.536995 39.0643104958275 -0.836716009959495
0.537494999999999 39.1006835630775 -0.894533488191831
0.537995 39.1370566303275 -1.01138487142609
0.538495 39.1734296975775 -1.08801671441849
0.538995 39.2098027648275 -1.11443810143617
0.539495 39.2461758320775 -1.12379072694737
0.539995 39.2825488993275 -1.14511062612811
0.540495 39.3189219665775 -1.24913618047849
0.540995 39.3552950338275 -1.15638795907405
0.541495 39.3916681010775 -1.12679927378455
0.541995 39.4280411683275 -1.01594382223828
0.542495 39.4644142355775 -0.912720911381044
0.542995 39.5007873028275 -0.747619466853182
0.543495 39.5371603700775 -0.517845359171487
0.543994999999999 39.5735334373275 -0.396082758980985
0.544495 39.6099065045775 -0.168063354133402
0.544995 39.6462795718275 0.129587783946999
0.545495 39.6826526390775 0.516943252585776
0.545995 39.7190257063275 0.741649817860158
0.546495 39.7553987735775 1.11691346885609
0.546995 39.7917718408275 1.37546343367522
0.547495 39.8281449080775 1.54794450709418
0.547995 39.8645179753275 1.77873628844988
0.548494999999999 39.9008910425775 1.76548283741992
0.548995 39.9372641098275 1.83539746852339
0.549495 39.9736371770775 1.8698843594301
0.549995 40.0100102443275 1.86745106428763
0.550495 40.0463833115775 1.71270174769932
0.550995 40.0827563788275 1.58653533312077
0.551495 40.1191294460775 1.49411824039341
0.551995 40.1555025133275 1.11751760355126
0.552495 40.1918755805775 0.943446086065556
0.552995 40.2282486478275 0.681532324774218
0.553495 40.2646217150775 0.325900697289457
0.553995 40.3009947823275 0.131225689002123
0.554495 40.3373678495775 -0.304000068226123
0.554994999999999 40.3737409168275 -0.405656705915769
0.555494999999999 40.4101139840775 -0.792135506808936
0.555995 40.4464870513275 -1.13169673244833
0.556495 40.4828601185775 -1.41591934749888
0.556995 40.5192331858275 -1.67156380917332
0.557495 40.5556062530775 -1.81276269697874
0.557995 40.5919793203275 -1.93366878154372
0.558495 40.6283523875775 -2.0065496806466
0.558995 40.6647254548275 -1.89383577130658
0.559495 40.7010985220775 -1.76793924865864
0.559995 40.7374715893275 -1.60417764799631
0.560495 40.7738446565775 -1.49446884957462
0.560995 40.8102177238275 -1.2747306696188
0.561495 40.8465907910775 -0.938445298525954
0.561995 40.8829638583275 -0.71395533571597
0.562495 40.9193369255775 -0.485498206111411
0.562995 40.9557099928275 -0.166359544859425
0.563495 40.9920830600775 0.0628226963540141
0.563995 41.0284561273275 0.261648176063726
0.564495 41.0648291945775 0.482774854923455
0.564995 41.1012022618275 0.617354929811782
0.565495 41.1375753290775 0.776542613794951
0.565995 41.1739483963275 0.965705180293018
0.566494999999999 41.2103214635775 0.965684291842742
0.566995 41.2466945308275 1.19780345779449
0.567495 41.2830675980775 1.20209479859345
0.567995 41.3194406653275 1.27685873132542
0.568495 41.3558137325775 1.23704237306267
0.568995 41.3921867998275 1.18468659163635
0.569495 41.4285598670775 1.0769571769515
0.569995 41.4649329343275 0.889181667331689
0.570495 41.5013060015775 0.80178773372168
0.570995 41.5376790688275 0.660074405636825
0.571495 41.5740521360775 0.418501904311986
0.571995 41.6104252033275 0.317193004058902
0.572495 41.6467982705775 0.108926756802111
0.572994999999999 41.6831713378275 0.0856335169927803
0.573495 41.7195444050775 -0.0251976720932667
0.573995 41.7559174723275 -0.12496571551301
0.574495 41.7922905395775 -0.137309581544114
0.574995 41.8286636068275 -0.187946846659825
0.575495 41.8650366740775 -0.137080508162735
0.575995 41.9014097413275 -0.178675833862106
0.576495 41.9377828085775 -0.159661516317267
0.576994999999999 41.9741558758275 -0.161753514074078
0.577494999999999 42.0105289430775 -0.228104976063252
0.577995 42.0469020103275 -0.337468746145349
0.578495 42.0832750775775 -0.310487828198206
0.578995 42.1196481448275 -0.390264075156203
0.579495 42.1560212120775 -0.371510789168145
0.579995 42.1923942793275 -0.456664160129114
0.580495 42.2287673465775 -0.362210445504576
0.580995 42.2651404138275 -0.422218182587625
0.581495 42.3015134810775 -0.395984321313942
0.581995 42.3378865483275 -0.473018583678676
0.582495 42.3742596155775 -0.42254855583871
0.582995 42.4106326828275 -0.429850210336323
0.583495 42.4470057500775 -0.492408564152042
0.583994999999999 42.4833788173275 -0.408125257954894
0.584494999999999 42.5197518845775 -0.566620260181848
0.584995 42.5561249518275 -0.529140801051393
0.585495 42.5924980190775 -0.509530863361987
0.585995 42.6288710863275 -0.589992565471805
0.586495 42.6652441535775 -0.478990653320236
0.586995 42.7016172208275 -0.432182455951838
0.587495 42.7379902880775 -0.283311915445516
0.587995 42.7743633553275 -0.193333599532774
0.588495 42.8107364225775 -0.00120558151516451
0.588995 42.8471094898275 0.15635486708419
0.589495 42.8834825570775 0.242183168984848
0.589995 42.9198556243275 0.456196408771661
0.590495 42.9562286915775 0.452662267396834
0.590995 42.9926017588275 0.619401177164464
0.591495 43.0289748260775 0.7345141005275
0.591995 43.0653478933275 0.748417602605998
0.592495 43.1017209605775 0.857538362123153
0.592995 43.1380940278275 0.919602537468465
0.593495 43.1744670950775 0.887217750743014
0.593995 43.2108401623275 0.998004420452577
0.594495 43.2472132295775 0.897850413327686
0.594995 43.2835862968275 0.873352258859027
0.595494999999999 43.3199593640775 0.792300566737746
0.595995 43.3563324313275 0.742827340262836
0.596495 43.3927054985775 0.690367200519007
0.596995 43.4290785658275 0.514052262815827
0.597495 43.4654516330775 0.434864731480706
0.597995 43.5018247003275 0.223497835952097
0.598495 43.5381977675775 0.121827173836856
0.598995 43.5745708348275 -0.143572054506264
0.599494999999999 43.6109439020775 -0.355987802283163
0.599994999999999 43.6473169693275 -0.495278599389979
0.600495 43.6836900365775 -0.783175442884873
0.600995 43.7200631038275 -0.791148607922263
0.601495 43.7564361710775 -1.03139592919051
0.601995 43.7928092383275 -1.0016722863418
0.602495 43.8291823055775 -1.07977372089334
0.602995 43.8655553728275 -1.13762252234903
0.603495 43.9019284400775 -1.08829779267978
0.603995 43.9383015073275 -1.02059892146687
0.604495 43.9746745745775 -0.932744800641923
0.604995 44.0110476418275 -0.909931089006447
0.605495 44.0474207090775 -0.661550385205743
0.605995 44.0837937763275 -0.622718300977709
0.606494999999999 44.1201668435775 -0.422239324912743
0.606994999999999 44.1565399108275 -0.294888371023507
0.607495 44.1929129780775 -0.0923869888237159
0.607995 44.2292860453275 0.060003923878683
0.608495 44.2656591125775 0.208422638897855
0.608995 44.3020321798275 0.363507513473118
0.609495 44.3384052470775 0.631951582636113
0.609995 44.3747783143275 0.743055571673133
0.610495 44.4111513815775 0.935013516480151
0.610995 44.4475244488275 0.847675126068537
0.611495 44.4838975160775 0.975691822832469
0.611995 44.5202705833275 0.953884759370739
0.612495 44.5566436505775 0.924650464153678
0.612995 44.5930167178275 0.904424396196235
0.613494999999999 44.6293897850775 0.80816539769122
0.613995 44.6657628523275 0.624850613578324
0.614495 44.7021359195775 0.510761465166431
0.614995 44.7385089868275 0.384679773673221
0.615495 44.7748820540775 0.250346551852923
0.615995 44.8112551213275 0.0374298638486216
0.616495 44.8476281885775 -0.0534694386442172
0.616995 44.8840012558275 -0.114161491065441
0.617495 44.9203743230775 -0.277100704554912
0.617995 44.9567473903275 -0.271864043991931
0.618495 44.9931204575775 -0.38583895549687
0.618995 45.0294935248275 -0.457675738835263
0.619495 45.0658665920775 -0.499275445741407
0.619995 45.1022396593275 -0.570540446848396
0.620495 45.1386127265775 -0.631627829849964
0.620995 45.1749857938275 -0.673300519913867
0.621495 45.2113588610775 -0.590026241079519
0.621994999999999 45.2477319283275 -0.551899408724794
0.622495 45.2841049955775 -0.431619611948501
0.622995 45.3204780628275 -0.381937351354619
0.623495 45.3568511300775 -0.288434623972328
0.623995 45.3932241973275 -0.139447926459258
0.624494999999999 45.4295972645775 -0.000185847410831753
0.624994999999999 45.4659703318275 0.104541422604813
0.625495 45.5023433990775 0.216753650505737
0.625995 45.5387164663275 0.247039327115995
0.626495 45.5750895335775 0.406903762162066
0.626995 45.6114626008275 0.482426875443793
0.627495 45.6478356680775 0.39081535678732
0.627995 45.6842087353275 0.45426234374818
0.628494999999999 45.7205818025775 0.400597591843249
0.628994999999999 45.7569548698275 0.382888025510403
0.629495 45.7933279370775 0.283477375599791
0.629995 45.8297010043275 0.237063187752986
0.630495 45.8660740715775 0.286370737096911
0.630995 45.9024471388275 0.197826359480598
0.631494999999999 45.9388202060775 0.157299713214093
0.631995 45.9751932733275 0.0933264037950656
0.632495 46.0115663405775 0.0210973323610294
0.632995 46.0479394078275 -0.0988621011992788
0.633495 46.0843124750775 -0.166587711179646
0.633995 46.1206855423275 -0.256266729694085
0.634495 46.1570586095775 -0.225863531687893
0.634995 46.1934316768275 -0.401416077414335
0.635494999999999 46.2298047440775 -0.372289181033755
0.635994999999999 46.2661778113275 -0.405867345714538
0.636495 46.3025508785775 -0.448764119900146
0.636995 46.3389239458275 -0.34801965096929
0.637495 46.3752970130775 -0.388254360089492
0.637995 46.4116700803275 -0.312351350397524
0.638495 46.4480431475775 -0.141666716337307
0.638995 46.4844162148275 -0.176859228819902
0.639495 46.5207892820775 -0.00338628933997715
0.639995 46.5571623493275 0.0318814216640981
0.640495 46.5935354165775 0.09263115060917
0.640995 46.6299084838275 0.0916185403927238
0.641495 46.6662815510775 0.129313282672404
0.641995 46.7026546183275 0.0925379771614155
0.642494999999999 46.7390276855775 0.0797430377230349
0.642994999999999 46.7754007528275 0.0967872687848732
0.643495 46.8117738200775 0.0875624475353215
0.643995 46.8481468873275 0.135681233011023
0.644495 46.8845199545775 0.0624664153402537
0.644995 46.9208930218275 0.0171419163286115
0.645495 46.9572660890775 0.0823141157890337
0.645995 46.9936391563275 0.0854195417183724
0.646495 47.0300122235775 -0.013186990656373
0.646995 47.0663852908275 0.0819811986154681
0.647495 47.1027583580775 0.0774138472602769
0.647995 47.1391314253275 0.124429394228662
0.648495 47.1755044925775 0.0301082925532905
0.648995 47.2118775598275 0.029579771352111
0.649495 47.2482506270775 0.0742579178116199
0.649995 47.2846236943275 0.0781784003713976
0.650495 47.3209967615775 0.0799323024260876
0.650994999999999 47.3573698288275 0.0667536089191095
0.651495 47.3937428960775 0.0908525525656051
0.651995 47.4301159633275 0.250343523815471
0.652495 47.4664890305775 0.235070280966283
0.652995 47.5028620978275 0.373041340304579
0.653494999999999 47.5392351650775 0.386810069565345
0.653994999999999 47.5756082323275 0.342017812787283
0.654495 47.6119812995775 0.293847506388609
0.654995 47.6483543668275 0.331694060170316
0.655495 47.6847274340775 0.334203310608688
0.655995 47.7211005013275 0.211514634792006
0.656495 47.7574735685775 0.138763186259714
0.656995 47.7938466358275 0.0716710699375781
0.657494999999999 47.8302197030775 -0.0826764063188427
0.657994999999999 47.8665927703275 -0.138874564171288
0.658495 47.9029658375775 -0.332295207012009
0.658995 47.9393389048275 -0.340249727753619
0.659495 47.9757119720775 -0.446686938545183
0.659995 48.0120850393275 -0.439269239553175
0.660494999999999 48.0484581065775 -0.602531148290212
0.660995 48.0848311738275 -0.608149826793953
0.661495 48.1212042410775 -0.694636062831134
0.661995 48.1575773083275 -0.688025124293285
0.662495 48.1939503755775 -0.824092540918334
0.662995 48.2303234428275 -0.753438936088188
0.663495 48.2666965100775 -0.811193314410451
0.663995 48.3030695773275 -0.619081958637617
0.664495 48.3394426445775 -0.556831414778748
0.664994999999999 48.3758157118275 -0.361971433061857
0.665494999999999 48.4121887790775 -0.289952216678671
0.665995 48.4485618463275 -0.129422583725102
0.666495 48.4849349135775 -0.0432182309028475
0.666995 48.5213079808275 0.185669860737064
0.667495 48.5576810480775 0.309023516414699
0.667995 48.5940541153275 0.460292027691166
0.668495 48.6304271825775 0.762055610574401
0.668995 48.6668002498275 0.814572909658195
0.669495 48.7031733170775 0.958950598416425
0.669995 48.7395463843275 0.951187181687156
0.670495 48.7759194515775 1.02868910681167
0.670995 48.8122925188275 1.02383685280943
0.671495 48.8486655860775 1.05522092428488
0.671994999999999 48.8850386533275 0.971823374838947
0.672495 48.9214117205775 0.888592112491417
0.672995 48.9577847878275 0.843205832862094
0.673494999999999 48.9941578550775 0.766554570231208
0.673995 49.0305309223275 0.683992308350142
0.674495 49.0669039895775 0.551616509759565
0.674995 49.1032770568275 0.326028488314402
0.675495 49.1396501240775 0.130518631298165
0.675995 49.1760231913275 -0.119040907562423
0.676494999999999 49.2123962585775 -0.295671082831469
0.676995 49.2487693258275 -0.46273499503874
0.677495 49.2851423930775 -0.562002441279171
0.677995 49.3215154603275 -0.785414886794425
0.678495 49.3578885275775 -0.880449869328541
0.678995 49.3942615948275 -0.968792849218172
0.679495 49.4306346620775 -1.11852142140166
0.679994999999999 49.4670077293275 -1.07123604213984
0.680494999999999 49.5033807965775 -1.16950855024786
0.680995 49.5397538638275 -1.05582157926343
0.681495 49.5761269310775 -1.03516195611582
0.681995 49.6124999983275 -0.980374420006023
0.682495 49.6488730655775 -0.817738824387822
0.682994999999999 49.6852461328275 -0.7173046629
0.683494999999999 49.7216192000775 -0.539619783676633
0.683995 49.7579922673275 -0.488644118818459
0.684495 49.7943653345775 -0.342441986122292
0.684995 49.8307384018275 -0.192196113092923
0.685495 49.8671114690775 0.00500637670487453
0.685995 49.9034845363275 0.138956189344909
0.686495 49.9398576035775 0.338034531574444
0.686994999999999 49.9762306708275 0.468927734258229
0.687494999999999 50.0126037380775 0.497071254307153
0.687995 50.0489768053275 0.635731226167582
0.688495 50.0853498725775 0.72653627873931
0.688995 50.1217229398275 0.733383661823867
0.689495 50.1580960070775 0.80864151533234
0.689995 50.1944690743275 0.766866326644365
0.690495 50.2308421415775 0.811446988919121
0.690995 50.2672152088275 0.733622414575911
0.691495 50.3035882760775 0.676775379543078
0.691995 50.3399613433275 0.646945637097469
0.692495 50.3763344105775 0.603336048034963
0.692995 50.4127074778275 0.47623566180127
0.693495 50.4490805450775 0.442481541415097
0.693994999999999 50.4854536123275 0.38181844645581
0.694494999999999 50.5218266795775 0.315335797008719
0.694995 50.5581997468275 0.325197327903164
0.695495 50.5945728140775 0.270578890641688
0.695995 50.6309458813275 0.149234668683951
