# Fix print output for fix Step
0 0 2.87964240854791
0.000495000000000041 0.0306079358460011 3.20007153604915
0.000995000000000024 0.06152504276115 4.33170925961978
0.00149500000000001 0.0924421496762989 4.94112083117666
0.00199499999999999 0.123359256591448 6.01167963166834
0.00249499999999997 0.154276363506597 7.68419283948691
0.00299499999999995 0.185193470421746 9.4986482525907
0.00349499999999994 0.216110577336894 8.66101547807797
0.00399499999999992 0.247027684252043 8.27398878528776
0.00449500000000008 0.277944791167204 8.7910588760037
0.00499500000000007 0.308861898082353 8.03325052816786
0.00549500000000005 0.339779004997501 7.01235063146927
0.00599500000000003 0.37069611191265 7.45714523208074
0.00649500000000001 0.401613218827799 8.43077315029695
0.00699500000000018 0.43253032574296 8.47870414594716
0.00749500000000016 0.463447432658109 9.428594684214
0.00799500000000014 0.494364539573257 9.69236871657569
0.00849500000000013 0.525281646488406 9.97151741408915
0.00899500000000011 0.556198753403555 10.3667535785337
0.00949500000000009 0.587115860318704 10.7349838495202
0.00999500000000007 0.618032967233853 10.7331784631115
0.0104950000000001 0.648950074149002 11.2446572575659
0.010995 0.679867181064151 10.8766629262346
0.011495 0.7107842879793 10.7567424826881
0.011995 0.741701394894449 11.2990065556667
0.012495 0.772618501809598 11.9087140508992
0.012995 0.803535608724746 11.9845894246543
0.0134949999999999 0.834452715639895 12.7053238944927
0.0139949999999999 0.865369822555044 13.0293816010437
0.0144949999999999 0.896286929470193 13.0196705355677
0.0149950000000001 0.927204036385353 13.6652501380888
0.0154950000000001 0.958121143300502 13.7956711134044
0.015995 0.989038250215651 13.7649948157408
0.016495 1.0199553571308 14.0850238741346
0.016995 1.05087246404595 14.3121997666977
0.0174950000000002 1.08178957096111 14.2925591819211
0.0179950000000002 1.11270667787626 14.69765323401
0.0184950000000001 1.14362378479141 15.1062298927452
0.0189950000000001 1.17454089170656 15.326035357609
0.0194950000000001 1.2054579986217 15.8774430714591
0.0199950000000001 1.23637510553685 15.9273333070936
0.0204950000000001 1.267292212452 16.189820665276
0.0209950000000001 1.29820931936715 16.6840893220333
0.021495 1.3291264262823 16.6809490187704
0.021995 1.36004353319745 17.1507431723679
0.022495 1.3909606401126 17.2381629073541
0.022995 1.42187774702775 17.3674513969376
0.023495 1.4527948539429 17.6879797268572
0.0239949999999999 1.48371196085805 17.9097911136205
0.0244949999999999 1.51462906777319 18.2307614596751
0.0249949999999999 1.54554617468834 18.344811018402
0.0254950000000001 1.5764632816035 18.67219292996
0.0259950000000001 1.60738038851865 18.9360067751989
0.026495 1.6382974954338 19.1825455996488
0.026995 1.66921460234895 19.5857040310771
0.027495 1.7001317092641 19.6986568838096
0.0279950000000002 1.73104881617926 19.999421278769
0.0284950000000002 1.76196592309441 20.0869201569403
0.0289950000000001 1.79288303000956 20.3831338449297
0.0294950000000001 1.82380013692471 20.6339111330207
0.0299950000000001 1.85471724383985 20.7363948454862
0.0304950000000001 1.885634350755 20.8845431429309
0.0309950000000001 1.91655145767015 21.4255572070442
0.0314950000000001 1.9474685645853 21.5881080633214
0.031995 1.97838567150045 21.7735184682046
0.032495 2.0093027784156 21.8397559440596
0.032995 2.04021988533075 22.3711076348611
0.033495 2.0711369922459 22.6480596304039
0.033995 2.10205409916105 22.828773022434
0.0344949999999999 2.13297120607619 23.1237594372338
0.0349949999999999 2.16388831299134 23.173392519303
0.0354950000000001 2.1948054199065 23.4376310239849
0.0359950000000001 2.22572252682165 23.7056909112931
0.0364950000000001 2.2566396337368 23.7124325097853
0.036995 2.28755674065195 24.0846568181678
0.037495 2.3184738475671 24.1436471256521
0.037995 2.34939095448225 24.4293060024735
0.0384950000000002 2.38030806139741 24.9534121933875
0.0389950000000002 2.41122516831256 24.9024097875111
0.0394950000000001 2.44214227522771 25.3878840555797
0.0399950000000001 2.47305938214286 25.6035229798426
0.0404950000000001 2.503976489058 25.6387762816136
0.0409950000000001 2.53489359597315 25.9562879955845
0.0414950000000001 2.5658107028883 26.0472049867015
0.041995 2.59672780980345 26.2849144492995
0.042495 2.6276449167186 26.5797918365514
0.042995 2.65856202363375 26.7464098436845
0.043495 2.6894791305489 27.0218638747521
0.043995 2.72039623746405 27.0306879167653
0.044495 2.7513133443792 27.2965727065881
0.0449949999999999 2.78223045129434 27.6207404140201
0.0454949999999999 2.81314755820949 27.8561301031859
0.0459950000000001 2.84406466512465 27.9828818752268
0.0464950000000001 2.8749817720398 28.2480255978157
0.0469950000000001 2.90589887895495 28.3102280734002
0.047495 2.9368159858701 28.5169623772164
0.047995 2.96773309278525 28.6762723034573
0.0484950000000002 2.99865019970041 28.894591808568
0.0489950000000002 3.02956730661556 29.0127607309393
0.0494950000000001 3.06048441353071 29.3700323644906
0.0499950000000001 3.09140152044586 29.5950750521317
0.0504950000000001 3.12231862736101 29.7089208568813
0.0509950000000001 3.15323573427615 29.9621458874706
0.0514950000000001 3.1841528411913 30.0798635136507
0.0519950000000001 3.21506994810645 30.3647552443496
0.052495 3.2459870550216 30.4342507842168
0.052995 3.27690416193675 30.6362657556729
0.053495 3.3078212688519 31.1430255011402
0.053995 3.33873837576705 31.0090440729309
0.054495 3.3696554826822 31.3703827117614
0.054995 3.40057258959735 31.4706441594168
0.0554949999999999 3.43148969651249 31.8219543407837
0.0559949999999999 3.46240680342764 31.899466215487
0.0564949999999999 3.49332391034279 32.0577703971536
0.0569950000000001 3.52424101725795 32.2264452878291
0.0574950000000001 3.5551581241731 32.4473709984117
0.057995 3.58607523108825 32.7342787365077
0.058495 3.6169923380034 32.873238929324
0.058995 3.64790944491855 33.0463690616069
0.0594950000000002 3.67882655183371 33.240027270753
0.0599950000000001 3.70974365874886 33.5900224448445
0.0604950000000001 3.74066076566401 33.5752911195778
0.0609950000000001 3.77157787257916 33.8100557684791
0.0614950000000001 3.8024949794943 34.2089229871434
0.0619950000000001 3.83341208640945 34.1764316428239
0.0624950000000001 3.8643291933246 34.3587610377558
0.062995 3.89524630023975 34.4386867784691
0.063495 3.9261634071549 34.5595513965977
0.063995 3.95708051407005 34.753060039851
0.064495 3.9879976209852 35.0629967672779
0.064995 4.01891472790035 35.2441410112343
0.065495 4.0498318348155 35.5584820766286
0.0659949999999999 4.08074894173064 35.5128002413306
0.0664949999999999 4.11166604864579 35.8321582916789
0.0669950000000001 4.14258315556095 35.9334573552869
0.0674950000000001 4.1735002624761 35.9308362509424
0.0679950000000001 4.20441736939125 36.3270839006208
0.068495 4.2353344763064 36.3872696556618
0.068995 4.26625158322155 36.3302514397535
0.0694950000000002 4.29716869013671 36.7335008067905
0.0699950000000002 4.32808579705186 36.8596480762581
0.0704950000000001 4.35900290396701 37.0809835876256
0.0709950000000001 4.38992001088216 37.4274483509815
0.0714950000000001 4.4208371177973 37.3980512852645
0.0719950000000001 4.45175422471245 37.7136975830593
0.0724950000000001 4.4826713316276 37.7703702951507
0.0729950000000001 4.51358843854275 37.8995348831059
0.073495 4.5445055454579 38.1222428704828
0.073995 4.57542265237305 38.1486686761624
0.074495 4.6063397592882 38.5851761133623
0.074995 4.63725686620335 38.633132237737
0.075495 4.6681739731185 38.8758942732579
0.075995 4.69909108003364 39.0061392225413
0.0764949999999999 4.73000818694879 39.0981164655536
0.0769949999999999 4.76092529386394 39.156210494707
0.0774949999999999 4.79184240077909 39.3832740001985
0.0779950000000001 4.82275950769425 39.4723228268404
0.0784950000000001 4.8536766146094 39.633810958773
0.078995 4.88459372152455 39.9605033888264
0.079495 4.9155108284397 39.959802664973
0.079995 4.94642793535485 40.1576853918183
0.0804950000000002 4.97734504227001 40.3178284861948
0.0809950000000001 5.00826214918516 40.4744972627961
0.0814950000000001 5.03917925610031 40.4688661010144
0.0819950000000001 5.07009636301545 40.7001783592243
0.0824950000000001 5.1010134699306 40.7732869787688
0.0829950000000001 5.13193057684575 41.0731618531484
0.0834950000000001 5.1628476837609 41.2107292699825
0.083995 5.19376479067605 41.3780883375584
0.084495 5.2246818975912 41.5642329360754
0.084995 5.25559900450635 41.5973276206264
0.085495 5.2865161114215 41.7639698719522
0.085995 5.31743321833665 41.7416308874408
0.0864949999999999 5.3483503252518 41.9022310994894
0.0869949999999999 5.37926743216694 42.1361767370478
0.0874949999999999 5.41018453908209 42.3271894215107
0.0879950000000001 5.44110164599725 42.5714409361928
0.0884950000000001 5.4720187529124 42.6456018499883
0.088995 5.50293585982755 42.7419600567941
0.089495 5.5338529667427 42.8921178782319
0.0899950000000002 5.56477007365786 43.0118426643113
0.0904950000000002 5.59568718057301 43.1799470277099
0.0909950000000002 5.62660428748816 43.4283228092082
0.0914950000000001 5.65752139440331 43.2430870060244
0.0919950000000001 5.68843850131846 43.6279009519949
0.0924950000000001 5.7193556082336 43.6583838459366
0.0929950000000001 5.75027271514875 43.8485804864173
0.0934950000000001 5.7811898220639 44.1254233775667
0.0939950000000001 5.81210692897905 44.1215359601519
0.094495 5.8430240358942 44.2965679363528
0.094995 5.87394114280935 44.1333978664158
0.095495 5.9048582497245 44.346074543858
0.095995 5.93577535663965 44.8112896134323
0.096495 5.9666924635548 44.8022340074735
0.0969949999999999 5.99760957046994 45.0121795354786
0.0974949999999999 6.02852667738509 45.3222317994352
0.0979949999999999 6.05944378430024 45.284700803823
0.0984950000000001 6.0903608912154 45.2970092353751
0.0989950000000001 6.12127799813055 45.5022557206022
0.099495 6.1521951050457 45.6545264102572
0.099995 6.18311221196085 45.8180119796128
0.100495 6.214029318876 45.9322181689855
0.100995 6.24494642579116 46.096138561035
0.101495 6.27586353270631 46.1926972895051
0.101995 6.30678063962146 46.2226911154746
0.102495 6.33769774653661 46.4498535763158
0.102995 6.36861485345175 46.6091787781893
0.103495 6.3995319603669 46.7809632542268
0.103995 6.43044906728205 46.7866946196438
0.104495 6.4613661741972 46.8916806920568
0.104995 6.49228328111235 47.0675937680674
0.105495 6.5232003880275 47.0297557397124
0.105995 6.55411749494265 47.3825121747006
0.106495 6.5850346018578 47.3715607600158
0.106995 6.61595170877295 47.4392439686176
0.107495 6.64686881568809 47.6938822980765
0.107995 6.67778592260324 47.7087524945309
0.108495 6.70870302951839 47.9257111323302
0.108995 6.73962013643355 48.0002080717747
0.109495 6.7705372433487 47.9933889733235
0.109995 6.80145435026385 48.0633344741369
0.110495 6.832371457179 48.2645726273293
0.110995 6.86328856409416 48.5228718263402
0.111495 6.89420567100931 48.5512373307386
0.111995 6.92512277792446 48.6652569322823
0.112495 6.95603988483961 48.9910018322474
0.112995 6.98695699175475 49.0359739283931
0.113495 7.0178740986699 48.9404573128939
0.113995 7.04879120558505 49.1640580865231
0.114495 7.0797083125002 49.1737671029659
0.114995 7.11062541941535 49.4838557984981
0.115495 7.1415425263305 49.485469719511
0.115995 7.17245963324565 49.5839949422463
0.116495 7.2033767401608 49.6900632687455
0.116995 7.23429384707595 49.8475229894667
0.117495 7.2652109539911 50.0875735315009
0.117995 7.29612806090624 49.8610173725572
0.118495 7.32704516782139 50.1143761412757
0.118995 7.35796227473654 50.3036515235291
0.119495 7.3888793816517 50.4108139030864
0.119995 7.41979648856685 50.5507460203781
0.120495 7.450713595482 50.6474729286087
0.120995 7.48163070239715 50.7430937331298
0.121495 7.5125478093123 50.7389569975373
0.121995 7.54346491622746 51.0396691374254
0.122495 7.57438202314261 51.0342133173534
0.122995 7.60529913005776 51.0759079872874
0.123495 7.6362162369729 51.325090151954
0.123995 7.66713334388805 51.4887283416083
0.124495 7.6980504508032 51.4034326416192
0.124995 7.72896755771835 51.6965973906226
0.125495 7.7598846646335 51.6427445362042
0.125995 7.79080177154865 51.8260565459357
0.126495 7.8217188784638 51.8442683275989
0.126995 7.85263598537895 52.0805933309174
0.127495 7.8835530922941 52.1747151854949
0.127995 7.91447019920925 52.1480231659429
0.128495 7.94538730612439 52.2719522928241
0.128995 7.97630441303954 52.5740817711089
0.129495 8.00722151995469 52.4960952240523
0.129995 8.03813862686985 52.4739440485515
0.130495 8.069055733785 52.678563676316
0.130995 8.09997284070015 52.6224113354209
0.131495 8.1308899476153 52.7810388836499
0.131995 8.16180705453046 52.8958750751714
0.132495 8.19272416144561 53.1234318569407
0.132995 8.22364126836076 53.2884786679424
0.133495 8.25455837527591 53.4597778459522
0.133995 8.28547548219106 53.2581383247621
0.134495 8.3163925891062 53.6033658417875
0.134995 8.34730969602135 53.5712489181552
0.135495 8.3782268029365 53.5638261588224
0.135995 8.40914390985165 53.8195304382371
0.136495 8.4400610167668 53.7327424075952
0.136995 8.47097812368195 53.8952877955236
0.137495 8.5018952305971 54.1726948937884
0.137995 8.53281233751225 53.970521635082
0.138495 8.56372944442739 54.3514879107754
0.138995 8.59464655134254 54.4519079691509
0.139495 8.62556365825769 54.620848785305
0.139995 8.65648076517285 54.536223093127
0.140495 8.687397872088 54.6191728992082
0.140995 8.71831497900315 54.7481113051144
0.141495 8.7492320859183 54.8104744471797
0.141995 8.78014919283345 55.0221117342554
0.142495 8.81106629974861 54.8835200643554
0.142995 8.84198340666376 55.051473327067
0.143495 8.87290051357891 55.1143227692284
0.143995 8.90381762049406 55.2669478360322
0.144495 8.9347347274092 55.3344266494703
0.144995 8.96565183432435 55.3721493030234
0.145495 8.9965689412395 55.7326761128326
0.145995 9.02748604815465 55.716439878875
0.146495 9.0584031550698 55.7839724254044
0.146995 9.08932026198495 55.9439974968744
0.147495 9.1202373689001 55.9564444558444
0.147995 9.15115447581525 55.9666321040362
0.148495 9.1820715827304 55.9535016431182
0.148995 9.21298868964555 56.2644872835673
0.149495 9.24390579656069 56.222909444095
0.149995 9.27482290347584 56.5365669354251
0.150495 9.30574001039099 56.5677116630397
0.150995 9.33665711730615 56.551873238741
0.151495 9.3675742242213 56.6588121688577
0.151995 9.39849133113645 56.6983231115661
0.152495 9.4294084380516 56.7778749851293
0.152995 9.46032554496676 56.9633599126371
0.153495 9.49124265188191 56.8985559547333
0.153995 9.52215975879706 57.1407602174523
0.154495 9.5530768657122 57.2108970367915
0.154995 9.58399397262735 57.1837373845378
0.155495 9.6149110795425 57.4037026124079
0.155995 9.64582818645765 57.3993172167308
0.156495 9.6767452933728 57.48033400631
0.156995 9.70766240028795 57.6164783504204
0.157495 9.7385795072031 57.5749421662336
0.157995 9.76949661411825 57.6171012901008
0.158495 9.8004137210334 57.764450955135
0.158995 9.83133082794854 57.9334219607957
0.159495 9.86224793486369 57.9312454806952
0.159995 9.89316504177884 57.9901883559376
0.160495 9.92408214869399 58.1113835553985
0.160995 9.95499925560915 58.0693514776525
0.161495 9.9859163625243 58.2689791180015
0.161995 10.0168334694395 58.199290736692
0.162495 10.0477505763546 58.3703735219467
0.162995 10.0786676832697 58.4629811785912
0.163495 10.1095847901849 58.5023859796725
0.163995 10.1405018971001 58.5311161678858
0.164495 10.1714190040152 58.5874349677863
0.164995 10.2023361109304 58.9574711571618
0.165495 10.2332532178455 58.820245649003
0.165995 10.2641703247607 58.9656339414001
0.166495 10.2950874316758 59.0247905148796
0.166995 10.326004538591 59.0579595231979
0.167495 10.3569216455061 59.0846748943501
0.167995 10.3878387524212 59.2673612119919
0.168495 10.4187558593364 59.3865739854842
0.168995 10.4496729662515 59.476624631834
0.169495 10.4805900731667 59.5510441748445
0.169995 10.5115071800818 59.6048493655054
0.170495 10.542424286997 59.6871129646317
0.170995 10.5733413939121 59.6778068079972
0.171495 10.6042585008273 59.8307901607443
0.171995 10.6351756077425 59.7556340565302
0.172495 10.6660927146576 59.8883283673982
0.172995 10.6970098215728 60.0592035951482
0.173495 10.7279269284879 60.2016987993291
0.173995 10.7588440354031 60.2520546685964
0.174495 10.7897611423182 60.3863828584293
0.174995 10.8206782492334 60.4459589669736
0.175495 10.8515953561485 60.5747628721898
0.175995 10.8825124630637 60.6000620506198
0.176495 10.9134295699788 60.8014553936622
0.176995 10.944346676894 60.7336831251698
0.177495 10.9752637838091 60.8630274246007
0.177995 11.0061808907242 60.9699369928243
0.178495 11.0370979976394 60.7835667659965
0.178995 11.0680151045545 61.0753632478193
0.179495 11.0989322114697 61.0882073384631
0.179995 11.1298493183848 61.2478040282543
0.180495 11.1607664253 61.1561741285904
0.180995 11.1916835322151 61.2720579347102
0.181495 11.2226006391303 61.5160063438625
0.181995 11.2535177460455 61.364848527551
0.182495 11.2844348529606 61.377635464941
0.182995 11.3153519598758 61.6542741655903
0.183495 11.3462690667909 61.6297630679281
0.183995 11.377186173706 61.7405295964554
0.184495 11.4081032806212 61.9868615223843
0.184995 11.4390203875364 61.8479408093958
0.185495 11.4699374944515 62.0657320560143
0.185995 11.5008546013667 62.2529093177599
0.186495 11.5317717082818 62.0611849183228
0.186995 11.562688815197 62.4648666075364
0.187495 11.5936059221121 62.3840402186228
0.187995 11.6245230290272 62.5620009735339
0.188495 11.6554401359424 62.7632960307388
0.188995 11.6863572428575 62.6506488507572
0.189495 11.7172743497727 62.6132904385662
0.189995 11.7481914566878 62.8028103598191
0.190495 11.779108563603 62.96449989288
0.190995 11.8100256705181 63.095842163857
0.191495 11.8409427774333 63.1586419337095
0.191995 11.8718598843484 63.2061309493253
0.192495 11.9027769912636 63.0795231627993
0.192995 11.9336940981788 63.3239241353978
0.193495 11.9646112050939 63.3421566851124
0.193995 11.995528312009 63.489845934922
0.194495 12.0264454189242 63.8317594727116
0.194995 12.0573625258394 63.6032988123852
0.195495 12.0882796327545 63.6389924210719
0.195995 12.1191967396697 63.6008209235242
0.196495 12.1501138465848 63.8325128330108
0.196995 12.1810309535 63.6798011744953
0.197495 12.2119480604151 64.1409108127892
0.197995 12.2428651673303 64.0487742246586
0.198495 12.2737822742454 64.0702013807443
0.198995 12.3046993811605 64.0984446033857
0.199495 12.3356164880757 64.4363295753885
0.199995 12.3665335949908 64.3294161416554
0.200495 12.397450701906 64.3902405816392
0.200995 12.4283678088211 64.4605969947136
0.201495 12.4592849157363 64.4172324692178
0.201995 12.4902020226514 64.7243868356602
0.202495 12.5211191295666 64.7199058651712
0.202995 12.5520362364818 64.7984154863202
0.203495 12.5829533433969 64.9310568331935
0.203995 12.613870450312 64.9249366571047
0.204495 12.6447875572272 65.1331030196705
0.204995 12.6757046641424 64.8610841329143
0.205495 12.7066217710575 65.0679681680666
0.205995 12.7375388779727 65.4241595807038
0.206495 12.7684559848878 65.2466116550908
0.206995 12.799373091803 65.3674046324979
0.207495 12.8302901987181 65.368874591123
0.207995 12.8612073056333 65.4705840805696
0.208495 12.8921244125484 65.6209568851694
0.208995 12.9230415194635 65.6692138539567
0.209495 12.9539586263787 65.6959763005114
0.209995 12.9848757332938 65.7380827040837
0.210495 13.015792840209 65.9957007160153
0.210995 13.0467099471241 65.7638747389608
0.211495 13.0776270540393 65.9993492267766
0.211995 13.1085441609544 66.0565816387508
0.212495 13.1394612678696 66.0615733189415
0.212995 13.1703783747847 66.2407347108947
0.213495 13.2012954816999 66.2782121953382
0.213995 13.2322125886151 66.3253218531444
0.214495 13.2631296955302 66.4478883317003
0.214995 13.2940468024454 66.5608267764198
0.215495 13.3249639093605 66.743909091892
0.215995 13.3558810162757 66.7432794961505
0.216495 13.3867981231908 66.6971256038628
0.216995 13.417715230106 66.8768140528243
0.217495 13.4486323370211 66.9715534528237
0.217995 13.4795494439363 67.0142014630748
0.218495 13.5104665508514 67.3392354830294
0.218995 13.5413836577666 67.147488112578
0.219495 13.5723007646817 67.1972076503699
0.219995 13.6032178715968 67.3763497695112
0.220495 13.634134978512 67.2855633881703
0.220995 13.6650520854271 67.6066535875501
0.221495 13.6959691923423 67.5812066312694
0.221995 13.7268862992574 67.634882666966
0.222495 13.7578034061726 67.6263526113634
0.222995 13.7887205130877 68.0378083550824
0.223495 13.8196376200029 67.7743083885658
0.223995 13.8505547269181 67.9114300573066
0.224495 13.8814718338332 67.9486757213475
0.224995 13.9123889407483 67.9272388899862
0.225495 13.9433060476635 68.1517780502394
0.225995 13.9742231545786 68.212886365394
0.226495 14.0051402614938 68.2674757924087
0.226995 14.036057368409 68.5046676705424
0.227495 14.0669744753241 68.6784610097789
0.227995 14.0978915822393 68.5866317957822
0.228495 14.1288086891544 68.8937686387757
0.228995 14.1597257960696 69.00060577147
0.229495 14.1906429029847 68.7987721066262
0.229995 14.2215600098999 69.1344361873498
0.230495 14.252477116815 69.2556098871863
0.230995 14.2833942237301 69.2977859993772
0.231495 14.3143113306453 69.2994068819083
0.231995 14.3452284375604 69.2712124236986
0.232495 14.3761455444756 69.520180532852
0.232995 14.4070626513907 69.6775755842082
0.233495 14.4379797583059 69.581984047952
0.233995 14.4688968652211 70.1485765377026
0.234495 14.4998139721362 69.9449261159647
0.234995 14.5307310790513 69.7349946842457
0.235495 14.5616481859665 70.0233697125924
0.235995 14.5925652928817 70.1161042403856
0.236495 14.6234823997968 70.072588262549
0.236995 14.654399506712 70.495938757054
0.237495 14.6853166136271 70.2396430059844
0.237995 14.7162337205423 70.638943318574
0.238495 14.7471508274574 70.4917740166191
0.238995 14.7780679343726 70.4797446620175
0.239495 14.8089850412877 70.678850088495
0.239995 14.8399021482028 70.8407397125816
0.240495 14.870819255118 70.9827761398137
0.240995 14.9017363620331 71.167100792929
0.241495 14.9326534689483 71.1612788736021
0.241995 14.9635705758634 71.3247327973054
0.242495 14.9944876827786 71.2044798081587
0.242995 15.0254047896937 71.416283899362
0.243495 15.0563218966089 71.6432887173876
0.243995 15.087239003524 71.5272667934906
0.244495 15.1181561104392 71.5499255539893
0.244995 15.1490732173544 71.6396241860908
0.245495 15.1799903242695 71.8485688920854
0.245995 15.2109074311846 71.9359063706044
0.246495 15.2418245380998 72.1338224205742
0.246995 15.2727416450149 71.9160609171789
0.247495 15.3036587519301 72.4843566708361
0.247995 15.3345758588453 72.1054404796818
0.248495 15.3654929657604 72.2332833017364
0.248995 15.3964100726756 72.3530018708868
0.249495 15.4273271795907 72.3342430576501
0.249995 15.4582442865059 72.7073409131839
0.250495 15.489161393421 72.8134895432999
0.250995 15.5200785003361 72.8857438593689
0.251495 15.5509956072513 73.0513033426132
0.251995 15.5819127141664 73.0030208665113
0.252495 15.6128298210816 73.2852760968446
0.252995 15.6437469279967 73.2317631475251
0.253495 15.6746640349119 73.435559848053
0.253995 15.705581141827 73.5980839935498
0.254495 15.7364982487422 73.3751492933167
0.254995 15.7674153556574 73.8167867939658
0.255495 15.7983324625725 74.1378629134571
0.255995 15.8292495694876 73.8721076690072
0.256495 15.8601666764028 74.0811235691274
0.256995 15.891083783318 74.2436884426912
0.257495 15.9220008902331 74.460370505821
0.257995 15.9529179971483 74.5887515078333
0.258495 15.9838351040634 74.7284572385474
0.258995 16.0147522109786 74.5839851658069
0.259495 16.0456693178937 74.8083331194467
0.259995 16.0765864248089 74.8878019187901
0.260495 16.107503531724 74.9791697901031
0.260995 16.1384206386392 75.166507443412
0.261495 16.1693377455543 75.1901885857034
0.261995 16.2002548524694 75.6499461930856
0.262495 16.2311719593846 75.5998016197986
0.262995 16.2620890662997 75.7631207426547
0.263495 16.2930061732149 75.4975066530493
0.263995 16.32392328013 75.9204412094852
0.264495 16.3548403870452 76.3075380219942
0.264995 16.3857574939603 76.1206911203207
0.265495 16.4166746008755 76.1461993467425
0.265995 16.4475917077907 76.5738662115103
0.266495 16.4785088147058 76.6677134171668
0.266995 16.5094259216209 76.8231703773303
0.267495 16.5403430285361 76.9733684421937
0.267995 16.5712601354512 77.4943981912245
0.268495 16.6021772423664 77.2353786226578
0.268995 16.6330943492816 77.4603630673829
0.269495 16.6640114561967 77.5510376655105
0.269995 16.6949285631119 77.9985697204288
0.270495 16.725845670027 77.9864598013337
0.270995 16.7567627769421 77.9225535246499
0.271495 16.7876798838573 78.3375744792299
0.271995 16.8185969907724 78.4166172341327
0.272495 16.8495140976876 78.2687628053436
0.272995 16.8804312046027 78.3977217209786
0.273495 16.9113483115179 78.9815014790868
0.273995 16.942265418433 79.1584528976661
0.274495 16.9731825253482 79.2020273553717
0.274995 17.0040996322633 79.5771475030284
0.275495 17.0350167391785 79.6587743188522
0.275995 17.0659338460936 79.5627193936786
0.276495 17.0968509530088 79.527545524334
0.276995 17.1277680599239 79.7006088238321
0.277495 17.1586851668391 80.1446988799987
0.277995 17.1896022737543 80.2294990413333
0.278495 17.2205193806694 80.4532226443776
0.278995 17.2514364875846 80.8260523389216
0.279495 17.2823535944997 80.8239274876728
0.279995 17.3132707014149 80.839095559232
0.280495 17.34418780833 81.2444075626176
0.280995 17.3751049152452 81.5485042007354
0.281495 17.4060220221603 81.943554438372
0.281995 17.4369391290754 81.6687818683228
0.282495 17.4678562359906 82.2876178121371
0.282995 17.4987733429057 82.3018399978149
0.283495 17.5296904498209 82.2953812573595
0.283995 17.560607556736 82.5858847440559
0.284495 17.5915246636512 82.6609293496382
0.284995 17.6224417705663 82.9640681346531
0.285495 17.6533588774815 83.1818075232207
0.285995 17.6842759843966 83.4922295175635
0.286495 17.7151930913118 83.2980471302955
0.286995 17.746110198227 83.7320340568131
0.287495 17.7770273051421 83.8725367332889
0.287995 17.8079444120572 84.1072972358114
0.288495 17.8388615189724 84.5596945596701
0.288995 17.8697786258876 84.460640321985
0.289495 17.9006957328027 84.904489777119
0.289995 17.9316128397179 85.1025861643944
0.290495 17.962529946633 85.1202954262504
0.290995 17.9934470535482 85.7166649587255
0.291495 18.0243641604633 86.2026036082444
0.291995 18.0552812673785 86.2834896570973
0.292495 18.0861983742936 86.3838165635059
0.292995 18.1171154812087 86.5736726569474
0.293495 18.1480325881239 87.3528632996033
0.293995 18.178949695039 87.0917341522739
0.294495 18.2098668019542 87.3849730934577
0.294995 18.2407839088693 87.4249764791613
0.295495 18.2717010157845 88.0874808655223
0.295995 18.3026181226996 87.7979889378501
0.296495 18.3335352296148 88.3734761158767
0.296995 18.36445233653 88.4011486954511
0.297495 18.3953694434451 88.5783918741461
0.297995 18.4262865503603 89.172092785254
0.298495 18.4572036572754 89.0613028508664
0.298995 18.4881207641906 89.4821219073332
0.299495 18.5190378711057 90.2489503459672
0.299995 18.5499549780209 90.1087047943611
0.300495 18.580872084936 90.4365788042449
0.300995 18.6117891918512 90.2614076733921
0.301495 18.6427062987663 91.174745083155
0.301995 18.6736234056815 91.4331104607222
0.302495 18.7045405125966 91.4730547978524
0.302995 18.7354576195117 91.7608895319849
0.303495 18.7663747264269 91.8142121273892
0.303995 18.797291833342 92.4877685295367
0.304495 18.8282089402572 92.8404543254154
0.304995 18.8591260471723 92.9150821717437
0.305495 18.8900431540875 93.291644110571
0.305995 18.9209602610026 93.4063010968977
0.306495 18.9518773679178 93.7626666978344
0.306995 18.982794474833 94.2928573101066
0.307495 19.0137115817481 94.2815017310172
0.307995 19.0446286886632 94.8234210715135
0.308495 19.0755457955784 94.8868211503737
0.308995 19.1064629024935 95.281999670483
0.309495 19.1373800094087 95.7056242323834
0.309995 19.1682971163239 95.8330957813277
0.310495 19.199214223239 95.9851759962349
0.310995 19.2301313301542 96.8706579417929
0.311495 19.2610484370693 96.6263686306834
0.311995 19.2919655439845 97.1648681475023
0.312495 19.3228826508996 97.4729431649408
0.312995 19.3537997578147 97.7973897525605
0.313495 19.3847168647299 98.2545057659983
0.313995 19.415633971645 98.4906678691192
0.314495 19.4465510785602 98.5939668086697
0.314995 19.4774681854753 99.3789416583909
0.315495 19.5083852923905 98.7539216885442
0.315995 19.5393023993056 99.7937566073108
0.316495 19.5702195062208 99.9364679365923
0.316995 19.601136613136 100.274676987862
0.317495 19.6320537200511 100.885932679008
0.317995 19.6629708269663 100.981973975622
0.318495 19.6938879338814 101.327038664197
0.318995 19.7248050407965 101.505893184613
0.319495 19.7557221477117 102.149159034552
0.319995 19.7866392546269 102.524089889133
0.320495 19.817556361542 102.528011238674
0.320995 19.8484734684572 103.001783971163
0.321495 19.8793905753723 103.362349236769
0.321995 19.9103076822875 103.74212658941
0.322495 19.9412247892026 104.073689602671
0.322995 19.9721418961178 104.845165577701
0.323495 20.0030590030329 104.985883768761
0.323995 20.033976109948 105.117795435791
0.324495 20.0648932168632 105.403340453002
0.324995 20.0958103237783 105.709653126208
0.325495 20.1267274306935 105.826743329302
0.325995 20.1576445376086 106.687704571716
0.326495 20.1885616445238 106.777446819826
0.326995 20.2194787514389 107.26724158032
0.327495 20.2503958583541 107.434062763617
0.327995 20.2813129652692 108.062916877497
0.328495 20.3122300721844 107.912659658029
0.328995 20.3431471790995 109.032679582579
0.329495 20.3740642860147 108.688568272183
0.329995 20.4049813929298 109.551390133767
0.330495 20.435898499845 109.682928848454
0.330995 20.4668156067602 109.625826475385
0.331495 20.4977327136753 110.670521145968
0.331995 20.5286498205905 110.657863398928
0.332495 20.5595669275056 111.131791588309
0.332995 20.5904840344208 111.389601179861
0.333495 20.6214011413359 112.087408827444
0.333995 20.652318248251 112.346951970595
0.334495 20.6832353551662 112.759405491849
0.334995 20.7141524620813 112.956284897815
0.335495 20.7450695689965 113.48379416175
0.335995 20.7759866759116 113.592127397775
0.336495 20.8069037828268 114.227416830552
0.336995 20.8378208897419 114.342288334305
0.337495 20.8687379966571 115.210713561195
0.337995 20.8996551035722 115.251314869787
0.338495 20.9305722104874 115.72639911713
0.338995 20.9614893174025 116.257850537189
0.339495 20.9924064243177 116.588654698473
0.339995 21.0233235312329 116.633841327148
0.340495 21.054240638148 117.418024083259
0.340995 21.0851577450632 117.255575301134
0.341495 21.1160748519783 118.290777473781
0.341995 21.1469919588935 118.091715157283
0.342495 21.1779090658086 119.113164659722
0.342995 21.2088261727238 119.257494948894
0.343495 21.2397432796389 119.613543092611
0.343995 21.270660386554 120.606725650194
0.344495 21.3015774934692 120.146860199748
0.344995 21.3324946003843 121.333863730763
0.345495 21.3634117072995 121.184494505757
0.345995 21.3943288142146 121.58220682829
0.346495 21.4252459211298 122.131770524074
0.346995 21.4561630280449 122.815022212141
0.347495 21.4870801349601 123.251444914932
0.347995 21.5179972418752 123.938559294864
0.348495 21.5489143487904 123.770102105659
0.348995 21.5798314557056 124.43360488118
0.349495 21.6107485626207 125.112095721389
0.349995 21.6416656695358 125.239493183098
0.350495 21.672582776451 125.866289976926
0.350995 21.7034998833661 126.494528461263
0.351495 21.7344169902813 126.621576816478
0.351995 21.7653340971965 126.943773120647
0.352495 21.7962512041116 127.209052483993
0.352995 21.8271683110268 128.210316571496
0.353495 21.8580854179419 128.693932536326
0.353995 21.8890025248571 128.936186135055
0.354495 21.9199196317722 129.413063385528
0.354995 21.9508367386874 130.423680982081
0.355495 21.9817538456025 130.430380848845
0.355995 22.0126709525176 130.567992016507
0.356495 22.0435880594328 131.209898330187
0.356995 22.0745051663479 131.491736292672
0.357495 22.1054222732631 132.467464690673
0.357995 22.1363393801782 132.754155980273
0.358495 22.1672564870934 133.222269914204
0.358995 22.1981735940086 133.730044157681
0.359495 22.2290907009237 134.343844562896
0.359995 22.2600078078388 134.949216969826
0.360495 22.290924914754 135.268921803571
0.360995 22.3218420216692 136.070829163958
0.361495 22.3527591285843 136.524102559839
0.361995 22.3836762354995 136.327598686309
0.362495 22.4145933424146 137.091931884779
0.362995 22.4455104493298 137.75337067141
0.363495 22.4764275562449 138.37615773202
0.363995 22.5073446631601 137.673257024983
0.364495 22.5382617700752 133.920932462195
0.364995 22.5691788769903 126.036927543154
0.365495 22.6000959839055 118.688011749471
0.365995 22.6310130908206 112.213707424566
0.366495 22.6619301977358 106.449193222867
0.366995 22.6928473046509 101.993738854174
0.367495 22.7237644115661 97.4752521104147
0.367995 22.7546815184812 93.414169230746
0.368495 22.7855986253964 89.407833722777
0.368995 22.8165157323115 85.7931490316698
0.369495 22.8474328392267 82.2696568988005
0.369995 22.8783499461418 78.6096816444294
0.370495 22.909267053057 75.2419911391439
0.370995 22.9401841599721 72.0505681460302
0.371495 22.9711012668873 68.7616577742017
0.371995 23.0020183738025 65.958038346654
0.372495 23.0329354807176 63.1289572448664
0.372995 23.0638525876328 60.1735885944944
0.373495 23.0947696945479 57.3577191173924
0.373995 23.1256868014631 54.6910480877518
0.374495 23.1566039083782 52.2005115238752
0.374995 23.1875210152933 50.1526179722766
0.375495 23.2184381222085 48.2882914062053
0.375995 23.2493552291236 46.6429149197159
0.376495 23.2802723360388 45.3238212754693
0.376995 23.3111894429539 44.2566530171718
0.377495 23.3421065498691 43.3928180595096
0.377995 23.3730236567842 42.7796883498313
0.378495 23.4039407636994 42.0863088858412
0.378995 23.4348578706145 41.2890535891652
0.379495 23.4657749775297 40.388559827251
0.379995 23.4966920844449 39.4645880228778
0.380495 23.52760919136 38.5264087185235
0.380995 23.5585262982751 37.5510783125595
0.381495 23.5894434051903 36.7207655914144
0.381995 23.6203605121055 35.8478580013216
0.382495 23.6512776190206 34.9933139554024
0.382995 23.6821947259358 34.0966283101067
0.383495 23.7131118328509 33.1484122506426
0.383995 23.7440289397661 32.2773425720722
0.384495 23.7749460466812 31.5119788548596
0.384995 23.8058631535964 30.7463467604761
0.385495 23.8367802605115 30.0084681062443
0.385995 23.8676973674267 29.3683062769943
0.386495 23.8986144743418 28.7423656309501
0.386995 23.9295315812569 28.0622442902925
0.387495 23.9604486881721 27.3244789673749
0.387995 23.9913657950872 26.5971786911319
0.388495 24.0222829020024 25.9104042306509
0.388995 24.0532000089175 25.1172891784104
0.389495 24.0841171158327 24.4505320310487
0.389995 24.1150342227478 23.6749553654792
0.390495 24.145951329663 22.8461633622973
0.390995 24.1768684365782 22.0099260466993
0.391495 24.2077855434933 21.063113452654
0.391995 24.2387026504084 20.1520293380684
0.392495 24.2696197573236 19.0332555083656
0.392995 24.3005368642387 17.7767438278657
0.393495 24.3314539711539 16.411659924786
0.393995 24.3623710780691 15.1586905240005
0.394495 24.3932881849842 13.9339669575847
0.394995 24.4242052918994 12.5909702791656
0.395495 24.4551223988145 11.1800381970334
0.395995 24.4860395057297 9.58341360698268
0.396495 24.5169566126448 8.00281045152135
0.396995 24.5478737195599 6.23588334129513
0.397495 24.5787908264751 4.46786317600895
0.397995 24.6097079333902 2.62706885676015
0.398495 24.6406250403054 0.853573816516835
0.398995 24.6715421472205 -0.789979899922275
0.399495 24.7024592541357 -2.43407704771475
0.399995 24.7333763610508 -4.19264593280262
0.400495 24.764293467966 -6.09287376856479
0.400995 24.7952105748811 -7.63187476486472
0.401495 24.8261276817963 -9.2330729060028
0.401995 24.8570447887114 -11.0137263315296
0.402495 24.8879618956266 -12.7904914448973
0.402995 24.9188790025418 -14.6287465508298
0.403495 24.9497961094569 -16.4322964197143
0.403995 24.9807132163721 -18.2741489199893
0.404495 25.0116303232872 -19.718210780526
0.404995 25.0425474302024 -20.9089361731467
0.405495 25.0734645371175 -21.572444678263
0.405995 25.1043816440326 -21.887670857373
0.406495 25.1352987509478 -21.9945151512995
0.406995 25.1662158578629 -20.6936040041926
0.407495 25.1971329647781 -18.9474584745262
0.407995 25.2280500716932 -16.8528008835503
0.408495 25.2589671786084 -14.8748500194163
0.408995 25.2898842855235 -12.3582359711421
0.409495 25.3208013924387 -9.66073282133424
0.409995 25.3517184993538 -6.91878900228385
0.410495 25.382635606269 -4.34877414137425
0.410995 25.4135527131841 -2.65004523882121
0.411495 25.4444698200993 -0.913231563818363
0.411995 25.4753869270144 0.717474573954681
0.412495 25.5063040339296 2.76791033162617
0.412995 25.5372211408447 4.07295951400637
0.413495 25.5681382477599 5.27791310470954
0.413995 25.5990553546751 6.06769284549057
0.414495 25.6299724615902 6.66745138502987
0.414995 25.6608895685054 7.18434705509969
0.415495 25.6918066754205 7.18051431161048
0.415995 25.7227237823357 7.16525588786384
0.416495 25.7536408892508 6.69619100812242
0.416995 25.784557996166 5.542824670662
0.417495 25.8154751030811 3.67375218088876
0.417995 25.8463922099962 2.091622289543
0.418495 25.8773093169114 0.590999728322816
0.418995 25.9082264238265 -0.980284034085957
0.419495 25.9391435307417 -2.76493754993305
0.419995 25.9700606376568 -4.56340361029989
0.420495 26.000977744572 -6.10311514464072
0.420995 26.0318948514871 -7.58258679980715
0.421495 26.0628119584023 -8.68355008903507
0.421995 26.0937290653175 -8.98470242813957
0.422495 26.1246461722326 -9.00318480112972
0.422995 26.1555632791478 -8.714058268052
0.423495 26.1864803860629 -7.88822129804564
0.423995 26.2173974929781 -6.76419963075115
0.424495 26.2483145998932 -5.24768400381357
0.424995 26.2792317068084 -3.94976168013502
0.425495 26.3101488137235 -2.69114220791673
0.425995 26.3410659206387 -1.20285631407685
0.426495 26.3719830275538 -0.242502076963571
0.426995 26.402900134469 0.655331482887901
0.427495 26.4338172413841 1.29778287643828
0.427995 26.4647343482992 1.76721902384327
0.428495 26.4956514552144 1.98850831844266
0.428995 26.5265685621295 2.10684891351983
0.429495 26.5574856690447 2.06299075105486
0.429995 26.5884027759598 1.70412342502021
0.430495 26.619319882875 1.46499570127237
0.430995 26.6502369897901 1.27812778656587
0.431495 26.6811540967053 1.23265549086438
0.431995 26.7120712036204 1.36564796792086
0.432495 26.7429883105356 1.42635627725709
0.432995 26.7739054174507 1.47403087075154
0.433495 26.8048225243659 1.46370326392227
0.433995 26.835739631281 1.5307985975713
0.434495 26.8666567381962 1.66197977408588
0.434995 26.8975738451114 1.8895119103986
0.435495 26.9284909520265 2.12841699042133
0.435995 26.9594080589417 2.29151946503818
0.436495 26.9903251658568 2.45461349709709
0.436995 27.0212422727719 2.61410827506549
0.437495 27.0521593796871 2.83864924480314
0.437995 27.0830764866022 3.07365131357904
0.438495 27.1139935935174 3.18230655779786
0.438995 27.1449107004325 3.05984446149136
0.439495 27.1758278073477 2.67169701079649
0.439995 27.2067449142628 2.67597722146174
0.440495 27.237662021178 2.45455104178346
0.440995 27.2685791280931 2.12003912065269
0.441495 27.2994962350083 1.90803339516386
0.441995 27.3304133419234 1.52588874713146
0.442495 27.3613304488386 1.19576075798287
0.442995 27.3922475557538 1.27082230169095
0.443495 27.4231646626689 1.22792859100727
0.443995 27.4540817695841 1.27419719820631
0.444495 27.4849988764992 1.13834407164672
0.444995 27.5159159834144 1.0142282316868
0.445495 27.5468330903295 0.875142944675945
0.445995 27.5777501972447 0.653087948671471
0.446495 27.6086673041598 0.269435334157471
0.446995 27.639584411075 -0.00653923244778488
0.447495 27.6705015179901 -0.12281426414834
0.447995 27.7014186249053 -0.148700799836169
0.448495 27.7323357318204 -0.402977155638135
0.448995 27.7632528387355 -0.442929874527534
0.449495 27.7941699456507 -1.05713943294763
0.449995 27.8250870525658 -1.33606936992375
0.450495 27.856004159481 -1.40523286344005
0.450995 27.8869212663961 -1.99472572939453
0.451495 27.9178383733113 -2.01208221415189
0.451995 27.9487554802264 -2.0404260692039
0.452495 27.9796725871416 -2.09638423816098
0.452995 28.0105896940567 -2.24986435907921
0.453495 28.0415068009719 -2.46177803829925
0.453995 28.072423907887 -2.3881296535985
0.454495 28.1033410148022 -2.5158456398967
0.454995 28.1342581217173 -2.49373589278236
0.455495 28.1651752286325 -2.22549337151716
0.455995 28.1960923355476 -2.04113587391538
0.456495 28.2270094424628 -1.9423829319867
0.456995 28.257926549378 -1.5044999625353
0.457495 28.2888436562931 -1.51476299981234
0.457995 28.3197607632083 -1.75275828388607
0.458495 28.3506778701234 -1.78015685879851
0.458995 28.3815949770385 -1.85077230370697
0.459495 28.4125120839537 -1.61463417725219
0.459995 28.4434291908688 -1.3535027537425
0.460495 28.474346297784 -1.09233245918506
0.460995 28.5052634046991 -0.914284808255871
0.461495 28.5361805116143 -0.944323008921866
0.461995 28.5670976185294 -0.961298411296751
0.462495 28.5980147254446 -0.757759996352674
0.462995 28.6289318323597 -0.463231681138177
0.463495 28.6598489392749 -0.203114190280185
0.463995 28.69076604619 0.239960331122759
0.464495 28.7216831531052 0.631580772867289
0.464995 28.7526002600204 1.17293856511394
0.465495 28.7835173669355 1.69034876698828
0.465995 28.8144344738507 2.01067376270362
0.466495 28.8453515807658 2.34078928794215
0.466995 28.876268687681 2.62663437800093
0.467495 28.9071857945961 2.94171957023271
0.467995 28.9381029015113 3.23171918794524
0.468495 28.9690200084264 3.37397639825494
0.468995 28.9999371153415 3.37608266925692
0.469495 29.0308542222567 3.32670455525769
0.469995 29.0617713291718 3.19839565018832
0.470495 29.092688436087 3.01773138066802
0.470995 29.1236055430021 2.87499048012108
0.471495 29.1545226499173 2.67977060432074
0.471995 29.1854397568324 2.62450914592513
0.472495 29.2163568637476 2.29425774540823
0.472995 29.2472739706627 2.41709893247046
0.473495 29.2781910775779 2.29994524569371
0.473995 29.309108184493 2.24320896038378
0.474495 29.3400252914082 2.17603465066548
0.474995 29.3709423983233 2.08799589061879
0.475495 29.4018595052385 2.20575157877196
0.475995 29.4327766121536 2.33259525665729
0.476495 29.4636937190688 2.22816427172345
0.476995 29.494610825984 2.16040390454022
0.477495 29.5255279328991 1.91219704522625
0.477995 29.5564450398143 1.33802733020324
0.478495 29.5873621467294 0.938154222874616
0.478995 29.6182792536446 0.282750041520266
0.479495 29.6491963605597 -0.353270154408637
0.479995 29.6801134674748 -0.973940941346768
0.480495 29.71103057439 -1.92588490120223
0.480995 29.7419476813051 -2.64372123081293
0.481495 29.7728647882203 -3.1564179226151
0.481995 29.8037818951354 -3.58110278119997
0.482495 29.8346990020506 -3.86966062902029
0.482995 29.8656161089657 -4.02142065799121
0.483495 29.8965332158809 -4.13304601662078
0.483995 29.927450322796 -4.08044563306027
0.484495 29.9583674297112 -3.563917391317
0.484995 29.9892845366264 -3.37743141792833
0.485495 30.0202016435415 -3.0042158656987
0.485995 30.0511187504567 -2.54713717766473
0.486495 30.0820358573718 -2.00586958612247
0.486995 30.112952964287 -1.34427827138056
0.487495 30.1438700712021 -0.793133433105058
0.487995 30.1747871781173 -0.341630830777024
0.488495 30.2057042850324 -0.0399072071968985
0.488995 30.2366213919476 0.279556244886656
0.489495 30.2675384988627 0.445082393886149
0.489995 30.2984556057778 0.382746644475553
0.490495 30.329372712693 0.420745357046093
0.490995 30.3602898196081 0.236668584351456
0.491495 30.3912069265233 0.0448927591150761
0.491995 30.4221240334384 0.29239593190938
0.492495 30.4530411403536 0.385543562861425
0.492995 30.4839582472687 0.445834362024717
0.493495 30.5148753541839 0.310253809141526
0.493995 30.545792461099 0.543568614233866
0.494495 30.5767095680142 0.73012723844126
0.494995 30.6076266749293 0.80401742704414
0.495495 30.6385437818445 0.896388105251424
0.495995 30.6694608887596 0.913464420653351
0.496495 30.7003779956748 0.609769860987637
0.496995 30.7312951025899 0.457391831950252
0.497495 30.7622122095051 0.130516654222184
0.497995 30.7931293164203 -0.135662634962657
0.498495 30.8240464233354 -0.305024205062819
0.498995 30.8549635302506 -0.62963148955558
0.499495 30.8858806371657 -0.925846472058063
0.499995 30.9167977440808 -1.01398079478816
