# Fix print output for fix Step
0 0 2.87931250418204
0.000494999999999924 0.0224458196203955 3.18963418136992
0.000994999999999957 0.0451183646915069 4.25657687094242
0.00149499999999999 0.0677909097626184 4.95114952472413
0.0019949999999999 0.0904634548337242 6.01316342132356
0.00249499999999993 0.113135999904836 7.68596784017561
0.00299499999999996 0.135808544975947 9.58673957940374
0.00349499999999999 0.158481090047059 8.73385649120182
0.0039949999999999 0.181153635118164 8.37292454204476
0.00449499999999993 0.203826180189276 8.84544300916923
0.00499499999999997 0.226498725260387 8.06650663822027
0.005495 0.249171270331499 6.9630943981345
0.00599499999999991 0.271843815402605 7.47700774245649
0.00649499999999994 0.294516360473716 8.23605644621575
0.00699499999999997 0.317188905544828 8.29149713821226
0.00749499999999988 0.339861450615933 9.41483468168984
0.00799499999999991 0.362533995687045 9.79753815941907
0.00849499999999994 0.385206540758156 9.98196702097708
0.00899499999999998 0.407879085829268 10.5214893713728
0.00949500000000001 0.430551630900379 10.7073776053683
0.00999499999999991 0.453224175971485 10.7816557202126
0.0104949999999999 0.475896721042597 11.2353350183992
0.010995 0.498569266113708 10.9188011504508
0.0114949999999999 0.521241811184814 10.9380992857709
0.0119949999999999 0.543914356255925 11.254590436661
0.012495 0.566586901327037 11.8956329465659
0.012995 0.589259446398148 11.9741274628365
0.0134949999999999 0.611931991469254 12.5728443541797
0.0139949999999999 0.634604536540365 12.9667590563989
0.014495 0.657277081611477 13.1267258437131
0.014995 0.679949626682588 13.609371851743
0.0154949999999999 0.702622171753694 13.7397191161301
0.0159949999999999 0.725294716824806 13.7886738620748
0.016495 0.747967261895917 13.965893264675
0.016995 0.770639806967029 14.0684513869163
0.0174949999999999 0.793312352038134 14.1727753172516
0.0179949999999999 0.815984897109246 14.5412700426473
0.018495 0.838657442180357 15.0640793421389
0.018995 0.861329987251469 15.4355769999268
0.0194949999999999 0.884002532322575 15.7701832411716
0.0199949999999999 0.906675077393686 16.0502974353426
0.020495 0.929347622464798 16.3793111690023
0.020995 0.952020167535909 16.4023226470187
0.0214949999999999 0.974692712607015 16.868620057169
0.0219949999999999 0.997365257678126 17.0303398401455
0.022495 1.02003780274924 17.2874545410913
0.022995 1.04271034782035 17.5644139600141
0.0234949999999999 1.06538289289146 17.5243918556662
0.0239949999999999 1.08805543796257 17.8874776551946
0.024495 1.11072798303368 18.1524998172511
0.0249949999999999 1.13340052810478 18.3101959542403
0.0254949999999999 1.1560730731759 18.6993534357191
0.025995 1.17874561824701 18.918215637551
0.026495 1.20141816331812 19.0647740804609
0.0269949999999999 1.22409070838922 19.3683992796598
0.0274949999999999 1.24676325346034 19.8659806756778
0.027995 1.26943579853145 20.0571554443555
0.028495 1.29210834360256 20.0638731914595
0.0289949999999999 1.31478088867366 20.457988076383
0.0294949999999999 1.33745343374478 20.7794985394991
0.029995 1.36012597881589 20.5874244231525
0.030495 1.382798523887 21.0721931196627
0.0309949999999999 1.4054710689581 21.1895557710949
0.0314949999999999 1.42814361402922 21.1825032734894
0.031995 1.45081615910033 21.8143912564877
0.032495 1.47348870417144 21.9793157333249
0.0329949999999999 1.49616124924254 22.191497564859
0.0334949999999999 1.51883379431366 22.4677287190528
0.033995 1.54150633938477 22.6434584914232
0.034495 1.56417888445588 23.0319609480191
0.0349949999999999 1.58685142952698 23.2061415028777
0.0354949999999999 1.6095239745981 23.4413060093395
0.035995 1.63219651966921 23.6181610506912
0.036495 1.65486906474032 23.7065821664319
0.0369949999999999 1.67754160981142 24.0469724867308
0.0374949999999999 1.70021415488254 24.3317166147183
0.037995 1.72288669995365 24.2599932961242
0.0384949999999999 1.74555924502475 24.7176918479178
0.0389949999999999 1.76823179009587 24.996434303367
0.0394949999999999 1.79090433516698 25.1731918932704
0.039995 1.81357688023809 25.4275487258432
0.040495 1.8362494253092 25.7193596490115
0.0409949999999999 1.85892197038031 26.0296047289067
0.041495 1.88159451545142 26.1664552610896
0.041995 1.90426706052253 26.2482642073453
0.0424949999999999 1.92693960559363 26.4699709102243
0.0429949999999999 1.94961215066475 26.606158038414
0.043495 1.97228469573586 26.6821117232584
0.043995 1.99495724080697 26.9718362544476
0.0444949999999999 2.01762978587807 27.0807315569828
0.0449949999999999 2.04030233094919 27.5390988805827
0.045495 2.0629748760203 27.8219647953504
0.045995 2.08564742109141 28.003299100081
0.0464949999999999 2.10831996616251 28.3204907217406
0.0469949999999999 2.13099251123363 28.4934836574864
0.047495 2.15366505630474 28.6974997159629
0.047995 2.17633760137585 28.9525150719575
0.0484949999999999 2.19901014644695 29.0973708821383
0.0489949999999999 2.22168269151807 29.1459023846817
0.049495 2.24435523658918 29.4000221676952
0.049995 2.26702778166029 29.7675294491846
0.0504949999999999 2.28970032673139 29.7367721042259
0.0509949999999999 2.31237287180251 30.1793092883408
0.051495 2.33504541687362 30.335592187568
0.051995 2.35771796194473 30.4855905465042
0.0524949999999999 2.38039050701583 30.5840701350171
0.052995 2.40306305208695 30.8188702013876
0.053495 2.42573559715806 30.9040536087552
0.053995 2.44840814222917 31.1660702464156
0.0544949999999999 2.47108068730028 31.5442989972448
0.054995 2.49375323237139 31.6173885055006
0.055495 2.5164257774425 31.58698794179
0.0559949999999999 2.5390983225136 31.8693457451071
0.0564949999999999 2.56177086758472 32.0901997330663
0.056995 2.58444341265583 32.3258118651486
0.057495 2.60711595772694 32.5035016894499
0.0579949999999999 2.62978850279804 32.6676896820172
0.0584949999999999 2.65246104786916 32.9355726998093
0.058995 2.67513359294027 33.2555932276052
0.059495 2.69780613801138 33.4237535109723
0.0599949999999999 2.72047868308248 33.560320746979
0.0604949999999999 2.7431512281536 33.5243528871527
0.060995 2.76582377322471 33.7523915770693
0.061495 2.78849631829582 33.9061074827801
0.0619949999999999 2.81116886336692 33.8942872431157
0.0624949999999999 2.83384140843804 34.2593567984449
0.062995 2.85651395350915 34.3659094441782
0.063495 2.87918649858026 34.7954810595307
0.0639949999999999 2.90185904365136 34.8719830457254
0.0644949999999999 2.92453158872248 35.2464469303033
0.064995 2.94720413379359 35.2560065465975
0.065495 2.9698766788647 35.3180101383556
0.0659949999999999 2.9925492239358 35.7189582983105
0.0664949999999999 3.01522176900692 35.6168845558619
0.066995 3.03789431407803 35.9438007863804
0.067495 3.06056685914914 35.9958716377851
0.0679949999999999 3.08323940422025 36.0722351617903
0.068495 3.10591194929136 36.2901413426604
0.068995 3.12858449436247 36.4409978088323
0.0694949999999999 3.15125703943357 36.6323804046285
0.0699949999999999 3.17392958450469 36.8950388324675
0.070495 3.1966021295758 37.1039500961252
0.070995 3.21927467464691 37.3122449583056
0.071495 3.24194721971802 37.4885823180354
0.0719949999999999 3.26461976478913 37.541970501183
0.072495 3.28729230986024 37.8373201654727
0.072995 3.30996485493135 37.9753141949265
0.073495 3.33263740000246 38.0592843004515
0.0739949999999999 3.35530994507357 38.2024785569731
0.074495 3.37798249014468 38.6498241347076
0.074995 3.40065503521579 38.4244205544715
0.0754949999999999 3.42332758028689 38.8624359659426
0.0759949999999999 3.44600012535801 38.7960704885509
0.076495 3.46867267042912 39.0959867206149
0.076995 3.49134521550023 39.2466529110745
0.0774949999999999 3.51401776057133 39.5000562309831
0.0779949999999999 3.53669030564245 39.4834104056092
0.078495 3.55936285071356 39.5978890888427
0.078995 3.58203539578467 39.9300165259595
0.0794949999999999 3.60470794085577 39.8809146013518
0.0799949999999999 3.62738048592689 40.0036655475054
0.080495 3.650053030998 40.3808635860676
0.0809949999999999 3.6727255760691 40.3129095606271
0.0814949999999999 3.69539812114022 40.5641398184048
0.081995 3.71807066621133 40.7837736171917
0.082495 3.74074321128244 40.9483431045153
0.082995 3.76341575635355 40.887673693779
0.0834949999999999 3.78608830142466 41.0722840612476
0.083995 3.80876084649577 41.4285594417959
0.084495 3.83143339156688 41.3588924653031
0.084995 3.85410593663799 41.6947518282612
0.0854949999999999 3.8767784817091 41.7805594495594
0.085995 3.89945102678021 41.9798928099218
0.086495 3.92212357185132 42.1806272929779
0.086995 3.94479611692243 42.111074463475
0.0874949999999999 3.96746866199354 42.1379426524778
0.087995 3.99014120706465 42.461562778291
0.088495 4.01281375213576 42.7103677967796
0.0889949999999999 4.03548629720686 42.8630866262746
0.0894949999999999 4.05815884227798 42.7992490441866
0.089995 4.08083138734909 43.102122954882
0.090495 4.1035039324202 43.0814023746408
0.0909949999999999 4.1261764774913 43.2832603790892
0.0914949999999999 4.14884902256242 43.3852545094114
0.091995 4.17152156763353 43.6093454104136
0.092495 4.19419411270464 43.6492844801062
0.0929949999999999 4.21686665777574 44.0367275880838
0.0934949999999999 4.23953920284686 44.2181809132745
0.093995 4.26221174791797 44.3369630239694
0.094495 4.28488429298908 44.343916018603
0.0949949999999999 4.30755683806018 44.4379894337875
0.095495 4.3302293831313 44.5558186566248
0.095995 4.35290192820241 44.8085860394098
0.096495 4.37557447327352 44.8613865525552
0.0969949999999999 4.39824701834462 44.9921874930616
0.097495 4.42091956341574 45.054281265696
0.097995 4.44359210848685 45.1363837851556
0.098495 4.46626465355796 45.4194598511695
0.0989949999999999 4.48893719862907 45.7676236430571
0.099495 4.51160974370018 45.8617223219878
0.099995 4.53428228877129 45.9776633180403
0.100495 4.55695483384239 46.0705852816619
0.100995 4.57962737891351 46.2165798766278
0.101495 4.60229992398462 46.1883335333724
0.101995 4.62497246905573 46.1831526539308
0.102495 4.64764501412683 46.4847844992169
0.102995 4.67031755919795 46.5708847586849
0.103495 4.69299010426906 46.6043885570769
0.103995 4.71566264934017 46.7468542030883
0.104495 4.73833519441128 46.8607721036854
0.104995 4.76100773948239 46.9665990060702
0.105495 4.7836802845535 47.0577929803486
0.105995 4.80635282962461 47.1839188798315
0.106495 4.82902537469572 47.4661550893346
0.106995 4.85169791976683 47.6771983709521
0.107495 4.87437046483794 47.6807386861045
0.107995 4.89704300990905 47.8187068866137
0.108495 4.91971555498016 48.0095388931946
0.108995 4.94238810005127 48.112146838604
0.109495 4.96506064512238 48.0237748504252
0.109995 4.98773319019349 48.0933917648076
0.110495 5.0104057352646 48.4515986034564
0.110995 5.03307828033571 48.5181681074989
0.111495 5.05575082540682 48.5718736198845
0.111995 5.07842337047792 48.8192909114356
0.112495 5.10109591554904 48.9033018649503
0.112995 5.12376846062015 49.0447854063637
0.113495 5.14644100569126 49.01771509414
0.113995 5.16911355076236 49.2972280037245
0.114495 5.19178609583348 49.4664739701195
0.114995 5.21445864090459 49.4103135066364
0.115495 5.2371311859757 49.7994458178307
0.115995 5.25980373104681 49.7762255805206
0.116495 5.28247627611792 49.8353242541595
0.116995 5.30514882118903 50.1879878699974
0.117495 5.32782136626014 50.0475418905143
0.117995 5.35049391133124 50.2072119530732
0.118495 5.37316645640236 50.412159949534
0.118995 5.39583900147347 50.3263517707139
0.119495 5.41851154654458 50.571452032132
0.119995 5.44118409161568 50.4355565417761
0.120495 5.4638566366868 50.4248218015108
0.120995 5.48652918175791 50.8561215183881
0.121495 5.50920172682902 50.6590530762012
0.121995 5.53187427190012 50.9584479647437
0.122495 5.55454681697124 51.1615262575211
0.122995 5.57721936204235 51.180761434724
0.123495 5.59989190711346 51.4240457109478
0.123995 5.62256445218457 51.5275171055607
0.124495 5.64523699725568 51.582277177789
0.124995 5.66790954232679 51.6717571035291
0.125495 5.6905820873979 51.6965463402008
0.125995 5.71325463246901 51.907022182614
0.126495 5.73592717754012 52.0971065620811
0.126995 5.75859972261123 52.2839999682142
0.127495 5.78127226768234 52.334265024767
0.127995 5.80394481275345 52.2418418137088
0.128495 5.82661735782456 52.2528991939474
0.128995 5.84928990289567 52.1869254047347
0.129495 5.87196244796678 52.3896001399874
0.129995 5.89463499303789 52.620111988187
0.130495 5.917307538109 52.5659653956458
0.130995 5.93998008318011 52.8489294620963
0.131495 5.96265262825121 52.8615235672139
0.131995 5.98532517332233 53.1081878728242
0.132495 6.00799771839344 53.2605881264924
0.132995 6.03067026346455 53.2274951316017
0.133495 6.05334280853566 53.3575151559886
0.133995 6.07601535360677 53.297143223498
0.134495 6.09868789867788 53.4756527409064
0.134995 6.12136044374898 53.5473099328549
0.135495 6.1440329888201 53.6099144403983
0.135995 6.16670553389121 53.8477871600091
0.136495 6.18937807896232 53.7642208823254
0.136995 6.21205062403343 53.966636713694
0.137495 6.23472316910454 53.9869978753613
0.137995 6.25739571417565 54.2716236668538
0.138495 6.28006825924676 54.2791372003182
0.138995 6.30274080431788 54.2544023871462
0.139495 6.32541334938898 54.4522794234462
0.139995 6.34808589446009 54.411835208566
0.140495 6.3707584395312 54.4410648086992
0.140995 6.39343098460231 54.6169703458361
0.141495 6.41610352967342 54.8062742318152
0.141995 6.43877607474453 54.8808177071417
0.142495 6.46144861981564 55.0963958327649
0.142995 6.48412116488674 55.0157462316701
0.143495 6.50679370995786 55.034070440385
0.143995 6.52946625502897 55.1912423159759
0.144495 6.55213880010008 55.2866080873593
0.144995 6.57481134517119 55.7863243248823
0.145495 6.5974838902423 55.6908216784386
0.145995 6.62015643531341 55.7863887410534
0.146495 6.64282898038451 55.7851066204563
0.146995 6.66550152545562 55.881424828925
0.147495 6.68817407052674 55.9210013678713
0.147995 6.71084661559785 56.1102619191615
0.148495 6.73351916066896 56.0813192040838
0.148995 6.75619170574007 56.2606721710415
0.149495 6.77886425081118 56.2873907522449
0.149995 6.80153679588228 56.4346658897926
0.150495 6.82420934095339 56.5256933463234
0.150995 6.84688188602451 56.4503348161556
0.151495 6.86955443109562 56.5945435437524
0.151995 6.89222697616673 56.7215338709121
0.152495 6.91489952123784 56.8117256702509
0.152995 6.93757206630895 57.0742976745382
0.153495 6.96024461138006 56.7746597625397
0.153995 6.98291715645117 57.0871586203267
0.154495 7.00558970152227 57.1060656003007
0.154995 7.02826224659339 57.3415680287129
0.155495 7.0509347916645 57.3309156103308
0.155995 7.07360733673561 57.2429988733946
0.156495 7.09627988180672 57.4901140330498
0.156995 7.11895242687783 57.4785236753385
0.157495 7.14162497194894 57.6035593183103
0.157995 7.16429751702004 57.9190733807575
0.158495 7.18697006209115 57.7368295596273
0.158995 7.20964260716227 57.915290452503
0.159495 7.23231515223338 58.0323325964848
0.159995 7.25498769730449 57.9485322330898
0.160495 7.2776602423756 58.1577037604943
0.160995 7.30033278744671 58.2182744949757
0.161495 7.32300533251782 58.1144050044106
0.161995 7.34567787758894 58.3099509024238
0.162495 7.36835042266003 58.3972075391318
0.162995 7.39102296773115 58.435974536473
0.163495 7.41369551280226 58.6316855063515
0.163995 7.43636805787337 58.4611014258562
0.164495 7.45904060294448 58.8599811974748
0.164995 7.48171314801559 58.8548343704857
0.165495 7.5043856930867 58.7679475943422
0.165995 7.5270582381578 59.2123369590068
0.166495 7.54973078322891 59.0354719305965
0.166995 7.57240332830003 59.1746832952979
0.167495 7.59507587337114 59.0970981151932
0.167995 7.61774841844225 59.1672080297858
0.168495 7.64042096351336 59.3470643651388
0.168995 7.66309350858447 59.4774882184671
0.169495 7.68576605365557 59.7099697184847
0.169995 7.70843859872668 59.8156851718424
0.170495 7.7311111437978 59.4762917002492
0.170995 7.75378368886891 59.6473119054041
0.171495 7.77645623394002 59.744701457675
0.171995 7.79912877901113 59.8433445050355
0.172495 7.82180132408224 60.1448841036904
0.172995 7.84447386915335 60.0737733587846
0.173495 7.86714641422446 60.1265873577168
0.173995 7.88981895929556 60.0976522274866
0.174495 7.91249150436668 60.3320120534624
0.174995 7.93516404943779 60.4798901392665
0.175495 7.9578365945089 60.4868405401271
0.175995 7.98050913958001 60.758718783798
0.176495 8.00318168465112 61.0045248709751
0.176995 8.02585422972223 60.8320448578784
0.177495 8.04852677479333 60.8585970422568
0.177995 8.07119931986444 60.9836885352205
0.178495 8.09387186493556 60.7948736004632
0.178995 8.11654441000667 61.0813297921682
0.179495 8.13921695507778 61.289088378907
0.179995 8.16188950014889 61.2102893821328
0.180495 8.18456204522 61.2174660327048
0.180995 8.2072345902911 61.2740896908442
0.181495 8.22990713536221 61.6034966943679
0.181995 8.25257968043332 61.6675421801398
0.182495 8.27525222550444 61.7220131202609
0.182995 8.29792477057555 61.7206947881271
0.183495 8.32059731564666 62.1416843570062
0.183995 8.34326986071777 61.8415385037421
0.184495 8.36594240578888 62.1834884849314
0.184995 8.38861495085999 62.1802465875898
0.185495 8.4112874959311 62.2707157322696
0.185995 8.43396004100221 62.2648895773824
0.186495 8.45663258607332 62.1914981733248
0.186995 8.47930513114443 62.3755858794918
0.187495 8.50197767621554 62.3726839977209
0.187995 8.52465022128665 62.5768575872854
0.188495 8.54732276635776 62.766474474985
0.188995 8.56999531142886 62.6721557600052
0.189495 8.59266785649998 62.8995182951772
0.189995 8.61534040157109 62.7922534831254
0.190495 8.6380129466422 62.7954222632639
0.190995 8.66068549171331 63.2356186063302
0.191495 8.68335803678442 62.9944422531296
0.191995 8.70603058185553 63.179479148959
0.192495 8.72870312692664 63.149144508802
0.192995 8.75137567199775 63.1024952873244
0.193495 8.77404821706886 63.507746683101
0.193995 8.79672076213997 63.4157666394975
0.194495 8.81939330721108 63.4862836944238
0.194995 8.84206585228219 63.334360133287
0.195495 8.8647383973533 63.7554556776207
0.195995 8.88741094242441 63.8780224895935
0.196495 8.91008348749552 63.7560514443
0.196995 8.93275603256662 63.741174779141
0.197495 8.95542857763774 63.8520354549524
0.197995 8.97810112270885 64.0350356759221
0.198495 9.00077366777996 64.1307101781899
0.198995 9.02344621285107 64.2064354196267
0.199495 9.04611875792218 64.0665585234089
0.199995 9.06879130299329 64.2725079076136
0.200495 9.09146384806439 64.4245294255639
0.200995 9.1141363931355 64.5054638396344
0.201495 9.13680893820662 64.3963146555089
0.201995 9.15948148327773 64.6962034404259
0.202495 9.18215402834884 64.497131858862
0.202995 9.20482657341995 64.7884148154306
0.203495 9.22749911849106 64.9061274673702
0.203995 9.25017166356217 65.0416029030212
0.204495 9.27284420863328 64.9929425053118
0.204995 9.29551675370439 65.0578843280072
0.205495 9.3181892987755 65.1333828935444
0.205995 9.34086184384661 65.3729897022128
0.206495 9.36353438891772 65.223512926101
0.206995 9.38620693398883 65.4364567847151
0.207495 9.40887947905994 65.5395532269919
0.207995 9.43155202413105 65.8950185433818
0.208495 9.45422456920215 65.8122553282343
0.208995 9.47689711427327 65.842439014802
0.209495 9.49956965934438 65.8298024893611
0.209995 9.52224220441549 65.8350125558032
0.210495 9.5449147494866 65.853124709994
0.210995 9.56758729455771 66.102866833826
0.211495 9.59025983962882 66.1516240442892
0.211995 9.61293238469992 66.2072832216662
0.212495 9.63560492977103 66.3444586575601
0.212995 9.65827747484215 66.1214192151465
0.213495 9.68095001991326 66.3804746470849
0.213995 9.70362256498437 66.5002545548913
0.214495 9.72629511005548 66.2127160315574
0.214995 9.74896765512659 66.5363366601932
0.215495 9.7716402001977 66.6432712676518
0.215995 9.79431274526882 66.6590091646805
0.216495 9.81698529033991 66.7210848582597
0.216995 9.83965783541103 67.0754164511169
0.217495 9.86233038048214 66.8948521497449
0.217995 9.88500292555325 67.1026635279504
0.218495 9.90767547062436 66.8408963982571
0.218995 9.93034801569547 67.1073274979618
0.219495 9.95302056076658 67.4548837389999
0.219995 9.97569310583768 67.466436727903
0.220495 9.9983656509088 67.5970913198435
0.220995 10.0210381959799 67.3788706804606
0.221495 10.043710741051 67.7238233414627
0.221995 10.0663832861221 67.7643839963739
0.222495 10.0890558311932 67.7990773220372
0.222995 10.1117283762644 67.9368873492195
0.223495 10.1344009213355 67.8022517346912
0.223995 10.1570734664066 67.9228737351907
0.224495 10.1797460114777 67.9543619639663
0.224995 10.2024185565488 68.0993530026652
0.225495 10.2250911016199 68.1494725331276
0.225995 10.247763646691 68.2754019738068
0.226495 10.2704361917621 68.5710162283058
0.226995 10.2931087368332 68.2719137794857
0.227495 10.3157812819043 68.6518008332558
0.227995 10.3384538269754 68.7348047732863
0.228495 10.3611263720466 68.548604627564
0.228995 10.3837989171177 68.5142528189083
0.229495 10.4064714621888 68.6573864869369
0.229995 10.4291440072599 69.1081383593379
0.230495 10.451816552331 69.1735935793544
0.230995 10.4744890974021 69.3391540479604
0.231495 10.4971616424732 69.1534812700015
0.231995 10.5198341875443 69.124052079214
0.232495 10.5425067326154 69.434661181959
0.232995 10.5651792776865 69.5536948323608
0.233495 10.5878518227577 69.617908422293
0.233995 10.6105243678288 69.5683927414602
0.234495 10.6331969128999 69.7823457189409
0.234995 10.655869457971 69.7784222187256
0.235495 10.6785420030421 69.8543121827504
0.235995 10.7012145481132 70.1094873331015
0.236495 10.7238870931843 70.0945524312022
0.236995 10.7465596382554 70.3609237803724
0.237495 10.7692321833265 70.2727330295122
0.237995 10.7919047283977 70.3303456719691
0.238495 10.8145772734688 70.4498402563872
0.238995 10.8372498185399 70.8060004994571
0.239495 10.859922363611 70.4572911030528
0.239995 10.8825949086821 71.0083383737843
0.240495 10.9052674537532 70.8338631764433
0.240995 10.9279399988243 71.0011713754635
0.241495 10.9506125438954 70.585364090302
0.241995 10.9732850889665 71.2972249707798
0.242495 10.9959576340376 71.2425732874379
0.242995 11.0186301791087 71.2974219119834
0.243495 11.0413027241799 71.2453318181069
0.243995 11.063975269251 71.5889160665397
0.244495 11.0866478143221 71.5351923519594
0.244995 11.1093203593932 71.9886165021495
0.245495 11.1319929044643 71.8518066729783
0.245995 11.1546654495354 71.8929067161268
0.246495 11.1773379946065 72.1188614404984
0.246995 11.2000105396776 72.1011234365291
0.247495 11.2226830847487 72.1668595850429
0.247995 11.2453556298198 72.3463718918443
0.248495 11.268028174891 72.500591315477
0.248995 11.2907007199621 72.5518563125394
0.249495 11.3133732650332 72.7656003771107
0.249995 11.3360458101043 72.6010477300437
0.250495 11.3587183551754 72.9188449584556
0.250995 11.3813909002465 73.0574215101916
0.251495 11.4040634453176 72.9111967752148
0.251995 11.4267359903887 73.3767835233905
0.252495 11.4494085354598 73.2088492038464
0.252995 11.472081080531 73.2363778448371
0.253495 11.4947536256021 73.293479549425
0.253995 11.5174261706732 73.4511301269643
0.254495 11.5400987157443 73.7189591088045
0.254995 11.5627712608154 73.6288187714623
0.255495 11.5854438058865 73.7252257155497
0.255995 11.6081163509576 73.8536282804462
0.256495 11.6307888960287 74.2574243195848
0.256995 11.6534614410998 74.2460643913153
0.257495 11.6761339861709 74.2842652527641
0.257995 11.698806531242 74.4576964608549
0.258495 11.7214790763132 74.5295427765864
0.258995 11.7441516213843 74.9993199197331
0.259495 11.7668241664554 74.761088100241
0.259995 11.7894967115265 74.953172500111
0.260495 11.8121692565976 74.6360439059826
0.260995 11.8348418016687 75.3670876253949
0.261495 11.8575143467398 75.1977618849803
0.261995 11.8801868918109 75.4910692562881
0.262495 11.902859436882 75.4188897355293
0.262995 11.9255319819531 75.7207434352527
0.263495 11.9482045270243 75.8071267882095
0.263995 11.9708770720954 75.8936821798037
0.264495 11.9935496171665 75.9775487961646
0.264995 12.0162221622376 76.2012104563027
0.265495 12.0388947073087 76.53704570709
0.265995 12.0615672523798 76.4803783197128
0.266495 12.0842397974509 76.82098139193
0.266995 12.106912342522 76.8833998326278
0.267495 12.1295848875931 76.7405826070346
0.267995 12.1522574326642 76.9507968036902
0.268495 12.1749299777354 77.566063070362
0.268995 12.1976025228065 77.5422812614455
0.269495 12.2202750678776 77.3921432859065
0.269995 12.2429476129487 77.7105840381634
0.270495 12.2656201580198 77.5585274783063
0.270995 12.2882927030909 77.869300839488
0.271495 12.310965248162 78.0493845652979
0.271995 12.3336377932331 78.0540146072253
0.272495 12.3563103383042 78.7266924288274
0.272995 12.3789828833753 78.8985842105968
0.273495 12.4016554284465 78.7914143115261
0.273995 12.4243279735176 79.2590683003388
0.274495 12.4470005185887 78.6414654248068
0.274995 12.4696730636598 79.39548283485
0.275495 12.4923456087309 79.3043568194544
0.275995 12.515018153802 79.4890250520361
0.276495 12.5376906988731 79.5925410518193
0.276995 12.5603632439442 80.0068238256806
0.277495 12.5830357890153 79.8724117210103
0.277995 12.6057083340865 79.7887280331062
0.278495 12.6283808791576 80.1993198560237
0.278995 12.6510534242287 80.8178654545016
0.279495 12.6737259692998 80.7935548641832
0.279995 12.6963985143709 80.9564941086825
0.280495 12.719071059442 81.012022599313
0.280995 12.7417436045131 81.4800535456335
0.281495 12.7644161495842 81.7549183841594
0.281995 12.7870886946553 81.7258185512438
0.282495 12.8097612397264 81.6720590961584
0.282995 12.8324337847975 82.1185362642787
0.283495 12.8551063298687 82.5054565677627
0.283995 12.8777788749398 82.7269547854703
0.284495 12.9004514200109 82.9500321812711
0.284995 12.923123965082 83.6277115325559
0.285495 12.9457965101531 83.077170294046
0.285995 12.9684690552242 83.422203940403
0.286495 12.9911416002953 83.4109979943614
0.286995 13.0138141453664 83.9602046525918
0.287495 13.0364866904375 83.9067061825062
0.287995 13.0591592355087 84.5889931010072
0.288495 13.0818317805798 84.7553686835248
0.288995 13.1045043256509 84.2853392725217
0.289495 13.127176870722 84.8743811775154
0.289995 13.1498494157931 84.9925960680721
0.290495 13.1725219608642 85.5021341123086
0.290995 13.1951945059353 85.7625384255289
0.291495 13.2178670510064 85.6251709273788
0.291995 13.2405395960775 85.8470516901166
0.292495 13.2632121411486 86.6553456610774
0.292995 13.2858846862198 86.3663535567798
0.293495 13.3085572312909 87.0014009484592
0.293995 13.331229776362 87.0574217132065
0.294495 13.3539023214331 87.2752230404217
0.294995 13.3765748665042 87.3752336696961
0.295495 13.3992474115753 87.75332852271
0.295995 13.4219199566464 88.0318440041106
0.296495 13.4445925017175 88.4890440938769
0.296995 13.4672650467886 88.3944662263104
0.297495 13.4899375918597 88.9972763844517
0.297995 13.5126101369308 88.809948468648
0.298495 13.535282682002 89.4250317835061
0.298995 13.5579552270731 89.5382722521344
0.299495 13.5806277721442 89.731869796448
0.299995 13.6033003172153 90.3649061211908
0.300495 13.6259728622864 90.3617447623008
0.300995 13.6486454073575 90.3015836985928
0.301495 13.6713179524286 91.2944325927352
0.301995 13.6939904974997 91.2503918144699
0.302495 13.7166630425708 91.7466479777147
0.302995 13.7393355876419 92.2422877158736
0.303495 13.7620081327131 91.88973905132
0.303995 13.7846806777842 92.2997274594426
0.304495 13.8073532228553 92.9681439038659
0.304995 13.8300257679264 92.7655647795393
0.305495 13.8526983129975 93.8818229640455
0.305995 13.8753708580686 93.8342303793381
0.306495 13.8980434031397 94.0228678340502
0.306995 13.9207159482108 94.099090911208
0.307495 13.9433884932819 94.620790712793
0.307995 13.9660610383531 95.2169292793667
0.308495 13.9887335834242 95.1365090282131
0.308995 14.0114061284953 95.1952163034024
0.309495 14.0340786735664 95.914010443941
0.309995 14.0567512186375 95.9683768892135
0.310495 14.0794237637086 96.166907898177
0.310995 14.1020963087797 96.8289360472048
0.311495 14.1247688538508 96.9029714553744
0.311995 14.1474413989219 97.1685321860549
0.312495 14.170113943993 97.8530404969417
0.312995 14.1927864890641 98.0079280911155
0.313495 14.2154590341353 98.3872210058048
0.313995 14.2381315792064 98.2011242683893
0.314495 14.2608041242775 98.7322924612768
0.314995 14.2834766693486 99.3498415498493
0.315495 14.3061492144197 99.2390820900595
0.315995 14.3288217594908 100.072275636201
0.316495 14.3514943045619 100.160389984429
0.316995 14.374166849633 101.209128134417
0.317495 14.3968393947041 100.476829964517
0.317995 14.4195119397752 101.068448335917
0.318495 14.4421844848464 101.797046314484
0.318995 14.4648570299175 101.479310576952
0.319495 14.4875295749886 102.124126466326
0.319995 14.5102021200597 102.849216369735
0.320495 14.5328746651308 102.961702703937
0.320995 14.5555472102019 103.152830529667
0.321495 14.578219755273 103.826268231137
0.321995 14.6008923003441 103.975656669103
0.322495 14.6235648454152 104.259911132494
0.322995 14.6462373904864 104.365202961265
0.323495 14.6689099355575 105.154659043863
0.323995 14.6915824806286 105.430092805391
0.324495 14.7142550256997 105.809634747749
0.324995 14.7369275707708 106.296633834817
0.325495 14.7596001158419 105.940044945774
0.325995 14.782272660913 106.459834509582
0.326495 14.8049452059841 107.275460675494
0.326995 14.8276177510552 107.429023572303
0.327495 14.8502902961263 107.497165666163
0.327995 14.8729628411974 108.033058803385
0.328495 14.8956353862686 108.311408075256
0.328995 14.9183079313397 109.064247332499
0.329495 14.9409804764108 108.677756755955
0.329995 14.9636530214819 109.933831569134
0.330495 14.986325566553 109.625278492145
0.330995 15.0089981116241 110.52805515899
0.331495 15.0316706566952 110.516707899052
0.331995 15.0543432017663 110.924588616636
0.332495 15.0770157468374 110.789249732262
0.332995 15.0996882919085 111.726388939388
0.333495 15.1223608369797 112.202256929013
0.333995 15.1450333820508 112.548438765844
0.334495 15.1677059271219 112.547875222073
0.334995 15.190378472193 113.055962008898
0.335495 15.2130510172641 113.141927405422
0.335995 15.2357235623352 113.799203799074
0.336495 15.2583961074063 114.086493333687
0.336995 15.2810686524774 114.429061289636
0.337495 15.3037411975485 116.007995591866
0.337995 15.3264137426196 115.123988951263
0.338495 15.3490862876908 115.514231022696
0.338995 15.3717588327619 116.357182008719
0.339495 15.394431377833 116.663231736444
0.339995 15.4171039229041 117.175152474773
0.340495 15.4397764679752 117.243586701783
0.340995 15.4624490130463 118.191547319442
0.341495 15.4851215581174 117.530307347719
0.341995 15.5077941031885 118.92984166315
0.342495 15.5304666482596 118.646871534695
0.342995 15.5531391933308 119.072740289813
0.343495 15.5758117384019 120.062513919774
0.343995 15.598484283473 120.067675479101
0.344495 15.6211568285441 120.969366394813
0.344995 15.6438293736152 120.518347299048
0.345495 15.6665019186863 121.485683726611
0.345995 15.6891744637574 121.49710990347
0.346495 15.7118470088285 122.72751078783
0.346995 15.7345195538996 122.735752373275
0.347495 15.7571920989707 122.518125185825
0.347995 15.7798646440418 123.362624848114
0.348495 15.802537189113 123.778074789909
0.348995 15.8252097341841 124.14175390758
0.349495 15.8478822792552 125.106115211736
0.349995 15.8705548243263 125.460581293176
0.350495 15.8932273693974 125.676925835348
0.350995 15.9158999144685 126.067654128892
0.351495 15.9385724595396 126.297689965359
0.351995 15.9612450046107 127.347110126158
0.352495 15.9839175496818 128.168966362661
0.352995 16.0065900947529 128.251832841976
0.353495 16.0292626398241 128.328830821561
0.353995 16.0519351848952 128.742543868385
0.354495 16.0746077299663 129.453638688017
0.354995 16.0972802750374 129.760611589862
0.355495 16.1199528201085 130.6018307924
0.355995 16.1426253651796 130.499326548769
0.356495 16.1652979102507 131.6787701838
0.356995 16.1879704553218 131.606202491018
0.357495 16.2106430003929 132.111065020579
0.357995 16.233315545464 133.478342852168
0.358495 16.2559880905352 132.797816516761
0.358995 16.2786606356063 133.79136816803
0.359495 16.3013331806774 134.344484020292
0.359995 16.3240057257485 134.663975805354
0.360495 16.3466782708196 135.271808016647
0.360995 16.3693508158907 135.73802272956
0.361495 16.3920233609618 136.210463419292
0.361995 16.4146959060329 136.595289476993
0.362495 16.437368451104 136.950861316005
0.362995 16.4600409961752 137.603205152217
0.363495 16.4827135412463 137.602886212468
0.363995 16.5053860863174 139.106545613156
0.364495 16.5280586313885 139.32196428168
0.364995 16.5507311764596 140.025653649252
0.365495 16.5734037215307 140.574267381751
0.365995 16.5960762666018 140.968194303912
0.366495 16.6187488116729 141.821352668274
0.366995 16.641421356744 141.986642503556
0.367495 16.6640939018151 142.779701119654
0.367995 16.6867664468862 142.742428563
0.368495 16.7094389919574 143.694277682503
0.368995 16.7321115370285 144.532405252682
0.369495 16.7547840820996 144.699962110256
0.369995 16.7774566271707 144.728727573798
0.370495 16.8001291722418 138.961688125116
0.370995 16.8228017173129 127.560938842463
0.371495 16.845474262384 117.059243719472
0.371995 16.8681468074551 108.389962822917
0.372495 16.8908193525262 100.712614458309
0.372995 16.9134918975973 94.3379580048653
0.373495 16.9361644426685 88.1632678883864
0.373995 16.9588369877396 82.45873143834
0.374495 16.9815095328107 76.517998558978
0.374995 17.0041820778818 71.1261865837745
0.375495 17.0268546229529 66.2178452026638
0.375995 17.049527168024 61.3387215628713
0.376495 17.0721997130951 57.5496030399129
0.376995 17.0948722581662 53.8434165435932
0.377495 17.1175448032373 50.5776395076509
0.377995 17.1402173483085 47.6881299202515
0.378495 17.1628898933796 45.3115116398625
0.378995 17.1855624384507 43.7098333874441
0.379495 17.2082349835218 42.4270604394107
0.379995 17.2309075285929 41.1470917794506
0.380495 17.253580073664 39.6930686119066
0.380995 17.2762526187351 38.1413637723336
0.381495 17.2989251638062 36.6696723925038
0.381995 17.3215977088773 35.2398125456567
0.382495 17.3442702539484 34.19360309079
0.382995 17.3669427990195 33.1150832798849
0.383495 17.3896153440907 32.0267385473176
0.383995 17.4122878891618 31.0115339014522
0.384495 17.4349604342329 29.9808776142375
0.384995 17.457632979304 28.9418317561594
0.385495 17.4803055243751 27.9531225925566
0.385995 17.5029780694462 26.9565292283036
0.386495 17.5256506145173 25.9247209512081
0.386995 17.5483231595884 24.8783292233047
0.387495 17.5709957046595 23.6502336850571
0.387995 17.5936682497306 22.2899541580342
0.388495 17.6163407948018 20.8996530275544
0.388995 17.6390133398729 19.4006168417571
0.389495 17.661685884944 17.8573463273651
0.389995 17.6843584300151 16.287863901006
0.390495 17.7070309750862 14.5273651730489
0.390995 17.7297035201573 12.6219031466573
0.391495 17.7523760652284 10.5328934474435
0.391995 17.7750486102995 8.2117721804925
0.392495 17.7977211553706 5.77983278260174
0.392995 17.8203937004418 3.25598021357207
0.393495 17.8430662455129 0.502875374890094
0.393995 17.865738790584 -2.17131316770293
0.394495 17.8884113356551 -4.61511338028781
0.394995 17.9110838807262 -7.04726402027818
0.395495 17.9337564257973 -9.58028268556473
0.395995 17.9564289708684 -12.2919395744003
0.396495 17.9791015159395 -15.0315357589139
0.396995 18.0017740610106 -17.7022720516787
0.397495 18.0244466060817 -20.092216891263
0.397995 18.0471191511528 -22.3819259794828
0.398495 18.069791696224 -23.4537492688373
0.398995 18.0924642412951 -23.5794064584558
0.399495 18.1151367863662 -23.111773508738
0.399995 18.1378093314373 -22.0402291756611
0.400495 18.1604818765084 -20.1782475168801
0.400995 18.1831544215795 -17.4514867417711
0.401495 18.2058269666506 -14.2913185993675
0.401995 18.2284995117217 -10.8738093792507
0.402495 18.2511720567928 -7.39547343380551
0.402995 18.2738446018639 -4.05635727192667
0.403495 18.2965171469351 -1.14682600919513
0.403995 18.3191896920062 0.936299028773707
0.404495 18.3418622370773 2.8097591657613
0.404995 18.3645347821484 4.18945422809947
0.405495 18.3872073272195 4.78698140167017
0.405995 18.4098798722906 4.30260067542891
0.406495 18.4325524173617 3.18197567029752
0.406995 18.4552249624328 2.45378767437597
0.407495 18.4778975075039 1.78926579641904
0.407995 18.500570052575 1.23485364784034
0.408495 18.5232425976462 0.687488590844174
0.408995 18.5459151427173 0.170267633150736
0.409495 18.5685876877884 -0.189839467976235
0.409995 18.5912602328595 -0.79059571769739
0.410495 18.6139327779306 -1.61581439913904
0.410995 18.6366053230017 -2.8473268701911
0.411495 18.6592778680728 -3.42673535143257
0.411995 18.6819504131439 -4.80250714975345
0.412495 18.704622958215 -4.99573613354526
0.412995 18.7272955032861 -5.38572423274154
0.413495 18.7499680483573 -5.84406567006192
0.413995 18.7726405934284 -5.49220675045065
0.414495 18.7953131384995 -5.07776295427419
0.414995 18.8179856835706 -4.38804881252993
0.415495 18.8406582286417 -3.66409611696119
0.415995 18.8633307737128 -2.74899982662486
0.416495 18.8860033187839 -1.95490576373871
0.416995 18.908675863855 -0.736046110924601
0.417495 18.9313484089261 0.0193184161167636
0.417995 18.9540209539972 0.754993870792503
0.418495 18.9766934990684 1.64525559208541
0.418995 18.9993660441395 1.79408668053638
0.419495 19.0220385892106 2.08211664668176
0.419995 19.0447111342817 2.10438986297966
0.420495 19.0673836793528 2.20890277129942
0.420995 19.0900562244239 2.19933658244749
0.421495 19.112728769495 2.433889238753
0.421995 19.1354013145661 2.20226073440071
0.422495 19.1580738596372 2.25804001361039
0.422995 19.1807464047084 2.07848371783142
0.423495 19.2034189497795 2.07666832656814
0.423995 19.2260914948506 2.43090803872827
0.424495 19.2487640399217 2.64009152122141
0.424995 19.2714365849928 2.65239471589976
0.425495 19.2941091300639 3.08566833996877
0.425995 19.316781675135 3.10288646400237
0.426495 19.3394542202061 3.44583313782978
0.426995 19.3621267652772 3.87596487902438
0.427495 19.3847993103483 3.8830471353385
0.427995 19.4074718554195 3.85990060533734
0.428495 19.4301444004906 3.37022427950574
0.428995 19.4528169455617 3.07487737620205
0.429495 19.4754894906328 2.35173490058827
0.429995 19.4981620357039 1.81322606111451
0.430495 19.520834580775 1.15688561441163
0.430995 19.5435071258461 0.837726158771789
0.431495 19.5661796709172 0.161153156796459
0.431995 19.5888522159883 -0.28911068162234
0.432495 19.6115247610594 -0.656814263996881
0.432995 19.6341973061305 -0.764415700272116
0.433495 19.6568698512017 -1.1213203617107
0.433995 19.6795423962728 -1.39309744094851
0.434495 19.7022149413439 -1.83680675348972
0.434995 19.724887486415 -2.60921522159225
0.435495 19.7475600314861 -2.94876924492163
0.435995 19.7702325765572 -3.18943712966519
0.436495 19.7929051216283 -3.7700413993252
0.436995 19.8155776666994 -4.13908308299284
0.437495 19.8382502117705 -4.27500914169155
0.437995 19.8609227568416 -4.01478654987664
0.438495 19.8835953019128 -3.41623014599663
0.438995 19.9062678469839 -3.09451215714393
0.439495 19.928940392055 -2.45802132567546
0.439995 19.9516129371261 -1.5016504845661
0.440495 19.9742854821972 -0.548387869615411
0.440995 19.9969580272683 0.161561594496105
0.441495 20.0196305723394 0.665434178634521
0.441995 20.0423031174105 1.20151863101892
0.442495 20.0649756624816 1.58782729229349
0.442995 20.0876482075528 1.68767845061337
0.443495 20.1103207526239 1.59475889396913
0.443995 20.132993297695 1.44425077049761
0.444495 20.1556658427661 1.38883019280766
0.444995 20.1783383878372 1.53172682805093
0.445495 20.2010109329083 1.46325733450261
0.445995 20.2236834779794 1.84378514829799
0.446495 20.2463560230505 2.30417507569643
0.446995 20.2690285681216 2.4687728800257
0.447495 20.2917011131927 2.62499829627755
0.447995 20.3143736582638 2.72410996729426
0.448495 20.337046203335 2.64902699719889
0.448995 20.3597187484061 2.62239134370813
0.449495 20.3823912934772 2.56391665999035
0.449995 20.4050638385483 2.54273722678222
0.450495 20.4277363836194 2.69927570571864
0.450995 20.4504089286905 2.48429785782892
0.451495 20.4730814737616 2.24468806154611
0.451995 20.4957540188327 1.7714200307665
0.452495 20.5184265639038 1.63020613539382
0.452995 20.5410991089749 1.08965345321068
0.453495 20.5637716540461 0.750352754008555
0.453995 20.5864441991172 -0.00144425264538374
0.454495 20.6091167441883 -0.893935436180572
0.454995 20.6317892892594 -1.582038081575
0.455495 20.6544618343305 -2.26864006675479
0.455995 20.6771343794016 -2.85699584548497
0.456495 20.6998069244727 -3.29197023398314
0.456995 20.7224794695438 -3.69870590152518
0.457495 20.7451520146149 -4.21478423649332
0.457995 20.7678245596861 -4.51404283443669
0.458495 20.7904971047572 -4.29200288012149
0.458995 20.8131696498283 -4.58165097428389
0.459495 20.8358421948994 -4.2735251077172
0.459995 20.8585147399705 -4.13398691245036
0.460495 20.8811872850416 -3.74680472931733
0.460995 20.9038598301127 -3.12721388234012
0.461495 20.9265323751838 -2.5673211980621
0.461995 20.9492049202549 -1.68893531425426
0.462495 20.971877465326 -0.854883156315091
0.462995 20.9945500103972 -0.299644119189455
0.463495 21.0172225554683 0.276236121258028
0.463995 21.0398951005394 0.999952762324241
0.464495 21.0625676456105 1.29925321563832
0.464995 21.0852401906816 1.67081910495618
0.465495 21.1079127357527 1.91087319576971
0.465995 21.1305852808238 2.03712887535423
0.466495 21.1532578258949 1.90618545552787
0.466995 21.175930370966 1.80979760578658
0.467495 21.1986029160371 1.47718875378974
0.467995 21.2212754611082 1.11134261918675
0.468495 21.2439480061794 0.570292454265661
0.468995 21.2666205512505 0.256487844437662
0.469495 21.2892930963216 -0.164578304578286
0.469995 21.3119656413927 -0.469751322824907
0.470495 21.3346381864638 -0.723918601395985
0.470995 21.3573107315349 -1.01565864439502
0.471495 21.379983276606 -1.17458546173574
0.471995 21.4026558216771 -1.19951922225848
0.472495 21.4253283667482 -1.39159162826848
0.472995 21.4480009118193 -1.26287538073008
0.473495 21.4706734568905 -1.20145631320299
0.473995 21.4933460019616 -1.0390242383239
0.474495 21.5160185470327 -0.85550101264656
0.474995 21.5386910921038 -0.852323621663314
0.475495 21.5613636371749 -0.602599573187614
0.475995 21.584036182246 -0.37481526604273
0.476495 21.6067087273171 -0.266681997761668
0.476995 21.6293812723882 0.0132145070090984
0.477495 21.6520538174593 0.325615009387508
0.477995 21.6747263625305 0.475731591801416
0.478495 21.6973989076016 0.742845409507155
0.478995 21.7200714526727 1.09300321801008
0.479495 21.7427439977438 1.13923433301353
0.479995 21.7654165428149 1.2385097775189
0.480495 21.788089087886 1.19073858433501
0.480995 21.8107616329571 1.40179228667531
0.481495 21.8334341780282 1.25882992594171
0.481995 21.8561067230993 1.21821597376343
0.482495 21.8787792681704 1.20370234398793
0.482995 21.9014518132415 0.967227226958879
0.483495 21.9241243583127 0.768420622888861
0.483995 21.9467969033838 0.661647146294281
0.484495 21.9694694484549 0.579833209532172
0.484995 21.992141993526 0.507328418286632
0.485495 22.0148145385971 0.583351873185045
0.485995 22.0374870836682 0.587907128006614
0.486495 22.0601596287393 0.610017562658639
0.486995 22.0828321738104 0.687593025792423
0.487495 22.1055047188815 0.672508516403063
0.487995 22.1281772639526 0.604466364554999
0.488495 22.1508498090238 0.382221581707491
0.488995 22.1735223540949 0.158469771502669
0.489495 22.196194899166 -0.00417961827397158
0.489995 22.2188674442371 -0.452576955452867
0.490495 22.2415399893082 -0.844587567646009
0.490995 22.2642125343793 -1.08818234513635
0.491495 22.2868850794504 -1.33131324342535
0.491995 22.3095576245215 -1.58380672237953
0.492495 22.3322301695926 -1.69185730593224
0.492995 22.3549027146638 -1.67997682433588
0.493495 22.3775752597349 -1.99527781074756
0.493995 22.400247804806 -2.17663647290223
0.494495 22.4229203498771 -2.21543122202436
0.494995 22.4455928949482 -2.35884245924098
0.495495 22.4682654400193 -2.08689114158989
0.495995 22.4909379850904 -2.07699350472125
0.496495 22.5136105301615 -1.93285607812927
0.496995 22.5362830752326 -1.78883618730982
0.497495 22.5589556203037 -1.61563028150026
0.497995 22.5816281653748 -1.3010261804352
0.498495 22.604300710446 -1.0267352428476
0.498995 22.6269732555171 -0.776747370741572
0.499495 22.6496458005882 -0.342325032396995
0.499995 22.6723183456593 -0.108955198749212
