# Fix print output for fix Step
0 0 0.647580003410195
0.000495000000000061 0.00204052904550025 0.800068005529147
0.000995000000000111 0.00410166949550046 1.29234432630757
0.00149500000000016 0.00616280994550067 1.40057941216664
0.00199499999999987 0.00822395039549946 1.80974660405546
0.00249499999999992 0.0102850908454997 1.63931638040577
0.00299499999999997 0.0123462312954999 2.35359170290395
0.00349500000000002 0.0144073717455001 2.38597831023797
0.00399500000000007 0.0164685121955003 2.36615811818828
0.00449500000000012 0.0185296526455005 3.37370264856227
0.004995 0.0205907930955 2.86072520167922
0.00549499999999988 0.0226519335454995 3.35478096744465
0.00599499999999993 0.0247130739954997 3.80165356153708
0.00649499999999998 0.0267742144454999 3.44838058741621
0.00699500000000003 0.0288353548955001 3.93601920282848
0.00749500000000008 0.0308964953455003 4.79997493770633
0.00799500000000013 0.0329576357955006 4.12031371308413
0.00849499999999984 0.0350187762454993 4.8279152033215
0.00899499999999989 0.0370799166954996 5.27692113686787
0.00949499999999994 0.0391410571454998 5.01241176596511
0.00999499999999999 0.0412021975955 5.26166796595619
0.010495 0.0432633380455002 5.96604396789583
0.0109950000000001 0.0453244784955004 5.62533115135823
0.0114950000000001 0.0473856189455006 5.88230729620715
0.0119949999999999 0.0494467593954994 6.7046366905022
0.0124949999999999 0.0515078998454996 6.47128073419423
0.012995 0.0535690402954998 6.44464497264506
0.013495 0.0556301807455 7.31988023482277
0.0139950000000001 0.0576913211955002 7.3226654513487
0.0144950000000001 0.0597524616455004 7.16285282174757
0.0149950000000002 0.0618136020955006 7.56234790718264
0.0154949999999999 0.0638747425454994 8.03216025170829
0.0159949999999999 0.0659358829954996 8.17536764752516
0.016495 0.0679970234454998 8.47209198004394
0.016995 0.0700581638955001 8.4230073509628
0.0174950000000001 0.0721193043455003 8.53394908228816
0.0179950000000001 0.0741804447955005 9.19210420582036
0.0184950000000002 0.0762415852455007 9.14714780632128
0.0189949999999999 0.0783027256954995 8.93734281094137
0.0194949999999999 0.0803638661454997 9.59332220982538
0.019995 0.0824250065954999 9.85382258068891
0.020495 0.0844861470455001 10.080272990839
0.0209950000000001 0.0865472874955003 10.4403814448173
0.0214950000000001 0.0886084279455005 10.4710896736609
0.021995 0.0906695683955 10.3279877451852
0.0224949999999999 0.0927307088454995 11.0701664095092
0.0229949999999999 0.0947918492954997 11.4272018542295
0.023495 0.0968529897454999 11.1870503466497
0.023995 0.0989141301955001 11.3968795568751
0.0244950000000001 0.1009752706455 11.6819280172615
0.0249950000000001 0.103036411095501 11.7008669119191
0.0254949999999998 0.105097551545499 12.3020252568533
0.0259949999999999 0.1071586919955 12.6269942046253
0.0264949999999999 0.1092198324455 12.2330952652896
0.026995 0.1112809728955 12.5578636697381
0.027495 0.1133421133455 12.9496231201552
0.0279950000000001 0.1154032537955 13.0011979076467
0.0284950000000001 0.117464394245501 13.5602567205242
0.0289949999999999 0.119525534695499 13.7681119524627
0.0294949999999999 0.1215866751455 13.2877890423019
0.029995 0.1236478155955 13.6539242001827
0.030495 0.1257089560455 14.0788103898187
0.0309950000000001 0.1277700964955 13.9208192464021
0.0314950000000001 0.1298312369455 14.4839102113759
0.031995 0.1318923773955 14.9890785105518
0.0324949999999999 0.133953517845499 14.8808886386292
0.0329949999999999 0.1360146582955 15.2299841600903
0.033495 0.1380757987455 15.5305217679784
0.033995 0.1401369391955 15.2353073231134
0.0344950000000001 0.1421980796455 15.6470777967489
0.0349950000000001 0.1442592200955 16.0645291332278
0.035495 0.1463203605455 15.9694994634513
0.0359949999999999 0.148381500995499 16.2008548394127
0.0364949999999999 0.1504426414455 16.7753789321149
0.036995 0.1525037818955 16.4566509901699
0.037495 0.1545649223455 16.6143069016762
0.0379950000000001 0.1566260627955 17.154727134629
0.0384950000000001 0.158687203245501 16.9835436596569
0.0389949999999998 0.160748343695499 17.3125897168111
0.0394949999999999 0.1628094841455 17.9335632230397
0.0399949999999999 0.1648706245955 17.8772218759464
0.040495 0.1669317650455 18.0126901796427
0.040995 0.1689929054955 18.4213433593912
0.0414950000000001 0.1710540459455 18.4671652233629
0.0419950000000001 0.173115186395501 18.7248915113075
0.0424949999999999 0.175176326845499 19.2237551203568
0.0429949999999999 0.1772374672955 19.0196971321547
0.043495 0.1792986077455 18.9471846133651
0.043995 0.1813597481955 19.4030082194037
0.0444950000000001 0.1834208886455 19.4829847750407
0.0449950000000001 0.1854820290955 19.513674665491
0.0454950000000002 0.187543169545501 20.0918354608445
0.0459949999999999 0.189604309995499 20.1827236746908
0.0464949999999999 0.1916654504455 20.0614728114107
0.046995 0.1937265908955 20.690233101261
0.047495 0.1957877313455 20.7772732642339
0.0479950000000001 0.1978488717955 20.662369314647
0.0484950000000001 0.1999100122455 21.1042920477851
0.048995 0.2019711526955 21.2300885547219
0.0494949999999999 0.204032293145499 21.1461440024123
0.0499949999999999 0.2060934335955 21.6059811980505
0.050495 0.2081545740455 21.7849575288
0.050995 0.2102157144955 21.6014684738466
0.0514950000000001 0.2122768549455 22.0738958340062
0.0519950000000001 0.214337995395501 22.3899071414732
0.0524949999999998 0.216399135845499 22.2831291962149
0.0529949999999999 0.2184602762955 22.6860525997186
0.0534949999999999 0.2205214167455 22.9961822055685
0.053995 0.2225825571955 22.8047753403575
0.054495 0.2246436976455 23.1937506273162
0.0549950000000001 0.2267048380955 23.4182308347761
0.0554950000000001 0.228765978545501 23.1997295202816
0.0559949999999998 0.230827118995499 23.6545800145602
0.0564949999999999 0.2328882594455 23.8692864493261
0.0569949999999999 0.2349493998955 23.7528682392826
0.057495 0.2370105403455 24.0852730572685
0.057995 0.2390716807955 24.4582932843834
0.0584950000000001 0.2411328212455 24.326871137384
0.058995 0.2431939616955 24.5545274483081
0.0594949999999999 0.245255102145499 24.9921930564389
0.0599949999999999 0.2473162425955 24.6771029450711
0.060495 0.2493773830455 24.9991275139347
0.060995 0.2514385234955 25.4088876588222
0.0614950000000001 0.2534996639455 25.3131410277004
0.0619950000000001 0.2555608043955 25.4925705718876
0.062495 0.2576219448455 25.940644008622
0.0629949999999999 0.259683085295499 25.8804491647796
0.0634949999999999 0.2617442257455 26.002342611563
0.063995 0.2638053661955 26.498645923357
0.064495 0.2658665066455 26.370144282935
0.0649950000000001 0.2679276470955 26.4762323067056
0.0654950000000001 0.2699887875455 26.9501261650516
0.065995 0.2720499279955 26.9562543235993
0.0664949999999999 0.274111068445499 27.0627063626408
0.0669949999999999 0.2761722088955 27.4950612582146
0.067495 0.2782333493455 27.4816423510139
0.067995 0.2802944897955 27.5105832800035
0.0684950000000001 0.2823556302455 28.0450755058376
0.0689950000000001 0.284416770695501 28.0130154905379
0.0694949999999998 0.286477911145499 28.0873236555807
0.0699949999999999 0.2885390515955 28.5256979682077
0.0704949999999999 0.2906001920455 28.7319919745746
0.070995 0.2926613324955 28.6796870727374
0.071495 0.2947224729455 29.0130427027105
0.0719950000000001 0.2967836133955 29.251322521874
0.0724950000000001 0.298844753845501 29.0593724721866
0.0729949999999999 0.300905894295499 29.4110054504245
0.0734949999999999 0.3029670347455 29.6118836812659
0.0739949999999999 0.3050281751955 29.548659559629
0.074495 0.3070893156455 29.9532207784297
0.074995 0.3091504560955 30.1075034524894
0.0754950000000001 0.3112115965455 30.0237331575273
0.075995 0.3132727369955 30.3421862704809
0.0764949999999999 0.315333877445499 30.46592343995
0.0769949999999999 0.3173950178955 30.3946361269563
0.077495 0.3194561583455 30.7423259715317
0.077995 0.3215172987955 31.0281387770772
0.0784950000000001 0.3235784392455 30.8454346590763
0.0789950000000001 0.3256395796955 31.1881533570566
0.079495 0.3277007201455 31.47253289961
0.0799949999999999 0.329761860595499 31.3904708298856
0.0804949999999999 0.3318230010455 31.7127291411544
0.080995 0.3338841414955 32.0531716319133
0.081495 0.3359452819455 32.0459803260131
0.0819950000000001 0.3380064223955 32.2243227282124
0.0824950000000001 0.3400675628455 32.3573991213097
0.082995 0.3421287032955 32.449141326683
0.0834949999999999 0.344189843745499 32.5633982487858
0.0839949999999999 0.3462509841955 32.7401674026353
0.084495 0.3483121246455 32.8177286301528
0.084995 0.3503732650955 32.9965934447996
0.0854950000000001 0.3524344055455 33.1716324281415
0.0859950000000001 0.354495545995501 33.3182971440038
0.0864949999999998 0.356556686445499 33.5274213134703
0.0869949999999999 0.3586178268955 33.6750889752285
0.0874949999999999 0.3606789673455 33.7723328119489
0.087995 0.3627401077955 33.9543890797201
0.088495 0.3648012482455 34.1191366735528
0.0889950000000001 0.3668623886955 34.3069910717269
0.089495 0.3689235291455 34.320355598169
0.0899949999999999 0.370984669595499 34.4794298081338
0.0904949999999999 0.3730458100455 34.5974600756025
0.090995 0.3751069504955 34.7934252695901
0.091495 0.3771680909455 34.9395568110294
0.0919950000000001 0.3792292313955 35.1530544250381
0.0924950000000001 0.3812903718455 35.2671868830993
0.092995 0.3833515122955 35.2862540936498
0.0934949999999999 0.385412652745499 35.4720353687105
0.0939949999999999 0.3874737931955 35.6445957904317
0.094495 0.3895349336455 35.7244054686949
0.094995 0.3915960740955 35.8845422928972
0.0954950000000001 0.3936572145455 36.0694377400482
0.0959950000000001 0.3957183549955 36.0748465421543
0.0964949999999998 0.397779495445499 36.3798855930435
0.0969949999999999 0.399840635895499 36.452479995781
0.0974949999999999 0.4019017763455 36.4353536817855
0.097995 0.4039629167955 36.651383823511
0.098495 0.4060240572455 36.7633015441142
0.0989950000000001 0.4080851976955 36.7811984065553
0.0994950000000001 0.4101463381455 37.0797206215569
0.0999949999999998 0.412207478595499 37.3961753799088
0.100495 0.414268619045499 37.2876438381591
0.100995 0.4163297594955 37.4830925924703
0.101495 0.4183908999455 37.6886304523572
0.101995 0.4204520403955 37.7305967315785
0.102495 0.4225131808455 37.8818360626739
0.102995 0.424574321295501 38.0682704019171
0.103495 0.426635461745499 37.9894537410957
0.103995 0.4286966021955 38.1481692729802
0.104495 0.4307577426455 38.4979181262543
0.104995 0.4328188830955 38.4760216591872
0.105495 0.4348800235455 38.5161485991989
0.105995 0.4369411639955 38.8075349023769
0.106495 0.4390023044455 38.8965053512504
0.106995 0.441063444895499 38.9213686394086
0.107495 0.4431245853455 39.1304143313357
0.107995 0.4451857257955 39.2165738237405
0.108495 0.4472468662455 39.3960116425374
0.108995 0.4493080066955 39.5970298295208
0.109495 0.4513691471455 39.6038431257804
0.109995 0.453430287595499 39.6675855946883
0.110495 0.455491428045499 39.8064973729341
0.110995 0.4575525684955 40.023917261261
0.111495 0.4596137089455 40.0853799896454
0.111995 0.4616748493955 40.0650853943885
0.112495 0.4637359898455 40.3582609819787
0.112995 0.4657971302955 40.5788610910953
0.113495 0.467858270745499 40.670821878751
0.113995 0.4699194111955 40.6519271162025
0.114495 0.4719805516455 40.8051801885722
0.114995 0.4740416920955 40.9524441795244
0.115495 0.4761028325455 41.1140120510476
0.115995 0.4781639729955 41.1647450532375
0.116495 0.4802251134455 41.2088462262643
0.116995 0.482286253895499 41.4197169943382
0.117495 0.4843473943455 41.511802482039
0.117995 0.4864085347955 41.6071876690924
0.118495 0.4884696752455 41.7742790757134
0.118995 0.4905308156955 41.8380386620673
0.119495 0.4925919561455 41.8581463954833
0.119995 0.4946530965955 42.0883667972413
0.120495 0.496714237045499 42.1967251806401
0.120995 0.4987753774955 42.1877327003414
0.121495 0.5008365179455 42.4367308737521
0.121995 0.5028976583955 42.5442964775039
0.122495 0.5049587988455 42.5959480044955
0.122995 0.5070199392955 42.7113877130865
0.123495 0.509081079745499 42.8087501155796
0.123995 0.511142220195499 42.9025912603176
0.124495 0.5132033606455 43.0834978587848
0.124995 0.5152645010955 43.1824208747045
0.125495 0.5173256415455 43.1505089323475
0.125995 0.5193867819955 43.4887971238872
0.126495 0.5214479224455 43.482637295623
0.126995 0.523509062895499 43.6021616327499
0.127495 0.525570203345499 43.7754281517894
0.127995 0.5276313437955 43.7850016624884
0.128495 0.5296924842455 43.8010441411682
0.128995 0.5317536246955 44.0666722516622
0.129495 0.5338147651455 44.1260673561338
0.129995 0.5358759055955 44.2365622996274
0.130495 0.537937046045499 44.3667594785191
0.130995 0.539998186495499 44.4969379216713
0.131495 0.5420593269455 44.5486741608018
0.131995 0.5441204673955 44.5716002070332
0.132495 0.5461816078455 44.7398768968861
0.132995 0.5482427482955 44.8735505013851
0.133495 0.5503038887455 44.9108251514951
0.133995 0.552365029195499 44.9617353505873
0.134495 0.5544261696455 45.1438476050401
0.134995 0.5564873100955 45.1211811463826
0.135495 0.5585484505455 45.2643667536806
0.135995 0.5606095909955 45.513137681395
0.136495 0.5626707314455 45.5690257958791
0.136995 0.5647318718955 45.4786748417315
0.137495 0.566793012345499 45.7071046301388
0.137995 0.5688541527955 45.7601967205694
0.138495 0.5709152932455 45.8565399899906
0.138995 0.5729764336955 46.0680754529219
0.139495 0.5750375741455 46.0703732600177
0.139995 0.5770987145955 46.1688244969612
0.140495 0.5791598550455 46.2861627245372
0.140995 0.581220995495499 46.3601104790758
0.141495 0.5832821359455 46.2815591638631
0.141995 0.5853432763955 46.479653884285
0.142495 0.5874044168455 46.658156676077
0.142995 0.5894655572955 46.6967768425441
0.143495 0.5915266977455 46.8996351229019
0.143995 0.593587838195499 46.9285948583481
0.144495 0.595648978645499 47.0245207211642
0.144995 0.5977101190955 47.0442304177873
0.145495 0.5997712595455 47.2410823781261
0.145995 0.6018323999955 47.3060146749347
0.146495 0.6038935404455 47.2131234436347
0.146995 0.6059546808955 47.5673098090731
0.147495 0.608015821345499 47.3926895033039
0.147995 0.6100769617955 47.603759065437
0.148495 0.6121381022455 47.7966267098468
0.148995 0.6141992426955 47.8497768786242
0.149495 0.6162603831455 47.8049209630842
0.149995 0.6183215235955 47.9128742492691
0.150495 0.6203826640455 48.0994521922591
0.150995 0.622443804495499 48.1909795930692
0.151495 0.6245049449455 48.2390967838593
0.151995 0.6265660853955 48.3893032108298
0.152495 0.6286272258455 48.3879294817913
0.152995 0.6306883662955 48.363748761333
0.153495 0.6327495067455 48.6405502640835
0.153995 0.634810647195499 48.5673654946501
0.154495 0.636871787645499 48.7844658807836
0.154995 0.6389329280955 48.6746980380379
0.155495 0.6409940685455 48.9708729623633
0.155995 0.6430552089955 48.7659044030884
0.156495 0.6451163494455 49.047713374874
0.156995 0.647177489895501 49.0993775624211
0.157495 0.649238630345499 49.1688175667025
0.157995 0.651299770795499 49.3658825198597
0.158495 0.6533609112455 49.3442868230095
0.158995 0.6554220516955 49.4307239636637
0.159495 0.6574831921455 49.3572579250214
0.159995 0.6595443325955 49.7034180529435
0.160495 0.6616054730455 49.6331618704588
0.160995 0.663666613495499 49.8626671465515
0.161495 0.6657277539455 49.7107966788664
0.161995 0.6677888943955 49.9790561553663
0.162495 0.6698500348455 49.7634649652504
0.162995 0.6719111752955 50.2089183990902
0.163495 0.6739723157455 50.0265995233348
0.163995 0.6760334561955 50.2517774294237
0.164495 0.678094596645499 50.1724921879638
0.164995 0.6801557370955 50.3391424478494
0.165495 0.6822168775455 50.3273645399613
0.165995 0.6842780179955 50.5053013676954
0.166495 0.6863391584455 50.424796913811
0.166995 0.6884002988955 50.655460236344
0.167495 0.6904614393455 50.6178441325128
0.167995 0.692522579795499 50.7925132680822
0.168495 0.6945837202455 50.8006927401056
0.168995 0.6966448606955 50.8832095895415
0.169495 0.6987060011455 50.861738717304
0.169995 0.7007671415955 51.0599913193037
0.170495 0.7028282820455 51.0376907306891
0.170995 0.7048894224955 51.2457642258521
0.171495 0.706950562945499 51.1851011483592
0.171995 0.7090117033955 51.407235647306
0.172495 0.7110728438455 51.2648248327701
0.172995 0.7131339842955 51.4197288855197
0.173495 0.7151951247455 51.4483715745604
0.173995 0.7172562651955 51.4819010178545
0.174495 0.719317405645499 51.6031252696686
0.174995 0.721378546095499 51.6888619118291
0.175495 0.7234396865455 51.7863509308748
0.175995 0.7255008269955 51.7580525947582
0.176495 0.7275619674455 51.8223202274227
0.176995 0.7296231078955 51.8660862484628
0.177495 0.7316842483455 52.0016245655233
0.177995 0.733745388795499 52.110118600145
0.178495 0.735806529245499 52.1812199680866
0.178995 0.7378676696955 52.1150991576858
0.179495 0.7399288101455 52.2901327512919
0.179995 0.7419899505955 52.2237581245802
0.180495 0.7440510910455 52.5538093549913
0.180995 0.7461122314955 52.4593716069134
0.181495 0.748173371945499 52.5598383872702
0.181995 0.7502345123955 52.612533994134
0.182495 0.7522956528455 52.5741100499558
0.182995 0.7543567932955 52.6621832613291
0.183495 0.7564179337455 52.8504898475416
0.183995 0.7584790741955 52.8546990859127
0.184495 0.760540214645499 52.7625149939814
0.184995 0.762601355095499 52.869725554647
0.185495 0.7646624955455 52.9306209218978
0.185995 0.7667236359955 53.1219954534282
0.186495 0.7687847764455 53.0858367604194
0.186995 0.7708459168955 53.1267990940973
0.187495 0.7729070573455 53.3016731438227
0.187995 0.774968197795499 53.316160131939
0.188495 0.777029338245499 53.392377509945
0.188995 0.7790904786955 53.3114726885768
0.189495 0.7811516191455 53.3675591493112
0.189995 0.7832127595955 53.5420090655426
0.190495 0.7852739000455 53.4501179891827
0.190995 0.7873350404955 53.5963812538604
0.191495 0.789396180945499 53.7208049886026
0.191995 0.7914573213955 53.6752021100799
0.192495 0.7935184618455 53.7680020516905
0.192995 0.7955796022955 53.7390718149467
0.193495 0.7976407427455 53.8089620919018
0.193995 0.7997018831955 54.0446514206634
0.194495 0.8017630236455 53.995815515812
0.194995 0.803824164095499 53.9816215808353
0.195495 0.8058853045455 54.1012647428754
0.195995 0.8079464449955 54.2079789522688
0.196495 0.8100075854455 54.0260395506372
0.196995 0.8120687258955 54.3958028144824
0.197495 0.8141298663455 54.280563077866
0.197995 0.8161910067955 54.3984032929093
0.198495 0.818252147245499 54.4027023658205
0.198995 0.8203132876955 54.4639476616454
0.199495 0.8223744281455 54.4349435530193
0.199995 0.8244355685955 54.5930326637183
0.200495 0.8264967090455 54.5648798812757
0.200995 0.8285578494955 54.6744163289955
0.201495 0.830618989945499 54.6109766825712
0.201995 0.832680130395499 54.6579320482577
0.202495 0.8347412708455 54.7770679640892
0.202995 0.8368024112955 54.7383453192586
0.203495 0.8388635517455 54.8283306021948
0.203995 0.8409246921955 55.0062753244826
0.204495 0.8429858326455 54.9325342633597
0.204995 0.845046973095499 54.9676425058032
0.205495 0.847108113545499 55.0440783862484
0.205995 0.8491692539955 55.0231480333528
0.206495 0.8512303944455 55.1392711925412
0.206995 0.8532915348955 55.2716036694977
0.207495 0.8553526753455 55.2161544277621
0.207995 0.8574138157955 55.2569200305913
0.208495 0.859474956245499 55.3450351464275
0.208995 0.861536096695499 55.364596842943
0.209495 0.8635972371455 55.5642974122638
0.209995 0.8656583775955 55.5786999324738
0.210495 0.8677195180455 55.5340731983957
0.210995 0.8697806584955 55.6657284448392
0.211495 0.871841798945499 55.6986558577979
0.211995 0.873902939395499 55.7268165865218
0.212495 0.8759640798455 55.7818985785804
0.212995 0.8780252202955 55.8124466170112
0.213495 0.8800863607455 55.8265223823622
0.213995 0.8821475011955 56.0357668496553
0.214495 0.8842086416455 55.893108945284
0.214995 0.886269782095499 56.1697433501734
0.215495 0.888330922545499 55.9884244874982
0.215995 0.8903920629955 56.1474286567679
0.216495 0.8924532034455 56.2011090004896
0.216995 0.8945143438955 56.2536949452399
0.217495 0.8965754843455 56.4678360834836
0.217995 0.8986366247955 56.4014510160567
0.218495 0.900697765245499 56.4849908044473
0.218995 0.902758905695499 56.4479938104193
0.219495 0.9048200461455 56.3566832972895
0.219995 0.9068811865955 56.431707289852
0.220495 0.9089423270455 56.4915283616011
0.220995 0.9110034674955 56.5828812958502
0.221495 0.9130646079455 56.579308904157
0.221995 0.915125748395499 56.7281671031005
0.222495 0.917186888845499 56.8336488894384
0.222995 0.9192480292955 56.6139805580926
0.223495 0.9213091697455 56.8673545427286
0.223995 0.9233703101955 56.9357105156286
0.224495 0.9254314506455 56.6784378925705
0.224995 0.9274925910955 56.8267146645203
0.225495 0.929553731545499 57.140445196725
0.225995 0.9316148719955 57.2740055821212
0.226495 0.9336760124455 57.0179032656763
0.226995 0.9357371528955 56.9362319802343
0.227495 0.9377982933455 57.0420939026597
0.227995 0.9398594337955 57.309850885597
0.228495 0.9419205742455 57.3178644011907
0.228995 0.943981714695499 57.1165598001127
0.229495 0.9460428551455 57.3978145609728
0.229995 0.9481039955955 57.5850824520832
0.230495 0.9501651360455 57.5269421372444
0.230995 0.9522262764955 57.508292784199
0.231495 0.9542874169455 57.440410019679
0.231995 0.956348557395499 57.6347221541229
0.232495 0.958409697845499 57.7417023091883
0.232995 0.9604708382955 57.7372127737328
0.233495 0.9625319787455 57.6361186996373
0.233995 0.9645931191955 57.8133180788799
0.234495 0.9666542596455 57.8616670277165
0.234995 0.9687154000955 57.8558342895311
0.235495 0.970776540545499 57.8443588149172
0.235995 0.972837680995499 57.9165109037013
0.236495 0.9748988214455 57.7234918187965
0.236995 0.9769599618955 58.0422643350375
0.237495 0.9790211023455 58.2970317119512
0.237995 0.9810822427955 58.2668728537727
0.238495 0.9831433832455 58.2825405983827
0.238995 0.985204523695499 58.3035019282707
0.239495 0.9872656641455 58.3619549200594
0.239995 0.9893268045955 58.4944624765316
0.240495 0.9913879450455 58.5401213007885
0.240995 0.9934490854955 58.3231318484047
0.241495 0.9955102259455 58.528992037621
0.241995 0.997571366395499 58.5681221766541
0.242495 0.999632506845499 58.5861758004556
0.242995 1.0016936472955 58.6858577764164
0.243495 1.0037547877455 58.6403560542743
0.243995 1.0058159281955 58.6252134534517
0.244495 1.0078770686455 58.8982264281427
0.244995 1.0099382090955 58.8374465699978
0.245495 1.0119993495455 59.0577993972325
0.245995 1.0140604899955 58.5803428812538
0.246495 1.0161216304455 59.0650016703289
0.246995 1.0181827708955 58.9360080120651
0.247495 1.0202439113455 59.0946703779397
0.247995 1.0223050517955 59.1716554808505
0.248495 1.0243661922455 59.3190010923879
0.248995 1.0264273326955 59.2201537475378
0.249495 1.0284884731455 59.3080062547376
0.249995 1.0305496135955 59.480315136545
0.250495 1.0326107540455 59.2310788619664
0.250995 1.0346718944955 59.6860113959091
0.251495 1.0367330349455 59.5854754893238
0.251995 1.0387941753955 59.3739602876086
0.252495 1.0408553158455 59.756983419257
0.252995 1.0429164562955 59.5832619058266
0.253495 1.0449775967455 59.4101958812294
0.253995 1.0470387371955 59.9861525623221
0.254495 1.0490998776455 59.74791537466
0.254995 1.0511610180955 60.1333784231131
0.255495 1.0532221585455 59.8492344992683
0.255995 1.0552832989955 59.9045330253537
0.256495 1.0573444394455 60.1730059030521
0.256995 1.0594055798955 59.8436799816745
0.257495 1.0614667203455 60.5005810067607
0.257995 1.0635278607955 60.2605458472379
0.258495 1.0655890012455 60.0952800173813
0.258995 1.0676501416955 59.9034768379332
0.259495 1.0697112821455 60.4442925845869
0.259995 1.0717724225955 60.3921117309299
0.260495 1.0738335630455 60.3158184374739
0.260995 1.0758947034955 60.3568636267586
0.261495 1.0779558439455 60.253993904851
0.261995 1.0800169843955 60.3606032703634
0.262495 1.0820781248455 60.5523114164647
0.262995 1.0841392652955 60.8626315003432
0.263495 1.0862004057455 60.6708606401512
0.263995 1.0882615461955 61.1581062653395
0.264495 1.0903226866455 60.783452345446
0.264995 1.0923838270955 60.8408446725666
0.265495 1.0944449675455 61.0981785568537
0.265995 1.0965061079955 60.9655162563568
0.266495 1.0985672484455 61.3104934858718
0.266995 1.1006283888955 61.4009288339904
0.267495 1.1026895293455 61.1135983106048
0.267995 1.1047506697955 61.0256857629552
0.268495 1.1068118102455 60.8628274699613
0.268995 1.1088729506955 61.2561945921644
0.269495 1.1109340911455 61.4288817435543
0.269995 1.1129952315955 61.5685170958361
0.270495 1.1150563720455 62.0591280450266
0.270995 1.1171175124955 61.6468255230206
0.271495 1.1191786529455 61.391391112553
0.271995 1.1212397933955 61.5978727238465
0.272495 1.1233009338455 62.049327703142
0.272995 1.1253620742955 61.6531263097194
0.273495 1.1274232147455 61.9694697406936
0.273995 1.1294843551955 62.0337714215778
0.274495 1.1315454956455 62.0580664458181
0.274995 1.1336066360955 61.7848013751662
0.275495 1.1356677765455 62.2423620719717
0.275995 1.1377289169955 62.5274904079333
0.276495 1.1397900574455 62.1017534508553
0.276995 1.1418511978955 62.1162599654488
0.277495 1.1439123383455 62.777102557219
0.277995 1.1459734787955 62.5774259857944
0.278495 1.1480346192455 62.6776592222727
0.278995 1.1500957596955 62.523410789686
0.279495 1.1521569001455 62.5053019704644
0.279995 1.1542180405955 63.1160662891204
0.280495 1.1562791810455 62.415555774434
0.280995 1.1583403214955 63.0638757236896
0.281495 1.1604014619455 62.4745461914224
0.281995 1.1624626023955 62.7651489647297
0.282495 1.1645237428455 62.889497899126
0.282995 1.1665848832955 63.3985946270635
0.283495 1.1686460237455 63.3717167898578
0.283995 1.1707071641955 63.6810592934414
0.284495 1.1727683046455 63.5356417106429
0.284995 1.1748294450955 63.0900230871762
0.285495 1.1768905855455 63.8521548795955
0.285995 1.1789517259955 64.2323933362362
0.286495 1.1810128664455 63.4055272889674
0.286995 1.1830740068955 63.5346798008972
0.287495 1.1851351473455 64.2324541445194
0.287995 1.1871962877955 63.6727950206862
0.288495 1.1892574282455 64.4403620449535
0.288995 1.1913185686955 64.576265196492
0.289495 1.1933797091455 64.2681469855326
0.289995 1.1954408495955 64.5634796219853
0.290495 1.1975019900455 64.1766876738804
0.290995 1.1995631304955 64.677847616805
0.291495 1.2016242709455 64.7115808087792
0.291995 1.2036854113955 64.8773954828186
0.292495 1.2057465518455 64.6141508396487
0.292995 1.2078076922955 64.951406217403
0.293495 1.2098688327455 64.6504127098664
0.293995 1.2119299731955 64.9740671737276
0.294495 1.2139911136455 64.6964985748388
0.294995 1.2160522540955 65.5136614067252
0.295495 1.2181133945455 64.9607448523421
0.295995 1.2201745349955 65.1224751736121
0.296495 1.2222356754455 65.4857555786484
0.296995 1.2242968158955 65.7938232261866
0.297495 1.2263579563455 66.504981980897
0.297995 1.2284190967955 65.7180978282568
0.298495 1.2304802372455 65.7356537890977
0.298995 1.2325413776955 66.4471600431602
0.299495 1.2346025181455 66.6560594568553
0.299995 1.2366636585955 66.4119802528234
0.300495 1.2387247990455 66.9262492113699
0.300995 1.2407859394955 66.8906365309244
0.301495 1.2428470799455 66.8494771689816
0.301995 1.2449082203955 66.8485937685396
0.302495 1.2469693608455 66.9921206292517
0.302995 1.2490305012955 67.1847644326042
0.303495 1.2510916417455 67.2399401114319
0.303995 1.2531527821955 67.5631205440443
0.304495 1.2552139226455 67.5656980955655
0.304995 1.2572750630955 67.7694416380802
0.305495 1.2593362035455 67.8494135836097
0.305995 1.2613973439955 68.4157490953207
0.306495 1.2634584844455 68.2241762971915
0.306995 1.2655196248955 68.5522738361263
0.307495 1.2675807653455 68.8943397296351
0.307995 1.2696419057955 68.8576939630675
0.308495 1.2717030462455 68.9499447893541
0.308995 1.2737641866955 68.9186465442649
0.309495 1.2758253271455 68.9866945736748
0.309995 1.2778864675955 69.5835043897407
0.310495 1.2799476080455 69.6527467624993
0.310995 1.2820087484955 70.3220893262638
0.311495 1.2840698889455 69.6703959091206
0.311995 1.2861310293955 69.4877883812087
0.312495 1.2881921698455 70.1646353589761
0.312995 1.2902533102955 70.2892810358789
0.313495 1.2923144507455 71.2889960763941
0.313995 1.2943755911955 70.9416263090682
0.314495 1.2964367316455 71.0791602601722
0.314995 1.2984978720955 70.9639637097311
0.315495 1.3005590125455 71.3880380073931
0.315995 1.3026201529955 71.1209107163091
0.316495 1.3046812934455 71.5400538060765
0.316995 1.3067424338955 71.6618517772881
0.317495 1.3088035743455 72.2539252175822
0.317995 1.3108647147955 71.9732616888318
0.318495 1.3129258552455 72.519019758473
0.318995 1.3149869956955 72.6446917891181
0.319495 1.3170481361455 72.791880143508
0.319995 1.3191092765955 72.1550253229776
0.320495 1.3211704170455 73.2759960679676
0.320995 1.3232315574955 72.3636483444117
0.321495 1.3252926979455 73.2418061122122
0.321995 1.3273538383955 74.3321524955841
0.322495 1.3294149788455 73.4183424219196
0.322995 1.3314761192955 74.8049165883369
0.323495 1.3335372597455 74.1364560217982
0.323995 1.3355984001955 74.9273279356446
0.324495 1.3376595406455 74.8586192951782
0.324995 1.3397206810955 74.4011147503264
0.325495 1.3417818215455 74.8543023703509
0.325995 1.3438429619955 75.1415765383755
0.326495 1.3459041024455 76.0152448467132
0.326995 1.3479652428955 75.8735913977969
0.327495 1.3500263833455 75.906142749787
0.327995 1.3520875237955 77.248345099949
0.328495 1.3541486642455 76.4043540179944
0.328995 1.3562098046955 77.3992284911361
0.329495 1.3582709451455 77.4738001370563
0.329995 1.3603320855955 76.745587722729
0.330495 1.3623932260455 77.3601989095855
0.330995 1.3644543664955 78.4069271175208
0.331495 1.3665155069455 77.8124916297615
0.331995 1.3685766473955 77.9134273211598
0.332495 1.3706377878455 79.2139855982278
0.332995 1.3726989282955 78.8660129490946
0.333495 1.3747600687455 79.4245598716414
0.333995 1.3768212091955 79.2008991680745
0.334495 1.3788823496455 79.7709812112221
0.334995 1.3809434900955 80.4365120322212
0.335495 1.3830046305455 79.5465101810715
0.335995 1.3850657709955 81.2440378289065
0.336495 1.3871269114455 80.1339711405043
0.336995 1.3891880518955 80.8501326590585
0.337495 1.3912491923455 81.4529539590864
0.337995 1.3933103327955 81.6879730629652
0.338495 1.3953714732455 81.4476258523407
0.338995 1.3974326136955 82.1175291662644
0.339495 1.3994937541455 82.8166588485351
0.339995 1.4015548945955 82.8306069123491
0.340495 1.4036160350455 82.6679591638166
0.340995 1.4056771754955 83.2293306597577
0.341495 1.4077383159455 83.2732372731251
0.341995 1.4097994563955 83.3665176469144
0.342495 1.4118605968455 84.6255960946486
0.342995 1.4139217372955 84.7279643658694
0.343495 1.4159828777455 84.1754952164631
0.343995 1.4180440181955 85.2005754667918
0.344495 1.4201051586455 85.1952834432514
0.344995 1.4221662990955 85.9165631638153
0.345495 1.4242274395455 85.736748135927
0.345995 1.4262885799955 85.9603328930179
0.346495 1.4283497204455 86.2292781694911
0.346995 1.4304108608955 86.1811856138982
0.347495 1.4324720013455 86.5701593205
0.347995 1.4345331417955 88.003606111247
0.348495 1.4365942822455 86.4879886815871
0.348995 1.4386554226955 88.030781239083
0.349495 1.4407165631455 88.7714684125373
0.349995 1.4427777035955 88.215265163839
0.350495 1.4448388440455 89.5162105425642
0.350995 1.4468999844955 89.1346689777196
0.351495 1.4489611249455 89.7128231036909
0.351995 1.4510222653955 90.1688589921561
0.352495 1.4530834058455 89.2292127037848
0.352995 1.4551445462955 91.4982258432809
0.353495 1.4572056867455 90.6816817410659
0.353995 1.4592668271955 90.6312532850344
0.354495 1.4613279676455 91.4274788500846
0.354995 1.4633891080955 92.0427671613322
0.355495 1.4654502485455 91.798506662758
0.355995 1.4675113889955 92.092093213575
0.356495 1.4695725294455 92.8668674705657
0.356995 1.4716336698955 93.3002380574575
0.357495 1.4736948103455 93.1639031252379
0.357995 1.4757559507955 93.4199114309751
0.358495 1.4778170912455 93.5035832191501
0.358995 1.4798782316955 94.7440425600995
0.359495 1.4819393721455 95.0912947688661
0.359995 1.4840005125955 94.3921028527753
0.360495 1.4860616530455 96.2888814828028
0.360995 1.4881227934955 96.1350220292402
0.361495 1.4901839339455 94.8344174212944
0.361995 1.4922450743955 96.8446238749086
0.362495 1.4943062148455 97.6058029087013
0.362995 1.4963673552955 96.2807161297856
0.363495 1.4984284957455 97.1241558819479
0.363995 1.5004896361955 98.7290277971777
0.364495 1.5025507766455 98.3934142889579
0.364995 1.5046119170955 98.005268749062
0.365495 1.5066730575455 98.9313919532444
0.365995 1.5087341979955 99.5000415036026
0.366495 1.5107953384455 99.7828142854087
0.366995 1.5128564788955 99.9953821925494
0.367495 1.5149176193455 101.047705529261
0.367995 1.5169787597955 100.563563938727
0.368495 1.5190399002455 101.266462597235
0.368995 1.5211010406955 101.93426107608
0.369495 1.5231621811455 102.587532792757
0.369995 1.5252233215955 102.942704612932
0.370495 1.5272844620455 102.235633614425
0.370995 1.5293456024955 102.295798426391
0.371495 1.5314067429455 102.778795789281
0.371995 1.5334678833955 103.668916966229
0.372495 1.5355290238455 104.614052222917
0.372995 1.5375901642955 104.802715998334
0.373495 1.5396513047455 104.729641644006
0.373995 1.5417124451955 105.250585221266
0.374495 1.5437735856455 104.999692936113
0.374995 1.5458347260955 105.779542063288
0.375495 1.5478958665455 106.622823607478
0.375995 1.5499570069955 108.089842836611
0.376495 1.5520181474455 108.6375893177
0.376995 1.5540792878955 108.161716873931
0.377495 1.5561404283455 108.944817001493
0.377995 1.5582015687955 108.668231949457
0.378495 1.5602627092455 108.717063095453
0.378995 1.5623238496955 109.679651098129
0.379495 1.5643849901455 110.870695729222
0.379995 1.5664461305955 110.832394726358
0.380495 1.5685072710455 111.464902270795
0.380995 1.5705684114955 111.135210413597
0.381495 1.5726295519455 111.45767705497
0.381995 1.5746906923955 112.684555565201
0.382495 1.5767518328455 112.953234812586
0.382995 1.5788129732955 113.039520505279
0.383495 1.5808741137455 114.288233062438
0.383995 1.5829352541955 114.821137668976
0.384495 1.5849963946455 115.423164583827
0.384995 1.5870575350955 115.335742177027
0.385495 1.5891186755455 116.022074768974
0.385995 1.5911798159955 116.356739639143
0.386495 1.5932409564455 116.752162853348
0.386995 1.5953020968955 117.28797750811
0.387495 1.5973632373455 118.363672024626
0.387995 1.5994243777955 118.789827969878
0.388495 1.6014855182455 118.712841765599
0.388995 1.6035466586955 119.825290725147
0.389495 1.6056077991455 119.71752676907
0.389995 1.6076689395955 119.467336499526
0.390495 1.6097300800455 120.366330175354
0.390995 1.6117912204955 121.753810374949
0.391495 1.6138523609455 121.977654374414
0.391995 1.6159135013955 121.927097155006
0.392495 1.6179746418455 122.174327689175
0.392995 1.6200357822955 122.762683853001
0.393495 1.6220969227455 123.423228957635
0.393995 1.6241580631955 124.752080783108
0.394495 1.6262192036455 118.459824602305
0.394995 1.6282803440955 96.6080464969135
0.395495 1.6303414845455 68.2683577393005
0.395995 1.6324026249955 33.0533896610009
0.396495 1.6344637654455 9.03918150350268
0.396995 1.6365249058955 1.38824759587218
0.397495 1.6385860463455 1.33651959061166
0.397995 1.6406471867955 2.38927696403379
0.398495 1.6427083272455 3.90367337074492
0.398995 1.6447694676955 3.74783008742351
0.399495 1.6468306081455 2.06144037873192
0.399995 1.6488917485955 2.83947934952313
0.400495 1.6509528890455 3.12431483152188
0.400995 1.6530140294955 2.75474346833209
0.401495 1.6550751699455 3.23823604348858
0.401995 1.6571363103955 2.53146502670804
0.402495 1.6591974508455 2.41592855924695
0.402995 1.6612585912955 3.11217420200367
0.403495 1.6633197317455 3.51335957235144
0.403995 1.6653808721955 2.79169727876699
0.404495 1.6674420126455 3.46224471781589
0.404995 1.6695031530955 3.18749763617524
0.405495 1.6715642935455 2.99267108909077
0.405995 1.6736254339955 3.12718127336774
0.406495 1.6756865744455 2.93512861544241
0.406995 1.6777477148955 3.31728095446
0.407495 1.6798088553455 2.83678332890195
0.407995 1.6818699957955 3.1295532072704
0.408495 1.6839311362455 3.22596998076094
0.408995 1.6859922766955 2.86118450773833
0.409495 1.6880534171455 2.80941965180459
0.409995 1.6901145575955 2.74546630047086
0.410495 1.6921756980455 3.60320952673781
0.410995 1.6942368384955 3.23776966832648
0.411495 1.6962979789455 2.68476894977782
0.411995 1.6983591193955 3.39725903222389
0.412495 1.7004202598455 3.36882818651797
0.412995 1.7024814002955 2.8958227837114
0.413495 1.7045425407455 2.99450093288575
0.413995 1.7066036811955 3.24475050469848
0.414495 1.7086648216455 3.16870278413114
0.414995 1.7107259620955 3.72508626660078
0.415495 1.7127871025455 3.22124377897179
0.415995 1.7148482429955 3.27893296154851
0.416495 1.7169093834455 3.78322291200555
0.416995 1.7189705238955 3.10900065920091
0.417495 1.7210316643455 3.57923021326796
0.417995 1.7230928047955 3.29061887049473
0.418495 1.7251539452455 3.24862634315273
0.418995 1.7272150856955 3.45061157538573
0.419495 1.7292762261455 3.88970928783575
0.419995 1.7313373665955 3.2728814723292
0.420495 1.7333985070455 3.22310371103423
0.420995 1.7354596474955 3.52651845823419
0.421495 1.7375207879455 3.52021362100219
0.421995 1.7395819283955 3.57059516690648
0.422495 1.7416430688455 3.80085894002168
0.422995 1.7437042092955 3.21910040071268
0.423495 1.7457653497455 4.07908511517051
0.423995 1.7478264901955 3.79358144089232
0.424495 1.7498876306455 3.32398874773256
0.424995 1.7519487710955 3.4464480104518
0.425495 1.7540099115455 3.52747084437477
0.425995 1.7560710519955 3.67597859535032
0.426495 1.7581321924455 3.98382584066061
0.426995 1.7601933328955 3.3624756196507
0.427495 1.7622544733455 3.61486492602063
0.427995 1.7643156137955 3.24293164560587
0.428495 1.7663767542455 4.40472521071289
0.428995 1.7684378946955 3.58626475396301
0.429495 1.7704990351455 3.34631720116662
0.429995 1.7725601755955 3.87519739911858
0.430495 1.7746213160455 3.77450917850393
0.430995 1.7766824564955 3.82864487265105
0.431495 1.7787435969455 3.46261227881517
0.431995 1.7808047373955 3.60415722211623
0.432495 1.7828658778455 4.22799448831655
0.432995 1.7849270182955 3.7199859705375
0.433495 1.7869881587455 3.52331293536225
0.433995 1.7890492991955 3.55881167002951
0.434495 1.7911104396455 4.10552445221377
0.434995 1.7931715800955 3.71429626024253
0.435495 1.7952327205455 4.17411803367714
0.435995 1.7972938609955 4.03886901156854
0.436495 1.7993550014455 3.6523097269905
0.436995 1.8014161418955 3.55017240222324
0.437495 1.8034772823455 4.1202630793304
0.437995 1.8055384227955 4.17559944858942
0.438495 1.8075995632455 3.90324251333942
0.438995 1.8096607036955 3.79847683712821
0.439495 1.8117218441455 3.94515444451256
0.439995 1.8137829845955 4.12811180979521
0.440495 1.8158441250455 4.08833796727132
0.440995 1.8179052654955 3.9359179686825
0.441495 1.8199664059455 4.07519762297262
0.441995 1.8220275463955 4.3347004703876
0.442495 1.8240886868455 4.19803623776595
0.442995 1.8261498272955 3.83201648790573
0.443495 1.8282109677455 3.92524196927317
0.443995 1.8302721081955 3.86937503550816
0.444495 1.8323332486455 4.45612553973361
0.444995 1.8343943890955 4.66974287375992
0.445495 1.8364555295455 4.09685135946209
0.445995 1.8385166699955 4.21388721443513
0.446495 1.8405778104455 4.52248630889319
0.446995 1.8426389508955 4.43353408237115
0.447495 1.8447000913455 4.17837319706686
0.447995 1.8467612317955 4.48250520554959
0.448495 1.8488223722455 4.47692533153727
0.448995 1.8508835126955 4.40511494042692
0.449495 1.8529446531455 4.28724536598303
0.449995 1.8550057935955 4.53692408267115
0.450495 1.8570669340455 4.29798563094508
0.450995 1.8591280744955 4.18314324326438
0.451495 1.8611892149455 5.09760230554252
0.451995 1.8632503553955 4.78668590720618
0.452495 1.8653114958455 3.91513178910361
0.452995 1.8673726362955 4.2151268483766
0.453495 1.8694337767455 4.92588759914391
0.453995 1.8714949171955 4.92641084014973
0.454495 1.8735560576455 4.03635835332817
0.454995 1.8756171980955 3.95258827550284
0.455495 1.8776783385455 4.87006400856415
0.455995 1.8797394789955 4.82700389520107
0.456495 1.8818006194455 4.72952878838676
0.456995 1.8838617598955 4.40946604749217
0.457495 1.8859229003455 4.79200229585222
0.457995 1.8879840407955 4.96091891901579
0.458495 1.8900451812455 4.58687292246707
0.458995 1.8921063216955 4.76488108009962
0.459495 1.8941674621455 4.95537877210546
0.459995 1.8962286025955 4.78438149078774
0.460495 1.8982897430455 4.59490552106855
0.460995 1.9003508834955 4.80496861846097
0.461495 1.9024120239455 5.01109297956602
0.461995 1.9044731643955 4.59695022275831
0.462495 1.9065343048455 4.42376810626616
0.462995 1.9085954452955 4.53290208255879
0.463495 1.9106565857455 5.13274834094916
0.463995 1.9127177261955 4.83326625762304
0.464495 1.9147788666455 4.75028192306168
0.464995 1.9168400070955 5.04355241446199
0.465495 1.9189011475455 5.17717864562291
0.465995 1.9209622879955 5.09018735013926
0.466495 1.9230234284455 4.55239906451028
0.466995 1.9250845688955 4.91745492132553
0.467495 1.9271457093455 5.69535662051607
0.467995 1.9292068497955 5.33722343387222
0.468495 1.9312679902455 4.97127265445381
0.468995 1.9333291306955 4.45798508215638
0.469495 1.9353902711455 5.56586629236523
0.469995 1.9374514115955 5.14310266932191
0.470495 1.9395125520455 4.85681198213718
0.470995 1.9415736924955 5.004648463857
0.471495 1.9436348329455 5.05035446235295
0.471995 1.9456959733955 5.29559656113176
0.472495 1.9477571138455 5.209267516314
0.472995 1.9498182542955 5.08561550543689
0.473495 1.9518793947455 4.93624009163126
0.473995 1.9539405351955 5.11478801196155
0.474495 1.9560016756455 5.34512962997389
0.474995 1.9580628160955 5.07067493287211
0.475495 1.9601239565455 5.253666935731
0.475995 1.9621850969955 5.13560807690934
0.476495 1.9642462374455 5.2606365757809
0.476995 1.9663073778955 5.58623425008907
0.477495 1.9683685183455 5.40710270539998
0.477995 1.9704296587955 4.95573676835012
0.478495 1.9724907992455 4.92238873924778
0.478995 1.9745519396955 5.01629916980836
0.479495 1.9766130801455 5.96283247346051
0.479995 1.9786742205955 5.42608817480022
0.480495 1.9807353610455 5.18843613890882
0.480995 1.9827965014955 5.30117242288233
0.481495 1.9848576419455 5.1805839726471
0.481995 1.9869187823955 5.66315966340629
0.482495 1.9889799228455 5.39818851801732
0.482995 1.9910410632955 5.46166695914921
0.483495 1.9931022037455 5.79037755537519
0.483995 1.9951633441955 5.49013443709722
0.484495 1.9972244846455 5.32128618641653
0.484995 1.9992856250955 5.79554853668215
0.485495 2.0013467655455 5.46172608833031
0.485995 2.0034079059955 5.79160612219233
0.486495 2.0054690464455 5.26211671748592
0.486995 2.0075301868955 5.93630623619659
0.487495 2.0095913273455 5.92931722815395
0.487995 2.0116524677955 5.41165311268257
0.488495 2.0137136082455 5.3587817327666
0.488995 2.0157747486955 5.85442401378286
0.489495 2.0178358891455 5.793541886477
0.489995 2.0198970295955 5.75009992104998
0.490495 2.0219581700455 5.22589257390726
0.490995 2.0240193104955 5.41008221366262
0.491495 2.0260804509455 5.75078973347606
0.491995 2.0281415913955 5.68952795794456
0.492495 2.0302027318455 5.94360115139463
0.492995 2.0322638722955 5.34981561239887
0.493495 2.0343250127455 5.93173829494186
0.493995 2.0363861531955 5.74854410881342
0.494495 2.0384472936455 5.73166708698252
0.494995 2.0405084340955 5.7687834135953
0.495495 2.0425695745455 5.92061927819219
0.495995 2.0446307149955 5.84435384966408
0.496495 2.0466918554455 5.89197549184715
0.496995 2.0487529958955 5.63177686695553
0.497495 2.0508141363455 5.81572216943927
0.497995 2.0528752767955 6.1782369995097
0.498495 2.0549364172455 5.85822732180054
0.498995 2.0569975576955 5.63663668049133
0.499495 2.0590586981455 6.05313541415346
0.499995 2.0611198385955 6.05732256428969
