# Fix print output for fix Step
1.72366404181748e-16 7.105427357601e-16 -0.159010707033644
0.000495000000000233 0.00204052904550096 1.11176992780979
0.000995000000000111 0.00410166949550046 0.576596526232057
0.00149500000000016 0.00616280994550067 1.9604277230936
0.00199500000000004 0.00822395039550017 1.34026614258865
0.00249500000000009 0.0102850908455004 2.40029278704404
0.00299500000000014 0.0123462312955006 2.04013451621239
0.00349500000000019 0.0144073717455008 2.85506097045478
0.00399500000000024 0.016468512195501 3.26850788765813
0.00449500000000012 0.0185296526455005 3.5225507556209
0.00499500000000017 0.0205907930955007 4.06664609174406
0.00549500000000005 0.0226519335455002 4.65351585610205
0.0059950000000001 0.0247130739955004 3.87664945336023
0.00649500000000015 0.0267742144455006 5.86167729210334
0.0069950000000002 0.0288353548955008 4.60938960580058
0.00749500000000008 0.0308964953455003 5.95015071236718
0.00799500000000013 0.0329576357955006 6.15050843341535
0.00849500000000001 0.0350187762455001 6.82764869348425
0.00899500000000006 0.0370799166955003 6.29908717857133
0.00949500000000011 0.0391410571455005 7.3517670054396
0.00999500000000017 0.0412021975955007 7.5909265089437
0.0104950000000002 0.0432633380455009 7.89871078353857
0.0109950000000001 0.0453244784955004 8.19071483708175
0.0114950000000001 0.0473856189455006 8.79226645511549
0.011995 0.0494467593955001 8.48001436368943
0.0124950000000001 0.0515078998455003 9.77179495130688
0.0129950000000001 0.0535690402955005 9.86427072699931
0.0134950000000002 0.0556301807455007 10.4957150780516
0.0139950000000002 0.0576913211955009 9.62331317436765
0.0144950000000001 0.0597524616455004 10.8856652878809
0.0149950000000002 0.0618136020955006 11.3740630715764
0.015495 0.0638747425455001 11.4362805267229
0.0159950000000001 0.0659358829955004 11.0972664261608
0.0164950000000001 0.0679970234455006 12.1838579031357
0.0169950000000002 0.0700581638955008 12.2509252823365
0.0174950000000002 0.072119304345501 13.0531085996347
0.0179950000000001 0.0741804447955005 12.8823728282356
0.0184950000000002 0.0762415852455007 13.2910892659467
0.018995 0.0783027256955002 13.5232333948544
0.0194950000000001 0.0803638661455004 14.4556601025944
0.0199950000000001 0.0824250065955006 14.5176901036133
0.0204950000000002 0.0844861470455008 14.658581304604
0.0209950000000002 0.086547287495501 14.7233265979272
0.0214950000000001 0.0886084279455005 15.4188529210058
0.0219950000000002 0.0906695683955007 15.9199336282182
0.0224950000000001 0.0927307088455002 16.0908976534159
0.0229950000000001 0.0947918492955004 16.098909221428
0.0234950000000002 0.0968529897455006 16.3970332924767
0.0239950000000002 0.0989141301955009 16.8510257585813
0.0244950000000001 0.1009752706455 17.6521726878657
0.0249950000000001 0.103036411095501 18.010154644784
0.025495 0.1050975515455 17.8274207716969
0.0259950000000001 0.1071586919955 17.949516093959
0.0264950000000001 0.1092198324455 18.4468281045343
0.0269950000000002 0.111280972895501 18.9710256398593
0.0274950000000002 0.113342113345501 19.4823924138779
0.0279950000000001 0.1154032537955 19.9163679217599
0.0284950000000001 0.117464394245501 19.8584247876731
0.028995 0.1195255346955 19.9041968240667
0.0294950000000001 0.1215866751455 20.309595886487
0.0299950000000001 0.123647815595501 20.9674731884812
0.0304950000000002 0.125708956045501 21.2619829300445
0.0309950000000002 0.127770096495501 21.6648243613293
0.0314950000000001 0.1298312369455 21.4075496763306
0.0319950000000002 0.131892377395501 22.1788018538587
0.032495 0.1339535178455 22.2902766184585
0.0329950000000001 0.1360146582955 22.8400174539922
0.0334950000000001 0.138075798745501 22.9447754426092
0.0339950000000002 0.140136939195501 23.6786014607251
0.0344950000000002 0.142198079645501 23.4697264723192
0.0349950000000001 0.1442592200955 24.0476042970585
0.0354950000000002 0.146320360545501 23.8960094967789
0.035995 0.1483815009955 24.7251458157989
0.0364950000000001 0.1504426414455 24.6618447658776
0.0369950000000002 0.152503781895501 25.4583726738907
0.0374950000000002 0.154564922345501 25.0553667771215
0.0379950000000001 0.1566260627955 25.903065615605
0.0384950000000001 0.158687203245501 25.4454969185324
0.0389950000000002 0.160748343695501 26.4940646123559
0.0394950000000001 0.1628094841455 26.2285055957757
0.0399950000000001 0.1648706245955 26.8691306813702
0.0404950000000002 0.166931765045501 26.497324250785
0.0409950000000002 0.168992905495501 27.4010771602434
0.0414950000000001 0.1710540459455 27.3228096890192
0.0419950000000001 0.173115186395501 28.032996750678
0.042495 0.1751763268455 27.9902626252094
0.0429950000000001 0.1772374672955 28.8717026787641
0.0434950000000001 0.1792986077455 29.0340107528951
0.0439950000000002 0.181359748195501 29.472295134505
0.0444950000000002 0.183420888645501 29.4754595063864
0.0449950000000001 0.1854820290955 29.8944882184476
0.0454950000000002 0.187543169545501 30.2503282812092
0.045995 0.1896043099955 30.3365153727446
0.0464950000000001 0.1916654504455 30.4890806938005
0.0469950000000001 0.193726590895501 30.7840717095787
0.0474950000000002 0.195787731345501 31.0961954794489
0.0479950000000002 0.197848871795501 31.5475777525769
0.0484950000000001 0.1999100122455 31.6229368834443
0.0489950000000002 0.201971152695501 32.023887468605
0.049495 0.2040322931455 32.4862257845266
0.0499950000000001 0.2060934335955 32.7618867705369
0.0504950000000001 0.208154574045501 33.0427940935097
0.0509950000000002 0.210215714495501 33.3394996562526
0.0514950000000002 0.212276854945501 33.451114340982
0.0519950000000001 0.214337995395501 33.5982510999471
0.0524950000000002 0.216399135845501 34.016318880211
0.0529950000000001 0.2184602762955 34.3071955498951
0.0534950000000001 0.2205214167455 34.7065879370201
0.0539950000000002 0.222582557195501 34.8817551391396
0.0544950000000002 0.224643697645501 35.312009544573
0.0549950000000001 0.2267048380955 35.4614034183363
0.0554950000000001 0.228765978545501 35.6992414099042
0.0559950000000002 0.230827118995501 35.8449147622997
0.0564950000000001 0.2328882594455 36.0534283778612
0.0569950000000001 0.2349493998955 36.3372795786641
0.0574950000000002 0.237010540345501 36.673466459598
0.0579950000000002 0.239071680795501 37.0951085293774
0.0584950000000001 0.2411328212455 37.3681003716914
0.0589950000000002 0.243193961695501 37.6999002892501
0.059495 0.2452551021455 37.9169705107321
0.0599950000000001 0.2473162425955 38.1838491873714
0.0604950000000001 0.249377383045501 38.5198709421834
0.0609950000000002 0.251438523495501 38.7286048360903
0.0614950000000002 0.253499663945501 39.1202442847144
0.0619950000000001 0.2555608043955 39.169328138156
0.0624950000000002 0.257621944845501 39.4297952691365
0.062995 0.2596830852955 39.4994914585058
0.0634950000000001 0.2617442257455 39.9047410178427
0.0639950000000001 0.263805366195501 40.0326636918558
0.0644950000000002 0.265866506645501 40.3731883099371
0.0649950000000002 0.267927647095501 40.5359218385209
0.0654950000000001 0.2699887875455 40.9634856956025
0.0659950000000002 0.272049927995501 41.0229072270936
0.0664950000000001 0.2741110684455 41.376888500742
0.0669950000000001 0.2761722088955 41.4922440404386
0.0674950000000002 0.278233349345501 41.9226717544902
0.0679950000000002 0.280294489795501 41.927731890211
0.0684950000000003 0.282355630245501 42.4506071510249
0.0689950000000001 0.284416770695501 42.4580847887904
0.0694950000000002 0.286477911145501 42.9430185759855
0.0699950000000001 0.2885390515955 42.949074053174
0.0704950000000001 0.2906001920455 43.2823577499423
0.0709950000000002 0.292661332495501 43.3781989772599
0.0714950000000002 0.294722472945501 43.9092786803676
0.0719950000000001 0.2967836133955 44.0147031265043
0.0724950000000001 0.298844753845501 44.5174957808055
0.0729950000000002 0.300905894295501 44.5133689634757
0.0734950000000001 0.3029670347455 44.9328827235
0.0739950000000001 0.305028175195501 45.0005098100318
0.0744950000000002 0.307089315645501 45.5698473190515
0.0749950000000002 0.309150456095501 45.5207650161095
0.0754950000000001 0.3112115965455 45.7176073570572
0.0759950000000002 0.313272736995501 45.8241540762181
0.076495 0.3153338774455 46.2064108163042
0.0769950000000001 0.3173950178955 46.2177336570952
0.0774950000000001 0.319456158345501 46.7146181168227
0.0779950000000002 0.321517298795501 46.951008465928
0.0784950000000002 0.323578439245501 47.5311206638032
0.0789950000000001 0.3256395796955 47.4094913342851
0.0794950000000002 0.327700720145501 47.827525801074
0.079995 0.3297618605955 47.7219700185266
0.0804950000000001 0.3318230010455 48.167976521212
0.0809950000000002 0.333884141495501 48.2165637954052
0.0814950000000002 0.335945281945501 48.5817917642162
0.0819950000000001 0.3380064223955 48.7697300643816
0.0824950000000001 0.3400675628455 49.1321032808522
0.0829950000000002 0.342128703295501 49.357652989383
0.0834950000000001 0.3441898437455 49.6873848706229
0.0839950000000001 0.3462509841955 49.8332481833519
0.0844950000000002 0.348312124645501 50.0581235700711
0.0849950000000002 0.350373265095501 50.176122058371
0.0854950000000001 0.3524344055455 50.3627541144452
0.0859950000000001 0.354495545995501 50.6904953090974
0.0864950000000002 0.356556686445501 50.985736308279
0.0869950000000001 0.3586178268955 51.1929460360913
0.0874950000000001 0.3606789673455 51.3759734399538
0.0879950000000002 0.362740107795501 51.4407248160758
0.0884950000000002 0.364801248245501 51.7853057751558
0.0889950000000001 0.3668623886955 52.1744495747166
0.0894950000000001 0.368923529145501 52.4521893303142
0.0899950000000002 0.370984669595501 52.6299656595245
0.0904950000000001 0.3730458100455 52.5395488187028
0.0909950000000001 0.375106950495501 52.8510422912233
0.0914950000000002 0.377168090945501 53.1118051772633
0.0919950000000002 0.379229231395501 53.5317732356799
0.0924950000000001 0.3812903718455 53.6266904874544
0.0929950000000002 0.383351512295501 53.7461282553961
0.093495 0.3854126527455 53.8751969587686
0.0939950000000001 0.3874737931955 54.2175088455018
0.0944950000000001 0.389534933645501 54.3070584562934
0.0949950000000002 0.391596074095501 54.7338679965794
0.0954950000000002 0.393657214545501 54.761101466325
0.0959950000000001 0.3957183549955 54.9672790874255
0.0964950000000002 0.397779495445501 55.1967300494679
0.0969950000000001 0.3998406358955 55.4643884381691
0.0974950000000001 0.4019017763455 55.7547310377567
0.0979950000000002 0.403962916795501 56.0252767998766
0.0984950000000002 0.406024057245501 56.1041366656016
0.0989950000000001 0.4080851976955 56.2388781952455
0.0994950000000001 0.4101463381455 56.475321721707
0.0999950000000002 0.412207478595501 56.7489389078976
0.100495 0.4142686190455 56.8775738782435
0.100995 0.4163297594955 56.9974674005008
0.101495 0.418390899945501 57.2943885553452
0.101995 0.420452040395501 57.4975751586445
0.102495 0.4225131808455 57.6747860446318
0.102995 0.424574321295501 57.8715903200965
0.103495 0.426635461745501 58.1456533225865
0.103995 0.4286966021955 58.1914532610228
0.104495 0.4307577426455 58.3766382129984
0.104995 0.432818883095501 58.6744503901973
0.105495 0.434880023545501 58.8826425447316
0.105995 0.4369411639955 59.0038128875421
0.106495 0.439002304445501 59.0511649192197
0.106995 0.441063444895501 59.376233566221
0.107495 0.4431245853455 59.6614751351785
0.107995 0.445185725795501 59.7591848594441
0.108495 0.447246866245501 59.9571656466396
0.108995 0.449308006695501 60.322384610607
0.109495 0.4513691471455 60.2508406081325
0.109995 0.453430287595501 60.4071108123273
0.110495 0.4554914280455 60.6259305788207
0.110995 0.4575525684955 61.0239751202908
0.111495 0.459613708945501 60.9595875872683
0.111995 0.461674849395501 61.1982435272309
0.112495 0.4637359898455 61.4603745637289
0.112995 0.465797130295501 61.7886676364191
0.113495 0.467858270745501 61.6303210335875
0.113995 0.4699194111955 61.9784687950895
0.114495 0.4719805516455 62.4138055200897
0.114995 0.474041692095501 62.5229201107912
0.115495 0.476102832545501 62.2606174890698
0.115995 0.4781639729955 62.6557669427728
0.116495 0.480225113445501 63.1201807831263
0.116995 0.482286253895501 63.029192781698
0.117495 0.4843473943455 63.0257663340786
0.117995 0.4864085347955 63.652594028956
0.118495 0.488469675245501 63.7583614245575
0.118995 0.490530815695501 63.4623446145064
0.119495 0.4925919561455 64.1105996660361
0.119995 0.494653096595501 64.3518193163809
0.120495 0.496714237045501 64.0017347307045
0.120995 0.4987753774955 64.2938312572432
0.121495 0.500836517945501 64.8438180779376
0.121995 0.502897658395501 64.7708496504852
0.122495 0.504958798845501 64.7801514213716
0.122995 0.5070199392955 65.4080279042815
0.123495 0.509081079745501 65.3994634763182
0.123995 0.511142220195501 65.3321900078932
0.124495 0.5132033606455 65.7909065514661
0.124995 0.515264501095501 65.8843900204777
0.125495 0.517325641545501 65.7824217093062
0.125995 0.519386781995501 66.3555563684075
0.126495 0.5214479224455 66.3988543397662
0.126995 0.523509062895501 66.3301989900792
0.127495 0.525570203345501 66.7248466110876
0.127995 0.5276313437955 66.8199579397614
0.128495 0.529692484245501 66.8697058942041
0.128995 0.531753624695501 67.3916312051001
0.129495 0.5338147651455 67.5926276759224
0.129995 0.5358759055955 67.28654493663
0.130495 0.537937046045501 67.6084087684332
0.130995 0.5399981864955 67.8462074400436
0.131495 0.5420593269455 67.870795195146
0.131995 0.544120467395501 68.3334749715879
0.132495 0.546181607845501 68.0934481593147
0.132995 0.5482427482955 68.3751429172932
0.133495 0.550303888745501 68.768971829224
0.133995 0.552365029195501 68.5374986561113
0.134495 0.5544261696455 68.8894817327645
0.134995 0.5564873100955 69.0531226340148
0.135495 0.558548450545501 68.9941744757744
0.135995 0.560609590995501 69.5614203163602
0.136495 0.5626707314455 69.4242538895115
0.136995 0.564731871895501 69.4640929516693
0.137495 0.566793012345501 69.8109567425852
0.137995 0.5688541527955 69.8190299394317
0.138495 0.5709152932455 70.1107524729901
0.138995 0.572976433695501 70.1140379772075
0.139495 0.575037574145501 70.3355714117366
0.139995 0.5770987145955 70.5001378318042
0.140495 0.579159855045501 70.491272578149
0.140995 0.581220995495501 70.7374571632507
0.141495 0.5832821359455 70.9031203710675
0.141995 0.585343276395501 71.1120901909461
0.142495 0.587404416845501 71.1586628158682
0.142995 0.589465557295501 71.1732180833541
0.143495 0.5915266977455 71.4487402144463
0.143995 0.593587838195501 71.4990652227867
0.144495 0.5956489786455 71.8660981149391
0.144995 0.5977101190955 71.5669610474242
0.145495 0.599771259545501 71.8123309407777
0.145995 0.601832399995501 71.9502962649683
0.146495 0.6038935404455 72.1806391249038
0.146995 0.605954680895501 72.440943179298
0.147495 0.608015821345501 72.472808720555
0.147995 0.6100769617955 72.7635673378321
0.148495 0.6121381022455 72.5669296055138
0.148995 0.614199242695501 72.9975119014081
0.149495 0.616260383145501 72.7609052630314
0.149995 0.6183215235955 73.2513349866791
0.150495 0.620382664045501 73.4025683244518
0.150995 0.622443804495501 73.2623713648803
0.151495 0.6245049449455 73.5856993293249
0.151995 0.626566085395501 73.5171538611517
0.152495 0.628627225845501 73.8159963267167
0.152995 0.630688366295501 73.9282210972393
0.153495 0.6327495067455 74.2011422532814
0.153995 0.634810647195501 74.0901759783645
0.154495 0.636871787645501 74.3618780424249
0.154995 0.6389329280955 74.2594820775106
0.155495 0.640994068545501 74.7493814278228
0.155995 0.643055208995501 74.5110969859375
0.156495 0.645116349445501 74.9651916432336
0.156995 0.647177489895501 74.7826278470017
0.157495 0.649238630345501 75.0517401091942
0.157995 0.651299770795501 75.3751548963468
0.158495 0.6533609112455 75.1975224061632
0.158995 0.655422051695501 75.5061960752254
0.159495 0.657483192145501 75.3664686763626
0.159995 0.659544332595501 75.7186585466666
0.160495 0.661605473045501 75.716713537882
0.160995 0.663666613495501 75.8949231727589
0.161495 0.665727753945501 76.0721043403824
0.161995 0.6677888943955 75.9877971997055
0.162495 0.669850034845501 76.2272173978024
0.162995 0.671911175295501 76.1256556702394
0.163495 0.6739723157455 76.4952846202447
0.163995 0.676033456195501 76.6804809406205
0.164495 0.678094596645501 76.666532079778
0.164995 0.680155737095501 76.9384260467253
0.165495 0.6822168775455 76.857670925557
0.165995 0.684278017995501 76.9988298250079
0.166495 0.686339158445501 77.055120020015
0.166995 0.6884002988955 77.202822775777
0.167495 0.690461439345501 77.4200780433946
0.167995 0.692522579795501 77.4452450469064
0.168495 0.6945837202455 77.5570385030333
0.168995 0.6966448606955 77.6273510258702
0.169495 0.698706001145501 77.7088235513393
0.169995 0.700767141595501 77.8407513371803
0.170495 0.7028282820455 78.0822043863077
0.170995 0.704889422495501 78.0488545885361
0.171495 0.706950562945501 78.2842831815215
0.171995 0.7090117033955 78.2027030665291
0.172495 0.711072843845501 78.5489263597973
0.172995 0.713133984295501 78.2894593203539
0.173495 0.715195124745501 78.5485368300408
0.173995 0.7172562651955 78.5688805246778
0.174495 0.719317405645501 78.6829836934211
0.174995 0.721378546095501 79.1102070010927
0.175495 0.7234396865455 79.0665650649708
0.175995 0.725500826995501 79.1542273788513
0.176495 0.727561967445501 79.1274074686701
0.176995 0.729623107895501 79.1686292418753
0.177495 0.7316842483455 79.3775775806726
0.177995 0.733745388795501 79.4701724340961
0.178495 0.7358065292455 79.6079704908965
0.178995 0.7378676696955 79.6815553556723
0.179495 0.739928810145501 79.6944854266707
0.179995 0.741989950595501 79.9139047707985
0.180495 0.7440510910455 80.0677821774442
0.180995 0.746112231495501 80.0773581714104
0.181495 0.748173371945501 80.1783248066033
0.181995 0.7502345123955 80.1855399421164
0.182495 0.7522956528455 80.2462428897588
0.182995 0.754356793295501 80.3805713300355
0.183495 0.756417933745501 80.6259992884201
0.183995 0.7584790741955 80.6553871506579
0.184495 0.760540214645501 80.8249488681771
0.184995 0.762601355095501 80.7544733706441
0.185495 0.7646624955455 80.8453513986252
0.185995 0.766723635995501 81.0719605917025
0.186495 0.768784776445501 81.1950505914012
0.186995 0.770845916895501 81.1984419839587
0.187495 0.7729070573455 81.2476355002687
0.187995 0.774968197795501 81.3619768277288
0.188495 0.777029338245501 81.4970374770734
0.188995 0.7790904786955 81.4324903086497
0.189495 0.781151619145501 81.643862167497
0.189995 0.783212759595501 81.6361944711209
0.190495 0.785273900045501 81.8866950608436
0.190995 0.787335040495501 81.9233526461833
0.191495 0.789396180945501 81.7939004112612
0.191995 0.791457321395501 81.8903821814403
0.192495 0.7935184618455 82.1463276390539
0.192995 0.795579602295501 81.9404589435028
0.193495 0.797640742745501 82.3126124689491
0.193995 0.7997018831955 82.4667187829586
0.194495 0.801763023645501 82.1270547369787
0.194995 0.803824164095501 82.6812960153997
0.195495 0.805885304545501 82.2845161796999
0.195995 0.807946444995501 82.8689565931633
0.196495 0.810007585445501 82.8169522118428
0.196995 0.812068725895501 82.7131075212699
0.197495 0.814129866345501 82.98718163966
0.197995 0.816191006795501 83.087255742718
0.198495 0.818252147245501 82.9409440449972
0.198995 0.820313287695501 83.0852904177996
0.199495 0.822374428145501 83.420039112148
0.199995 0.824435568595501 83.4790969909217
0.200495 0.826496709045501 83.2467352079986
0.200995 0.8285578494955 83.4464773809335
0.201495 0.830618989945501 83.6429080977874
0.201995 0.832680130395501 83.6383882730699
0.202495 0.834741270845501 83.7904233166787
0.202995 0.836802411295501 83.9180808893557
0.203495 0.838863551745501 83.7736667049386
0.203995 0.840924692195501 83.8575883896765
0.204495 0.8429858326455 83.8157069793696
0.204995 0.845046973095501 84.3329642035846
0.205495 0.847108113545501 84.2200849432471
0.205995 0.849169253995501 84.0905349106651
0.206495 0.851230394445501 84.5305900231132
0.206995 0.853291534895501 84.1806102487729
0.207495 0.855352675345501 84.6375496546432
0.207995 0.8574138157955 84.451724908835
0.208495 0.859474956245501 84.5300130908444
0.208995 0.8615360966955 84.8142675872589
0.209495 0.8635972371455 84.7614365013731
0.209995 0.865658377595501 84.5708713222221
0.210495 0.867719518045501 84.8484572677945
0.210995 0.8697806584955 84.8188458197509
0.211495 0.871841798945501 85.4098204753396
0.211995 0.873902939395501 84.8966375337166
0.212495 0.8759640798455 85.2559254899356
0.212995 0.8780252202955 85.1233962694105
0.213495 0.880086360745501 85.3620301437865
0.213995 0.882147501195501 85.4383685193954
0.214495 0.8842086416455 85.7940779164618
0.214995 0.886269782095501 85.5043964715665
0.215495 0.888330922545501 85.7670121692867
0.215995 0.8903920629955 85.4839171771118
0.216495 0.8924532034455 85.9505377478438
0.216995 0.894514343895501 85.9370453014302
0.217495 0.896575484345501 85.8204530675836
0.217995 0.8986366247955 85.8522207566015
0.218495 0.900697765245501 86.0943762658116
0.218995 0.902758905695501 86.3796122261922
0.219495 0.9048200461455 86.30901262914
0.219995 0.906881186595501 86.181085454775
0.220495 0.908942327045501 86.6328863522872
0.220995 0.911003467495501 86.1597924000144
0.221495 0.9130646079455 86.1785103488232
0.221995 0.915125748395501 86.897355765598
0.222495 0.917186888845501 86.9959065815218
0.222995 0.9192480292955 86.821006491139
0.223495 0.921309169745501 86.7564519382953
0.223995 0.923370310195501 86.8070524661282
0.224495 0.925431450645501 87.0572014772703
0.224995 0.927492591095501 86.9228856129572
0.225495 0.929553731545501 87.1901142169265
0.225995 0.931614871995501 87.4583707613717
0.226495 0.9336760124455 87.526184314773
0.226995 0.935737152895501 87.1169704760204
0.227495 0.937798293345501 87.5333518692742
0.227995 0.939859433795501 87.7478449105305
0.228495 0.941920574245501 87.9488419565727
0.228995 0.943981714695501 87.2729735588395
0.229495 0.946042855145501 87.668145391995
0.229995 0.948103995595501 87.8929384867072
0.230495 0.950165136045501 87.9636829476047
0.230995 0.952226276495501 87.6884844682452
0.231495 0.954287416945501 87.9542406156654
0.231995 0.956348557395501 87.9132371360049
0.232495 0.958409697845501 87.8561856049043
0.232995 0.960470838295501 88.0970106329132
0.233495 0.962531978745501 88.3030558033917
0.233995 0.964593119195501 88.1536465819284
0.234495 0.966654259645501 88.0279835670622
0.234995 0.968715400095501 88.2206931102054
0.235495 0.970776540545501 88.7805909063271
0.235995 0.972837680995501 88.5664445420766
0.236495 0.974898821445501 89.0306125528628
0.236995 0.976959961895501 88.6348996343334
0.237495 0.979021102345501 89.1670551388896
0.237995 0.981082242795501 88.9902625914542
0.238495 0.983143383245501 88.7822494775126
0.238995 0.985204523695501 89.2446091007739
0.239495 0.987265664145501 89.4557780769178
0.239995 0.989326804595501 89.4775744164087
0.240495 0.991387945045501 89.5052784621742
0.240995 0.993449085495501 89.3632482582786
0.241495 0.995510225945501 89.4307777239402
0.241995 0.997571366395501 89.884921379502
0.242495 0.999632506845501 89.7616344714483
0.242995 1.0016936472955 89.515002770823
0.243495 1.0037547877455 90.1026566757966
0.243995 1.0058159281955 89.5009244749321
0.244495 1.0078770686455 89.5032418656976
0.244995 1.0099382090955 90.7212666637989
0.245495 1.0119993495455 90.3585782573986
0.245995 1.0140604899955 89.9438801371532
0.246495 1.0161216304455 90.0919597799157
0.246995 1.0181827708955 90.5144229204213
0.247495 1.0202439113455 90.1730027372245
0.247995 1.0223050517955 90.4672446159161
0.248495 1.0243661922455 90.5309672576037
0.248995 1.0264273326955 90.8072583009308
0.249495 1.0284884731455 90.5078651048402
0.249995 1.0305496135955 90.5982282240472
0.250495 1.0326107540455 90.8575077379024
0.250995 1.0346718944955 90.614457326163
0.251495 1.0367330349455 90.0385731984202
0.251995 1.0387941753955 90.7988453866327
0.252495 1.0408553158455 91.3905918547214
0.252995 1.0429164562955 91.0515612077552
0.253495 1.0449775967455 90.935899103538
0.253995 1.0470387371955 91.5675553160853
0.254495 1.0490998776455 91.9047905745599
0.254995 1.0511610180955 91.6955725881002
0.255495 1.0532221585455 91.8800415047543
0.255995 1.0552832989955 92.3181539293564
0.256495 1.0573444394455 91.9339111926776
0.256995 1.0594055798955 91.7770431629943
0.257495 1.0614667203455 92.2454179823904
0.257995 1.0635278607955 92.1594061053416
0.258495 1.0655890012455 92.1389666032365
0.258995 1.0676501416955 92.66054666431
0.259495 1.0697112821455 92.2941287512097
0.259995 1.0717724225955 92.4711245010082
0.260495 1.0738335630455 92.3000645665057
0.260995 1.0758947034955 92.6247412068748
0.261495 1.0779558439455 92.472800398356
0.261995 1.0800169843955 92.7964568997904
0.262495 1.0820781248455 92.562975882854
0.262995 1.0841392652955 92.8797848196633
0.263495 1.0862004057455 93.0587053280159
0.263995 1.0882615461955 93.0582304184062
0.264495 1.0903226866455 92.9893473115272
0.264995 1.0923838270955 92.1858151705893
0.265495 1.0944449675455 93.8949311610796
0.265995 1.0965061079955 93.4884673508863
0.266495 1.0985672484455 93.3226751834697
0.266995 1.1006283888955 93.7321169652783
0.267495 1.1026895293455 93.9652891246793
0.267995 1.1047506697955 93.6719442538959
0.268495 1.1068118102455 93.9270549935725
0.268995 1.1088729506955 94.113994374674
0.269495 1.1109340911455 94.3596441639208
0.269995 1.1129952315955 94.6770395091462
0.270495 1.1150563720455 94.1081909788662
0.270995 1.1171175124955 93.7436321694262
0.271495 1.1191786529455 94.2858162046944
0.271995 1.1212397933955 94.5967774049446
0.272495 1.1233009338455 95.5275281675394
0.272995 1.1253620742955 94.3194703849677
0.273495 1.1274232147455 95.8488911477533
0.273995 1.1294843551955 94.6051587579375
0.274495 1.1315454956455 94.9621769586909
0.274995 1.1336066360955 95.044476018709
0.275495 1.1356677765455 94.5597835028219
0.275995 1.1377289169955 96.2228633849781
0.276495 1.1397900574455 95.8992300012305
0.276995 1.1418511978955 95.5350175868755
0.277495 1.1439123383455 96.4308724777703
0.277995 1.1459734787955 95.5644153504272
0.278495 1.1480346192455 95.0568172036968
0.278995 1.1500957596955 96.2702580188516
0.279495 1.1521569001455 96.7127505984816
0.279995 1.1542180405955 96.0982512544365
0.280495 1.1562791810455 97.3098239637906
0.280995 1.1583403214955 96.2976785329345
0.281495 1.1604014619455 96.2802408720761
0.281995 1.1624626023955 97.3916649974071
0.282495 1.1645237428455 96.0567492181048
0.282995 1.1665848832955 96.0973666054284
0.283495 1.1686460237455 97.6424725237445
0.283995 1.1707071641955 97.5010011316768
0.284495 1.1727683046455 96.8858058874109
0.284995 1.1748294450955 97.2859475380957
0.285495 1.1768905855455 98.5254279078538
0.285995 1.1789517259955 97.0412530301052
0.286495 1.1810128664455 98.0207595726139
0.286995 1.1830740068955 98.0650726829439
0.287495 1.1851351473455 97.0354814342751
0.287995 1.1871962877955 97.4387445788495
0.288495 1.1892574282455 97.4767507244296
0.288995 1.1913185686955 98.986072558507
0.289495 1.1933797091455 98.5726491475973
0.289995 1.1954408495955 98.6481002434376
0.290495 1.1975019900455 98.5266430985465
0.290995 1.1995631304955 98.5064419194943
0.291495 1.2016242709455 99.1281685254251
0.291995 1.2036854113955 99.3324071692674
0.292495 1.2057465518455 99.4271159104257
0.292995 1.2078076922955 100.245903139807
0.293495 1.2098688327455 98.9375878373058
0.293995 1.2119299731955 100.275492252422
0.294495 1.2139911136455 99.8131297271581
0.294995 1.2160522540955 99.6480140733678
0.295495 1.2181133945455 99.9759591136568
0.295995 1.2201745349955 100.575381385625
0.296495 1.2222356754455 100.869097375392
0.296995 1.2242968158955 99.4364790578155
0.297495 1.2263579563455 102.319763395838
0.297995 1.2284190967955 101.003076025106
0.298495 1.2304802372455 101.361363618096
0.298995 1.2325413776955 101.680409385628
0.299495 1.2346025181455 102.620473199924
0.299995 1.2366636585955 101.681237491676
0.300495 1.2387247990455 101.582626854022
0.300995 1.2407859394955 101.647725203242
0.301495 1.2428470799455 101.921175685619
0.301995 1.2449082203955 103.475516228003
0.302495 1.2469693608455 103.371157280245
0.302995 1.2490305012955 102.69527618155
0.303495 1.2510916417455 102.835076746411
0.303995 1.2531527821955 103.485950472189
0.304495 1.2552139226455 103.853088456082
0.304995 1.2572750630955 104.427900799156
0.305495 1.2593362035455 103.740304896104
0.305995 1.2613973439955 102.967385612778
0.306495 1.2634584844455 104.208660428572
0.306995 1.2655196248955 104.074504365038
0.307495 1.2675807653455 105.272901830798
0.307995 1.2696419057955 104.294754752494
0.308495 1.2717030462455 106.459783274087
0.308995 1.2737641866955 104.326755107636
0.309495 1.2758253271455 105.336751183865
0.309995 1.2778864675955 105.985958973835
0.310495 1.2799476080455 106.45067832015
0.310995 1.2820087484955 107.810840716284
0.311495 1.2840698889455 106.286334907738
0.311995 1.2861310293955 107.420887416332
0.312495 1.2881921698455 106.929677704563
0.312995 1.2902533102955 108.081426395139
0.313495 1.2923144507455 107.166782472948
0.313995 1.2943755911955 108.059794514104
0.314495 1.2964367316455 106.80236587171
0.314995 1.2984978720955 109.394474434191
0.315495 1.3005590125455 108.423546193693
0.315995 1.3026201529955 109.641416901257
0.316495 1.3046812934455 108.156605698035
0.316995 1.3067424338955 109.961911275389
0.317495 1.3088035743455 110.618145571899
0.317995 1.3108647147955 110.153774687201
0.318495 1.3129258552455 110.497237578118
0.318995 1.3149869956955 111.685926743919
0.319495 1.3170481361455 110.779670404149
0.319995 1.3191092765955 113.089428622676
0.320495 1.3211704170455 111.62014200943
0.320995 1.3232315574955 113.11733079483
0.321495 1.3252926979455 111.159144828348
0.321995 1.3273538383955 113.267441283806
0.322495 1.3294149788455 113.572825222317
0.322995 1.3314761192955 113.840502315177
0.323495 1.3335372597455 113.569078984957
0.323995 1.3355984001955 112.637936310039
0.324495 1.3376595406455 114.634011317256
0.324995 1.3397206810955 115.286342347238
0.325495 1.3417818215455 114.646155971274
0.325995 1.3438429619955 116.155009501343
0.326495 1.3459041024455 116.558176660018
0.326995 1.3479652428955 115.256201264745
0.327495 1.3500263833455 117.465257355755
0.327995 1.3520875237955 117.225901151858
0.328495 1.3541486642455 118.056249931337
0.328995 1.3562098046955 118.149920553012
0.329495 1.3582709451455 117.949016348202
0.329995 1.3603320855955 118.127640671812
0.330495 1.3623932260455 119.621541411905
0.330995 1.3644543664955 119.143087926646
0.331495 1.3665155069455 120.216151716946
0.331995 1.3685766473955 121.003030342695
0.332495 1.3706377878455 120.520816769032
0.332995 1.3726989282955 121.621667928828
0.333495 1.3747600687455 120.766828805753
0.333995 1.3768212091955 120.707724587079
0.334495 1.3788823496455 122.066405033572
0.334995 1.3809434900955 122.860538057579
0.335495 1.3830046305455 122.470989034791
0.335995 1.3850657709955 123.327180098358
0.336495 1.3871269114455 123.24950265732
0.336995 1.3891880518955 123.114573426567
0.337495 1.3912491923455 124.480246109788
0.337995 1.3933103327955 124.614645359767
0.338495 1.3953714732455 124.122159464192
0.338995 1.3974326136955 127.31390825559
0.339495 1.3994937541455 125.291701859843
0.339995 1.4015548945955 127.260208886412
0.340495 1.4036160350455 125.899163561312
0.340995 1.4056771754955 128.409381957556
0.341495 1.4077383159455 127.637375188978
0.341995 1.4097994563955 128.57507561098
0.342495 1.4118605968455 129.47338902807
0.342995 1.4139217372955 127.008913091522
0.343495 1.4159828777455 129.049993524421
0.343995 1.4180440181955 129.977677853718
0.344495 1.4201051586455 128.81537670285
0.344995 1.4221662990955 130.178740563679
0.345495 1.4242274395455 131.857644967543
0.345995 1.4262885799955 130.926185321024
0.346495 1.4283497204455 132.814045953517
0.346995 1.4304108608955 132.112994948122
0.347495 1.4324720013455 133.729034991933
0.347995 1.4345331417955 132.093593061178
0.348495 1.4365942822455 134.867427141171
0.348995 1.4386554226955 134.760466063192
0.349495 1.4407165631455 133.557098647248
0.349995 1.4427777035955 136.920800301518
0.350495 1.4448388440455 135.072098094873
0.350995 1.4468999844955 134.788205080675
0.351495 1.4489611249455 137.980578538779
0.351995 1.4510222653955 137.258672765975
0.352495 1.4530834058455 136.889827939992
0.352995 1.4551445462955 138.327413190174
0.353495 1.4572056867455 138.371991630593
0.353995 1.4592668271955 138.958976529155
0.354495 1.4613279676455 139.979479684383
0.354995 1.4633891080955 139.411242063658
0.355495 1.4654502485455 142.206210369327
0.355995 1.4675113889955 138.853267022644
0.356495 1.4695725294455 143.283095718873
0.356995 1.4716336698955 142.405933774891
0.357495 1.4736948103455 141.3945971611
0.357995 1.4757559507955 143.224159413892
0.358495 1.4778170912455 144.030253352672
0.358995 1.4798782316955 144.496492542367
0.359495 1.4819393721455 144.791038411675
0.359995 1.4840005125955 145.065221032359
0.360495 1.4860616530455 146.892265034244
0.360995 1.4881227934955 146.15917495191
0.361495 1.4901839339455 147.374219196658
0.361995 1.4922450743955 148.104066903497
0.362495 1.4943062148455 148.376635689906
0.362995 1.4963673552955 146.695991470971
0.363495 1.4984284957455 149.164154335104
0.363995 1.5004896361955 151.473330462897
0.364495 1.5025507766455 149.858075217636
0.364995 1.5046119170955 149.982912002881
0.365495 1.5066730575455 150.443745438727
0.365995 1.5087341979955 151.95780136481
0.366495 1.5107953384455 150.599081039195
0.366995 1.5128564788955 154.005923618244
0.367495 1.5149176193455 153.938617173797
0.367995 1.5169787597955 154.008611854952
0.368495 1.5190399002455 154.88382467646
0.368995 1.5211010406955 155.483068596634
0.369495 1.5231621811455 155.184456511907
0.369995 1.5252233215955 157.884635705053
0.370495 1.5272844620455 156.644596698152
0.370995 1.5293456024955 157.262413986576
0.371495 1.5314067429455 158.436039866929
0.371995 1.5334678833955 159.287330101559
0.372495 1.5355290238455 160.031793048276
0.372995 1.5375901642955 160.796640214109
0.373495 1.5396513047455 161.127979371378
0.373995 1.5417124451955 161.655919346305
0.374495 1.5437735856455 162.937984878459
0.374995 1.5458347260955 162.904234083086
0.375495 1.5478958665455 162.840993308331
0.375995 1.5499570069955 163.71768699093
0.376495 1.5520181474455 165.234277043836
0.376995 1.5540792878955 164.965798300495
0.377495 1.5561404283455 167.422427379493
0.377995 1.5582015687955 166.427356671068
0.378495 1.5602627092455 167.290254823237
0.378995 1.5623238496955 168.636029824395
0.379495 1.5643849901455 169.987177084482
0.379995 1.5664461305955 170.909937706774
0.380495 1.5685072710455 170.222054617412
0.380995 1.5705684114955 170.629225193637
0.381495 1.5726295519455 172.057989980533
0.381995 1.5746906923955 172.896181142495
0.382495 1.5767518328455 173.613027213729
0.382995 1.5788129732955 174.446974932612
0.383495 1.5808741137455 173.68372831659
0.383995 1.5829352541955 175.55045010826
0.384495 1.5849963946455 176.803784598305
0.384995 1.5870575350955 176.891652260891
0.385495 1.5891186755455 178.454638813175
0.385995 1.5911798159955 178.605810361627
0.386495 1.5932409564455 179.609858561308
0.386995 1.5953020968955 180.838055506919
0.387495 1.5973632373455 181.791289558217
0.387995 1.5994243777955 179.77050937478
0.388495 1.6014855182455 181.006773540359
0.388995 1.6035466586955 181.810269937183
0.389495 1.6056077991455 182.532364089661
0.389995 1.6076689395955 183.853480753728
0.390495 1.6097300800455 184.586540244444
0.390995 1.6117912204955 186.073578586309
0.391495 1.6138523609455 186.706557056062
0.391995 1.6159135013955 188.939335856296
0.392495 1.6179746418455 187.853622860286
0.392995 1.6200357822955 189.644453391646
0.393495 1.6220969227455 188.384971982403
0.393995 1.6241580631955 189.494812429435
0.394495 1.6262192036455 189.97112805885
0.394995 1.6282803440955 190.949610390904
0.395495 1.6303414845455 191.790673455178
0.395995 1.6324026249955 193.413233327585
0.396495 1.6344637654455 193.48908257885
0.396995 1.6365249058955 194.702354075594
0.397495 1.6385860463455 195.868063645217
0.397995 1.6406471867955 197.084064803321
0.398495 1.6427083272455 199.155236818066
0.398995 1.6447694676955 192.848931471915
0.399495 1.6468306081455 148.970883250917
0.399995 1.6488917485955 78.3705195231351
0.400495 1.6509528890455 26.7341352905164
0.400995 1.6530140294955 17.9239955322862
0.401495 1.6550751699455 14.2555287116127
0.401995 1.6571363103955 12.5014335205031
0.402495 1.6591974508455 12.1648509425159
0.402995 1.6612585912955 13.4403868407566
0.403495 1.6633197317455 13.5826528741186
0.403995 1.6653808721955 14.2773320477296
0.404495 1.6674420126455 12.987164307962
0.404995 1.6695031530955 13.2673527159504
0.405495 1.6715642935455 13.4403272785113
0.405995 1.6736254339955 13.8945965900887
0.406495 1.6756865744455 12.8244571326969
0.406995 1.6777477148955 13.4807021054729
0.407495 1.6798088553455 14.2294777329316
0.407995 1.6818699957955 13.465203077523
0.408495 1.6839311362455 13.4303274982121
0.408995 1.6859922766955 13.0993092333379
0.409495 1.6880534171455 13.532928714794
0.409995 1.6901145575955 13.4236558409794
0.410495 1.6921756980455 12.9318029529903
0.410995 1.6942368384955 14.2680564018548
0.411495 1.6962979789455 13.4831872444936
0.411995 1.6983591193955 14.2378696024111
0.412495 1.7004202598455 13.4127491211334
0.412995 1.7024814002955 13.662241763786
0.413495 1.7045425407455 14.3484103537596
0.413995 1.7066036811955 14.4020218527772
0.414495 1.7086648216455 12.7037839705725
0.414995 1.7107259620955 14.1467674180967
0.415495 1.7127871025455 14.2957520013003
0.415995 1.7148482429955 13.6334843746411
0.416495 1.7169093834455 13.5150474641158
0.416995 1.7189705238955 14.2980399050251
0.417495 1.7210316643455 14.4122882012931
0.417995 1.7230928047955 13.7763716318882
0.418495 1.7251539452455 14.4342810955542
0.418995 1.7272150856955 13.9003476979681
0.419495 1.7292762261455 13.8338877447879
0.419995 1.7313373665955 13.2147390470525
0.420495 1.7333985070455 14.5085601005752
0.420995 1.7354596474955 14.0433940495588
0.421495 1.7375207879455 13.5623770716297
0.421995 1.7395819283955 14.639204881842
0.422495 1.7416430688455 14.9276599836817
0.422995 1.7437042092955 14.1535421435866
0.423495 1.7457653497455 14.4636338847366
0.423995 1.7478264901955 14.1176727885939
0.424495 1.7498876306455 14.7832043596668
0.424995 1.7519487710955 14.2401851187411
0.425495 1.7540099115455 13.948562259368
0.425995 1.7560710519955 14.6914317176919
0.426495 1.7581321924455 13.5902069706577
0.426995 1.7601933328955 14.3497521119855
0.427495 1.7622544733455 13.9400624689076
0.427995 1.7643156137955 14.7283085891698
0.428495 1.7663767542455 14.5144832446724
0.428995 1.7684378946955 14.7478971123658
0.429495 1.7704990351455 14.4471974437618
0.429995 1.7725601755955 15.3814694249651
0.430495 1.7746213160455 14.2215817673727
0.430995 1.7766824564955 15.2591988775082
0.431495 1.7787435969455 15.0512808694894
0.431995 1.7808047373955 15.1017407825419
0.432495 1.7828658778455 14.9790510201759
0.432995 1.7849270182955 14.8476202769006
0.433495 1.7869881587455 15.2873172599893
0.433995 1.7890492991955 16.3360533155951
0.434495 1.7911104396455 15.2390638050419
0.434995 1.7931715800955 15.4917745303537
0.435495 1.7952327205455 15.5271775255962
0.435995 1.7972938609955 15.4463253141587
0.436495 1.7993550014455 16.0810775773991
0.436995 1.8014161418955 15.415751133354
0.437495 1.8034772823455 15.2021884530998
0.437995 1.8055384227955 14.2359564946139
0.438495 1.8075995632455 15.7785017806041
0.438995 1.8096607036955 15.5961636553374
0.439495 1.8117218441455 15.1568287858634
0.439995 1.8137829845955 15.9298318208232
0.440495 1.8158441250455 15.2112800443906
0.440995 1.8179052654955 15.927326671289
0.441495 1.8199664059455 15.5809169066968
0.441995 1.8220275463955 15.7695353675328
0.442495 1.8240886868455 15.7897511090273
0.442995 1.8261498272955 15.6194509093322
0.443495 1.8282109677455 16.0869602350688
0.443995 1.8302721081955 16.4198068318269
0.444495 1.8323332486455 15.9437511078175
0.444995 1.8343943890955 16.2322648465099
0.445495 1.8364555295455 16.452176886848
0.445995 1.8385166699955 15.9138376386904
0.446495 1.8405778104455 16.0878838275933
0.446995 1.8426389508955 16.2292913870538
0.447495 1.8447000913455 15.285826674622
0.447995 1.8467612317955 15.9719562324784
0.448495 1.8488223722455 16.4065190619663
0.448995 1.8508835126955 16.3776676326315
0.449495 1.8529446531455 16.3322602447807
0.449995 1.8550057935955 16.8157568743764
0.450495 1.8570669340455 16.884137334226
0.450995 1.8591280744955 16.8310943436704
0.451495 1.8611892149455 15.634834280847
0.451995 1.8632503553955 16.7381105390919
0.452495 1.8653114958455 16.4057528288295
0.452995 1.8673726362955 17.6778854755222
0.453495 1.8694337767455 17.3711028231082
0.453995 1.8714949171955 16.8646111998652
0.454495 1.8735560576455 17.0854419173139
0.454995 1.8756171980955 16.8244191335615
0.455495 1.8776783385455 16.464668890592
0.455995 1.8797394789955 17.144384202653
0.456495 1.8818006194455 16.9683045535474
0.456995 1.8838617598955 16.9359410529054
0.457495 1.8859229003455 17.2805817259263
0.457995 1.8879840407955 17.9826591477289
0.458495 1.8900451812455 16.9984850427237
0.458995 1.8921063216955 17.4766429606398
0.459495 1.8941674621455 17.8776667753537
0.459995 1.8962286025955 16.8891109075884
0.460495 1.8982897430455 17.1685671439866
0.460995 1.9003508834955 17.8104284154815
0.461495 1.9024120239455 17.3147475100274
0.461995 1.9044731643955 16.888712491494
0.462495 1.9065343048455 18.2458252076538
0.462995 1.9085954452955 17.6486424325303
0.463495 1.9106565857455 18.1013916739346
0.463995 1.9127177261955 18.7727072979038
0.464495 1.9147788666455 17.3931535429568
0.464995 1.9168400070955 17.2680818136215
0.465495 1.9189011475455 17.6737461407637
0.465995 1.9209622879955 19.2647945725229
0.466495 1.9230234284455 17.8226435789506
0.466995 1.9250845688955 17.7284289553934
0.467495 1.9271457093455 17.860980310951
0.467995 1.9292068497955 19.2752254036229
0.468495 1.9312679902455 17.8176474683842
0.468995 1.9333291306955 18.0736975947321
0.469495 1.9353902711455 18.8330707136074
0.469995 1.9374514115955 18.3178316094406
0.470495 1.9395125520455 18.3385978881089
0.470995 1.9415736924955 18.6672942455406
0.471495 1.9436348329455 18.4540433577437
0.471995 1.9456959733955 18.3151112454286
0.472495 1.9477571138455 19.2625610803726
0.472995 1.9498182542955 19.3438135666564
0.473495 1.9518793947455 19.1200819608442
0.473995 1.9539405351955 18.1968912935316
0.474495 1.9560016756455 19.1872864268062
0.474995 1.9580628160955 19.1174426366618
0.475495 1.9601239565455 18.8972037646367
0.475995 1.9621850969955 19.1611288589676
0.476495 1.9642462374455 19.0115834369849
0.476995 1.9663073778955 19.1888632039609
0.477495 1.9683685183455 19.8140320973515
0.477995 1.9704296587955 18.763610888575
0.478495 1.9724907992455 19.3826445708555
0.478995 1.9745519396955 20.0697211399051
0.479495 1.9766130801455 20.3750043708302
0.479995 1.9786742205955 19.9725715031689
0.480495 1.9807353610455 19.9280543558063
0.480995 1.9827965014955 20.4487706533491
0.481495 1.9848576419455 19.5127158174336
0.481995 1.9869187823955 19.3782629400465
0.482495 1.9889799228455 19.0743678893918
0.482995 1.9910410632955 20.1591268200356
0.483495 1.9931022037455 19.9369677920153
0.483995 1.9951633441955 19.8502023074936
0.484495 1.9972244846455 20.4940259987032
0.484995 1.9992856250955 20.1975491654375
0.485495 2.0013467655455 20.0260659137251
0.485995 2.0034079059955 19.6696478020956
0.486495 2.0054690464455 21.1965494347254
0.486995 2.0075301868955 20.6169433117993
0.487495 2.0095913273455 20.9849704416581
0.487995 2.0116524677955 20.3019973616315
0.488495 2.0137136082455 20.5327726187185
0.488995 2.0157747486955 20.2769971644653
0.489495 2.0178358891455 20.5400428442241
0.489995 2.0198970295955 20.3150519421119
0.490495 2.0219581700455 21.1904006844735
0.490995 2.0240193104955 21.3438574015045
0.491495 2.0260804509455 20.9337145805943
0.491995 2.0281415913955 21.0224809755431
0.492495 2.0302027318455 21.1999808762945
0.492995 2.0322638722955 21.2239484991557
0.493495 2.0343250127455 20.7021120641958
0.493995 2.0363861531955 20.7712764263417
0.494495 2.0384472936455 20.989589421231
0.494995 2.0405084340955 21.4852334668312
0.495495 2.0425695745455 21.8215533982894
0.495995 2.0446307149955 21.3403426996979
0.496495 2.0466918554455 21.1418193455631
0.496995 2.0487529958955 21.536457840914
0.497495 2.0508141363455 22.2047746275838
0.497995 2.0528752767955 21.7794664210963
0.498495 2.0549364172455 22.2295621687192
0.498995 2.0569975576955 21.5660544416995
0.499495 2.0590586981455 21.9225492600894
0.499995 2.0611198385955 21.8747394930529
