# Fix print output for fix Step
0 0 1.27888448279068
0.000494999999999903 0.00720186731549859 1.44916301883107
0.000995000000000056 0.0144764807655008 -2.7067415969763
0.00149500000000001 0.0217510942155002 0.681036234375096
0.00199499999999997 0.0290257076654996 -1.03708584288422
0.00249499999999993 0.0363003211154989 4.06987400935678
0.00299499999999988 0.0435749345654983 4.30184577450309
0.00349499999999984 0.0508495480154977 5.38111127697237
0.003995 0.0581241614654999 1.31737195618418
0.00449499999999995 0.0653987749154993 2.07697153342242
0.00499499999999991 0.0726733883654987 2.45956902325377
0.00549500000000006 0.0799480018155009 3.0852060651444
0.00599500000000002 0.0872226152655003 5.8837525868682
0.00649499999999998 0.0944972287154997 5.13430015606004
0.00699499999999993 0.101771842165499 4.86793128630721
0.00749499999999989 0.109046455615498 5.16599594809087
0.00799499999999985 0.116321069065498 6.08108051188324
0.008495 0.1235956825155 6.42667714499276
0.00899499999999996 0.130870295965499 6.83421703909044
0.00949499999999992 0.138144909415499 7.25556045325057
0.00999500000000007 0.145419522865501 6.53738170993719
0.010495 0.1526941363155 7.45909338616464
0.010995 0.1599687497655 6.2221801076574
0.0114949999999999 0.167243363215499 7.2239624486213
0.0119949999999999 0.174517976665499 8.06635512776777
0.0124949999999999 0.181792590115498 8.21902395143686
0.0129949999999998 0.189067203565497 9.20111098293765
0.013495 0.196341817015499 9.7570905005979
0.0139949999999999 0.203616430465499 9.31289428349645
0.0144950000000001 0.210891043915501 9.1141024287586
0.014995 0.2181656573655 9.70348354368898
0.015495 0.2254402708155 10.0698770930457
0.0159949999999999 0.232714884265499 10.0994268195001
0.0164949999999999 0.239989497715499 10.485304160149
0.0169949999999999 0.247264111165498 10.41985370972
0.0174949999999998 0.254538724615497 10.9591657025285
0.017995 0.2618133380655 10.9803397225459
0.0184949999999999 0.269087951515499 12.5298138022447
0.0189950000000001 0.276362564965501 12.1879319997265
0.019495 0.283637178415501 12.5093227658051
0.019995 0.2909117918655 12.184379710556
0.020495 0.298186405315499 12.3234162763031
0.0209949999999999 0.305461018765499 12.9304788261494
0.0214949999999999 0.312735632215498 12.8857970154619
0.0219949999999998 0.320010245665497 13.7301498845091
0.022495 0.3272848591155 13.2474495737475
0.0229949999999999 0.334559472565499 13.9544797107413
0.0234949999999999 0.341834086015498 14.0648493744545
0.023995 0.349108699465501 14.8899823934174
0.024495 0.3563833129155 15.0174820720258
0.024995 0.363657926365499 15.2009758606396
0.0254949999999999 0.370932539815499 15.5282046964658
0.0259949999999999 0.378207153265498 15.1147767768417
0.0264949999999998 0.385481766715498 15.3940802324777
0.026995 0.3927563801655 15.5011926514429
0.0274949999999999 0.400030993615499 16.4314464052058
0.0279949999999999 0.407305607065499 16.8469536038404
0.0284950000000001 0.414580220515501 16.8955036852271
0.028995 0.4218548339655 17.27510725583
0.029495 0.4291294474155 17.1636735923584
0.0299949999999999 0.436404060865499 17.677638400463
0.0304949999999999 0.443678674315498 17.7357161571469
0.0309949999999998 0.450953287765498 18.1557810027056
0.031495 0.4582279012155 18.2975796814077
0.0319949999999999 0.465502514665499 17.8866203569086
0.0324949999999999 0.472777128115499 18.5704613711583
0.0329950000000001 0.480051741565501 18.837883835263
0.033495 0.4873263550155 19.6561872301933
0.033995 0.4946009684655 19.7201595573014
0.0344949999999999 0.501875581915499 19.8808513201562
0.0349949999999999 0.509150195365498 19.7806864587993
0.0354949999999998 0.516424808815498 20.0309892233426
0.035995 0.5236994222655 20.2347664475306
0.036495 0.530974035715499 20.7220984341266
0.0369949999999999 0.538248649165499 21.239974888824
0.0374950000000001 0.545523262615501 21.4106712271126
0.037995 0.5527978760655 21.3638755009754
0.038495 0.5600724895155 21.3154817624838
0.0389949999999999 0.567347102965499 21.8185640883238
0.0394949999999999 0.574621716415498 22.4699099632373
0.0399949999999999 0.581896329865498 22.4140090570954
0.040495 0.5891709433155 22.8184523491792
0.040995 0.596445556765499 22.8049099495932
0.0414949999999999 0.603720170215499 22.7480130805082
0.0419950000000001 0.610994783665501 23.081201035842
0.042495 0.6182693971155 23.4914066490403
0.042995 0.6255440105655 23.8251012494115
0.0434949999999999 0.632818624015499 24.3856919123828
0.0439949999999999 0.640093237465499 24.3364421575986
0.0444949999999999 0.647367850915498 24.5377868531852
0.044995 0.6546424643655 24.5288722410793
0.045495 0.661917077815499 24.8708879805634
0.0459949999999999 0.669191691265499 25.1627696568786
0.0464950000000001 0.676466304715501 25.4664498420671
0.046995 0.683740918165501 25.7151983519824
0.047495 0.6910155316155 26.2541054083995
0.0479949999999999 0.698290145065499 25.8507674616518
0.0484949999999999 0.705564758515499 26.4930587843958
0.0489949999999999 0.712839371965498 26.5833329383848
0.0494949999999998 0.720113985415497 27.1053730197067
0.049995 0.7273885988655 27.1057683356313
0.0504949999999999 0.734663212315499 27.4666896764764
0.0509949999999999 0.741937825765498 27.1678785824687
0.051495 0.749212439215501 27.4728372204181
0.051995 0.7564870526655 27.8457438998143
0.052495 0.763761666115499 28.4359571985094
0.0529949999999999 0.771036279565499 28.6037808171235
0.0534949999999999 0.778310893015498 28.6634982934244
0.0539949999999998 0.785585506465498 28.8025229146647
0.054495 0.7928601199155 29.0686786109899
0.0549949999999999 0.800134733365499 29.3228982973779
0.0554949999999999 0.807409346815498 29.3412911664785
0.0559950000000001 0.814683960265501 29.8924883920876
0.056495 0.8219585737155 30.2571117647517
0.056995 0.829233187165499 30.362406167321
0.0574949999999999 0.836507800615499 30.4833336150572
0.0579949999999999 0.843782414065498 30.5708055184735
0.0584949999999998 0.851057027515498 30.9735474361781
0.058995 0.8583316409655 31.1466178746108
0.0594949999999999 0.865606254415499 31.3765602922455
0.0599949999999999 0.872880867865499 31.5939353169831
0.0604950000000001 0.880155481315501 31.5194738321668
0.060995 0.8874300947655 32.1447191723811
0.061495 0.8947047082155 31.908446332404
0.0619949999999999 0.901979321665499 32.2580284656168
0.0624949999999999 0.909253935115498 32.6385761547091
0.0629949999999998 0.916528548565498 32.9205672111876
0.063495 0.9238031620155 33.294847915521
0.063995 0.931077775465499 33.1413728333438
0.0644949999999999 0.938352388915499 33.5506294433189
0.0649950000000001 0.945627002365501 33.6735296311858
0.065495 0.9529016158155 34.115497510005
0.065995 0.9601762292655 34.258409972931
0.0664949999999999 0.967450842715499 34.3780039829835
0.0669949999999999 0.974725456165498 34.7388239076737
0.0674949999999998 0.982000069615498 34.8729675434285
0.067995 0.9892746830655 35.03047433401
0.068495 0.996549296515499 35.1938515695316
0.0689949999999999 1.0038239099655 35.3612502687042
0.0694950000000001 1.0110985234155 35.5692436875814
0.069995 1.0183731368655 35.6739356146925
0.070495 1.0256477503155 35.9673800660833
0.0709949999999999 1.0329223637655 36.2391906863719
0.0714949999999999 1.0401969772155 36.628953535234
0.0719949999999999 1.0474715906655 36.8626140268302
0.072495 1.0547462041155 37.1453701471578
0.072995 1.0620208175655 37.1143805284145
0.0734949999999999 1.0692954310155 37.292069078485
0.0739950000000001 1.0765700444655 37.5060505582059
0.074495 1.0838446579155 37.6838511916532
0.074995 1.0911192713655 37.6790612411473
0.075495 1.0983938848155 38.0217634649527
0.0759949999999999 1.1056684982655 38.30666023341
0.0764949999999999 1.1129431117155 38.4169532477204
0.0769949999999998 1.1202177251655 38.7790981351649
0.077495 1.1274923386155 39.0004514101486
0.0779949999999999 1.1347669520655 39.1444000547455
0.0784949999999999 1.1420415655155 39.2592551713663
0.078995 1.1493161789655 39.6207801714852
0.079495 1.1565907924155 39.7134358064228
0.079995 1.1638654058655 39.7808113079625
0.0804949999999999 1.1711400193155 40.2801394494054
0.0809949999999999 1.1784146327655 40.1986552813087
0.0814949999999998 1.1856892462155 40.4481059712603
0.081995 1.1929638596655 40.7471074964983
0.0824949999999999 1.2002384731155 41.0763229471778
0.0829949999999999 1.2075130865655 41.2228819044931
0.083495 1.2147877000155 41.0542853821677
0.083995 1.2220623134655 41.4304498309086
0.084495 1.2293369269155 41.875202648846
0.0849949999999999 1.2366115403655 42.0989147716993
0.0854949999999999 1.2438861538155 41.8344201939911
0.0859949999999998 1.2511607672655 42.0946174494305
0.086495 1.2584353807155 42.5994193535004
0.0869949999999999 1.2657099941655 42.6540666013454
0.0874949999999999 1.2729846076155 42.7005283916016
0.087995 1.2802592210655 42.922800222673
0.088495 1.2875338345155 43.3940448070368
0.088995 1.2948084479655 43.3090768686344
0.0894949999999999 1.3020830614155 43.3651471584182
0.0899949999999999 1.3093576748655 43.6983722370096
0.0904949999999998 1.3166322883155 43.9343630542543
0.090995 1.3239069017655 44.1459432236798
0.091495 1.3311815152155 44.370172056839
0.0919949999999999 1.3384561286655 44.2611431708541
0.0924950000000001 1.3457307421155 44.6933854967433
0.092995 1.3530053555655 44.7798987193066
0.093495 1.3602799690155 44.9914337793843
0.0939949999999999 1.3675545824655 44.9667070283623
0.0944949999999999 1.3748291959155 45.3529347736133
0.0949949999999998 1.3821038093655 45.3943891281647
0.095495 1.3893784228155 45.8102671252805
0.095995 1.3966530362655 45.9631196918738
0.0964949999999999 1.4039276497155 46.0511150820237
0.0969950000000001 1.4112022631655 46.096741603092
0.097495 1.4184768766155 46.5952990535786
0.097995 1.4257514900655 46.2962474249572
0.0984949999999999 1.4330261035155 46.9254540804879
0.0989949999999999 1.4403007169655 46.8617208611846
0.0994949999999998 1.4475753304155 47.2468893239215
0.099995 1.4548499438655 46.787317176167
0.100495 1.4621245573155 47.5980759863729
0.100995 1.4693991707655 47.3985871393142
0.101495 1.4766737842155 47.971262210289
0.101995 1.4839483976655 47.744295992546
0.102495 1.4912230111155 48.1840314866741
0.102995 1.4984976245655 48.2085426144056
0.103495 1.5057722380155 48.7672711678377
0.103995 1.5130468514655 48.3558154284353
0.104495 1.5203214649155 48.8381249610709
0.104995 1.5275960783655 48.8385768028275
0.105495 1.5348706918155 49.4842956543835
0.105995 1.5421453052655 49.0022013039752
0.106495 1.5494199187155 49.3566736831594
0.106995 1.5566945321655 49.5945524345505
0.107495 1.5639691456155 49.6536056777481
0.107995 1.5712437590655 49.835610557472
0.108495 1.5785183725155 50.1752259448218
0.108995 1.5857929859655 50.2688807338601
0.109495 1.5930675994155 50.3879032669495
0.109995 1.6003422128655 50.5158990566704
0.110495 1.6076168263155 50.8026302392651
0.110995 1.6148914397655 50.7826788432861
0.111495 1.6221660532155 50.8427269872845
0.111995 1.6294406666655 51.187440506015
0.112495 1.6367152801155 51.1314386074619
0.112995 1.6439898935655 51.658223319285
0.113495 1.6512645070155 51.4173357466611
0.113995 1.6585391204655 51.9644653699844
0.114495 1.6658137339155 51.8218811752778
0.114995 1.6730883473655 52.1018820725052
0.115495 1.6803629608155 52.30828133814
0.115995 1.6876375742655 52.5412158660714
0.116495 1.6949121877155 52.5051511581282
0.116995 1.7021868011655 52.7906027544772
0.117495 1.7094614146155 52.7767620688364
0.117995 1.7167360280655 53.117493975744
0.118495 1.7240106415155 52.8536464794947
0.118995 1.7312852549655 53.5074240041759
0.119495 1.7385598684155 53.4929604596273
0.119995 1.7458344818655 53.5186813687591
0.120495 1.7531090953155 53.7174998919102
0.120995 1.7603837087655 53.9901213769744
0.121495 1.7676583222155 53.9611914282271
0.121995 1.7749329356655 53.9479502474589
0.122495 1.7822075491155 54.3710463822423
0.122995 1.7894821625655 54.5772503199728
0.123495 1.7967567760155 54.4779734106511
0.123995 1.8040313894655 54.6401859627922
0.124495 1.8113060029155 54.9818615661722
0.124995 1.8185806163655 55.1281101701209
0.125495 1.8258552298155 55.1326053349318
0.125995 1.8331298432655 55.2313454980968
0.126495 1.8404044567155 55.6182349652468
0.126995 1.8476790701655 55.3904933155388
0.127495 1.8549536836155 55.8621009259775
0.127995 1.8622282970655 55.9396654013938
0.128495 1.8695029105155 55.9927918208589
0.128995 1.8767775239655 55.990731704431
0.129495 1.8840521374155 56.4648128451716
0.129995 1.8913267508655 56.5519608838967
0.130495 1.8986013643155 56.4982545487496
0.130995 1.9058759777655 56.5311831386978
0.131495 1.9131505912155 56.7067821994517
0.131995 1.9204252046655 57.1218862182514
0.132495 1.9276998181155 57.1842790778179
0.132995 1.9349744315655 57.1680924805862
0.133495 1.9422490450155 57.1959924645811
0.133995 1.9495236584655 57.4798558893593
0.134495 1.9567982719155 57.3920553889438
0.134995 1.9640728853655 57.7406833505495
0.135495 1.9713474988155 57.8268499390023
0.135995 1.9786221122655 57.9457084836971
0.136495 1.9858967257155 57.9905107089501
0.136995 1.9931713391655 58.2355035252926
0.137495 2.0004459526155 58.383504966724
0.137995 2.0077205660655 58.5802558859715
0.138495 2.0149951795155 58.4567245740865
0.138995 2.0222697929655 58.8467606993305
0.139495 2.0295444064155 58.8954009266915
0.139995 2.0368190198655 58.9048722922159
0.140495 2.0440936333155 59.075730100642
0.140995 2.0513682467655 59.0475181128518
0.141495 2.0586428602155 59.5697105404161
0.141995 2.0659174736655 59.3715557882462
0.142495 2.0731920871155 59.6599305397561
0.142995 2.0804667005655 59.7378966074309
0.143495 2.0877413140155 59.6974786098189
0.143995 2.0950159274655 59.8228261548494
0.144495 2.1022905409155 59.9554182906212
0.144995 2.1095651543655 60.2598763242576
0.145495 2.1168397678155 60.2641767147758
0.145995 2.1241143812655 60.4439221338962
0.146495 2.1313889947155 60.5912764601712
0.146995 2.1386636081655 60.4920314745073
0.147495 2.1459382216155 60.8299840791209
0.147995 2.1532128350655 60.7026016531241
0.148495 2.1604874485155 60.96023732633
0.148995 2.1677620619655 61.0702804726655
0.149495 2.1750366754155 60.9927197464734
0.149995 2.1823112888655 61.2497686020334
0.150495 2.1895859023155 61.2226792488598
0.150995 2.1968605157655 61.6283734459888
0.151495 2.2041351292155 61.6684132490291
0.151995 2.2114097426655 61.7263542267483
0.152495 2.2186843561155 61.7442440869366
0.152995 2.2259589695655 62.0457545899536
0.153495 2.2332335830155 61.8357819645765
0.153995 2.2405081964655 62.1442445492712
0.154495 2.2477828099155 62.1563937377684
0.154995 2.2550574233655 62.6612563534974
0.155495 2.2623320368155 62.4339885864759
0.155995 2.2696066502655 62.5804433362437
0.156495 2.2768812637155 62.7348306072117
0.156995 2.2841558771655 62.8841294663457
0.157495 2.2914304906155 63.0535057376306
0.157995 2.2987051040655 63.1147243586461
0.158495 2.3059797175155 62.9498472648017
0.158995 2.3132543309655 62.9760467964539
0.159495 2.3205289444155 63.3342507477811
0.159995 2.3278035578655 63.4316497010359
0.160495 2.3350781713155 63.426633270975
0.160995 2.3423527847655 63.5366081789742
0.161495 2.3496273982155 63.7760075122897
0.161995 2.3569020116655 63.8272916562689
0.162495 2.3641766251155 63.9245451083742
0.162995 2.3714512385655 63.9504317253068
0.163495 2.3787258520155 64.0358674395961
0.163995 2.3860004654655 64.2552442820192
0.164495 2.3932750789155 64.3327184374993
0.164995 2.4005496923655 64.135324522574
0.165495 2.4078243058155 64.4409587589717
0.165995 2.4150989192655 64.5552888303773
0.166495 2.4223735327155 64.7875354327897
0.166995 2.4296481461655 64.6583380114969
0.167495 2.4369227596155 64.8182269583967
0.167995 2.4441973730655 64.9522839896666
0.168495 2.4514719865155 65.0855111886806
0.168995 2.4587465999655 65.0126024886323
0.169495 2.4660212134155 65.1941604054723
0.169995 2.4732958268655 65.0368695820299
0.170495 2.4805704403155 65.3351934431563
0.170995 2.4878450537655 65.5565180199197
0.171495 2.4951196672155 65.4616695179936
0.171995 2.5023942806655 65.4666087576246
0.172495 2.5096688941155 65.8348133943147
0.172995 2.5169435075655 65.8368088135196
0.173495 2.5242181210155 65.9124122384193
0.173995 2.5314927344655 66.1099042649075
0.174495 2.5387673479155 66.0238850646313
0.174995 2.5460419613655 66.2260499236848
0.175495 2.5533165748155 66.277817249995
0.175995 2.5605911882655 66.3895593297441
0.176495 2.5678658017155 66.1237080556135
0.176995 2.5751404151655 66.3552745912149
0.177495 2.5824150286155 66.5026437787573
0.177995 2.5896896420655 66.9403891519443
0.178495 2.5969642555155 66.701950516082
0.178995 2.6042388689655 66.7630043180523
0.179495 2.6115134824155 66.8007073720941
0.179995 2.6187880958655 67.0061594166039
0.180495 2.6260627093155 67.0513870225347
0.180995 2.6333373227655 67.0873274399599
0.181495 2.6406119362155 67.24190664938
0.181995 2.6478865496655 67.2608535589822
0.182495 2.6551611631155 67.3025708135145
0.182995 2.6624357765655 67.4976527872827
0.183495 2.6697103900155 67.4665804116067
0.183995 2.6769850034655 67.7786072046174
0.184495 2.6842596169155 67.5555435970788
0.184995 2.6915342303655 67.8581054341411
0.185495 2.6988088438155 67.9210720665427
0.185995 2.7060834572655 67.8848303404502
0.186495 2.7133580707155 68.1024575773237
0.186995 2.7206326841655 68.1032730040131
0.187495 2.7279072976155 68.1767827052006
0.187995 2.7351819110655 68.2949784986506
0.188495 2.7424565245155 68.1826089638328
0.188995 2.7497311379655 68.0723226540679
0.189495 2.7570057514155 68.6055364233353
0.189995 2.7642803648655 68.5248325422851
0.190495 2.7715549783155 68.4302790985481
0.190995 2.7788295917655 68.5222240400714
0.191495 2.7861042052155 68.8402270575261
0.191995 2.7933788186655 68.7708357986803
0.192495 2.8006534321155 68.5117031837828
0.192995 2.8079280455655 68.9649431630141
0.193495 2.8152026590155 69.1700668183207
0.193995 2.8224772724655 69.1329252471155
0.194495 2.8297518859155 68.9268330506528
0.194995 2.8370264993655 69.1111073061648
0.195495 2.8443011128155 69.1888615353522
0.195995 2.8515757262655 69.5511310034625
0.196495 2.8588503397155 69.305705915613
0.196995 2.8661249531655 69.3893589411321
0.197495 2.8733995666155 69.533759910315
0.197995 2.8806741800655 69.6780544301991
0.198495 2.8879487935155 69.6647903953832
0.198995 2.8952234069655 69.5708064861621
0.199495 2.9024980204155 69.9476332144835
0.199995 2.9097726338655 69.9545692544156
0.200495 2.9170472473155 70.0719120035644
0.200995 2.9243218607655 69.886692887292
0.201495 2.9315964742155 70.2348206721476
0.201995 2.9388710876655 70.3321894311575
0.202495 2.9461457011155 70.0963299053035
0.202995 2.9534203145655 70.1959750862288
0.203495 2.9606949280155 70.343243730433
0.203995 2.9679695414655 70.5211796320719
0.204495 2.9752441549155 70.3533122513214
0.204995 2.9825187683655 70.7557824547227
0.205495 2.9897933818155 70.5221863884889
0.205995 2.9970679952655 70.7471926093375
0.206495 3.0043426087155 70.9420115062838
0.206995 3.0116172221655 70.8480108781175
0.207495 3.0188918356155 70.8040582858754
0.207995 3.0261664490655 70.8091720994705
0.208495 3.0334410625155 71.2328910635638
0.208995 3.0407156759655 70.9652468581833
0.209495 3.0479902894155 71.0707708737031
0.209995 3.0552649028655 71.0670434819575
0.210495 3.0625395163155 71.253741409274
0.210995 3.0698141297655 71.3023368315901
0.211495 3.0770887432155 71.5478283404237
0.211995 3.0843633566655 71.4805611684975
0.212495 3.0916379701155 71.267852498694
0.212995 3.0989125835655 71.5412755271606
0.213495 3.1061871970155 71.6617591347312
0.213995 3.1134618104655 71.8339829053092
0.214495 3.1207364239155 71.7305612650907
0.214995 3.1280110373655 71.8771211356234
0.215495 3.1352856508155 71.7906452835585
0.215995 3.1425602642655 71.9407853118401
0.216495 3.1498348777155 72.1196193136573
0.216995 3.1571094911655 71.9954997089579
0.217495 3.1643841046155 72.1550586416076
0.217995 3.1716587180655 72.1057998406935
0.218495 3.1789333315155 72.3155503882572
0.218995 3.1862079449655 72.3862414760969
0.219495 3.1934825584155 72.3662428183728
0.219995 3.2007571718655 72.3165142663692
0.220495 3.2080317853155 72.3896481200285
0.220995 3.2153063987655 72.3404297722577
0.221495 3.2225810122155 72.3076381344807
0.221995 3.2298556256655 72.8867248285575
0.222495 3.2371302391155 72.5552478934606
0.222995 3.2444048525655 72.632855357654
0.223495 3.2516794660155 72.6792795174089
0.223995 3.2589540794655 72.8297629516419
0.224495 3.2662286929155 73.1046530468771
0.224995 3.2735033063655 73.0094120726192
0.225495 3.2807779198155 73.0674364316864
0.225995 3.2880525332655 72.9417551432213
0.226495 3.2953271467155 73.1376505544573
0.226995 3.3026017601655 73.1539786867651
0.227495 3.3098763736155 73.4390601700009
0.227995 3.3171509870655 73.2588248357825
0.228495 3.3244256005155 73.5375203374682
0.228995 3.3317002139655 73.291126717897
0.229495 3.3389748274155 73.4602726727858
0.229995 3.3462494408655 73.6272016239511
0.230495 3.3535240543155 73.5298529196466
0.230995 3.3607986677655 73.6844688534705
0.231495 3.3680732812155 73.7350854352169
0.231995 3.3753478946655 74.0133536697109
0.232495 3.3826225081155 73.8274984927462
0.232995 3.3898971215655 73.9151158785474
0.233495 3.3971717350155 73.899390220926
0.233995 3.4044463484655 74.0392264458208
0.234495 3.4117209619155 74.0902424936648
0.234995 3.4189955753655 73.9606523475697
0.235495 3.4262701888155 74.263646854802
0.235995 3.4335448022655 74.1943756221555
0.236495 3.4408194157155 74.3281774560731
0.236995 3.4480940291655 74.2613089827342
0.237495 3.4553686426155 74.4200612085176
0.237995 3.4626432560655 74.3951627230582
0.238495 3.4699178695155 74.6058108070996
0.238995 3.4771924829655 74.7068499082825
0.239495 3.4844670964155 74.5010203020205
0.239995 3.4917417098655 74.7990005245951
0.240495 3.4990163233155 74.6628618779328
0.240995 3.5062909367655 74.9618721518081
0.241495 3.5135655502155 74.4923879939777
0.241995 3.5208401636655 74.907918447807
0.242495 3.5281147771155 75.1487705620977
0.242995 3.5353893905655 75.0897475494209
0.243495 3.5426640040155 74.9129035147431
0.243995 3.5499386174655 75.2511120897167
0.244495 3.5572132309155 75.2807364115989
0.244995 3.5644878443655 75.2999112473737
0.245495 3.5717624578155 75.3263230995788
0.245995 3.5790370712655 75.2504229719456
0.246495 3.5863116847155 75.6615040206865
0.246995 3.5935862981655 75.5638458609484
0.247495 3.6008609116155 75.7376100240813
0.247995 3.6081355250655 75.4147579896706
0.248495 3.6154101385155 75.7667126127011
0.248995 3.6226847519655 75.7386527959868
0.249495 3.6299593654155 75.9281924831496
0.249995 3.6372339788655 75.7808916294704
0.250495 3.6445085923155 75.597591697864
0.250995 3.6517832057655 75.9390061230583
0.251495 3.6590578192155 75.6761051081565
0.251995 3.6663324326655 76.1807982436621
0.252495 3.6736070461155 76.0257137936625
0.252995 3.6808816595655 76.3960879310976
0.253495 3.6881562730155 76.083378713851
0.253995 3.6954308864655 76.4388747036349
0.254495 3.7027054999155 76.3717124832512
0.254995 3.7099801133655 76.7501105221581
0.255495 3.7172547268155 76.2539719886611
0.255995 3.7245293402655 76.3606535234696
0.256495 3.7318039537155 76.6532999566354
0.256995 3.7390785671655 77.3270754622368
0.257495 3.7463531806155 76.7916000240707
0.257995 3.7536277940655 76.7718764710311
0.258495 3.7609024075155 76.9837602526099
0.258995 3.7681770209655 77.0661794198774
0.259495 3.7754516344155 77.1476164912284
0.259995 3.7827262478655 76.9878789859686
0.260495 3.7900008613155 77.420766444961
0.260995 3.7972754747655 77.2075567815576
0.261495 3.8045500882155 77.1167753994424
0.261995 3.8118247016655 77.5847193671658
0.262495 3.8190993151155 77.3719093821498
0.262995 3.8263739285655 77.7611153117869
0.263495 3.8336485420155 77.7162805701501
0.263995 3.8409231554655 77.7784658444387
0.264495 3.8481977689155 77.6750222390437
0.264995 3.8554723823655 77.8017898529201
0.265495 3.8627469958155 77.5239460450026
0.265995 3.8700216092655 78.2008146014735
0.266495 3.8772962227155 78.1087082046719
0.266995 3.8845708361655 77.8462555363801
0.267495 3.8918454496155 78.0398930464189
0.267995 3.8991200630655 78.2848782893588
0.268495 3.9063946765155 78.6348053357236
0.268995 3.9136692899655 78.2346455729273
0.269495 3.9209439034155 78.8163995249216
0.269995 3.9282185168655 78.5377145420057
0.270495 3.9354931303155 78.5045351459597
0.270995 3.9427677437655 78.7998377366585
0.271495 3.9500423572155 78.7118740445279
0.271995 3.9573169706655 78.9168432815865
0.272495 3.9645915841155 78.9854097723123
0.272995 3.9718661975655 79.4546256589794
0.273495 3.9791408110155 78.8206461216124
0.273995 3.9864154244655 79.4355891083053
0.274495 3.9936900379155 79.604499103241
0.274995 4.0009646513655 79.8236570904285
0.275495 4.0082392648155 79.4086435497196
0.275995 4.0155138782655 79.7216208828864
0.276495 4.0227884917155 79.8865411141655
0.276995 4.0300631051655 79.9933877015753
0.277495 4.0373377186155 80.0150129816167
0.277995 4.0446123320655 79.7585268166972
0.278495 4.0518869455155 80.5157709421553
0.278995 4.0591615589655 80.1512193147598
0.279495 4.0664361724155 80.103109894578
0.279995 4.0737107858655 80.4766819938379
0.280495 4.0809853993155 80.6981140434671
0.280995 4.0882600127655 80.7416900489398
0.281495 4.0955346262155 80.5528265858991
0.281995 4.1028092396655 80.4825707981968
0.282495 4.1100838531155 80.9037850104921
0.282995 4.1173584665655 81.5569481380874
0.283495 4.1246330800155 80.8815630105669
0.283995 4.1319076934655 81.1752094789461
0.284495 4.1391823069155 81.2737943179515
0.284995 4.1464569203655 81.8938505416716
0.285495 4.1537315338155 81.7351773334117
0.285995 4.1610061472655 81.7178390809935
0.286495 4.1682807607155 81.5774221971376
0.286995 4.1755553741655 81.781397259046
0.287495 4.1828299876155 82.1087257307175
0.287995 4.1901046010655 81.9871567664767
0.288495 4.1973792145155 82.1685066741694
0.288995 4.2046538279655 82.2236717038534
0.289495 4.2119284414155 82.308336994747
0.289995 4.2192030548655 82.2640696394414
0.290495 4.2264776683155 82.6672490524068
0.290995 4.2337522817655 82.9727021197416
0.291495 4.2410268952155 82.7079761690947
0.291995 4.2483015086655 82.9993675685379
0.292495 4.2555761221155 82.987979296194
0.292995 4.2628507355655 83.6665068192783
0.293495 4.2701253490155 82.9617587311768
0.293995 4.2773999624655 83.4365427540384
0.294495 4.2846745759155 83.4948773209347
0.294995 4.2919491893655 83.7449042771292
0.295495 4.2992238028155 83.6768082456921
0.295995 4.3064984162655 84.1736073259788
0.296495 4.3137730297155 83.9928958780757
0.296995 4.3210476431655 84.1544565458224
0.297495 4.3283222566155 84.5592895274918
0.297995 4.3355968700655 84.7332465852219
0.298495 4.3428714835155 84.4206855154829
0.298995 4.3501460969655 84.8477765070126
0.299495 4.3574207104155 85.1534578977433
0.299995 4.3646953238655 85.3483954403303
0.300495 4.3719699373155 85.9384684264553
0.300995 4.3792445507655 85.2931237462591
0.301495 4.3865191642155 85.7291597609725
0.301995 4.3937937776655 85.3887812034105
0.302495 4.4010683911155 85.8711827642525
0.302995 4.4083430045655 86.2389867791684
0.303495 4.4156176180155 86.5494185141045
0.303995 4.4228922314655 86.4282344816117
0.304495 4.4301668449155 86.5628834013957
0.304995 4.4374414583655 86.8157956825718
0.305495 4.4447160718155 86.6565531628944
0.305995 4.4519906852655 87.87369111897
0.306495 4.4592652987155 86.6584862871204
0.306995 4.4665399121655 88.2042841562253
0.307495 4.4738145256155 88.2489877415849
0.307995 4.4810891390655 87.8955116410098
0.308495 4.4883637525155 88.3297411958276
0.308995 4.4956383659655 88.9236689595125
0.309495 4.5029129794155 88.5057043899896
0.309995 4.5101875928655 87.6715013395338
0.310495 4.5174622063155 89.4921181926939
0.310995 4.5247368197655 88.9878029123187
0.311495 4.5320114332155 89.4164274512312
0.311995 4.5392860466655 89.131869459411
0.312495 4.5465606601155 90.1831951446448
0.312995 4.5538352735655 89.6658832273156
0.313495 4.5611098870155 90.4103819648358
0.313995 4.5683845004655 90.3370167115849
0.314495 4.5756591139155 90.4736126877067
0.314995 4.5829337273655 91.6749476635319
0.315495 4.5902083408155 90.7370910669341
0.315995 4.5974829542655 91.6750043457798
0.316495 4.6047575677155 90.7143501549832
0.316995 4.6120321811655 91.4585738047436
0.317495 4.6193067946155 92.043558981689
0.317995 4.6265814080655 92.1846472354788
0.318495 4.6338560215155 92.1529758468652
0.318995 4.6411306349655 92.7364415555611
0.319495 4.6484052484155 92.6606848900139
0.319995 4.6556798618655 93.4631490170497
0.320495 4.6629544753155 94.116226522502
0.320995 4.6702290887655 93.1836531595959
0.321495 4.6775037022155 94.4948793215902
0.321995 4.6847783156655 93.8316278723123
0.322495 4.6920529291155 94.611413773036
0.322995 4.6993275425655 94.4373958006324
0.323495 4.7066021560155 95.1543526275937
0.323995 4.7138767694655 95.6108211083044
0.324495 4.7211513829155 95.6500158828256
0.324995 4.7284259963655 95.8893446592061
0.325495 4.7357006098155 95.9949629066182
0.325995 4.7429752232655 96.4710020533953
0.326495 4.7502498367155 97.024957001782
0.326995 4.7575244501655 97.2373837865786
0.327495 4.7647990636155 97.6204366331948
0.327995 4.7720736770655 97.4821945825945
0.328495 4.7793482905155 98.2590729516099
0.328995 4.7866229039655 97.9788720196652
0.329495 4.7938975174155 98.5012563979355
0.329995 4.8011721308655 98.9652266141777
0.330495 4.8084467443155 99.3747872972779
0.330995 4.8157213577655 99.4768269082864
0.331495 4.8229959712155 100.009259983349
0.331995 4.8302705846655 100.020026472704
0.332495 4.8375451981155 100.542957270674
0.332995 4.8448198115655 100.575454812551
0.333495 4.8520944250155 101.600229423596
0.333995 4.8593690384655 100.929864270387
0.334495 4.8666436519155 102.008039831416
0.334995 4.8739182653655 102.248424854255
0.335495 4.8811928788155 102.808003136374
0.335995 4.8884674922655 103.126465454507
0.336495 4.8957421057155 103.141013505014
0.336995 4.9030167191655 103.646139204572
0.337495 4.9102913326155 103.843848096234
0.337995 4.9175659460655 104.525729765631
0.338495 4.9248405595155 104.423404402461
0.338995 4.9321151729655 104.8333245611
0.339495 4.9393897864155 105.008081699871
0.339995 4.9466643998655 105.679008535458
0.340495 4.9539390133155 105.493895916123
0.340995 4.9612136267655 105.935729717182
0.341495 4.9684882402155 106.274942764232
0.341995 4.9757628536655 107.140716168895
0.342495 4.9830374671155 107.860401727802
0.342995 4.9903120805655 107.313194085699
0.343495 4.9975866940155 108.350532160791
0.343995 5.0048613074655 108.395913633026
0.344495 5.0121359209155 109.264208869152
0.344995 5.0194105343655 108.911798352011
0.345495 5.0266851478155 109.816712360571
0.345995 5.0339597612655 109.745888617764
0.346495 5.0412343747155 109.993498884916
0.346995 5.0485089881655 111.188495691346
0.347495 5.0557836016155 110.258066740981
0.347995 5.0630582150655 111.601338701173
0.348495 5.0703328285155 111.789678789912
0.348995 5.0776074419655 112.280621300462
0.349495 5.0848820554155 112.79267426838
0.349995 5.0921566688655 112.668495343756
0.350495 5.0994312823155 113.141503545998
0.350995 5.1067058957655 113.50301211766
0.351495 5.1139805092155 113.546341208511
0.351995 5.1212551226655 114.264706758893
0.352495 5.1285297361155 114.271371618052
0.352995 5.1358043495655 115.974249160956
0.353495 5.1430789630155 116.041071077474
0.353995 5.1503535764655 115.8575331569
0.354495 5.1576281899155 116.960857265815
0.354995 5.1649028033655 117.549308439795
0.355495 5.1721774168155 117.528229520279
0.355995 5.1794520302655 117.173189731556
0.356495 5.1867266437155 118.745950183767
0.356995 5.1940012571655 118.171332827063
0.357495 5.2012758706155 118.972424940833
0.357995 5.2085504840655 119.315506030758
0.358495 5.2158250975155 119.062924688334
0.358995 5.2230997109655 120.503005208283
0.359495 5.2303743244155 120.448597101963
0.359995 5.2376489378655 121.244396359504
0.360495 5.2449235513155 121.457497022963
0.360995 5.2521981647655 121.434376707178
0.361495 5.2594727782155 123.140203585854
0.361995 5.2667473916655 122.415413019882
0.362495 5.2740220051155 123.197303235357
0.362995 5.2812966185655 123.762729054676
0.363495 5.2885712320155 123.980150159324
0.363995 5.2958458454655 124.622296122304
0.364495 5.3031204589155 124.453311567886
0.364995 5.3103950723655 125.583885786255
0.365495 5.3176696858155 126.785095447465
0.365995 5.3249442992655 126.025665206041
0.366495 5.3322189127155 126.765319592957
0.366995 5.3394935261655 126.99414107781
0.367495 5.3467681396155 127.637640060723
0.367995 5.3540427530655 128.679496360218
0.368495 5.3613173665155 128.396451057561
0.368995 5.3685919799655 129.459334378125
0.369495 5.3758665934155 129.906398505978
0.369995 5.3831412068655 129.766699982886
0.370495 5.3904158203155 130.6371250581
0.370995 5.3976904337655 131.155019854312
0.371495 5.4049650472155 132.604810778675
0.371995 5.4122396606655 132.312267023294
0.372495 5.4195142741155 133.511072657873
0.372995 5.4267888875655 133.488692099686
0.373495 5.4340635010155 133.39837144655
0.373995 5.4413381144655 135.079563545391
0.374495 5.4486127279155 135.367479741501
0.374995 5.4558873413655 135.464849428743
0.375495 5.4631619548155 136.222002029519
0.375995 5.4704365682655 136.06499644618
0.376495 5.4777111817155 136.551305300114
0.376995 5.4849857951655 137.416957939993
0.377495 5.4922604086155 138.179560565846
0.377995 5.4995350220655 139.428586454278
0.378495 5.5068096355155 139.789345968579
0.378995 5.5140842489655 140.2036675685
0.379495 5.5213588624155 140.36233124493
0.379995 5.5286334758655 141.91521290367
0.380495 5.5359080893155 141.929637441199
0.380995 5.5431827027655 141.878694226122
0.381495 5.5504573162155 142.709081139892
0.381995 5.5577319296655 143.189673085338
0.382495 5.5650065431155 143.857074660462
0.382995 5.5722811565655 144.681201717972
0.383495 5.5795557700155 145.851127346519
0.383995 5.5868303834655 145.683067903607
0.384495 5.5941049969155 146.555976450337
0.384995 5.6013796103655 142.205238605607
0.385495 5.6086542238155 122.205601497621
0.385995 5.6159288372655 85.7332692165676
0.386495 5.6232034507155 47.2702903807284
0.386995 5.6304780641655 25.4282107506258
0.387495 5.6377526776155 11.8686744472273
0.387995 5.6450272910655 5.54351846972658
0.388495 5.6523019045155 -2.09160683197751
0.388995 5.6595765179655 -6.91267268057328
0.389495 5.6668511314155 -3.85789235299194
0.389995 5.6741257448655 1.73220931681351
0.390495 5.6814003583155 4.01715315690754
0.390995 5.6886749717655 6.83044351696541
0.391495 5.6959495852155 6.59232855341804
0.391995 5.7032241986655 3.96160913785862
0.392495 5.7104988121155 0.685149443732474
0.392995 5.7177734255655 -3.28908050011096
0.393495 5.7250480390155 -3.00490942803654
0.393995 5.7323226524655 -0.376888789367006
0.394495 5.7395972659155 2.59103344636765
0.394995 5.7468718793655 3.7730308338276
0.395495 5.7541464928155 3.71961761118183
0.395995 5.7614211062655 2.04037136962616
0.396495 5.7686957197155 -1.33135733382019
0.396995 5.7759703331655 -2.82179181592934
0.397495 5.7832449466155 -3.5675441043018
0.397995 5.7905195600655 -1.60161544307656
0.398495 5.7977941735155 0.733677895566388
0.398995 5.8050687869655 2.0587845093109
0.399495 5.8123434004155 1.7570823786179
0.399995 5.8196180138655 0.305100491857593
0.400495 5.8268926273155 -1.30122153052881
0.400995 5.8341672407655 -2.48887740369484
0.401495 5.8414418542155 -3.1283325239861
0.401995 5.8487164676655 -2.23068460627095
0.402495 5.8559910811155 -0.412360747580095
0.402995 5.8632656945655 1.93991793872695
0.403495 5.8705403080155 2.2462390460315
0.403995 5.8778149214655 1.89595720594636
0.404495 5.8850895349155 -0.127451880969292
0.404995 5.8923641483655 -1.68817466605403
0.405495 5.8996387618155 -2.35162625879122
0.405995 5.9069133752655 -0.995750270657779
0.406495 5.9141879887155 0.487311817545938
0.406995 5.9214626021655 1.67001313949478
0.407495 5.9287372156155 1.84208928010835
0.407995 5.9360118290655 1.04303142078839
0.408495 5.9432864425155 -0.236663724829927
0.408995 5.9505610559655 -1.41708117121119
0.409495 5.9578356694155 -1.72348492342534
0.409995 5.9651102828655 -1.16171038713319
0.410495 5.9723848963155 -0.340838037958745
0.410995 5.9796595097655 0.520808541407392
0.411495 5.9869341232155 1.32507128685814
0.411995 5.9942087366655 1.0929802215345
0.412495 6.0014833501155 0.300503611788902
0.412995 6.0087579635655 -0.766570817549624
0.413495 6.0160325770155 -1.63035439173676
0.413995 6.0233071904655 -1.42109577798137
0.414495 6.0305818039155 -0.807616714471226
0.414995 6.0378564173655 0.304186587801196
0.415495 6.0451310308155 1.37523789696987
0.415995 6.0524056442655 1.19599297532221
0.416495 6.0596802577155 0.662343053074652
0.416995 6.0669548711655 -0.981620995057103
0.417495 6.0742294846155 -1.62473767121508
0.417995 6.0815040980655 -1.44460441105897
0.418495 6.0887787115155 -0.288952881844488
0.418995 6.0960533249655 0.663267447912801
0.419495 6.1033279384155 1.13772047178724
0.419995 6.1106025518655 0.596689633108712
0.420495 6.1178771653155 0.2177722570646
0.420995 6.1251517787655 -0.456728687462214
0.421495 6.1324263922155 -1.25848152430328
0.421995 6.1397010056655 -1.04518628607836
0.422495 6.1469756191155 -0.706272337627747
0.422995 6.1542502325655 0.562460271360394
0.423495 6.1615248460155 0.893884632979087
0.423995 6.1687994594655 0.791903823722085
0.424495 6.1760740729155 0.124396517569708
0.424995 6.1833486863655 -0.676684054797864
0.425495 6.1906232998155 -0.928462034933832
0.425995 6.1978979132655 -0.792663391769098
0.426495 6.2051725267155 -0.227327685917486
0.426995 6.2124471401655 0.185130274357616
0.427495 6.2197217536155 0.600935028891768
0.427995 6.2269963670655 0.42994899001856
0.428495 6.2342709805155 0.256779754181632
0.428995 6.2415455939655 -0.129510619947324
0.429495 6.2488202074155 -0.275575740905938
0.429995 6.2560948208655 -0.653166818385555
0.430495 6.2633694343155 -0.232396846915336
0.430995 6.2706440477655 0.172354694816495
0.431495 6.2779186612155 0.477565438957633
0.431995 6.2851932746655 0.566283219406962
0.432495 6.2924678881155 0.364017040733021
0.432995 6.2997425015655 0.201300099459097
0.433495 6.3070171150155 -0.802594457977315
0.433995 6.3142917284655 -1.04413961492129
0.434495 6.3215663419155 -0.375266369648371
0.434995 6.3288409553655 0.238637094479635
0.435495 6.3361155688155 0.401881018654033
0.435995 6.3433901822655 0.691183062506858
0.436495 6.3506647957155 0.624252833619268
0.436995 6.3579394091655 0.193696318075299
0.437495 6.3652140226155 -0.174975534483345
0.437995 6.3724886360655 -0.752028128756657
0.438495 6.3797632495155 -0.741519813623964
0.438995 6.3870378629655 -0.772170077296643
0.439495 6.3943124764155 -0.11894911830508
0.439995 6.4015870898655 0.113031106406678
0.440495 6.4088617033155 0.106408364595132
0.440995 6.4161363167655 0.00342258659634504
0.441495 6.4234109302155 -0.0013819383068885
0.441995 6.4306855436655 -0.35411372909187
0.442495 6.4379601571155 -0.549035237115904
0.442995 6.4452347705655 -0.888597563598955
0.443495 6.4525093840155 -0.0327209261313985
0.443995 6.4597839974655 -0.0656124140425479
0.444495 6.4670586109155 0.118964346640547
0.444995 6.4743332243655 0.102928771680649
0.445495 6.4816078378155 0.0149851900161659
0.445995 6.4888824512655 -0.730701680019539
0.446495 6.4961570647155 -0.986739763832376
0.446995 6.5034316781655 -0.568535033539942
0.447495 6.5107062916155 -0.260273405755405
0.447995 6.5179809050655 0.159006734764693
0.448495 6.5252555185155 0.465992046464094
0.448995 6.5325301319655 0.43625374242239
0.449495 6.5398047454155 0.0215397211238661
0.449995 6.5470793588655 -0.476536070523291
0.450495 6.5543539723155 -0.531142703886972
0.450995 6.5616285857655 -0.633157886552479
0.451495 6.5689031992155 -0.282530016986063
0.451995 6.5761778126655 -0.535281674079347
0.452495 6.5834524261155 0.378645466468346
0.452995 6.5907270395655 0.384538747773748
0.453495 6.5980016530155 0.0382181287569137
0.453995 6.6052762664655 -0.134299848600484
0.454495 6.6125508799155 -0.526696089690014
0.454995 6.6198254933655 -0.480247037511967
0.455495 6.6271001068155 -0.286902396838492
0.455995 6.6343747202655 -0.16004229701905
0.456495 6.6416493337155 0.0996810953352029
0.456995 6.6489239471655 -0.0474956123702671
0.457495 6.6561985606155 -0.0136779170552702
0.457995 6.6634731740655 -0.237066759731447
0.458495 6.6707477875155 -0.423311228911507
0.458995 6.6780224009655 -0.384179549187648
0.459495 6.6852970144155 -0.221535533288432
0.459995 6.6925716278655 -0.109061838496297
0.460495 6.6998462413155 0.0194488053060987
0.460995 6.7071208547655 0.179643362764311
0.461495 6.7143954682155 -0.197470636773297
0.461995 6.7216700816655 0.0488618808708743
0.462495 6.7289446951155 -0.691746969459176
0.462995 6.7362193085655 -0.222231662858041
0.463495 6.7434939220155 -0.285455572192667
0.463995 6.7507685354655 -0.160444231486031
0.464495 6.7580431489155 -0.0908650040265267
0.464995 6.7653177623655 0.320751104277403
0.465495 6.7725923758155 -0.0711457906871606
0.465995 6.7798669892655 -0.0133338187832453
0.466495 6.7871416027155 0.130017110928339
0.466995 6.7944162161655 -0.00403798494014465
0.467495 6.8016908296155 0.00992403176773576
0.467995 6.8089654430655 -0.0902905996915894
0.468495 6.8162400565155 0.0569914474193143
0.468995 6.8235146699655 0.0539497084370443
0.469495 6.8307892834155 0.0711138193503292
0.469995 6.8380638968655 0.0567830499404262
0.470495 6.8453385103155 0.0250664359093521
0.470995 6.8526131237655 -0.00572460605544862
0.471495 6.8598877372155 -0.0434228875720268
0.471995 6.8671623506655 0.133781809583361
0.472495 6.8744369641155 0.402982022232284
0.472995 6.8817115775655 0.286190665850584
0.473495 6.8889861910155 0.273491495130672
0.473995 6.8962608044655 0.156636310670263
0.474495 6.9035354179155 0.177064185143747
0.474995 6.9108100313655 0.0123348375885174
0.475495 6.9180846448155 -0.0392087444671525
0.475995 6.9253592582655 -0.0634720645766191
0.476495 6.9326338717155 0.404223894559447
0.476995 6.9399084851655 0.271067774818499
0.477495 6.9471830986155 0.353050170159281
0.477995 6.9544577120655 0.247878500164682
0.478495 6.9617323255155 0.0677161557065138
0.478995 6.9690069389655 0.0163385614606151
0.479495 6.9762815524155 0.162813913593837
0.479995 6.9835561658655 0.204676493083991
0.480495 6.9908307793155 0.08063692384371
0.480995 6.9981053927655 0.143087985736778
0.481495 7.0053800062155 -0.0395063634844389
0.481995 7.0126546196655 0.083101146095549
0.482495 7.0199292331155 0.0515586729931541
0.482995 7.0272038465655 -0.198450086917568
0.483495 7.0344784600155 -0.13841854784078
0.483995 7.0417530734655 0.147766064567821
0.484495 7.0490276869155 0.134067621429756
0.484995 7.0563023003655 0.0275607924860342
0.485495 7.0635769138155 -0.220563835080986
0.485995 7.0708515272655 0.08013730481812
0.486495 7.0781261407155 -0.237854141890161
0.486995 7.0854007541655 -0.0302958907686485
0.487495 7.0926753676155 -0.0269215390832153
0.487995 7.0999499810655 -0.0702832010720832
0.488495 7.1072245945155 -0.121897120597598
0.488995 7.1144992079655 -0.0272895094030069
0.489495 7.1217738214155 0.303988460244117
0.489995 7.1290484348655 -0.501833478884718
0.490495 7.1363230483155 0.0713720293883497
0.490995 7.1435976617655 0.0149732999157343
0.491495 7.1508722752155 0.239255328633765
0.491995 7.1581468886655 -0.123970465524199
0.492495 7.1654215021155 0.269322544313356
0.492995 7.1726961155655 0.325124782324022
0.493495 7.1799707290155 0.119648255527605
0.493995 7.1872453424655 0.0341252755364895
0.494495 7.1945199559155 -0.362934634063195
0.494995 7.2017945693655 -0.153163102613238
0.495495 7.2090691828155 0.0394601529946287
0.495995 7.2163437962655 0.0636601670586558
0.496495 7.2236184097155 0.0238285118928394
0.496995 7.2308930231655 0.566831175076937
0.497495 7.2381676366155 0.185032904566244
0.497995 7.2454422500655 0.167009077316344
0.498495 7.2527168635155 -0.024720469630282
0.498995 7.2599914769655 -0.231009690161545
0.499495 7.2672660904155 -0.33907757626103
0.499995 7.2745407038655 -0.0965735201653984
0.500495 7.2818153173155 0.0515984425989441
0.500995 7.2890899307655 -0.104718841768512
0.501495 7.2963645442155 0.0949280700463125
0.501995 7.3036391576655 0.16342807359449
0.502495 7.3109137711155 0.294462806437452
0.502995 7.3181883845655 -0.410662751363673
0.503495 7.3254629980155 -0.357208998088475
0.503995 7.3327376114655 -0.350916553138812
0.504495 7.3400122249155 -0.0926116226615672
0.504995 7.3472868383655 -0.44299678099934
0.505495 7.3545614518155 0.236604954740731
0.505995 7.3618360652655 0.108120354488437
0.506495 7.3691106787155 -0.0129086883345747
0.506995 7.3763852921655 -0.169059986117517
0.507495 7.3836599056155 0.0975176208973507
0.507995 7.3909345190655 -0.147270030653731
0.508495 7.3982091325155 -0.188875268054769
0.508995 7.4054837459655 -0.194649333638007
0.509495 7.4127583594155 0.0870012517069686
0.509995 7.4200329728655 0.369503395187778
0.510495 7.4273075863155 0.266395877405814
0.510995 7.4345821997655 -0.0682477035555366
0.511495 7.4418568132155 -0.000163305120053205
0.511995 7.4491314266655 -0.017052716209021
0.512495 7.4564060401155 0.0491461703432664
0.512995 7.4636806535655 -0.135954725127353
0.513495 7.4709552670155 0.505763560789071
0.513995 7.4782298804655 0.279014054035433
0.514495 7.4855044939155 0.295866171864782
0.514995 7.4927791073655 0.204414775203234
0.515495 7.5000537208155 -0.105719481650135
0.515995 7.5073283342655 -0.00494447912058518
0.516495 7.5146029477155 -0.349597070529955
0.516995 7.5218775611655 0.127728414361996
0.517495 7.5291521746155 0.321520672934198
0.517995 7.5364267880655 0.157688020809056
0.518495 7.5437014015155 -0.0852630518141074
0.518995 7.5509760149655 -0.0818816934246067
0.519495 7.5582506284155 -0.209921787336757
0.519995 7.5655252418655 0.0518685237261579
0.520495 7.5727998553155 -0.349716128797683
0.520995 7.5800744687655 0.123883907268567
0.521495 7.5873490822155 0.203365579670345
0.521995 7.5946236956655 0.208167286196381
0.522495 7.6018983091155 0.0615949127045025
0.522995 7.6091729225655 0.0483476832220029
0.523495 7.6164475360155 0.0982522261862488
0.523995 7.6237221494655 -0.147486784310971
0.524495 7.6309967629155 -0.345398696878904
0.524995 7.6382713763655 -0.256360356676498
0.525495 7.6455459898155 0.256755119577298
0.525995 7.6528206032655 0.399722933899239
0.526495 7.6600952167155 0.274068124226194
0.526995 7.6673698301655 0.123440538996189
0.527495 7.6746444436155 -0.100009244225494
0.527995 7.6819190570655 -0.486066423347839
0.528495 7.6891936705155 -0.208487174075904
0.528995 7.6964682839655 -0.412043475135666
0.529495 7.7037428974155 -0.129235346409338
0.529995 7.7110175108655 0.141345357049051
0.530495 7.7182921243155 0.31332808851438
0.530995 7.7255667377655 0.0116217509035259
0.531495 7.7328413512155 -0.203113381261319
0.531995 7.7401159646655 -0.507719649017849
0.532495 7.7473905781155 -0.515075698759377
0.532995 7.7546651915655 -0.0332932729863605
0.533495 7.7619398050155 -0.52862445357698
0.533995 7.7692144184655 0.388195014471858
0.534495 7.7764890319155 0.295143834132392
0.534995 7.7837636453655 0.0400281667166979
0.535495 7.7910382588155 -0.0526726978948704
0.535995 7.7983128722655 -0.384210502981355
0.536495 7.8055874857155 -0.262584753453982
0.536995 7.8128620991655 -0.46758020250371
0.537495 7.8201367126155 0.135701806210141
0.537995 7.8274113260655 0.17676669381246
0.538495 7.8346859395155 0.156675947620328
0.538995 7.8419605529655 0.328091938544942
0.539495 7.8492351664155 0.16306999186879
0.539995 7.8565097798655 -0.146513241884137
0.540495 7.8637843933155 -0.549107705886635
0.540995 7.8710590067655 -0.0695721220503673
0.541495 7.8783336202155 -0.107798686548813
0.541995 7.8856082336655 0.105918290953355
0.542495 7.8928828471155 0.305176811321728
0.542995 7.9001574605655 0.103517044323196
0.543495 7.9074320740155 0.0992798992270321
0.543995 7.9147066874655 -0.0193689438367343
0.544495 7.9219813009155 -0.110506322236344
0.544995 7.9292559143655 -0.194485901144322
0.545495 7.9365305278155 -0.00136601114762642
0.545995 7.9438051412655 0.16713094626834
0.546495 7.9510797547155 0.177127342516474
0.546995 7.9583543681655 0.24104008110745
0.547495 7.9656289816155 0.201154742486018
0.547995 7.9729035950655 -0.0608542649532889
0.548495 7.9801782085155 0.0561869732748478
0.548995 7.9874528219655 0.126793163704639
0.549495 7.9947274354155 0.245232288082212
0.549995 8.0020020488655 -0.212953225291246
0.550495 8.0092766623155 0.204579171187858
