# Fix print output for fix Step
0 0 -1.0170743738688
0.000495000000000018 0.00204052905639998 0.302275038528047
0.000995000000000035 0.00410166951741004 0.287328763529039
0.00149500000000005 0.00616280997842011 0.253247307145479
0.00199500000000007 0.00822395043943018 1.05641547626581
0.00249500000000009 0.0102850909004403 1.14639342029248
0.00299499999999993 0.0123462313614496 1.10736121954449
0.00349500000000012 0.0144073718224604 2.04469981344773
0.00399499999999996 0.0164685122834697 1.69434123617719
0.00449500000000015 0.0185296527444805 2.22876198907287
0.004995 0.0205907932054899 3.13033741400002
0.00549500000000001 0.0226519336665 2.41397789588857
0.00599500000000003 0.02471307412751 3.53023010639256
0.00649500000000005 0.0267742145885201 3.42073129568559
0.00699500000000006 0.0288353550495302 3.52727009680093
0.00749500000000008 0.0308964955105402 4.31455448434149
0.0079950000000001 0.0329576359715503 4.25599045170856
0.00849499999999994 0.0350187764325597 4.83280773351626
0.00899500000000013 0.0370799168935704 4.97565788637829
0.00949499999999998 0.0391410573545798 5.29469896855363
0.00999500000000017 0.0412021978155906 5.62689621125878
0.010495 0.0432633382765999 5.56713158408361
0.010995 0.04532447873761 6.26170906570798
0.011495 0.0473856191986201 6.52999542946176
0.0119950000000001 0.0494467596596301 6.54362615652056
0.0124950000000001 0.0515079001206402 7.45088084812521
0.0129950000000001 0.0535690405816503 7.11995263619142
0.0134950000000001 0.0556301810426604 7.3647927495581
0.013995 0.0576913215036697 7.88206866369821
0.0144950000000001 0.0597524619646805 8.0197739624238
0.014995 0.0618136024256899 8.6891099721652
0.015495 0.0638747428866999 8.39562511806465
0.015995 0.06593588334771 8.61705578038026
0.016495 0.0679970238087201 9.49957477224742
0.0169950000000001 0.0700581642697301 9.82250874037112
0.0174950000000001 0.0721193047307402 9.58823135946885
0.0179950000000001 0.0741804451917503 9.74526482584787
0.0184949999999999 0.0762415856527596 10.6818815943437
0.0189950000000001 0.0783027261137704 10.5252739481133
0.019495 0.0803638665747798 10.5900343286678
0.0199950000000002 0.0824250070357905 10.99694246397
0.020495 0.0844861474967999 11.2587290650158
0.020995 0.08654728795781 12.0706747201505
0.021495 0.08860842841882 11.9491188138698
0.0219950000000001 0.0906695688798301 11.7487077607933
0.0224950000000001 0.0927307093408402 12.3704859303518
0.0229950000000001 0.0947918498018503 12.4442894557637
0.0234950000000001 0.0968529902628603 13.1238924395077
0.0239949999999999 0.0989141307238697 13.5040849909726
0.0244950000000001 0.10097527118488 13.3648755674575
0.024995 0.10303641164589 13.562224739436
0.025495 0.1050975521069 13.6215662466169
0.025995 0.10715869256791 14.4255538445649
0.026495 0.10921983302892 14.8910498703974
0.026995 0.11128097348993 14.8186067189586
0.0274950000000001 0.11334211395094 15.3418325023719
0.0279950000000001 0.11540325441195 14.6587630132061
0.0284950000000001 0.11746439487296 15.1811499280199
0.0289950000000001 0.11952553533397 16.0181471253405
0.029495 0.12158667579498 15.6706168646052
0.0299950000000001 0.123647816255991 16.6912682365107
0.030495 0.125708956717 16.6166435996456
0.030995 0.12777009717801 16.4189920899536
0.031495 0.12983123763902 16.8400129524743
0.031995 0.13189237810003 16.6488172156315
0.0324950000000001 0.13395351856104 17.5541949336708
0.0329950000000001 0.13601465902205 18.0029089131818
0.0334950000000001 0.13807579948306 18.2000692779862
0.0339949999999999 0.14013693994407 18.6898236770794
0.0344950000000001 0.14219808040508 18.4529949106083
0.034995 0.14425922086609 18.9377992418204
0.0354950000000002 0.146320361327101 18.5254663440612
0.035995 0.14838150178811 18.3917171811074
0.036495 0.15044264224912 19.3514592852284
0.036995 0.15250378271013 19.0749212824384
0.0374950000000001 0.15456492317114 19.971448439805
0.0379950000000001 0.15662606363215 20.4473949035929
0.0384950000000001 0.15868720409316 20.3714441003248
0.0389950000000001 0.16074834455417 21.2724910503762
0.0394949999999999 0.16280948501518 21.2619445966539
0.0399950000000001 0.16487062547619 21.5724041994178
0.040495 0.1669317659372 21.6748677623713
0.040995 0.16899290639821 21.4330778189099
0.041495 0.17105404685922 21.6143676865243
0.041995 0.17311518732023 21.6687581994273
0.0424950000000001 0.17517632778124 22.3966677916534
0.0429950000000001 0.17723746824225 22.6154282197986
0.0434950000000001 0.17929860870326 22.774304646866
0.0439949999999999 0.18135974916427 23.2603568796654
0.0444950000000001 0.18342088962528 23.1453713494312
0.044995 0.18548203008629 23.4423750574188
0.0454950000000002 0.187543170547301 23.6373218340347
0.045995 0.18960431100831 23.7853686273419
0.046495 0.19166545146932 24.0836512475733
0.046995 0.19372659193033 24.495465476538
0.047495 0.19578773239134 24.7850218201
0.0479950000000001 0.19784887285235 24.8951139185576
0.0484950000000001 0.19991001331336 25.1170398589785
0.0489950000000001 0.20197115377437 25.3168483970146
0.0494949999999999 0.20403229423538 25.4575006268008
0.0499950000000001 0.20609343469639 25.8620829679463
0.050495 0.2081545751574 25.9995975516758
0.0509950000000002 0.210215715618411 26.2361397928348
0.051495 0.21227685607942 26.432464554453
0.051995 0.21433799654043 26.6919641356381
0.052495 0.21639913700144 26.8127683511261
0.0529950000000001 0.21846027746245 27.0536635261874
0.0534950000000001 0.22052141792346 27.5604473248737
0.0539950000000001 0.22258255838447 27.4005286965046
0.0544950000000001 0.22464369884548 27.839980191851
0.054995 0.22670483930649 27.9615197324548
0.0554950000000001 0.2287659797675 27.9870097171847
0.055995 0.23082712022851 28.7020630699486
0.056495 0.23288826068952 28.3943107375886
0.056995 0.23494940115053 29.0526012195535
0.057495 0.23701054161154 29.0188846451645
0.0579950000000001 0.23907168207255 28.9856363902955
0.0584950000000001 0.24113282253356 29.6426938345456
0.0589950000000001 0.24319396299457 29.3651148452819
0.0594949999999999 0.24525510345558 30.04907645713
0.0599950000000001 0.24731624391659 30.0873344696877
0.060495 0.2493773843776 30.0877145648174
0.0609950000000002 0.251438524838611 30.6554317810728
0.061495 0.25349966529962 30.32395689112
0.061995 0.25556080576063 30.9186138099606
0.062495 0.25762194622164 31.0921471972069
0.0629950000000001 0.25968308668265 30.9182402047209
0.0634950000000001 0.26174422714366 31.5101013610309
0.0639950000000001 0.26380536760467 31.4571912280799
0.0644950000000001 0.26586650806568 31.5687232113795
0.0649949999999999 0.26792764852669 31.8455051426663
0.0654950000000001 0.2699887889877 31.9468253843338
0.065995 0.27204992944871 32.2808827601519
0.066495 0.27411106990972 32.5293051357342
0.066995 0.27617221037073 33.0073285014094
0.067495 0.27823335083174 33.1461327198967
0.067995 0.28029449129275 33.3818422247244
0.0684950000000001 0.28235563175376 33.6121680143453
0.0689950000000001 0.28441677221477 33.7712961113025
0.0694950000000001 0.28647791267578 33.9043589562536
0.0699950000000001 0.28853905313679 34.2657636325494
0.070495 0.2906001935978 34.4091839447909
0.0709950000000001 0.292661334058811 34.4673795472962
0.071495 0.29472247451982 34.8193378555099
0.071995 0.29678361498083 34.9726666993994
0.072495 0.29884475544184 35.3680411431905
0.072995 0.30090589590285 35.7466395499036
0.0734950000000001 0.30296703636386 35.4286261256398
0.0739950000000001 0.30502817682487 35.8548435248326
0.0744950000000001 0.30708931728588 35.8645913270963
0.0749949999999999 0.30915045774689 35.8566660903128
0.0754950000000001 0.3112115982079 36.2508743418727
0.075995 0.31327273866891 36.1880767796027
0.076495 0.31533387912992 36.6923846174432
0.076995 0.31739501959093 36.8136448724816
0.077495 0.31945616005194 37.1897029063379
0.077995 0.32151730051295 37.5234744237248
0.0784950000000001 0.32357844097396 37.3496052642084
0.0789950000000001 0.32563958143497 37.8985459734329
0.0794950000000001 0.32770072189598 37.8061124707588
0.0799950000000001 0.32976186235699 38.0195327420963
0.080495 0.331823002818 38.2734883153851
0.0809950000000001 0.33388414327901 38.4084333761717
0.081495 0.33594528374002 38.6812079414347
0.081995 0.33800642420103 38.7756042910726
0.082495 0.34006756466204 39.0474472247117
0.082995 0.34212870512305 39.1254518523789
0.0834950000000001 0.34418984558406 39.1541559175056
0.0839950000000001 0.34625098604507 39.4186081653638
0.0844950000000001 0.34831212650608 39.5879308745454
0.0849950000000001 0.35037326696709 39.8172646676364
0.0854950000000001 0.3524344074281 40.0223432391206
0.085995 0.35449554788911 40.1742508370225
0.0864950000000002 0.35655668835012 40.3318617946979
0.086995 0.35861782881113 40.4320922260092
0.087495 0.36067896927214 40.7607935623289
0.087995 0.36274010973315 40.7563696275266
0.088495 0.36480125019416 41.2783658530956
0.0889950000000001 0.36686239065517 41.4606798236035
0.0894950000000001 0.36892353111618 41.5171079292942
0.0899950000000001 0.37098467157719 41.6491805884811
0.0904950000000001 0.3730458120382 41.5725549474923
0.0909950000000001 0.37510695249921 41.7927073975756
0.091495 0.37716809296022 41.9743717517961
0.091995 0.37922923342123 42.5130376580965
0.092495 0.38129037388224 42.4994037347084
0.092995 0.38335151434325 42.7620587066182
0.093495 0.38541265480426 42.887673977124
0.0939950000000001 0.38747379526527 42.8027488986014
0.0944950000000001 0.38953493572628 43.2728294772414
0.0949950000000001 0.39159607618729 43.1970622496502
0.0954950000000001 0.3936572166483 43.5189279381196
0.095995 0.39571835710931 43.5979681474176
0.0964950000000001 0.39777949757032 43.6462002055966
0.096995 0.39984063803133 44.1865632878694
0.097495 0.40190177849234 44.0147648886269
0.097995 0.40396291895335 44.269257550765
0.098495 0.40602405941436 44.3099964615217
0.0989950000000001 0.40808519987537 44.7117093541886
0.0994950000000001 0.41014634033638 44.9722359424637
0.0999950000000001 0.41220748079739 44.9103508097133
0.100495 0.4142686212584 45.1644091785194
0.100995 0.41632976171941 45.1476084572882
0.101495 0.41839090218042 45.5852560482264
0.101995 0.420452042641431 45.5529055860971
0.102495 0.42251318310244 45.6413322752683
0.102995 0.42457432356345 45.915403407566
0.103495 0.42663546402446 45.9951134872252
0.103995 0.42869660448547 46.3005170154749
0.104495 0.43075774494648 46.1701681943355
0.104995 0.43281888540749 46.3125416979705
0.105495 0.4348800258685 46.7259092360594
0.105995 0.43694116632951 46.84965238654
0.106495 0.43900230679052 46.8587518645687
0.106995 0.44106344725153 47.0714636384801
0.107495 0.44312458771254 47.2691032740098
0.107995 0.44518572817355 47.5190965495158
0.108495 0.44724686863456 47.5812380787828
0.108995 0.44930800909557 47.6050736327132
0.109495 0.45136914955658 47.8920375646301
0.109995 0.45343029001759 47.936063023931
0.110495 0.4554914304786 48.1664063422306
0.110995 0.45755257093961 48.3365684187223
0.111495 0.45961371140062 48.3174789912277
0.111995 0.46167485186163 48.8726730028868
0.112495 0.46373599232264 48.8682817765639
0.112995 0.46579713278365 48.9977720114116
0.113495 0.46785827324466 48.9974657183033
0.113995 0.46991941370567 49.214109712683
0.114495 0.47198055416668 49.3886211479307
0.114995 0.47404169462769 49.4308282052013
0.115495 0.4761028350887 49.8684985780823
0.115995 0.47816397554971 49.7795690757962
0.116495 0.48022511601072 49.7710203726509
0.116995 0.48228625647173 50.197329230283
0.117495 0.484347396932741 50.3021352691182
0.117995 0.48640853739375 50.3571582477683
0.118495 0.48846967785476 50.4564751616194
0.118995 0.49053081831577 50.794770086347
0.119495 0.49259195877678 50.7868703492923
0.119995 0.49465309923779 50.8145485565123
0.120495 0.4967142396988 51.07985182276
0.120995 0.49877538015981 51.2718005655001
0.121495 0.50083652062082 51.3293716010257
0.121995 0.50289766108183 51.4614460009115
0.122495 0.50495880154284 51.6544502539933
0.122995 0.50701994200385 51.6902649384337
0.123495 0.50908108246486 51.7865983197148
0.123995 0.51114222292587 51.9559392881494
0.124495 0.51320336338688 52.0483779328775
0.124995 0.51526450384789 52.2881564080229
0.125495 0.5173256443089 52.4149953765542
0.125995 0.51938678476991 52.4318108053853
0.126495 0.52144792523092 52.79066372319
0.126995 0.52350906569193 52.8222081658734
0.127495 0.52557020615294 52.8094953450214
0.127995 0.52763134661395 53.1426206126161
0.128495 0.52969248707496 53.0809135493272
0.128995 0.53175362753597 53.3684773583541
0.129495 0.53381476799698 53.3332474103706
0.129995 0.53587590845799 53.6775400984739
0.130495 0.537937048919 53.4748080890707
0.130995 0.53999818938001 53.6772956928176
0.131495 0.54205932984102 54.0888949148529
0.131995 0.54412047030203 54.0304334663915
0.132495 0.54618161076304 54.1679569477581
0.132995 0.54824275122405 54.3899496965678
0.133495 0.55030389168506 54.3312309685128
0.133995 0.55236503214607 54.5358388851815
0.134495 0.55442617260708 54.7936545145849
0.134995 0.55648731306809 54.7770242323816
0.135495 0.5585484535291 55.0248060975306
0.135995 0.56060959399011 54.8804922506535
0.136495 0.56267073445112 55.191793659842
0.136995 0.56473187491213 55.2380849156417
0.137495 0.56679301537314 55.4739633261442
0.137995 0.56885415583415 55.5784781496058
0.138495 0.57091529629516 55.6422106364926
0.138995 0.57297643675617 55.6179299548682
0.139495 0.57503757721718 55.8161034896094
0.139995 0.57709871767819 55.9991683574985
0.140495 0.5791598581392 55.9882485464281
0.140995 0.58122099860021 56.2202689324559
0.141495 0.58328213906122 56.3754971295768
0.141995 0.58534327952223 56.392761944168
0.142495 0.58740441998324 56.6098338667154
0.142995 0.58946556044425 56.6222978438564
0.143495 0.59152670090526 56.7578563853773
0.143995 0.59358784136627 56.9370027112979
0.144495 0.59564898182728 57.103544041198
0.144995 0.59771012228829 57.1931965675856
0.145495 0.5997712627493 57.0234228931972
0.145995 0.60183240321031 57.4374786437143
0.146495 0.60389354367132 57.0973365490243
0.146995 0.60595468413233 57.7630570844033
0.147495 0.60801582459334 57.5552132045251
0.147995 0.61007696505435 57.7814881303659
0.148495 0.61213810551536 57.8252819194189
0.148995 0.61419924597637 57.7103295999043
0.149495 0.61626038643738 58.0342752361644
0.149995 0.61832152689839 58.2240985384214
0.150495 0.6203826673594 58.2197958866655
0.150995 0.62244380782041 58.3684945622079
0.151495 0.62450494828142 58.3647362582415
0.151995 0.62656608874243 58.5086773132055
0.152495 0.62862722920344 58.7414218475507
0.152995 0.630688369664451 58.6653759603023
0.153495 0.63274951012546 59.0215913718156
0.153995 0.63481065058647 58.8648021564297
0.154495 0.63687179104748 59.1292926922048
0.154995 0.63893293150849 58.9198394751231
0.155495 0.6409940719695 59.3212379299309
0.155995 0.64305521243051 59.4018756905478
0.156495 0.64511635289152 59.4034272126588
0.156995 0.64717749335253 59.5274890803963
0.157495 0.64923863381354 59.6776215476057
0.157995 0.65129977427455 59.6649096760805
0.158495 0.65336091473556 59.7597815685838
0.158995 0.65542205519657 59.8959578685783
0.159495 0.65748319565758 60.0520356802084
0.159995 0.65954433611859 60.0274281064457
0.160495 0.6616054765796 60.226772924104
0.160995 0.66366661704061 60.1442978143831
0.161495 0.66572775750162 60.3397060167069
0.161995 0.66778889796263 60.5827692954733
0.162495 0.66985003842364 60.439553825752
0.162995 0.67191117888465 60.8047865423621
0.163495 0.67397231934566 60.710342967878
0.163995 0.67603345980667 60.7035958483062
0.164495 0.67809460026768 60.8080612048913
0.164995 0.68015574072869 61.0455892504128
0.165495 0.6822168811897 61.176895084079
0.165995 0.68427802165071 61.2074960939297
0.166495 0.68633916211172 61.3607789305867
0.166995 0.68840030257273 61.3661702137533
0.167495 0.69046144303374 61.3356430577335
0.167995 0.69252258349475 61.5014922470411
0.168495 0.694583723955761 61.5044011603163
0.168995 0.69664486441677 61.6726256565671
0.169495 0.69870600487778 61.752797080865
0.169995 0.70076714533879 61.7919726455681
0.170495 0.7028282857998 61.9541319177452
0.170995 0.70488942626081 62.1064784667345
0.171495 0.70695056672182 62.2224907347169
0.171995 0.70901170718283 62.1634711649113
0.172495 0.71107284764384 62.2828811600603
0.172995 0.71313398810485 62.368969300521
0.173495 0.71519512856586 62.5201326591603
0.173995 0.71725626902687 62.5736519150564
0.174495 0.71931740948788 62.689999254642
0.174995 0.72137854994889 62.6143387311079
0.175495 0.7234396904099 62.8669965036101
0.175995 0.72550083087091 62.8569885485802
0.176495 0.72756197133192 62.8548354191467
0.176995 0.72962311179293 62.9778901488227
0.177495 0.73168425225394 62.9112074897619
0.177995 0.73374539271495 63.187215976296
0.178495 0.73580653317596 63.1776583548071
0.178995 0.73786767363697 63.401478988529
0.179495 0.73992881409798 63.3794679107869
0.179995 0.74198995455899 63.5371210721462
0.180495 0.74405109502 63.6067882777095
0.180995 0.74611223548101 63.6120483595812
0.181495 0.74817337594202 63.8037763403899
0.181995 0.75023451640303 63.7971461118387
0.182495 0.75229565686404 64.1167949130483
0.182995 0.75435679732505 63.7813525117907
0.183495 0.75641793778606 64.0227014186987
0.183995 0.75847907824707 64.2835169235062
0.184495 0.76054021870808 64.1233741271361
0.184995 0.76260135916909 64.2141144647483
0.185495 0.7646624996301 64.5089547402817
0.185995 0.76672364009111 64.3139550514616
0.186495 0.76878478055212 64.4038246919661
0.186995 0.77084592101313 64.4796964089164
0.187495 0.77290706147414 64.5938784195237
0.187995 0.77496820193515 64.6056930795939
0.188495 0.77702934239616 64.8547972561846
0.188995 0.77909048285717 64.6867048597391
0.189495 0.78115162331818 64.947791247686
0.189995 0.78321276377919 64.8048235480439
0.190495 0.7852739042402 64.9578036709313
0.190995 0.78733504470121 65.3107231188679
0.191495 0.78939618516222 65.0579743727312
0.191995 0.79145732562323 65.1879898808825
0.192495 0.79351846608424 65.2567213163121
0.192995 0.79557960654525 65.4970839008971
0.193495 0.79764074700626 65.4019926578654
0.193995 0.79970188746727 65.7253147597095
0.194495 0.80176302792828 65.6324366563736
0.194995 0.80382416838929 65.5247051576569
0.195495 0.8058853088503 65.7528989187649
0.195995 0.80794644931131 66.0399805243917
0.196495 0.81000758977232 65.953076564217
0.196995 0.81206873023333 65.8449309411044
0.197495 0.81412987069434 66.2562450083122
0.197995 0.81619101115535 65.9496872825541
0.198495 0.81825215161636 66.0737502936182
0.198995 0.82031329207737 66.1682179298372
0.199495 0.82237443253838 66.1735932554905
0.199995 0.82443557299939 66.3237791537911
0.200495 0.8264967134604 66.4775741771451
0.200995 0.82855785392141 66.360207250885
0.201495 0.83061899438242 66.5608999364589
0.201995 0.83268013484343 66.5665714976304
0.202495 0.83474127530444 66.4389212775473
0.202995 0.83680241576545 66.7697303612248
0.203495 0.83886355622646 66.9123021774495
0.203995 0.84092469668747 66.7329362238633
0.204495 0.84298583714848 67.1066071590448
0.204995 0.84504697760949 66.822070238219
0.205495 0.8471081180705 66.8788063776055
0.205995 0.84916925853151 67.0666206480322
0.206495 0.85123039899252 67.0558968388762
0.206995 0.85329153945353 67.2962992666826
0.207495 0.85535267991454 67.279002770192
0.207995 0.85741382037555 67.244094909918
0.208495 0.85947496083656 67.2183268598192
0.208995 0.86153610129757 67.4515370441936
0.209495 0.86359724175858 67.7064422621312
0.209995 0.86565838221959 67.6713590866346
0.210495 0.8677195226806 67.7724323037895
0.210995 0.86978066314161 67.2117543464921
0.211495 0.87184180360262 67.6486504739036
0.211995 0.87390294406363 67.8634603524942
0.212495 0.87596408452464 68.1457634725465
0.212995 0.87802522498565 67.9089357238854
0.213495 0.88008636544666 68.0497481437564
0.213995 0.88214750590767 67.9566517931667
0.214495 0.88420864636868 67.9494657578995
0.214995 0.88626978682969 68.1427981431839
0.215495 0.8883309272907 68.1267757884561
0.215995 0.89039206775171 68.2559384745328
0.216495 0.89245320821272 68.2980604386348
0.216995 0.89451434867373 68.3925996327208
0.217495 0.89657548913474 68.2762648777628
0.217995 0.89863662959575 68.5031386954758
0.218495 0.90069777005676 68.47339429018
0.218995 0.90275891051777 68.6598963760488
0.219495 0.90482005097878 68.6005900688929
0.219995 0.90688119143979 69.024801609185
0.220495 0.9089423319008 68.8389427087956
0.220995 0.91100347236181 68.8529657139675
0.221495 0.91306461282282 68.755970961121
0.221995 0.91512575328383 69.2317356857824
0.222495 0.91718689374484 69.2717745656023
0.222995 0.91924803420585 69.4672867347136
0.223495 0.92130917466686 69.0618436651141
0.223995 0.92337031512787 69.081364588447
0.224495 0.92543145558888 69.4129608252706
0.224995 0.92749259604989 69.5708558112174
0.225495 0.9295537365109 69.7795609027779
0.225995 0.93161487697191 69.4211454323182
0.226495 0.93367601743292 69.3326050871486
0.226995 0.93573715789393 69.4519961399944
0.227495 0.93779829835494 69.3291445860819
0.227995 0.93985943881595 69.6781892067017
0.228495 0.94192057927696 69.8606034415602
0.228995 0.94398171973797 69.7980216037924
0.229495 0.94604286019898 69.8059093022032
0.229995 0.94810400065999 69.7695459376035
0.230495 0.950165141121 69.955350461559
0.230995 0.95222628158201 69.6936352405387
0.231495 0.95428742204302 70.3082715187952
0.231995 0.95634856250403 70.0088290228738
0.232495 0.95840970296504 70.3748946387302
0.232995 0.96047084342605 70.4865977727061
0.233495 0.96253198388706 70.3828234561206
0.233995 0.96459312434807 70.6004555470377
0.234495 0.96665426480908 70.381907305763
0.234995 0.96871540527009 70.3780000614142
0.235495 0.9707765457311 70.7433789383775
0.235995 0.97283768619211 70.5227556811031
0.236495 0.97489882665312 70.4565864139895
0.236995 0.97695996711413 70.8173363820555
0.237495 0.97902110757514 70.5953785496498
0.237995 0.98108224803615 70.930644184738
0.238495 0.98314338849716 71.0652215411802
0.238995 0.98520452895817 70.579525498605
0.239495 0.98726566941918 71.3844843090701
0.239995 0.98932680988019 70.8944367440025
0.240495 0.9913879503412 71.0886849442736
0.240995 0.99344909080221 70.9442858989232
0.241495 0.99551023126322 70.9423733420925
0.241995 0.99757137172423 71.2497059436962
0.242495 0.99963251218524 71.2280244140535
0.242995 1.00169365264625 71.6740684776923
0.243495 1.00375479310726 71.2430156763825
0.243995 1.00581593356827 71.8568590790846
0.244495 1.00787707402928 71.0811520376758
0.244995 1.00993821449029 71.9412107252709
0.245495 1.0119993549513 71.1085147848426
0.245995 1.01406049541231 71.6409618301658
0.246495 1.01612163587332 71.6379786461746
0.246995 1.01818277633433 71.8763818538521
0.247495 1.02024391679534 71.9388561079421
0.247995 1.02230505725635 71.9767580844125
0.248495 1.02436619771736 71.7512259197204
0.248995 1.02642733817837 71.8677672348349
0.249495 1.02848847863938 72.2319792734193
0.249995 1.03054961910039 72.0657710278168
0.250495 1.0326107595614 72.4172857841568
0.250995 1.03467190002241 72.4053513085376
0.251495 1.03673304048342 72.1676768862503
0.251995 1.03879418094443 72.6652268390357
0.252495 1.04085532140544 72.2376976641295
0.252995 1.04291646186645 73.0904194927923
0.253495 1.04497760232746 72.2167776610499
0.253995 1.04703874278847 72.7960823385442
0.254495 1.04909988324948 72.3094043530264
0.254995 1.05116102371049 73.3065077498524
0.255495 1.0532221641715 73.5396609197776
0.255995 1.05528330463251 73.2404239762515
0.256495 1.05734444509352 73.1678960373625
0.256995 1.05940558555453 73.4494144872777
0.257495 1.06146672601554 72.5057659665498
0.257995 1.06352786647655 73.0268679049045
0.258495 1.06558900693756 73.0459470650088
0.258995 1.06765014739857 73.4161959463458
0.259495 1.06971128785958 74.0863548391057
0.259995 1.07177242832059 73.1556976726894
0.260495 1.0738335687816 73.9084197523588
0.260995 1.07589470924261 73.3164732065812
0.261495 1.07795584970362 73.430975806948
0.261995 1.08001699016463 73.945898568359
0.262495 1.08207813062564 73.8585260591619
0.262995 1.08413927108665 74.0936949315202
0.263495 1.08620041154766 73.9570111193773
0.263995 1.08826155200867 74.4776873025406
0.264495 1.09032269246968 73.6318205141616
0.264995 1.09238383293069 73.7677309750572
0.265495 1.0944449733917 74.0014293646879
0.265995 1.09650611385271 74.3963079165185
0.266495 1.09856725431372 74.7832570867432
0.266995 1.10062839477473 74.5709414246941
0.267495 1.10268953523574 74.4582657155931
0.267995 1.10475067569675 74.5411288072504
0.268495 1.10681181615776 75.4126331097087
0.268995 1.10887295661877 75.0864326281369
0.269495 1.11093409707978 75.1560721907889
0.269995 1.11299523754079 75.153870529445
0.270495 1.1150563780018 74.5353302153514
0.270995 1.11711751846281 74.6580901429663
0.271495 1.11917865892382 75.2763930938196
0.271995 1.12123979938483 75.3175971845886
0.272495 1.12330093984584 75.8356621262592
0.272995 1.12536208030685 75.3364611834602
0.273495 1.12742322076786 76.028289050769
0.273995 1.12948436122887 74.8832845989017
0.274495 1.13154550168988 75.5134537019281
0.274995 1.13360664215089 74.924437038293
0.275495 1.1356677826119 75.7136965168048
0.275995 1.13772892307291 75.7960836266794
0.276495 1.13979006353392 75.805799355039
0.276995 1.14185120399493 76.6566843579829
0.277495 1.14391234445594 76.3164165768747
0.277995 1.14597348491695 76.9834078436808
0.278495 1.14803462537796 76.2846941960044
0.278995 1.15009576583897 76.771354361908
0.279495 1.15215690629998 76.6685903607286
0.279995 1.15421804676099 75.8755939654398
0.280495 1.156279187222 76.3849911303998
0.280995 1.15834032768301 75.7196393481983
0.281495 1.16040146814402 78.2810299265288
0.281995 1.16246260860503 77.3674126304705
0.282495 1.16452374906604 77.3537281466969
0.282995 1.16658488952705 78.0778325553854
0.283495 1.16864602998806 78.0236582527621
0.283995 1.17070717044907 78.058993993162
0.284495 1.17276831091008 76.246699241226
0.284995 1.17482945137109 77.1700630796085
0.285495 1.1768905918321 77.5796843965109
0.285995 1.17895173229311 77.5958060162257
0.286495 1.18101287275412 77.803780926946
0.286995 1.18307401321513 78.1586942575436
0.287495 1.18513515367614 77.910865833554
0.287995 1.18719629413715 77.9881204170288
0.288495 1.18925743459816 78.2375568972119
0.288995 1.19131857505917 79.0596812690633
0.289495 1.19337971552018 78.2209363526208
0.289995 1.19544085598119 77.748983420562
0.290495 1.1975019964422 79.3091825116412
0.290995 1.19956313690321 79.3178869192138
0.291495 1.20162427736422 79.1833437227966
0.291995 1.20368541782523 78.7276888265492
0.292495 1.20574655828624 78.5996547069371
0.292995 1.20780769874725 79.5843394454915
0.293495 1.20986883920826 79.1575847588304
0.293995 1.21192997966927 80.5666269878016
0.294495 1.21399112013028 79.3728588944585
0.294995 1.21605226059129 81.0938621218467
0.295495 1.2181134010523 81.7175958254739
0.295995 1.22017454151331 80.1737191670852
0.296495 1.22223568197432 80.1928279884579
0.296995 1.22429682243533 79.51761789091
0.297495 1.22635796289634 80.6864057253885
0.297995 1.22841910335735 80.3321255546593
0.298495 1.23048024381836 81.0044690197654
0.298995 1.23254138427937 80.1526094633064
0.299495 1.23460252474038 80.9089061943138
0.299995 1.23666366520139 81.4201621785007
0.300495 1.2387248056624 82.479436212169
0.300995 1.24078594612341 80.712551931733
0.301495 1.24284708658442 81.9115338846093
0.301995 1.24490822704543 82.0830529507963
0.302495 1.24696936750644 80.7800913964751
0.302995 1.24903050796745 82.2792642540392
0.303495 1.25109164842846 81.4921764596047
0.303995 1.25315278888947 83.0430454382528
0.304495 1.25521392935048 82.3092690883766
0.304995 1.25727506981149 83.119671901143
0.305495 1.2593362102725 83.0462851534547
0.305995 1.26139735073351 82.7269759229202
0.306495 1.26345849119452 82.9504080633933
0.306995 1.26551963165553 83.2563280780601
0.307495 1.26758077211654 83.7570442155824
0.307995 1.26964191257755 84.2836939736754
0.308495 1.27170305303856 84.1751685408617
0.308995 1.27376419349957 83.1893888280506
0.309495 1.27582533396058 83.9290427529288
0.309995 1.27788647442159 84.3237887092014
0.310495 1.2799476148826 85.2119709491511
0.310995 1.28200875534361 85.454261297869
0.311495 1.28406989580462 84.6948370077143
0.311995 1.28613103626563 85.5294296161332
0.312495 1.28819217672664 85.697060236446
0.312995 1.29025331718765 86.1353396209547
0.313495 1.29231445764866 86.4929044598623
0.313995 1.29437559810967 85.3491207587365
0.314495 1.29643673857068 87.0012941865292
0.314995 1.29849787903169 86.5647495418384
0.315495 1.3005590194927 87.5009959726148
0.315995 1.30262015995371 86.5202158819429
0.316495 1.30468130041472 86.8834961960187
0.316995 1.30674244087573 88.0658020808775
0.317495 1.30880358133674 87.5600998520602
0.317995 1.31086472179775 88.2568684012794
0.318495 1.31292586225876 87.9913628186448
0.318995 1.31498700271977 89.2366643545003
0.319495 1.31704814318078 88.220327592418
0.319995 1.31910928364179 89.7515710144811
0.320495 1.3211704241028 89.1270031925295
0.320995 1.32323156456381 89.8923134708403
0.321495 1.32529270502482 90.6006541925808
0.321995 1.32735384548583 89.0383824845027
0.322495 1.32941498594684 90.3745469917403
0.322995 1.33147612640785 89.0316905680903
0.323495 1.33353726686886 91.031895508599
0.323995 1.33559840732987 90.2753531414653
0.324495 1.33765954779088 90.7544467450746
0.324995 1.33972068825189 91.8948785309328
0.325495 1.3417818287129 92.2315621860176
0.325995 1.34384296917391 92.1341501377882
0.326495 1.34590410963492 92.5024804423083
0.326995 1.34796525009593 92.2229961732933
0.327495 1.35002639055694 93.7984326406413
0.327995 1.35208753101795 92.7132428451854
0.328495 1.35414867147896 93.108638187794
0.328995 1.35620981193997 94.2854429506422
0.329495 1.35827095240098 94.0995576749694
0.329995 1.36033209286199 94.1446528442959
0.330495 1.362393233323 94.830395550425
0.330995 1.36445437378401 93.8704726503499
0.331495 1.36651551424502 95.8873252466656
0.331995 1.36857665470603 94.0304985937377
0.332495 1.37063779516704 96.161481877561
0.332995 1.37269893562805 95.789822945188
0.333495 1.37476007608906 97.618290249724
0.333995 1.37682121655007 96.6067588483902
0.334495 1.37888235701108 96.8128798421022
0.334995 1.38094349747209 97.4885241523312
0.335495 1.3830046379331 97.7780202605942
0.335995 1.38506577839411 98.3995178178615
0.336495 1.38712691885512 98.1729756029515
0.336995 1.38918805931613 97.9625742993632
0.337495 1.39124919977714 98.7550388412553
0.337995 1.39331034023815 99.4667669003608
0.338495 1.39537148069916 98.6014305024016
0.338995 1.39743262116017 99.5891891420871
0.339495 1.39949376162118 101.748218958069
0.339995 1.40155490208219 99.2287266312548
0.340495 1.4036160425432 101.962105244497
0.340995 1.40567718300421 101.41178165887
0.341495 1.40773832346522 100.485118695021
0.341995 1.40979946392623 103.246568383164
0.342495 1.41186060438724 102.395730177719
0.342995 1.41392174484825 103.138503728299
0.343495 1.41598288530926 101.711074722543
0.343995 1.41804402577027 104.097305893383
0.344495 1.42010516623128 103.140327333165
0.344995 1.42216630669229 104.999059055792
0.345495 1.4242274471533 103.300178215926
0.345995 1.42628858761431 105.162180609732
0.346495 1.42834972807532 105.093497348169
0.346995 1.43041086853633 105.140600496
0.347495 1.43247200899734 107.364340581395
0.347995 1.43453314945835 105.457938781083
0.348495 1.43659428991936 107.991096856188
0.348995 1.43865543038037 107.627912694614
0.349495 1.44071657084138 106.329999858205
0.349995 1.44277771130239 108.623902059571
0.350495 1.4448388517634 108.696468522341
0.350995 1.44689999222441 109.198450851679
0.351495 1.44896113268542 109.251082664737
0.351995 1.45102227314643 108.882298682856
0.352495 1.45308341360744 110.205071881591
0.352995 1.45514455406845 110.704525318879
0.353495 1.45720569452946 109.973948638087
0.353995 1.45926683499047 110.903440134631
0.354495 1.46132797545148 111.239717171757
0.354995 1.46338911591249 111.022163795038
0.355495 1.4654502563735 112.069177304685
0.355995 1.46751139683451 112.347594060572
0.356495 1.46957253729552 113.843593711828
0.356995 1.47163367775653 114.386583666098
0.357495 1.47369481821754 112.883377231376
0.357995 1.47575595867855 114.418175731547
0.358495 1.47781709913956 114.747127645455
0.358995 1.47987823960057 113.636814808768
0.359495 1.48193938006158 116.038716682027
0.359995 1.48400052052259 116.486825405548
0.360495 1.4860616609836 114.434570465799
0.360995 1.48812280144461 116.551509527326
0.361495 1.49018394190562 117.632349923596
0.361995 1.49224508236663 118.321971631496
0.362495 1.49430622282764 117.700413064747
0.362995 1.49636736328865 116.371511079157
0.363495 1.49842850374966 120.084384484591
0.363995 1.50048964421067 119.431313880183
0.364495 1.50255078467168 119.027449920579
0.364995 1.50461192513269 119.375859284452
0.365495 1.5066730655937 120.805682580087
0.365995 1.50873420605471 120.596280750374
0.366495 1.51079534651572 121.161577379375
0.366995 1.51285648697673 121.944431047637
0.367495 1.51491762743774 123.449620862972
0.367995 1.51697876789875 120.567077641142
0.368495 1.51903990835976 122.078078207818
0.368995 1.52110104882077 123.458129357305
0.369495 1.52316218928178 124.337507527747
0.369995 1.52522332974279 124.967970428565
0.370495 1.5272844702038 124.405082709078
0.370995 1.52934561066481 125.810257156886
0.371495 1.53140675112582 126.709074885546
0.371995 1.53346789158683 126.861739388447
0.372495 1.53552903204784 127.01679822318
0.372995 1.53759017250885 126.717950574887
0.373495 1.53965131296986 128.96502459956
0.373995 1.54171245343087 129.537794669221
0.374495 1.54377359389188 130.044549362683
0.374995 1.54583473435289 130.354920621144
0.375495 1.5478958748139 130.593152323522
0.375995 1.54995701527491 130.687446924138
0.376495 1.55201815573592 131.515502636451
0.376995 1.55407929619693 131.081082745002
0.377495 1.55614043665794 132.426982680743
0.377995 1.55820157711895 133.135186251017
0.378495 1.56026271757996 132.861906677681
0.378995 1.56232385804097 134.301081054464
0.379495 1.56438499850198 134.016785879084
0.379995 1.56644613896299 136.460492984856
0.380495 1.568507279424 136.541669745315
0.380995 1.57056841988501 136.492756630235
0.381495 1.57262956034602 136.621953412302
0.381995 1.57469070080703 136.465013511358
0.382495 1.57675184126804 137.14503191454
0.382995 1.57881298172905 139.985804549765
0.383495 1.58087412219006 140.037865546447
0.383995 1.58293526265107 140.482131867354
0.384495 1.58499640311208 139.628589515676
0.384995 1.58705754357309 139.364115300816
0.385495 1.5891186840341 140.360435647754
0.385995 1.59117982449511 141.872953897772
0.386495 1.59324096495612 143.725457258359
0.386995 1.59530210541713 143.412814773827
0.387495 1.59736324587814 143.246567738738
0.387995 1.59942438633915 144.084998542497
0.388495 1.60148552680016 145.466561730594
0.388995 1.60354666726117 146.502185367282
0.389495 1.60560780772218 146.721746410556
0.389995 1.60766894818319 147.658727207163
0.390495 1.6097300886442 148.6543293573
0.390995 1.61179122910521 149.25034802044
0.391495 1.61385236956622 150.113581784483
0.391995 1.61591351002723 150.202842922301
0.392495 1.61797465048824 149.70348739002
0.392995 1.62003579094925 150.78527002754
0.393495 1.62209693141026 150.788625079671
0.393995 1.62415807187127 151.202618248783
0.394495 1.62621921233228 153.976049208901
0.394995 1.62828035279329 134.836578746034
0.395495 1.6303414932543 80.5310174935819
0.395995 1.63240263371531 37.9121903960454
0.396495 1.63446377417632 16.1850865228904
0.396995 1.63652491463733 3.6941765873276
0.397495 1.63858605509834 5.34493833931521
0.397995 1.64064719555935 9.08758302165571
0.398495 1.64270833602036 9.79275534575152
0.398995 1.64476947648137 7.80927541902613
0.399495 1.64683061694238 6.75534253234841
0.399995 1.64889175740339 8.47494896014304
0.400495 1.6509528978644 8.76642298272913
0.400995 1.65301403832541 7.50057207040428
0.401495 1.65507517878642 6.60450840480986
0.401995 1.65713631924743 8.19555255055019
0.402495 1.65919745970844 8.8495941796006
0.402995 1.66125860016945 7.1758006804709
0.403495 1.66331974063046 7.09925921010161
0.403995 1.66538088109147 7.68548513642889
0.404495 1.66744202155248 9.34673509191429
0.404995 1.66950316201349 8.1292494979806
0.405495 1.6715643024745 7.23321238870274
0.405995 1.67362544293551 7.61780647730144
0.406495 1.67568658339652 8.11503314825077
0.406995 1.67774772385753 9.12963958584702
0.407495 1.67980886431854 8.5370933694161
0.407995 1.68187000477955 8.24310508471353
0.408495 1.68393114524056 8.43535794309698
0.408995 1.68599228570157 8.85261418935466
0.409495 1.68805342616258 8.71020988664444
0.409995 1.69011456662359 8.17060776697247
0.410495 1.6921757070846 7.94214434351898
0.410995 1.69423684754561 9.13944704352275
0.411495 1.69629798800662 8.98564947108803
0.411995 1.69835912846763 8.0618472935659
0.412495 1.70042026892864 7.54854033172887
0.412995 1.70248140938965 9.01014515599528
0.413495 1.70454254985066 9.00817059780919
0.413995 1.70660369031167 8.15394365447515
0.414495 1.70866483077268 8.10656632199778
0.414995 1.71072597123369 8.78936100858349
0.415495 1.7127871116947 9.45615436273876
0.415995 1.71484825215571 8.78380037424433
0.416495 1.71690939261672 8.49003458881028
0.416995 1.71897053307773 8.60215095802607
0.417495 1.72103167353874 9.00163364822071
0.417995 1.72309281399975 9.22974955298378
0.418495 1.72515395446076 7.66155456451907
0.418995 1.72721509492177 9.1903298910442
0.419495 1.72927623538278 9.29082389934921
0.419995 1.73133737584379 8.45733486568771
0.420495 1.7333985163048 8.78285828354741
0.420995 1.73545965676581 8.75985396037165
0.421495 1.73752079722682 9.0175751840317
0.421995 1.73958193768783 9.28830841821376
0.422495 1.74164307814884 9.47232679639183
0.422995 1.74370421860985 9.15439334696209
0.423495 1.74576535907086 8.81900634446892
0.423995 1.74782649953187 8.98838775056461
0.424495 1.74988763999288 9.65879358179651
0.424995 1.75194878045389 9.09321394476044
0.425495 1.7540099209149 8.70004697450651
0.425995 1.75607106137591 9.61766123775466
0.426495 1.75813220183692 9.87572804791189
0.426995 1.76019334229793 9.17885340288484
0.427495 1.76225448275894 8.52250537141512
0.427995 1.76431562321995 9.35447815758885
0.428495 1.76637676368096 10.2778856590012
0.428995 1.76843790414197 9.09201471765166
0.429495 1.77049904460298 8.76108472378251
0.429995 1.77256018506399 8.84610228179069
0.430495 1.774621325525 9.30252278034696
0.430995 1.77668246598601 9.71740463324641
0.431495 1.77874360644702 9.66604723531161
0.431995 1.78080474690803 9.75074168647372
0.432495 1.78286588736904 10.1430049621645
0.432995 1.78492702783005 10.0349794291241
0.433495 1.78698816829106 9.78531281947667
0.433995 1.78904930875207 9.15886293936159
0.434495 1.79111044921308 9.58956839956831
0.434995 1.79317158967409 9.57155057173463
0.435495 1.7952327301351 9.79342564176647
0.435995 1.79729387059611 10.0540149993617
0.436495 1.79935501105712 9.45674792072117
0.436995 1.80141615151813 9.54412736839752
0.437495 1.80347729197914 10.1750048287364
0.437995 1.80553843244015 9.16835645674217
0.438495 1.80759957290116 9.51505920121715
0.438995 1.80966071336217 9.97079838773146
0.439495 1.81172185382318 10.2159240847843
0.439995 1.81378299428419 10.2346560259753
0.440495 1.8158441347452 9.72342704955736
0.440995 1.81790527520621 9.56914860073196
0.441495 1.81996641566722 9.90697153468108
0.441995 1.82202755612823 10.2800677143038
0.442495 1.82408869658924 9.54973562525154
0.442995 1.82614983705025 9.61543728486704
0.443495 1.82821097751126 10.0378948443544
0.443995 1.83027211797227 10.4140793494219
0.444495 1.83233325843328 10.0652434752327
0.444995 1.83439439889429 9.70497187232931
0.445495 1.8364555393553 10.0910385506044
0.445995 1.83851667981631 10.027761593675
0.446495 1.84057782027732 9.46300749952391
0.446995 1.84263896073833 9.86261185140328
0.447495 1.84470010119934 10.3424328853974
0.447995 1.84676124166035 10.2863250143041
0.448495 1.84882238212136 10.1653776156492
0.448995 1.85088352258237 9.47458755103756
0.449495 1.85294466304338 10.0871440607805
0.449995 1.85500580350439 11.2466484457996
0.450495 1.8570669439654 10.333696855327
0.450995 1.85912808442641 10.3106212390163
0.451495 1.86118922488742 9.96800008919116
0.451995 1.86325036534843 10.4182102705607
0.452495 1.86531150580944 10.6284227507414
0.452995 1.86737264627045 10.9835934986983
0.453495 1.86943378673146 9.67577582246271
0.453995 1.87149492719247 10.488323879106
0.454495 1.87355606765348 10.422254758065
0.454995 1.87561720811449 10.7897585830498
0.455495 1.8776783485755 10.6476241942385
0.455995 1.87973948903651 10.9224576315262
0.456495 1.88180062949752 11.056260996506
0.456995 1.88386176995853 11.0843152615352
0.457495 1.88592291041954 10.7655368908752
0.457995 1.88798405088055 11.0189655004438
0.458495 1.89004519134156 10.6676290366704
0.458995 1.89210633180257 10.9141016475628
0.459495 1.89416747226358 11.2785654725961
0.459995 1.89622861272459 10.7044515089169
0.460495 1.8982897531856 11.3054347282163
0.460995 1.90035089364661 10.3086327709817
0.461495 1.90241203410762 10.7077075261287
0.461995 1.90447317456863 11.6936050244021
0.462495 1.90653431502964 11.5938947860233
0.462995 1.90859545549065 11.1848772701817
0.463495 1.91065659595166 11.3915907919668
0.463995 1.91271773641267 11.0624381169077
0.464495 1.91477887687368 11.5563304411796
0.464995 1.91684001733469 11.1536189946466
0.465495 1.9189011577957 11.0068365607477
0.465995 1.92096229825671 11.5468310988249
0.466495 1.92302343871772 11.2642290372373
0.466995 1.92508457917873 11.9677275759957
0.467495 1.92714571963974 11.5905199489821
0.467995 1.92920686010075 11.630927049524
0.468495 1.93126800056176 11.5622988327718
0.468995 1.93332914102277 11.9780354294196
0.469495 1.93539028148378 11.4949459839821
0.469995 1.93745142194479 11.9346835735167
0.470495 1.9395125624058 11.7366835978669
0.470995 1.94157370286681 11.696320125852
0.471495 1.94363484332782 11.2828000382188
0.471995 1.94569598378883 11.9602055833484
0.472495 1.94775712424984 12.4664484358595
0.472995 1.94981826471085 12.0392741205878
0.473495 1.95187940517186 12.3661348863819
0.473995 1.95394054563287 12.8029022404149
0.474495 1.95600168609388 12.257683711211
0.474995 1.95806282655489 12.4229707295218
0.475495 1.9601239670159 12.8999831720658
0.475995 1.96218510747691 12.7211906683845
0.476495 1.96424624793792 13.3941695442465
0.476995 1.96630738839893 12.3337294212272
0.477495 1.96836852885994 12.1680594947304
0.477995 1.97042966932095 13.2708518524499
0.478495 1.97249080978196 12.533065267544
0.478995 1.97455195024297 12.4590932070351
0.479495 1.97661309070398 12.7631651032391
0.479995 1.97867423116499 13.4439030193432
0.480495 1.980735371626 12.7919553492988
0.480995 1.98279651208701 13.1707200637844
0.481495 1.98485765254802 13.2146423450432
0.481995 1.98691879300903 13.7117639330341
0.482495 1.98897993347004 13.3586827153806
0.482995 1.99104107393105 13.3166337824538
0.483495 1.99310221439206 13.1816046558124
0.483995 1.99516335485307 13.7234400160441
0.484495 1.99722449531408 13.7014625812987
0.484995 1.99928563577509 13.9908563702776
0.485495 2.0013467762361 13.7369040581585
0.485995 2.00340791669711 14.1568430202626
0.486495 2.00546905715812 14.3773760978035
0.486995 2.00753019761913 13.7270767806744
0.487495 2.00959133808014 14.1183234573455
0.487995 2.01165247854115 14.3306306767475
0.488495 2.01371361900216 14.3537736621722
0.488995 2.01577475946317 14.1787933202542
0.489495 2.01783589992418 14.2514523901699
0.489995 2.01989704038519 15.3745405512631
0.490495 2.0219581808462 14.9100841102162
0.490995 2.02401932130721 14.6098858841482
0.491495 2.02608046176822 14.5804583687375
0.491995 2.02814160222923 14.8996303089463
0.492495 2.03020274269024 15.4773544549809
0.492995 2.03226388315125 14.7453098422898
0.493495 2.03432502361226 15.2958373906096
0.493995 2.03638616407327 15.4093414950683
0.494495 2.03844730453428 15.397732298213
0.494995 2.04050844499529 15.1842737193386
0.495495 2.0425695854563 15.5947104480254
0.495995 2.04463072591731 16.1024994447226
0.496495 2.04669186637832 15.0938931425983
0.496995 2.04875300683933 16.1815186288612
0.497495 2.05081414730034 14.2741242282367
0.497995 2.05287528776135 12.8347320195504
0.498495 2.05493642822236 13.7094270201881
0.498995 2.05699756868337 14.0789295464229
0.499495 2.05905870914438 12.8820083441311
0.499995 2.06111984960539 13.1843512347439
