# Fix print output for fix Step
1.37893123345398e-16 2.8421709430404e-15 -1.59017879847309
0.00049500000000013 0.0102026452275027 2.76742441425286
0.000995000000000111 0.0205083474775023 0.593184056372877
0.00149500000000009 0.0308140497275019 3.82793201093514
0.00199500000000008 0.0411197519775015 0.762472456990202
0.00249500000000006 0.0514254542275012 3.57015067155709
0.00299500000000004 0.0617311564775008 2.94762284704818
0.00349500000000016 0.0720368587275033 4.37110923054454
0.003995 0.0823425609775001 3.45293347011126
0.00449500000000012 0.0926482632275025 3.26986874017182
0.0049950000000001 0.102953965477502 4.99294395781557
0.00549500000000009 0.113259667727502 4.56577259851849
0.00599500000000007 0.123565369977501 6.888765506289
0.00649500000000005 0.133871072227501 3.98177452740369
0.00699500000000017 0.144176774477503 7.23344488596047
0.00749500000000001 0.1544824767275 4.86100023174417
0.00799500000000013 0.164788178977503 9.15713046467018
0.00849500000000012 0.175093881227502 4.93664828083537
0.0089950000000001 0.185399583477502 9.03521164688676
0.00949500000000008 0.195705285727502 5.62561937245146
0.00999500000000006 0.206010987977501 10.3947077568588
0.0104950000000002 0.216316690227504 7.29051396577593
0.010995 0.226622392477501 10.166968637031
0.0114950000000001 0.236928094727503 7.55721765336008
0.0119950000000001 0.247233796977503 10.5653208346498
0.0124950000000001 0.257539499227502 9.64619537177625
0.0129950000000001 0.267845201477502 10.8953312169823
0.0134950000000001 0.278150903727502 10.455049889921
0.0139950000000002 0.288456605977504 10.7387826988129
0.014495 0.298762308227501 12.0740443556562
0.0149950000000002 0.309068010477503 11.262065934288
0.0154950000000001 0.319373712727503 12.6313104530386
0.0159950000000001 0.329679414977502 11.3260003587555
0.0164950000000001 0.339985117227502 13.5371033451434
0.0169950000000001 0.350290819477502 11.9598120241713
0.0174950000000001 0.360596521727501 14.7024560404534
0.017995 0.370902223977501 12.2794153131204
0.0184950000000002 0.381207926227503 15.1239296395316
0.018995 0.3915136284775 12.7105759569713
0.0194950000000001 0.401819330727503 16.0032391335706
0.0199950000000001 0.412125032977502 13.6121802702832
0.0204950000000001 0.422430735227502 16.5336042580119
0.0209950000000001 0.432736437477502 14.2798706871433
0.0214950000000001 0.443042139727501 16.957535537278
0.0219950000000002 0.453347841977504 15.4314037544251
0.022495 0.4636535442275 17.6036804565334
0.0229950000000001 0.473959246477503 16.2354055547561
0.0234950000000001 0.484264948727503 17.8814889835679
0.0239950000000001 0.494570650977502 17.169269944482
0.0244950000000001 0.504876353227502 18.1546409004368
0.0249950000000001 0.515182055477501 18.307941410391
0.0254950000000002 0.525487757727504 18.6412286485785
0.025995 0.535793459977501 19.1455510342327
0.0264950000000002 0.546099162227503 18.8769256200798
0.0269950000000001 0.556404864477503 20.3310614458965
0.0274950000000001 0.566710566727502 19.3500090984481
0.0279950000000001 0.577016268977502 20.9208349567864
0.0284950000000001 0.587321971227502 19.663554690464
0.0289950000000002 0.597627673477504 21.8858530947235
0.029495 0.607933375727501 20.2379250309291
0.0299950000000002 0.618239077977503 22.5344919228673
0.0304950000000001 0.628544780227503 20.8747230867679
0.0309950000000001 0.638850482477503 23.2699438055946
0.0314950000000001 0.649156184727502 21.3333092064371
0.0319950000000001 0.659461886977502 23.4892245186755
0.0324950000000001 0.669767589227501 21.9187417084711
0.0329950000000001 0.680073291477501 23.7838572434869
0.0334950000000002 0.690378993727504 22.8470275726393
0.033995 0.7006846959775 24.5661329925448
0.0344950000000001 0.710990398227503 23.6999415227074
0.0349950000000001 0.721296100477502 24.8029176871515
0.0354950000000001 0.731601802727502 24.6182255423719
0.0359950000000001 0.741907504977502 25.4220499926421
0.0364950000000001 0.752213207227501 25.3502777682045
0.0369950000000002 0.762518909477504 25.6681889726938
0.037495 0.772824611727501 26.171847400314
0.0379950000000001 0.783130313977503 26.2352116962187
0.0384950000000001 0.793436016227503 26.7663601132365
0.0389950000000001 0.803741718477502 26.5219743253624
0.0394950000000001 0.814047420727502 27.6248271192329
0.0399950000000001 0.824353122977502 27.0683803830928
0.0404950000000002 0.834658825227504 28.4166058260081
0.040995 0.844964527477501 27.5097338640513
0.0414950000000002 0.855270229727503 28.9723422695424
0.0419950000000001 0.865575931977503 28.1609094891281
0.0424950000000001 0.875881634227503 29.7293761268581
0.0429950000000001 0.886187336477502 28.5473247171767
0.0434950000000001 0.896493038727502 30.1062715700037
0.0439950000000001 0.906798740977501 29.1710126823353
0.044495 0.917104443227501 30.7568839408106
0.0449950000000002 0.927410145477504 29.772687228428
0.045495 0.9377158477275 31.0775519831507
0.0459950000000001 0.948021549977503 30.4315209210779
0.0464950000000001 0.958327252227502 31.8725958556324
0.0469950000000001 0.968632954477502 31.1158417926213
0.0474950000000001 0.978938656727502 32.1182352915039
0.0479950000000001 0.989244358977501 31.6296393944599
0.0484950000000002 0.999550061227504 32.716494722828
0.048995 1.0098557634775 32.6031977880626
0.0494950000000001 1.0201614657275 33.1148201927462
0.0499950000000001 1.0304671679775 32.9241608891956
0.0504950000000001 1.0407728702275 33.594959022703
0.0509950000000001 1.0510785724775 33.8032756762087
0.0514950000000001 1.0613842747275 33.8795198948405
0.0519950000000002 1.0716899769775 34.0951878966904
0.052495 1.0819956792275 34.2375308522176
0.0529950000000002 1.0923013814775 34.8399321386923
0.0534950000000001 1.1026070837275 34.9496644120713
0.0539950000000001 1.1129127859775 35.585632648782
0.0544950000000001 1.1232184882275 35.4227380517305
0.0549950000000001 1.1335241904775 36.0967295198589
0.0554950000000002 1.1438298927275 35.7094223685014
0.055995 1.1541355949775 36.8099898717277
0.0564950000000002 1.1644412972275 36.5335933335712
0.056995 1.1747469994775 37.3375108425033
0.0574950000000001 1.1850527017275 36.5420194130333
0.0579950000000001 1.1953584039775 37.7564942079169
0.0584950000000001 1.2056641062275 37.5041014936931
0.0589950000000001 1.2159698084775 38.5086844730037
0.0594950000000001 1.2262755107275 37.7517440872835
0.0599950000000002 1.2365812129775 38.5590754826081
0.060495 1.2468869152275 38.3649330310017
0.0609950000000001 1.2571926174775 39.5445525074354
0.0614950000000001 1.2674983197275 39.5273450640711
0.0619950000000001 1.2778040219775 40.0391187279414
0.0624950000000001 1.2881097242275 39.6667602860037
0.0629950000000001 1.2984154264775 40.6015374155171
0.0634950000000002 1.3087211287275 40.4566265805219
0.063995 1.3190268309775 41.1780295170831
0.0644950000000001 1.3293325332275 40.9580929420116
0.0649950000000001 1.3396382354775 41.6058172346606
0.0654950000000001 1.3499439377275 41.473541819333
0.0659950000000001 1.3602496399775 41.8266809352955
0.0664950000000001 1.3705553422275 42.1304861929307
0.0669950000000002 1.3808610444775 42.4125841667016
0.067495 1.3911667467275 42.5850550863362
0.0679950000000002 1.4014724489775 42.4855180509289
0.068495 1.4117781512275 42.9492410337495
0.0689950000000001 1.4220838534775 42.9881116085604
0.0694950000000001 1.4323895557275 43.6335617812484
0.0699950000000001 1.4426952579775 43.6630590448648
0.0704950000000002 1.4530009602275 44.1423458261035
0.0709950000000001 1.4633066624775 43.8304886313475
0.0714950000000002 1.4736123647275 44.5413047463
0.071995 1.4839180669775 44.6422271476466
0.0724950000000001 1.4942237692275 45.2170183792748
0.0729950000000001 1.5045294714775 44.8971752426379
0.0734950000000001 1.5148351737275 45.613235183591
0.0739950000000001 1.5251408759775 45.5443302455098
0.0744950000000001 1.5354465782275 46.0247824202553
0.0749950000000002 1.5457522804775 45.9576909506115
0.075495 1.5560579827275 46.4846664202084
0.0759950000000001 1.5663636849775 46.4562960785771
0.0764950000000001 1.5766693872275 47.0965608226546
0.0769950000000001 1.5869750894775 47.194476030607
0.0774950000000001 1.5972807917275 47.4696832250899
0.0779950000000001 1.6075864939775 47.4377306758554
0.0784950000000002 1.6178921962275 47.7441877252481
0.078995 1.6281978984775 47.8217023891282
0.0794950000000002 1.6385036007275 48.3802781936353
0.079995 1.6488093029775 48.4010732832691
0.0804950000000001 1.6591150052275 48.9806777026934
0.0809950000000001 1.6694207074775 49.0530061247194
0.0814950000000001 1.6797264097275 49.3984753335304
0.0819950000000002 1.6900321119775 49.3290862160781
0.0824950000000001 1.7003378142275 49.5977073738922
0.0829950000000002 1.7106435164775 49.7400531339495
0.0834950000000002 1.7209492187275 50.2337654969708
0.0839950000000001 1.7312549209775 50.4565104331153
0.0844950000000001 1.7415606232275 50.4810862298048
0.0849950000000001 1.7518663254775 50.6207528609953
0.0854950000000001 1.7621720277275 50.9543786038189
0.0859950000000001 1.7724777299775 51.3807953360072
0.0864950000000002 1.7827834322275 51.2926286063769
0.086995 1.7930891344775 51.6278736984006
0.0874950000000001 1.8033948367275 51.8479163826785
0.0879950000000001 1.8137005389775 52.2294244181151
0.0884950000000001 1.8240062412275 52.1028999483562
0.0889950000000001 1.8343119434775 52.4560570462835
0.0894950000000001 1.8446176457275 52.8436151892559
0.0899950000000002 1.8549233479775 53.1580980918469
0.090495 1.8652290502275 52.9463530966209
0.0909950000000002 1.8755347524775 53.3257662437094
0.0914950000000001 1.8858404547275 53.5378226580151
0.0919950000000001 1.8961461569775 54.0944841371033
0.0924950000000001 1.9064518592275 53.8859787484221
0.0929950000000001 1.9167575614775 54.074372326839
0.0934950000000002 1.9270632637275 54.2216874552838
0.0939950000000001 1.9373689659775 54.9428299311167
0.0944950000000002 1.9476746682275 54.915422438534
0.0949950000000001 1.9579803704775 55.0392544826433
0.0954950000000001 1.9682860727275 55.2085486150578
0.0959950000000001 1.9785917749775 55.6035031153603
0.0964950000000001 1.9888974772275 55.9357619058336
0.0969950000000001 1.9992031794775 55.8769274659502
0.0974950000000001 2.0095088817275 56.1329003453131
0.0979950000000002 2.0198145839775 56.2772800752656
0.098495 2.0301202862275 56.5625316936004
0.0989950000000001 2.0404259884775 56.7017518011068
0.0994950000000001 2.0507316907275 57.0233378070328
0.0999950000000001 2.0610373929775 57.1208591425142
0.100495 2.0713430952275 57.5120611723573
0.100995 2.0816487974775 57.4028273359813
0.101495 2.0919544997275 57.9776734824601
0.101995 2.1022602019775 57.8268433335864
0.102495 2.1125659042275 58.3761098684315
0.102995 2.1228716064775 58.1452387329053
0.103495 2.1331773087275 58.6338512988456
0.103995 2.1434830109775 58.6296599408117
0.104495 2.1537887132275 59.1103482938279
0.104995 2.1640944154775 59.0344152670176
0.105495 2.1744001177275 59.5222737820578
0.105995 2.1847058199775 59.4010529205349
0.106495 2.1950115222275 59.8034786492059
0.106995 2.2053172244775 59.7377335265611
0.107495 2.2156229267275 60.3335954532944
0.107995 2.2259286289775 60.395894920736
0.108495 2.2362343312275 60.54991063751
0.108995 2.2465400334775 60.4480719585814
0.109495 2.2568457357275 60.9246308342665
0.109995 2.2671514379775 61.1633702430904
0.110495 2.2774571402275 61.3064002656411
0.110995 2.2877628424775 61.2518067354474
0.111495 2.2980685447275 61.7074089023656
0.111995 2.3083742469775 61.8803332630316
0.112495 2.3186799492275 62.0811006404354
0.112995 2.3289856514775 62.0416482759477
0.113495 2.3392913537275 62.1721392028774
0.113995 2.3495970559775 62.3119335029171
0.114495 2.3599027582275 62.5585065406785
0.114995 2.3702084604775 62.9478626171477
0.115495 2.3805141627275 63.0937684567911
0.115995 2.3908198649775 63.0605958806568
0.116495 2.4011255672275 63.431566854938
0.116995 2.4114312694775 63.6626642262867
0.117495 2.4217369717275 63.6555176234189
0.117995 2.4320426739775 63.9044533882011
0.118495 2.4423483762275 63.9287764070799
0.118995 2.4526540784775 64.3355002677721
0.119495 2.4629597807275 64.3817765933633
0.119995 2.4732654829775 64.6562557910309
0.120495 2.4835711852275 64.6247352381942
0.120995 2.4938768874775 65.089137867917
0.121495 2.5041825897275 64.9810637541857
0.121995 2.5144882919775 65.2205116345568
0.122495 2.5247939942275 65.4559713652022
0.122995 2.5350996964775 65.8451832760761
0.123495 2.5454053987275 65.7018717551966
0.123995 2.5557111009775 66.0666034893975
0.124495 2.5660168032275 66.1020835389909
0.124995 2.5763225054775 66.3921813860933
0.125495 2.5866282077275 66.195669241891
0.125995 2.5969339099775 66.6716565148859
0.126495 2.6072396122275 66.8933296615581
0.126995 2.6175453144775 66.9260624208171
0.127495 2.6278510167275 66.8242727685344
0.127995 2.6381567189775 67.2511503027399
0.128495 2.6484624212275 67.4160827015168
0.128995 2.6587681234775 67.6339952149102
0.129495 2.6690738257275 67.6490082439516
0.129995 2.6793795279775 67.5244825532419
0.130495 2.6896852302275 67.9574164918356
0.130995 2.6999909324775 68.3979722159968
0.131495 2.7102966347275 68.2388973334798
0.131995 2.7206023369775 68.4123900213135
0.132495 2.7309080392275 68.4665525077531
0.132995 2.7412137414775 68.70621061375
0.133495 2.7515194437275 68.9801282817954
0.133995 2.7618251459775 69.1733067969296
0.134495 2.7721308482275 69.1794780866308
0.134995 2.7824365504775 69.1754329914194
0.135495 2.7927422527275 69.5039110011774
0.135995 2.8030479549775 69.8682735104426
0.136495 2.8133536572275 69.9610894066539
0.136995 2.8236593594775 69.9659277671543
0.137495 2.8339650617275 70.1243129920223
0.137995 2.8442707639775 70.4349055245582
0.138495 2.8545764662275 70.4099619396771
0.138995 2.8648821684775 70.5339116973643
0.139495 2.8751878707275 70.6536914853557
0.139995 2.8854935729775 70.8646417117269
0.140495 2.8957992752275 71.1265410536201
0.140995 2.9061049774775 70.9508279143284
0.141495 2.9164106797275 71.328426741055
0.141995 2.92671638197751 71.3460449813434
0.142495 2.9370220842275 71.8287006811302
0.142995 2.9473277864775 71.61643944597
0.143495 2.9576334887275 72.1618824846351
0.143995 2.9679391909775 71.6868647271026
0.144495 2.9782448932275 72.2643364098618
0.144995 2.9885505954775 72.1847654191323
0.145495 2.9988562977275 72.6710417554811
0.145995 3.0091619999775 72.5042781340113
0.146495 3.0194677022275 72.6599089116489
0.146995 3.0297734044775 72.7923655055203
0.147495 3.0400791067275 72.9015357069205
0.147995 3.0503848089775 72.9722856616458
0.148495 3.0606905112275 73.2752352373874
0.148995 3.0709962134775 73.5334193283181
0.149495 3.0813019157275 73.7215066404789
0.149995 3.0916076179775 73.3716776364795
0.150495 3.1019133202275 73.8236249226731
0.150995 3.1122190224775 73.8253773367201
0.151495 3.1225247247275 74.1045955322797
0.151995 3.1328304269775 73.6860004711006
0.152495 3.1431361292275 74.1896598733189
0.152995 3.1534418314775 74.2984856380253
0.153495 3.1637475337275 74.8937796047143
0.153995 3.1740532359775 74.6961086897525
0.154495 3.1843589382275 74.5139221815997
0.154995 3.1946646404775 74.6061312561871
0.155495 3.2049703427275 75.1804980411784
0.155995 3.2152760449775 75.2629719160142
0.156495 3.2255817472275 75.3132721980436
0.156995 3.2358874494775 75.1210231536495
0.157495 3.2461931517275 75.6402012297371
0.157995 3.2564988539775 75.6819521169732
0.158495 3.2668045562275 75.6958163087806
0.158995 3.2771102584775 75.7032852233567
0.159495 3.2874159607275 75.8593652502005
0.159995 3.2977216629775 76.1456808992885
0.160495 3.3080273652275 76.2161810228471
0.160995 3.3183330674775 76.3681765205299
0.161495 3.3286387697275 76.3625029677926
0.161995 3.3389444719775 76.4834596720984
0.162495 3.3492501742275 76.4162002817413
0.162995 3.3595558764775 76.8680661368227
0.163495 3.3698615787275 77.0204734922094
0.163995 3.3801672809775 76.9477609211548
0.164495 3.3904729832275 76.9514837441325
0.164995 3.4007786854775 77.314012926725
0.165495 3.4110843877275 77.3148287248335
0.165995 3.4213900899775 77.3371590806805
0.166495 3.4316957922275 77.4077458645803
0.166995 3.4420014944775 77.5254242390253
0.167495 3.4523071967275 77.7541839693323
0.167995 3.4626128989775 78.0521420374892
0.168495 3.47291860122751 78.0841027991871
0.168995 3.4832243034775 77.9206111162846
0.169495 3.4935300057275 78.1623410961685
0.169995 3.5038357079775 78.3184673683538
0.170495 3.5141414102275 78.5293154828085
0.170995 3.5244471124775 78.318079714333
0.171495 3.5347528147275 78.5290383057219
0.171995 3.54505851697751 78.6474547062935
0.172495 3.5553642192275 78.8501692003268
0.172995 3.5656699214775 78.956561581418
0.173495 3.5759756237275 78.9812490251245
0.173995 3.5862813259775 79.1600236069101
0.174495 3.5965870282275 79.2712932784659
0.174995 3.6068927304775 79.105358813932
0.175495 3.6171984327275 79.1817513770447
0.175995 3.6275041349775 79.3021300069878
0.176495 3.6378098372275 79.7150195669253
0.176995 3.6481155394775 79.8613890535284
0.177495 3.6584212417275 79.6015715772314
0.177995 3.6687269439775 79.8786784410201
0.178495 3.6790326462275 79.8593065422821
0.178995 3.6893383484775 79.9663623261475
0.179495 3.6996440507275 80.1521722147082
0.179995 3.7099497529775 80.2579931025304
0.180495 3.7202554552275 80.3827764266978
0.180995 3.7305611574775 80.4538621713083
0.181495 3.7408668597275 80.5844915313072
0.181995 3.7511725619775 80.6621820333194
0.182495 3.7614782642275 80.6915285015466
0.182995 3.7717839664775 80.9152798110776
0.183495 3.7820896687275 80.8040338990627
0.183995 3.7923953709775 80.9204736009759
0.184495 3.8027010732275 81.060873823839
0.184995 3.8130067754775 81.1464800994128
0.185495 3.8233124777275 81.2728345278251
0.185995 3.8336181799775 81.4488623182236
0.186495 3.8439238822275 81.5101623889489
0.186995 3.8542295844775 81.485129499964
0.187495 3.8645352867275 81.4965632302061
0.187995 3.8748409889775 81.4628036946626
0.188495 3.8851466912275 81.6834297811876
0.188995 3.8954523934775 81.8905701388829
0.189495 3.9057580957275 82.0645783919601
0.189995 3.9160637979775 81.9644292603163
0.190495 3.9263695002275 82.052027766323
0.190995 3.9366752024775 82.0701405799217
0.191495 3.9469809047275 82.2854181951704
0.191995 3.9572866069775 82.2193641699163
0.192495 3.9675923092275 82.5810931450179
0.192995 3.9778980114775 82.3327262677978
0.193495 3.9882037137275 82.7524469083981
0.193995 3.9985094159775 82.4419680723874
0.194495 4.0088151182275 82.9747742961601
0.194995 4.01912082047751 82.571636312671
0.195495 4.0294265227275 83.0678692904182
0.195995 4.0397322249775 82.694761590526
0.196495 4.0500379272275 83.4019371251393
0.196995 4.0603436294775 82.8660313222765
0.197495 4.0706493317275 83.2798351676567
0.197995 4.0809550339775 83.2225182994021
0.198495 4.0912607362275 83.784716474512
0.198995 4.1015664384775 83.2293275992099
0.199495 4.1118721407275 83.6430654663094
0.199995 4.1221778429775 83.382399312471
0.200495 4.1324835452275 84.04585120946
0.200995 4.1427892474775 83.9544426423045
0.201495 4.1530949497275 84.1421078554491
0.201995 4.1634006519775 83.6751986822922
0.202495 4.1737063542275 84.0830165735711
0.202995 4.1840120564775 84.0459643023546
0.203495 4.1943177587275 84.3425260420068
0.203995 4.2046234609775 84.2279205745731
0.204495 4.2149291632275 84.2078742301577
0.204995 4.2252348654775 84.3040124665365
0.205495 4.2355405677275 84.5743761857624
0.205995 4.2458462699775 84.5392255504515
0.206495 4.2561519722275 84.6290029642655
0.206995 4.2664576744775 84.6642322512898
0.207495 4.2767633767275 84.7860395917153
0.207995 4.2870690789775 85.1817273011806
0.208495 4.2973747812275 85.0215605637365
0.208995 4.3076804834775 84.8423664935262
0.209495 4.3179861857275 84.7215697975864
0.209995 4.3282918879775 85.5489880324414
0.210495 4.3385975902275 85.3847145992665
0.210995 4.3489032924775 85.3586579793555
0.211495 4.3592089947275 84.969679323913
0.211995 4.3695146969775 85.5757024127953
0.212495 4.3798203992275 85.7775427904917
0.212995 4.3901261014775 85.8492193401042
0.213495 4.4004318037275 85.4387827098568
0.213995 4.4107375059775 85.7678923526738
0.214495 4.4210432082275 85.6813625087886
0.214995 4.4313489104775 85.9828501640724
0.215495 4.4416546127275 85.8535781398531
0.215995 4.4519603149775 86.057758960858
0.216495 4.4622660172275 85.7936931913688
0.216995 4.4725717194775 86.0734662536589
0.217495 4.4828774217275 86.2765209471829
0.217995 4.4931831239775 86.4015239366524
0.218495 4.5034888262275 86.3499345634842
0.218995 4.5137945284775 86.4508045776821
0.219495 4.5241002307275 86.7146068423435
0.219995 4.5344059329775 86.5786976054575
0.220495 4.5447116352275 86.5803655967364
0.220995 4.5550173374775 86.6862437150173
0.221495 4.56532303972751 87.1325827889026
0.221995 4.5756287419775 86.9792893266454
0.222495 4.5859344442275 87.0138449439545
0.222995 4.5962401464775 86.8867397755479
0.223495 4.6065458487275 87.1588368377381
0.223995 4.6168515509775 86.9931321471699
0.224495 4.6271572532275 87.3765735994259
0.224995 4.6374629554775 87.0545404941841
0.225495 4.6477686577275 87.6070065662047
0.225995 4.6580743599775 87.5805560933663
0.226495 4.6683800622275 87.8538084886035
0.226995 4.6786857644775 87.259499429147
0.227495 4.6889914667275 87.6762523513668
0.227995 4.6992971689775 87.7153620079745
0.228495 4.7096028712275 88.2314995073008
0.228995 4.7199085734775 87.8727884600525
0.229495 4.7302142757275 88.0592270720296
0.229995 4.7405199779775 88.0438146427243
0.230495 4.7508256802275 88.3203954727815
0.230995 4.7611313824775 88.2625919111841
0.231495 4.7714370847275 88.5663597602228
0.231995 4.7817427869775 88.212741068951
0.232495 4.7920484892275 88.4420765889126
0.232995 4.80235419147751 88.55054904077
0.233495 4.8126598937275 88.7564929452243
0.233995 4.8229655959775 88.5819331762615
0.234495 4.8332712982275 88.6141388964462
0.234995 4.8435770004775 88.8698514144627
0.235495 4.8538827027275 88.9202942864181
0.235995 4.8641884049775 88.926958320854
0.236495 4.87449410722751 89.1333949688038
0.236995 4.8847998094775 88.9088769191222
0.237495 4.8951055117275 88.9893195882523
0.237995 4.9054112139775 89.3839181690094
0.238495 4.9157169162275 89.5817136347984
0.238995 4.9260226184775 89.150116696156
0.239495 4.9363283207275 89.3863287890295
0.239995 4.94663402297751 89.3704834432298
0.240495 4.9569397252275 89.6989856008156
0.240995 4.96724542747751 89.774663512874
0.241495 4.9775511297275 89.5812534978183
0.241995 4.9878568319775 89.8121361279614
0.242495 4.9981625342275 89.9012113052744
0.242995 5.0084682364775 90.2067720721763
0.243495 5.01877393872751 89.9891250590531
0.243995 5.0290796409775 90.1778083152577
0.244495 5.03938534322751 90.1597484455728
0.244995 5.0496910454775 90.2643876073917
0.245495 5.0599967477275 90.6479286545286
0.245995 5.0703024499775 90.247078837946
0.246495 5.0806081522275 90.2470974029716
0.246995 5.09091385447751 90.7085193945911
0.247495 5.1012195567275 90.7270102947144
0.247995 5.11152525897751 90.7776462473201
0.248495 5.1218309612275 90.6915347535157
0.248995 5.1321366634775 90.8017886938105
0.249495 5.1424423657275 91.0249087410371
0.249995 5.1527480679775 91.2177248330685
0.250495 5.16305377022751 90.5267104683809
0.250995 5.1733594724775 91.1642395136528
0.251495 5.18366517472751 91.0923230083876
0.251995 5.1939708769775 91.521759111692
0.252495 5.20427657922751 91.3350304099505
0.252995 5.2145822814775 91.2906528400357
0.253495 5.2248879837275 91.3224483553839
0.253995 5.23519368597751 91.9786618679043
0.254495 5.2454993882275 91.7861874600489
0.254995 5.25580509047751 92.1634640015378
0.255495 5.2661107927275 92.1592064083343
0.255995 5.27641649497751 92.0464706184945
0.256495 5.2867221972275 92.2028383036465
0.256995 5.2970278994775 92.2739203812761
0.257495 5.3073336017275 91.8958389441799
0.257995 5.3176393039775 92.6036958263521
0.258495 5.32794500622751 92.6104370825239
0.258995 5.3382507084775 92.5845502208511
0.259495 5.34855641072751 92.7282958043709
0.259995 5.3588621129775 92.8019566949247
0.260495 5.3691678152275 92.8038690593254
0.260995 5.3794735174775 92.9105573342399
0.261495 5.3897792197275 92.9220446999666
0.261995 5.4000849219775 92.9490040005304
0.262495 5.4103906242275 93.1123817597397
0.262995 5.42069632647751 93.431589140063
0.263495 5.4310020287275 93.487901776931
0.263995 5.4413077309775 93.5136096114067
0.264495 5.4516134332275 93.5104222653489
0.264995 5.4619191354775 93.0144214532662
0.265495 5.47222483772751 93.4419741071515
0.265995 5.4825305399775 93.6907842280437
0.266495 5.49283624222751 93.8629539540202
0.266995 5.5031419444775 93.9532760796789
0.267495 5.5134476467275 94.0590937210712
0.267995 5.5237533489775 93.9260306980081
0.268495 5.5340590512275 94.111741007963
0.268995 5.5443647534775 94.2703696686989
0.269495 5.5546704557275 94.1756694960325
0.269995 5.56497615797751 94.4114698430625
0.270495 5.5752818602275 94.8471251572729
0.270995 5.5855875624775 94.6657205555385
0.271495 5.5958932647275 95.1247269536076
0.271995 5.6061989669775 95.0570954395073
0.272495 5.6165046692275 95.4417336030004
0.272995 5.6268103714775 94.9105512925501
0.273495 5.6371160737275 95.4004603281685
0.273995 5.6474217759775 95.0919824290045
0.274495 5.65772747822751 95.8333704480885
0.274995 5.6680331804775 95.7412078573288
0.275495 5.6783388827275 95.6704887615292
0.275995 5.6886445849775 95.4788511607922
0.276495 5.6989502872275 96.2430909586463
0.276995 5.70925598947751 95.9387530298771
0.277495 5.7195616917275 96.4158682100065
0.277995 5.72986739397751 95.8703726876341
0.278495 5.7401730962275 96.3242951943591
0.278995 5.7504787984775 96.6840246901103
0.279495 5.7607845007275 96.6704645055564
0.279995 5.7710902029775 96.9975872237688
0.280495 5.7813959052275 96.6341682230682
0.280995 5.7917016074775 96.816732320834
0.281495 5.80200730972751 97.444725119102
0.281995 5.8123130119775 97.2902257363404
0.282495 5.8226187142275 96.6316332425958
0.282995 5.8329244164775 97.4318800281604
0.283495 5.8432301187275 97.6279582072614
0.283995 5.85353582097751 97.346798459836
0.284495 5.8638415232275 97.377429643637
0.284995 5.87414722547751 98.6067074056296
0.285495 5.8844529277275 98.092732659534
0.285995 5.89475862997751 98.4915283110873
0.286495 5.9050643322275 97.4799812926979
0.286995 5.9153700344775 98.3515544859043
0.287495 5.9256757367275 98.6235954028916
0.287995 5.9359814389775 98.2318629219776
0.288495 5.94628714122751 98.4660681061538
0.288995 5.9565928434775 99.1338490580253
0.289495 5.96689854572751 98.632948365738
0.289995 5.9772042479775 99.3584946686116
0.290495 5.9875099502275 98.856496070509
0.290995 5.9978156524775 99.3874701277135
0.291495 6.0081213547275 100.181916452545
0.291995 6.0184270569775 100.013449035364
0.292495 6.0287327592275 99.5463122846195
0.292995 6.03903846147751 99.9374061175532
0.293495 6.0493441637275 100.411623008328
0.293995 6.05964986597751 100.297274191661
0.294495 6.0699555682275 100.038863859842
0.294995 6.0802612704775 101.075283270821
0.295495 6.09056697272751 101.60405736843
0.295995 6.1008726749775 100.748518179101
0.296495 6.11117837722751 101.185010927721
0.296995 6.1214840794775 101.816766314627
0.297495 6.13178978172751 102.161609637544
0.297995 6.1420954839775 102.073947785357
0.298495 6.1524011862275 101.533794266307
0.298995 6.1627068884775 102.103607189761
0.299495 6.1730125907275 102.655829466911
0.299995 6.18331829297751 102.582259619695
0.300495 6.1936239952275 102.627684617169
0.300995 6.20392969747751 102.531929729141
0.301495 6.2142353997275 103.719556688414
0.301995 6.2245411019775 103.42635301783
0.302495 6.23484680422751 103.801773142432
0.302995 6.2451525064775 103.744643875644
0.303495 6.25545820872751 105.0225472142
0.303995 6.2657639109775 104.501750076362
0.304495 6.27606961322751 104.674269211484
0.304995 6.2863753154775 104.603388165574
0.305495 6.29668101772751 104.62439326837
0.305995 6.3069867199775 105.560179138005
0.306495 6.3172924222275 105.857364115966
0.306995 6.32759812447751 105.866992648973
0.307495 6.3379038267275 105.619706478657
0.307995 6.34820952897751 106.729936187007
0.308495 6.3585152312275 106.927011813506
0.308995 6.36882093347751 106.205779092443
0.309495 6.3791266357275 106.977001818818
0.309995 6.3894323379775 107.164648294024
0.310495 6.3997380402275 107.296989964558
0.310995 6.4100437424775 107.868692538126
0.311495 6.42034944472751 108.387755701069
0.311995 6.4306551469775 108.05926751304
0.312495 6.44096084922751 108.839453588663
0.312995 6.4512665514775 108.759689631812
0.313495 6.46157225372751 109.310014944997
0.313995 6.47187795597751 109.157921797026
0.314495 6.4821836582275 110.267078839128
0.314995 6.49248936047751 110.071226841955
0.315495 6.5027950627275 110.293703910276
0.315995 6.51310076497751 110.420047223681
0.316495 6.5234064672275 110.303153218474
0.316995 6.53371216947751 111.226919371383
0.317495 6.5440178717275 110.821111623203
0.317995 6.5543235739775 112.170557110182
0.318495 6.56462927622751 112.308088414982
0.318995 6.5749349784775 112.355908933038
0.319495 6.5852406807275 112.659232664004
0.319995 6.5955463829775 112.579967998174
0.320495 6.60585208522751 113.321574925341
0.320995 6.6161577874775 113.8773574385
0.321495 6.6264634897275 114.162589545626
0.321995 6.6367691919775 114.339793022713
0.322495 6.6470748942275 114.886301891241
0.322995 6.65738059647751 115.334313583317
0.323495 6.6676862987275 115.076290224991
0.323995 6.67799200097751 116.300340281263
0.324495 6.6882977032275 116.50639916924
0.324995 6.6986034054775 116.353996757938
0.325495 6.7089091077275 116.536039065138
0.325995 6.7192148099775 116.891814654669
0.326495 6.7295205122275 117.337099881788
0.326995 6.7398262144775 118.098365558367
0.327495 6.75013191672751 117.739748370665
0.327995 6.7604376189775 118.492069121794
0.328495 6.7707433212275 119.59752975522
0.328995 6.7810490234775 119.420317200002
0.329495 6.7913547257275 119.895702275722
0.329995 6.80166042797751 120.566866700025
0.330495 6.8119661302275 120.924691252799
0.330995 6.8222718324775 121.021110892552
0.331495 6.8325775347275 121.810699122914
0.331995 6.8428832369775 121.892621984893
0.332495 6.8531889392275 122.996380839044
0.332995 6.8634946414775 122.168757302507
0.333495 6.8738003437275 123.34832575263
0.333995 6.8841060459775 123.076755839233
0.334495 6.89441174822751 124.238919324088
0.334995 6.9047174504775 123.87121318501
0.335495 6.91502315272751 124.398643838447
0.335995 6.9253288549775 124.999147360478
0.336495 6.9356345572275 126.167924865067
0.336995 6.94594025947751 125.810159521166
0.337495 6.9562459617275 126.573106078829
0.337995 6.9665516639775 127.486725584077
0.338495 6.9768573662275 127.784020535012
0.338995 6.98716306847751 128.02115471836
0.339495 6.9974687707275 128.100140973282
0.339995 7.0077744729775 128.863021785817
0.340495 7.0180801752275 129.560627873428
0.340995 7.0283858774775 129.617516673932
0.341495 7.03869157972751 130.278401560159
0.341995 7.0489972819775 130.252173214665
0.342495 7.05930298422751 130.926880431098
0.342995 7.0696086864775 131.367336341868
0.343495 7.0799143887275 131.500280540223
0.343995 7.0902200909775 132.919190385796
0.344495 7.1005257932275 132.575587197353
0.344995 7.1108314954775 133.259684848634
0.345495 7.1211371977275 133.899443957859
0.345995 7.13144289997751 134.474660949832
0.346495 7.1417486022275 134.584317134151
0.346995 7.15205430447751 135.301965015005
0.347495 7.1623600067275 136.255875970614
0.347995 7.1726657089775 136.207452032851
0.348495 7.18297141122751 136.481484163489
0.348995 7.1932771134775 137.299203062129
0.349495 7.2035828157275 137.580796414232
0.349995 7.2138885179775 138.302681328088
0.350495 7.22419422022751 138.563779418274
0.350995 7.2344999224775 138.470577029194
0.351495 7.2448056247275 140.589840965458
0.351995 7.2551113269775 139.372988412867
0.352495 7.2654170292275 140.611852712858
0.352995 7.27572273147751 141.559857490124
0.353495 7.2860284337275 141.155057225121
0.353995 7.29633413597751 142.271341138794
0.354495 7.3066398382275 143.102574197555
0.354995 7.31694554047751 143.051352562739
0.355495 7.32725124272751 143.622473653014
0.355995 7.3375569449775 143.915021631603
0.356495 7.3478626472275 144.867613135023
0.356995 7.3581683494775 145.317941596759
0.357495 7.36847405172751 145.776402156238
0.357995 7.3787797539775 146.37356440704
0.358495 7.38908545622751 146.598241535674
0.358995 7.3993911584775 147.04217137889
0.359495 7.4096968607275 147.479226886742
0.359995 7.42000256297751 148.487314341688
0.360495 7.4303082652275 149.122819101825
0.360995 7.44061396747751 149.330130306813
0.361495 7.4509196697275 149.72592872979
0.361995 7.46122537197751 150.860231680689
0.362495 7.4715310742275 151.678945735675
0.362995 7.4818367764775 152.252761995771
0.363495 7.4921424787275 152.369399269444
0.363995 7.5024481809775 152.639817198013
0.364495 7.51275388322751 152.918304081933
0.364995 7.5230595854775 154.269085885028
0.365495 7.53336528772751 154.668446894793
0.365995 7.5436709899775 155.909192998342
0.366495 7.55397669222751 156.262107083107
0.366995 7.56428239447751 156.14160279824
0.367495 7.5745880967275 156.485427839979
0.367995 7.5848937989775 157.233971975882
0.368495 7.5951995012275 158.42288084113
0.368995 7.60550520347751 159.211196779574
0.369495 7.6158109057275 159.558114956866
0.369995 7.62611660797751 160.251594742115
0.370495 7.6364223102275 160.814506374665
0.370995 7.6467280124775 161.083056278532
0.371495 7.65703371472751 161.439023967307
0.371995 7.6673394169775 162.766366072167
0.372495 7.67764511922751 163.133787889265
0.372995 7.6879508214775 164.160297595006
0.373495 7.69825652372751 164.190682822084
0.373995 7.70856222597751 165.289948375157
0.374495 7.71886792822751 166.787418313891
0.374995 7.7291736304775 167.861457362363
0.375495 7.7394793327275 167.082229697828
0.375995 7.74978503497751 167.903996085864
0.376495 7.7600907372275 167.24706765662
0.376995 7.77039643947751 169.011774477525
0.377495 7.7807021417275 170.014945339544
0.377995 7.79100784397751 170.712653662932
0.378495 7.80131354622751 171.273610425502
0.378995 7.8116192484775 172.977448399901
0.379495 7.82192495072751 172.177887921041
0.379995 7.8322306529775 172.019779734615
0.380495 7.84253635522751 173.142455106089
0.380995 7.8528420574775 174.550544830089
0.381495 7.86314775972751 175.301141669564
0.381995 7.8734534619775 176.489290747452
0.382495 7.8837591642275 176.523739101233
0.382995 7.89406486647751 177.661176528632
0.383495 7.9043705687275 178.210537953078
0.383995 7.9146762709775 179.442307024468
0.384495 7.9249819732275 179.596393849807
0.384995 7.93528767547751 180.322237851561
0.385495 7.9455933777275 181.415308441582
0.385995 7.9558990799775 181.838015856928
0.386495 7.9662047822275 183.284566335358
0.386995 7.9765104844775 183.238596930336
0.387495 7.98681618672751 184.529937253995
0.387995 7.9971218889775 180.986927174366
0.388495 8.00742759122751 161.783679846731
0.388995 8.0177332934775 131.374132641042
0.389495 8.0280389957275 107.399289197772
0.389995 8.0383446979775 86.823466754347
0.390495 8.0486504002275 71.9814898563771
0.390995 8.0589561024775 61.8973722407399
0.391495 8.0692618047275 55.9990367329916
0.391995 8.07956750697751 52.3775838053029
0.392495 8.0898732092275 48.3539490805803
0.392995 8.1001789114775 44.0716833557485
0.393495 8.1104846137275 39.9255012687802
0.393995 8.12079031597751 35.7517975337548
0.394495 8.13109601822751 31.5823834867528
0.394995 8.1414017204775 26.7188067164904
0.395495 8.1517074227275 21.2685045591331
0.395995 8.1620131249775 15.5471220166505
0.396495 8.1723188272275 9.4939442305124
0.396995 8.1826245294775 2.93417196895918
0.397495 8.19293023172751 -3.29548335838559
0.397995 8.2032359339775 -9.13027598952675
0.398495 8.2135416362275 -15.3712380984511
0.398995 8.22384733847751 -21.697611322012
0.399495 8.2341530407275 -26.8995441250383
0.399995 8.24445874297751 -27.6873792900249
0.400495 8.2547644452275 -21.5498969088457
0.400995 8.26507014747751 -13.4803913811078
0.401495 8.27537584972751 -7.49974541645073
0.401995 8.2856815519775 -3.39799371547701
0.402495 8.2959872542275 -2.89374291875583
0.402995 8.3062929564775 -2.68281119276556
0.403495 8.31659865872751 -0.216883479474702
0.403995 8.3269043609775 2.83679453669049
0.404495 8.33721006322751 5.89789846699436
0.404995 8.3475157654775 9.39682018963367
0.405495 8.3578214677275 11.1435268280825
0.405995 8.36812716997751 10.566053489848
0.406495 8.3784328722275 8.57508899155961
0.406995 8.38873857447751 6.0900459083026
0.407495 8.3990442767275 4.24010862391133
0.407995 8.40934997897751 3.18814380536757
0.408495 8.41965568122751 1.43089221769058
0.408995 8.4299613834775 -1.248329442355
0.409495 8.4402670857275 -4.61468326703902
0.409995 8.4505727879775 -7.56999380990852
0.410495 8.46087849022751 -9.60721271904323
0.410995 8.4711841924775 -10.027906518095
0.411495 8.48148989472751 -8.96694805531582
0.411995 8.4917955969775 -7.04691664964657
0.412495 8.5021012992275 -5.19594475861885
0.412995 8.51240700147751 -4.01616788551159
0.413495 8.5227127037275 -1.97486564308943
0.413995 8.5330184059775 0.603131868301662
0.414495 8.5433241082275 3.45228554130889
0.414995 8.55362981047751 5.60883675843188
0.415495 8.5639355127275 7.3802724608721
0.415995 8.5742412149775 7.88387395286994
0.416495 8.5845469172275 7.35796535275604
0.416995 8.5948526194775 6.20153509012215
0.417495 8.60515832172751 4.76653710578668
0.417995 8.6154640239775 3.71879387693331
0.418495 8.62576972622751 2.79100850945654
0.418995 8.6360754284775 0.775840711963857
0.419495 8.64638113072751 -1.93224763821629
0.419995 8.65668683297751 -4.47757264140419
0.420495 8.6669925352275 -6.69953218153177
0.420995 8.6772982374775 -7.52932376220813
0.421495 8.6876039397275 -7.53991489311908
0.421995 8.69790964197751 -7.22101766217227
0.422495 8.7082153442275 -5.80823650030425
0.422995 8.71852104647751 -5.23336620858924
0.423495 8.7288267487275 -3.59328771444583
0.423995 8.7391324509775 -1.3205547752809
0.424495 8.74943815322751 1.55746905851175
0.424995 8.7597438554775 3.62527252310522
0.425495 8.77004955772751 5.32912472812263
0.425995 8.7803552599775 6.26393421612529
0.426495 8.79066096222751 6.72437617821359
0.426995 8.80096666447751 6.10426709238698
0.427495 8.8112723667275 5.50160695245274
0.427995 8.8215780689775 4.92735995084321
0.428495 8.8318837712275 3.84190137194857
0.428995 8.84218947347751 1.90912494130916
0.429495 8.8524951757275 -0.00679386368322716
0.429995 8.86280087797751 -2.29535912945722
0.430495 8.8731065802275 -4.18120522200716
0.430995 8.8834122824775 -5.43330542163246
0.431495 8.89371798472751 -6.16062139746029
0.431995 8.9040236869775 -5.65180782577235
0.432495 8.9143293892275 -5.27787056143822
0.432995 8.9246350914775 -4.3074128619664
0.433495 8.93494079372751 -3.05738929238546
0.433995 8.9452464959775 -0.823284815518927
0.434495 8.9555521982275 0.758330431898255
0.434995 8.9658579004775 2.69820267717914
0.435495 8.9761636027275 3.92020386796199
0.435995 8.98646930497751 4.93232160011511
0.436495 8.9967750072275 5.42625459301559
0.436995 9.00708070947751 5.46193985204409
0.437495 9.0173864117275 4.58283025013876
0.437995 9.0276921139775 3.98821272431399
0.438495 9.03799781622751 2.95611876029365
0.438995 9.04830351847751 1.65827819494603
0.439495 9.0586092207275 0.136815481287025
0.439995 9.0689149229775 -1.52149937676886
0.440495 9.07922062522751 -3.15678833598114
0.440995 9.0895263274775 -4.00346358432288
0.441495 9.09983202972751 -4.89695970449896
0.441995 9.1101377319775 -5.01002879899544
0.442495 9.12044343422751 -4.14737522309022
0.442995 9.13074913647751 -3.44531404653747
0.443495 9.1410548387275 -2.80956811406998
0.443995 9.1513605409775 -1.50081560188828
0.444495 9.1616662432275 -0.192020088864683
0.444995 9.17197194547751 1.37999566598129
0.445495 9.1822776477275 2.29066801918526
0.445995 9.19258334997751 3.15817906757548
0.446495 9.2028890522275 3.39872252696013
0.446995 9.2131947544775 4.00188155679462
0.447495 9.22350045672751 3.19555898729993
0.447995 9.2338061589775 2.75661384535374
0.448495 9.2441118612275 1.8606279097696
0.448995 9.2544175634775 0.860067692405482
0.449495 9.26472326572751 -0.133994514785091
0.449995 9.2750289679775 -1.47631901092933
0.450495 9.2853346702275 -2.0278945153514
0.450995 9.2956403724775 -3.36715746583247
0.451495 9.3059460747275 -3.51485159784219
0.451995 9.31625177697751 -3.86782701768251
0.452495 9.3265574792275 -3.20900055064591
0.452995 9.33686318147751 -2.82669868696343
0.453495 9.3471688837275 -1.77045693618363
0.453995 9.3574745859775 -0.640232044864986
0.454495 9.36778028822751 0.143176098844522
0.454995 9.3780859904775 1.02507557409728
0.455495 9.3883916927275 1.44167236473807
0.455995 9.3986973949775 2.11223787128874
0.456495 9.40900309722751 3.01641503927919
0.456995 9.4193087994775 2.94687604274907
0.457495 9.4296145017275 2.41162678221087
0.457995 9.4399202039775 2.17268185455766
0.458495 9.45022590622751 1.08902030152638
0.458995 9.46053160847751 0.49200665274997
0.459495 9.4708373107275 -0.725429343033371
0.459995 9.48114301297751 -1.15929093520918
0.460495 9.4914487152275 -1.82302555196381
0.460995 9.50175441747751 -2.0900564053765
0.461495 9.5120601197275 -2.39963138246072
0.461995 9.52236582197751 -2.81262368262204
0.462495 9.5326715242275 -2.89250242123627
0.462995 9.5429772264775 -2.03626785648744
0.463495 9.55328292872751 -1.30168639452969
0.463995 9.5635886309775 -0.372937652720937
0.464495 9.57389433322751 0.517212550701103
0.464995 9.5842000354775 0.701641338939973
0.465495 9.59450573772751 1.0110033054811
0.465995 9.60481143997751 1.99150823923065
0.466495 9.6151171422275 1.92198753860349
0.466995 9.6254228444775 2.22746334006667
0.467495 9.6357285467275 2.09430683161514
0.467995 9.64603424897751 1.76404213422843
0.468495 9.6563399512275 0.955638978623504
0.468995 9.66664565347751 0.125591575483838
0.469495 9.6769513557275 -0.537593565486295
0.469995 9.6872570579775 -0.966122055086677
0.470495 9.69756276022751 -1.44902732777252
0.470995 9.7078684624775 -1.63287696069888
0.471495 9.71817416472751 -2.27292041479151
0.471995 9.7284798669775 -2.2826050946014
0.472495 9.73878556922751 -2.04529794626869
0.472995 9.74909127147751 -1.2947323820399
0.473495 9.7593969737275 -0.736530925363025
0.473995 9.7697026759775 -0.050898573548238
0.474495 9.7800083782275 0.481957654493309
0.474995 9.79031408047751 0.800222156516549
0.475495 9.8006197827275 1.44771629024944
0.475995 9.81092548497751 1.38099382336197
0.476495 9.8212311872275 2.03756804967953
0.476995 9.8315368894775 1.85392438451591
0.477495 9.84184259172751 1.62851492843031
0.477995 9.8521482939775 1.03813804567187
0.478495 9.86245399622751 0.446789160645123
0.478995 9.8727596984775 -0.192848587612804
0.479495 9.88306540072751 -0.904745171267418
0.479995 9.8933711029775 -1.11365549336715
0.480495 9.90367680522751 -1.55355777376398
0.480995 9.9139825074775 -1.78561397025919
0.481495 9.9242882097275 -1.57837933427246
0.481995 9.93459391197751 -1.69666974099877
0.482495 9.9448996142275 -1.11312455127403
0.482995 9.95520531647751 -1.01120867411326
0.483495 9.9655110187275 -0.103009321406963
0.483995 9.97581672097751 0.0278774554711776
0.484495 9.98612242322751 0.74695210439808
0.484995 9.9964281254775 1.17580126105573
0.485495 10.0067338277275 1.25936018708849
0.485995 10.0170395299775 1.45443973194327
0.486495 10.0273452322275 1.37284106867077
0.486995 10.0376509344775 1.0920698619953
0.487495 10.0479566367275 0.951635833025537
0.487995 10.0582623389775 0.621627192905547
0.488495 10.0685680412275 0.199938600110096
0.488995 10.0788737434775 -0.690270855170462
0.489495 10.0891794457275 -0.705398862320375
0.489995 10.0994851479775 -1.26979778969534
0.490495 10.1097908502275 -1.41497241079343
0.490995 10.1200965524775 -1.73091226943963
0.491495 10.1304022547275 -1.13557517564354
0.491995 10.1407079569775 -1.37867614810378
0.492495 10.1510136592275 -1.04796882324382
0.492995 10.1613193614775 -0.651194246014286
0.493495 10.1716250637275 0.180637675212453
0.493995 10.1819307659775 0.530944771592924
0.494495 10.1922364682275 0.856081732388041
0.494995 10.2025421704775 0.840841277839735
0.495495 10.2128478727275 1.27675198868332
0.495995 10.2231535749775 1.26166158482494
0.496495 10.2334592772275 1.6748647321601
0.496995 10.2437649794775 1.4070034500018
0.497495 10.2540706817275 0.812067389426379
0.497995 10.2643763839775 0.276535395110939
0.498495 10.2746820862275 -0.172016554707652
0.498995 10.2849877884775 -0.708162013922201
0.499495 10.2952934907275 -0.920176748584505
0.499995 10.3055991929775 -1.39374481794582
