# Fix print output for fix Step
0 0 0.602422098976489
0.000495000000000008 0.0312080917005005 0.863606851095431
0.000994999999999845 0.0627314166504902 1.17468843675589
0.00149500000000004 0.0942547416005027 1.62299943955676
0.00199499999999988 0.125778066550492 1.66732915559054
0.00249500000000008 0.157301391500505 2.00795000534133
0.00299499999999991 0.188824716450495 2.41134283702088
0.00349500000000011 0.220348041400507 2.35202505201878
0.00399499999999995 0.251871366350497 2.91885965565106
0.00449500000000015 0.283394691300509 3.10317997137124
0.00499499999999998 0.314918016250499 3.09283761868503
0.00549499999999982 0.346441341200489 3.72230603865526
0.00599500000000002 0.377964666150501 3.83512992378376
0.00649499999999986 0.409487991100491 3.92928541370385
0.00699500000000005 0.441011316050503 4.52096710662932
0.00749499999999989 0.472534641000493 4.55825110565002
0.00799500000000009 0.504057965950506 4.76498755227155
0.00849499999999993 0.535581290900495 5.24344895677139
0.00899500000000012 0.567104615850508 5.35348790887337
0.00949499999999996 0.598627940800498 5.62437502071205
0.00999499999999998 0.630151265750499 5.93807458859671
0.010495 0.6616745907005 6.02050951631955
0.0109949999999998 0.693197915650489 6.43702023950343
0.011495 0.724721240600502 6.65287484564575
0.0119949999999999 0.756244565550492 6.77699821455926
0.0124950000000001 0.787767890500504 7.25471729995879
0.0129949999999999 0.819291215450494 7.32399914363599
0.0134950000000001 0.850814540400506 7.49866832433052
0.0139949999999999 0.882337865350496 8.05406652922743
0.0144950000000001 0.913861190300508 8.03716567817018
0.014995 0.945384515250498 8.18502837456693
0.015495 0.976907840200499 8.74575536467131
0.015995 1.0084311651505 8.89015187841683
0.0164949999999998 1.03995449010049 8.94362382216789
0.016995 1.0714778150505 9.38666683611948
0.0174949999999999 1.10300114000049 9.47831671740743
0.0179950000000001 1.1345244649505 9.83954556890776
0.0184949999999999 1.16604778990049 10.1206103488803
0.0189950000000001 1.19757111485051 10.1239383442362
0.0194949999999999 1.2290944398005 10.4494805419947
0.0199950000000001 1.26061776475051 10.8299611380586
0.020495 1.2921410897005 10.8749909589497
0.020995 1.3236644146505 11.1975015705419
0.021495 1.3551877396005 11.5070555769374
0.0219949999999999 1.38671106455049 11.5685923669201
0.0224950000000001 1.4182343895005 11.9257752599619
0.0229949999999999 1.44975771445049 12.1297101433982
0.0234950000000001 1.48128103940051 12.2422767839347
0.0239949999999999 1.5128043643505 12.6561620806716
0.0244950000000001 1.54432768930051 12.8197362076541
0.024995 1.5758510142505 12.90588220924
0.025495 1.6073743392005 13.2729976952572
0.025995 1.6388976641505 13.430063933567
0.0264949999999998 1.67042098910049 13.5957350988741
0.026995 1.7019443140505 14.0134425979952
0.0274949999999999 1.73346763900049 14.1269848044646
0.0279950000000001 1.7649909639505 14.3037202114644
0.0284949999999999 1.79651428890049 14.6297865205842
0.0289950000000001 1.82803761385051 14.6941178209764
0.0294949999999999 1.8595609388005 15.0105784575743
0.0299950000000001 1.89108426375051 15.3997859859227
0.030495 1.9226075887005 15.4527063910949
0.030995 1.9541309136505 15.6820945038387
0.031495 1.9856542386005 15.936525197743
0.0319949999999998 2.01717756355049 16.0217938255333
0.032495 2.0487008885005 16.3544739637271
0.0329949999999999 2.08022421345049 16.6366493138977
0.0334950000000001 2.1117475384005 16.7121529036163
0.0339949999999999 2.14327086335049 16.9981722944279
0.0344950000000001 2.17479418830051 17.2423500874424
0.0349949999999999 2.2063175132505 17.3287057624493
0.0354950000000001 2.23784083820051 17.6278512426797
0.035995 2.2693641631505 17.8485234499853
0.036495 2.3008874881005 17.9997197307945
0.036995 2.3324108130505 18.3295087819446
0.0374949999999999 2.36393413800049 18.5405906019564
0.037995 2.3954574629505 18.7027792358821
0.0384949999999999 2.42698078790049 18.9691064598684
0.0389950000000001 2.45850411285051 19.1204844668214
0.0394949999999999 2.49002743780049 19.2241847639836
0.0399950000000001 2.52155076275051 19.5691188106911
0.040495 2.5530740877005 19.7443902278554
0.040995 2.5845974126505 19.9198702754332
0.041495 2.6161207376005 20.1900310135016
0.0419949999999998 2.64764406255049 20.318507759367
0.042495 2.6791673875005 20.5212850943662
0.0429949999999999 2.71069071245049 20.812571869685
0.0434950000000001 2.7422140374005 20.9638857945608
0.0439949999999999 2.77373736235049 21.1484599882418
0.0444950000000001 2.80526068730051 21.4099609513291
0.0449949999999999 2.8367840122505 21.5814413152353
0.0454950000000001 2.86830733720051 21.7606899435605
0.045995 2.8998306621505 22.019848209783
0.046495 2.9313539871005 22.1397308961775
0.046995 2.9628773120505 22.3645765741484
0.0474949999999998 2.99440063700049 22.5641251267781
0.047995 3.0259239619505 22.7095140435318
0.0484949999999999 3.05744728690049 22.9636803520694
0.0489950000000001 3.0889706118505 23.2344058524162
0.0494949999999999 3.12049393680049 23.3436477591605
0.0499950000000001 3.15201726175051 23.6207442735658
0.0504949999999999 3.1835405867005 23.8249401031575
0.0509950000000001 3.21506391165051 23.9164218355894
0.051495 3.2465872366005 24.2096386597037
0.051995 3.2781105615505 24.3656516649267
0.052495 3.3096338865005 24.5136007167521
0.0529949999999999 3.34115721145049 24.7998758079925
0.053495 3.3726805364005 24.9856385011695
0.0539949999999999 3.40420386135049 25.1115008893451
0.0544950000000001 3.43572718630051 25.3726992950926
0.0549949999999999 3.4672505112505 25.5199821370786
0.0554950000000001 3.49877383620051 25.7196972031345
0.055995 3.5302971611505 25.9443611717209
0.056495 3.5618204861005 26.0858008538327
0.056995 3.5933438110505 26.284171900703
0.0574949999999998 3.62486713600049 26.5163174611559
0.057995 3.6563904609505 26.6308636796739
0.0584949999999999 3.68791378590049 26.8826520646012
0.0589950000000001 3.7194371108505 27.073145245024
0.0594949999999999 3.75096043580049 27.2089811367295
0.0599950000000001 3.78248376075051 27.4585342060386
0.0604949999999999 3.8140070857005 27.6683822428476
0.0609950000000001 3.84553041065051 27.7960581603206
0.061495 3.8770537356005 28.0126743244428
0.061995 3.9085770605505 28.1799752051482
0.062495 3.9401003855005 28.337575384975
0.0629949999999998 3.97162371045049 28.5851150106759
0.063495 4.0031470354005 28.7708614436253
0.0639949999999999 4.03467036035049 28.933256144998
0.0644950000000001 4.0661936853005 29.1904809671215
0.0649949999999999 4.09771701025049 29.3205417918049
0.0654950000000001 4.12924033520051 29.4796026118765
0.0659949999999999 4.1607636601505 29.6996931238664
0.0664950000000001 4.19228698510051 29.8329920769315
0.066995 4.2238103100505 30.0030584733549
0.067495 4.2553336350005 30.2177064774193
0.067995 4.2868569599505 30.4067197735604
0.0684949999999998 4.31838028490049 30.5203977224046
0.068995 4.3499036098505 30.7458559520705
0.0694949999999999 4.38142693480049 30.8846360506265
0.0699950000000001 4.41295025975051 31.0658273350494
0.0704949999999999 4.44447358470049 31.2841183373586
0.0709950000000001 4.47599690965051 31.3980159841936
0.071495 4.5075202346005 31.5804700222099
0.0719950000000002 4.53904355955051 31.7858615293839
0.072495 4.5705668845005 31.9359130505304
0.072995 4.6020902094505 32.1428883930325
0.073495 4.6336135344005 32.3345927976899
0.0739949999999999 4.66513685935049 32.4535716388509
0.0744950000000001 4.6966601843005 32.6739503763433
0.0749949999999999 4.72818350925049 32.8880394394207
0.0754950000000001 4.75970683420051 33.0145141096297
0.0759949999999999 4.7912301591505 33.2129072356103
0.0764950000000001 4.82275348410051 33.389608149343
0.076995 4.8542768090505 33.5250707712907
0.077495 4.8858001340005 33.7163709256826
0.077995 4.9173234589505 33.8621328291427
0.0784949999999998 4.94884678390049 33.9774575459609
0.078995 4.9803701088505 34.188426434606
0.0794949999999999 5.01189343380049 34.3606167394594
0.0799950000000001 5.0434167587505 34.5042180169681
0.0804949999999999 5.07494008370049 34.7037443460077
0.0809950000000001 5.10646340865051 34.8533929016961
0.0814949999999999 5.1379867336005 35.0355328080284
0.0819950000000001 5.16951005855051 35.2023499352304
0.082495 5.2010333835005 35.3845447504285
0.082995 5.2325567084505 35.500426172195
0.083495 5.2640800334005 35.6970870614084
0.0839949999999998 5.29560335835049 35.8089991654769
0.084495 5.3271266833005 35.9745957965217
0.0849949999999999 5.35865000825049 36.1922612260371
0.0854950000000001 5.39017333320051 36.3290731823543
0.0859949999999999 5.42169665815049 36.5056514044294
0.0864950000000001 5.45321998310051 36.6675946810804
0.0869949999999999 5.4847433080505 36.810093259549
0.0874950000000002 5.51626663300051 36.9724854128152
0.087995 5.5477899579505 37.1317006650016
0.088495 5.5793132829005 37.2786435367698
0.088995 5.6108366078505 37.4328236556994
0.0894949999999999 5.64235993280049 37.6061651723327
0.0899950000000001 5.6738832577505 37.7467729891494
0.0904949999999999 5.70540658270049 37.9119823801985
0.0909950000000001 5.73692990765051 38.095799992435
0.0914949999999999 5.7684532326005 38.2065684622929
0.0919950000000001 5.79997655755051 38.3455378634596
0.092495 5.8314998825005 38.5250086182687
0.092995 5.8630232074505 38.6733651482385
0.093495 5.8945465324005 38.8635040850611
0.0939949999999998 5.92606985735049 38.9806786911971
0.094495 5.9575931823005 39.0787468690795
0.0949949999999999 5.98911650725049 39.2479077584142
0.0954950000000001 6.0206398322005 39.4100516358171
0.0959949999999999 6.05216315715049 39.6055690574096
0.0964950000000001 6.08368648210051 39.7798152908637
0.0969949999999999 6.1152098070505 39.8514485312597
0.0974950000000001 6.14673313200051 39.9360819870038
0.097995 6.1782564569505 40.1400809629833
0.098495 6.2097797819005 40.3560661331309
0.098995 6.2413031068505 40.4997942784627
0.0994949999999998 6.27282643180049 40.6157271646651
0.099995 6.3043497567505 40.6722590781778
0.100495 6.33587308170049 40.8404278032418
0.100995 6.3673964066505 41.1062392119021
0.101495 6.3989197316005 41.2326115346804
0.101995 6.43044305655051 41.2675689812455
0.102495 6.4619663815005 41.4069279678865
0.102995 6.49348970645051 41.5821308719666
0.103495 6.5250130314005 41.7905314439442
0.103995 6.5565363563505 41.9565705641783
0.104495 6.5880596813005 41.9960974779014
0.104995 6.61958300625049 42.1055138081427
0.105495 6.6511063312005 42.3129495721359
0.105995 6.68262965615049 42.4764821999716
0.106495 6.71415298110051 42.5998168351144
0.106995 6.7456763060505 42.6663934520589
0.107495 6.77719963100051 42.8167975839472
0.107995 6.8087229559505 43.02176622873
0.108495 6.8402462809005 43.178175358098
0.108995 6.8717696058505 43.2254181894862
0.109495 6.9032929308005 43.3334771367246
0.109995 6.9348162557505 43.5643640481204
0.110495 6.96633958070049 43.7232853256979
0.110995 6.9978629056505 43.804135633303
0.111495 7.02938623060049 43.906799146911
0.111995 7.06090955555051 44.0860299315363
0.112495 7.0924328805005 44.2633756571751
0.112995 7.12395620545051 44.3396679420475
0.113495 7.1554795304005 44.394632011309
0.113995 7.1870028553505 44.6105350639865
0.114495 7.2185261803005 44.7595738585062
0.114995 7.2500495052505 44.7717221124275
0.115495 7.2815728302005 44.9422056090973
0.115995 7.31309615515049 45.1571135265836
0.116495 7.3446194801005 45.2295038756131
0.116995 7.37614280505049 45.314014567401
0.117495 7.40766613000051 45.5105086685966
0.117995 7.4391894549505 45.628984476041
0.118495 7.47071277990051 45.7450633301441
0.118995 7.5022361048505 45.8594932906053
0.119495 7.5337594298005 45.9739928254146
0.119995 7.5652827547505 46.1102776018676
0.120495 7.5968060797005 46.1956841641001
0.120995 7.6283294046505 46.3428471783105
0.121495 7.65985272960049 46.499652295701
0.121995 7.69137605455051 46.5798049383361
0.122495 7.72289937950049 46.69132522873
0.122995 7.75442270445051 46.8203102118151
0.123495 7.7859460294005 46.9341543360439
0.123995 7.8174693543505 47.0614318303715
0.124495 7.8489926793005 47.2027711332675
0.124995 7.88051600425049 47.3125311379349
0.125495 7.9120393292005 47.4171682265073
0.125995 7.94356265415049 47.5329556071322
0.126495 7.9750859791005 47.6481241815176
0.126995 8.00660930405049 47.7606026492157
0.127495 8.03813262900051 47.9133533439934
0.127995 8.0696559539505 47.9910364201703
0.128495 8.10117927890051 48.0930745652283
0.128995 8.1327026038505 48.2249274740655
0.129495 8.1642259288005 48.3474130944986
0.129995 8.1957492537505 48.44737243592
0.130495 8.22727257870049 48.5613895784166
0.130995 8.2587959036505 48.6719494040007
0.131495 8.29031922860049 48.752101404615
0.131995 8.32184255355051 48.9229588488543
0.132495 8.35336587850049 49.0000058665679
0.132995 8.38488920345051 49.0945886670429
0.133495 8.4164125284005 49.2647841200133
0.133995 8.44793585335051 49.3173218343617
0.134495 8.4794591783005 49.4279821487081
0.134995 8.5109825032505 49.5726622376558
0.135495 8.5425058282005 49.6390521113744
0.135995 8.57402915315049 49.7612494469414
0.136495 8.6055524781005 49.8775766801751
0.136995 8.63707580305049 49.9506298125195
0.137495 8.6685991280005 50.1017866048055
0.137995 8.7001224529505 50.1823304210485
0.138495 8.73164577790051 50.2924609590397
0.138995 8.7631691028505 50.4146943459829
0.139495 8.7946924278005 50.4711008521841
0.139995 8.8262157527505 50.5861668266951
0.140495 8.8577390777005 50.6885804481613
0.140995 8.8892624026505 50.7708276757833
0.141495 8.92078572760049 50.9212920683254
0.141995 8.9523090525505 50.9841777006148
0.142495 8.98383237750049 51.1241637351966
0.142995 9.01535570245051 51.199355586598
0.143495 9.0468790274005 51.2886214461999
0.143995 9.07840235235051 51.4428924391439
0.144495 9.1099256773005 51.4880572179312
0.144995 9.1414490022505 51.5860167402224
0.145495 9.1729723272005 51.6862284741951
0.145995 9.2044956521505 51.7816387871223
0.146495 9.2360189771005 51.8989806234834
0.146995 9.26754230205049 51.997169798072
0.147495 9.29906562700051 52.1021660640124
0.147995 9.33058895195049 52.152086786806
0.148495 9.36211227690051 52.2639959977856
0.148995 9.3936356018505 52.3527137251854
0.149495 9.4251589268005 52.4711661972934
0.149995 9.4566822517505 52.52545582247
0.150495 9.4882055767005 52.6541725809477
0.150995 9.5197289016505 52.7130185127685
0.151495 9.55125222660049 52.8275303930655
0.151995 9.5827755515505 52.9288691866989
0.152495 9.61429887650049 53.0137328742465
0.152995 9.64582220145051 53.1019524220309
0.153495 9.6773455264005 53.1725856730887
0.153995 9.70886885135051 53.2730839685472
0.154495 9.7403921763005 53.3332794577532
0.154995 9.7719155012505 53.4493887611657
0.155495 9.8034388262005 53.5180791416729
0.155995 9.8349621511505 53.6144270549638
0.156495 9.8664854761005 53.6895783245116
0.156995 9.89800880105049 53.790507059724
0.157495 9.9295321260005 53.8744269124053
0.157995 9.96105545095049 53.9652515098951
0.158495 9.99257877590051 54.0544243826359
0.158995 10.0241021008505 54.1046062842769
0.159495 10.0556254258005 54.231753999247
0.159995 10.0871487507505 54.2508285620011
0.160495 10.1186720757005 54.4206404480578
0.160995 10.1501954006505 54.4486872298254
0.161495 10.1817187256005 54.5762836801254
0.161995 10.2132420505505 54.5755623705671
0.162495 10.2447653755005 54.7403084962315
0.162995 10.2762887004505 54.7582825407358
0.163495 10.3078120254005 54.9098897150959
0.163995 10.3393353503505 54.9078263309081
0.164495 10.3708586753005 55.0490082688343
0.164995 10.4023820002505 55.0877432380539
0.165495 10.4339053252005 55.1972175530244
0.165995 10.4654286501505 55.2465476806048
0.166495 10.4969519751005 55.3617304326242
0.166995 10.5284753000505 55.4185197694032
0.167495 10.5599986250005 55.5219555834778
0.167995 10.5915219499505 55.5784115644257
0.168495 10.6230452749005 55.6616877908485
0.168995 10.6545685998505 55.7410960318023
0.169495 10.6860919248005 55.8096479135693
0.169995 10.7176152497505 55.9016206584888
0.170495 10.7491385747005 55.9677716550617
0.170995 10.7806618996505 56.0426170807492
0.171495 10.8121852246005 56.0732609796604
0.171995 10.8437085495505 56.1966463227224
0.172495 10.8752318745005 56.2853005699894
0.172995 10.9067551994505 56.3605116331204
0.173495 10.9382785244005 56.4018898544693
0.173995 10.9698018493505 56.4945091695682
0.174495 11.0013251743005 56.5552139513008
0.174995 11.0328484992505 56.6063985308257
0.175495 11.0643718242005 56.7160604916929
0.175995 11.0958951491505 56.7568098097283
0.176495 11.1274184741005 56.8572109156429
0.176995 11.1589417990505 56.8636703498674
0.177495 11.1904651240005 56.9667907675999
0.177995 11.2219884489505 57.0191059230691
0.178495 11.2535117739005 57.1338828459283
0.178995 11.2850350988505 57.1648209855955
0.179495 11.3165584238005 57.2324774851285
0.179995 11.3480817487505 57.3041533245212
0.180495 11.3796050737005 57.3507908256288
0.180995 11.4111283986505 57.4507623160485
0.181495 11.4426517236005 57.5077456169461
0.181995 11.4741750485505 57.5854238093207
0.182495 11.5056983735005 57.6279241278831
0.182995 11.5372216984505 57.7057355345425
0.183495 11.5687450234005 57.7846804837673
0.183995 11.6002683483505 57.8664081898984
0.184495 11.6317916733005 57.9188143771478
0.184995 11.6633149982505 57.9904966438412
0.185495 11.6948383232005 58.0356886387943
0.185995 11.7263616481505 58.0953104510836
0.186495 11.7578849731005 58.155351885311
0.186995 11.7894082980505 58.2238130585453
0.187495 11.8209316230005 58.3122941759884
0.187995 11.8524549479505 58.373519638851
0.188495 11.8839782729005 58.4015661654634
0.188995 11.9155015978505 58.4802359278394
0.189495 11.9470249228005 58.5425810065198
0.189995 11.9785482477505 58.6127646059507
0.190495 12.0100715727005 58.6572564039953
0.190995 12.0415948976505 58.7324593685433
0.191495 12.0731182226005 58.7922070036699
0.191995 12.1046415475505 58.8204208407929
0.192495 12.1361648725005 58.8880006273184
0.192995 12.1676881974505 58.9715877609765
0.193495 12.1992115224005 58.9937694759314
0.193995 12.2307348473505 59.1252176266107
0.194495 12.2622581723005 59.1153433774627
0.194995 12.2937814972505 59.1922859920195
0.195495 12.3253048222005 59.2859999425191
0.195995 12.3568281471505 59.3137025642628
0.196495 12.3883514721005 59.3726708422096
0.196995 12.4198747970505 59.433127337625
0.197495 12.4513981220005 59.4499873807004
0.197995 12.4829214469505 59.5707927785444
0.198495 12.5144447719005 59.5955435893076
0.198995 12.5459680968505 59.6584159680238
0.199495 12.5774914218005 59.7160746666758
0.199995 12.6090147467505 59.7827562430067
0.200495 12.6405380717005 59.8210194725845
0.200995 12.6720613966505 59.9399444568614
0.201495 12.7035847216005 59.9515783457828
0.201995 12.7351080465505 59.9925671858991
0.202495 12.7666313715005 60.0715899832433
0.202995 12.7981546964505 60.0872023930822
0.203495 12.8296780214005 60.1540657194711
0.203995 12.8612013463505 60.2530580871729
0.204495 12.8927246713005 60.2745456812683
0.204995 12.9242479962505 60.3060590278497
0.205495 12.9557713212005 60.3446612016711
0.205995 12.9872946461505 60.4546838957619
0.206495 13.0188179711005 60.4932177818522
0.206995 13.0503412960505 60.5534928372614
0.207495 13.0818646210005 60.633966498991
0.207995 13.1133879459505 60.6528587926155
0.208495 13.1449112709005 60.6712387897721
0.208995 13.1764345958505 60.7640772674723
0.209495 13.2079579208005 60.792608446395
0.209995 13.2394812457505 60.8809743185452
0.210495 13.2710045707005 60.9398526951307
0.210995 13.3025278956505 60.9934069597422
0.211495 13.3340512206005 60.9995566863799
0.211995 13.3655745455505 61.1090544659672
0.212495 13.3970978705005 61.1126125976273
0.212995 13.4286211954505 61.1971831754284
0.213495 13.4601445204005 61.2235076150606
0.213995 13.4916678453505 61.275191579911
0.214495 13.5231911703005 61.3738509441811
0.214995 13.5547144952505 61.3905528253041
0.215495 13.5862378202005 61.4063615802145
0.215995 13.6177611451505 61.5137928689767
0.216495 13.6492844701005 61.552618963239
0.216995 13.6808077950505 61.6592615242124
0.217495 13.7123311200005 61.6841015564713
0.217995 13.7438544449505 61.7005405726602
0.218495 13.7753777699005 61.7592170225928
0.218995 13.8069010948505 61.8341463713159
0.219495 13.8384244198005 61.8638997695148
0.219995 13.8699477447505 61.9107460809196
0.220495 13.9014710697005 61.969640844999
0.220995 13.9329943946505 62.0280258940105
0.221495 13.9645177196005 62.067775261408
0.221995 13.9960410445505 62.1380720355336
0.222495 14.0275643695005 62.1781783967158
0.222995 14.0590876944505 62.1714914662789
0.223495 14.0906110194005 62.2593648677031
0.223995 14.1221343443505 62.3614976557789
0.224495 14.1536576693005 62.3989426052461
0.224995 14.1851809942505 62.4396429557621
0.225495 14.2167043192005 62.4524301893035
0.225995 14.2482276441505 62.4781731509962
0.226495 14.2797509691005 62.624349644831
0.226995 14.3112742940505 62.6245661106636
0.227495 14.3427976190005 62.6680599523353
0.227995 14.3743209439505 62.7368384095379
0.228495 14.4058442689005 62.7470395494316
0.228995 14.4373675938505 62.8077762747258
0.229495 14.4688909188005 62.8909941261213
0.229995 14.5004142437505 62.9365890235116
0.230495 14.5319375687005 62.987317969844
0.230995 14.5634608936505 63.0401536346674
0.231495 14.5949842186005 63.0251373114396
0.231995 14.6265075435505 63.1732512963208
0.232495 14.6580308685005 63.223789152334
0.232995 14.6895541934505 63.2513798109946
0.233495 14.7210775184005 63.2873714137473
0.233995 14.7526008433505 63.3601417907776
0.234495 14.7841241683005 63.4571220414324
0.234995 14.8156474932505 63.4222328809596
0.235495 14.8471708182005 63.4535045096168
0.235995 14.8786941431505 63.5552034058919
0.236495 14.9102174681005 63.6290248920749
0.236995 14.9417407930505 63.6792356754099
0.237495 14.9732641180005 63.7042795942479
0.237995 15.0047874429505 63.765843185041
0.238495 15.0363107679005 63.8814339784164
0.238995 15.0678340928505 63.8973633411584
0.239495 15.0993574178005 63.9822352358165
0.239995 15.1308807427505 63.9418919240044
0.240495 15.1624040677005 64.0737472828485
0.240995 15.1939273926505 64.070715100981
0.241495 15.2254507176005 64.1451798793485
0.241995 15.2569740425505 64.2636776497993
0.242495 15.2884973675005 64.2364893547664
0.242995 15.3200206924505 64.3543265213508
0.243495 15.3515440174005 64.2987606143023
0.243995 15.3830673423505 64.3684730953879
0.244495 15.4145906673005 64.4108925944778
0.244995 15.4461139922505 64.5347141587418
0.245495 15.4776373172005 64.5227035667078
0.245995 15.5091606421505 64.5692971859846
0.246495 15.5406839671005 64.6665927254377
0.246995 15.5722072920505 64.7096169069018
0.247495 15.6037306170005 64.8077114593522
0.247995 15.6352539419505 64.8024613728349
0.248495 15.6667772669005 64.8235334313308
0.248995 15.6983005918505 64.9591873958292
0.249495 15.7298239168005 64.9833795444589
0.249995 15.7613472417505 65.0480109622968
0.250495 15.7928705667005 65.0533785813705
0.250995 15.8243938916505 65.1890510117826
0.251495 15.8559172166005 65.1509894399739
0.251995 15.8874405415505 65.2968176428805
0.252495 15.9189638665005 65.3493399668806
0.252995 15.9504871914505 65.3383610228703
0.253495 15.9820105164005 65.435330764738
0.253995 16.0135338413505 65.479735420675
0.254495 16.0450571663005 65.5092926795638
0.254995 16.0765804912505 65.5138683296057
0.255495 16.1081038162005 65.6621623561861
0.255995 16.1396271411505 65.687025390734
0.256495 16.1711504661005 65.7366382610586
0.256995 16.2026737910505 65.8216931754912
0.257495 16.2341971160005 65.9347913849801
0.257995 16.2657204409505 65.9566986507403
0.258495 16.2972437659005 66.0368847812258
0.258995 16.3287670908505 65.9959470890578
0.259495 16.3602904158005 66.1451294618161
0.259995 16.3918137407505 66.1218849843483
0.260495 16.4233370657005 66.2928654618249
0.260995 16.4548603906505 66.2824995355593
0.261495 16.4863837156005 66.2827001966134
0.261995 16.5179070405505 66.5279176448026
0.262495 16.5494303655005 66.496550725004
0.262995 16.5809536904505 66.5348280214954
0.263495 16.6124770154005 66.5393963812788
0.263995 16.6440003403505 66.6269194618969
0.264495 16.6755236653005 66.6291729819892
0.264995 16.7070469902505 66.8013847931506
0.265495 16.7385703152005 66.8251018636713
0.265995 16.7700936401505 66.9192464433092
0.266495 16.8016169651005 67.0061152763234
0.266995 16.8331402900505 67.1431502199035
0.267495 16.8646636150005 67.0587662709952
0.267995 16.8961869399505 67.1936719497393
0.268495 16.9277102649005 67.1924537985424
0.268995 16.9592335898505 67.325989767872
0.269495 16.9907569148005 67.4005384406939
0.269995 17.0222802397505 67.3369592103805
0.270495 17.0538035647005 67.4715883662488
0.270995 17.0853268896505 67.6582671258887
0.271495 17.1168502146005 67.7005062523171
0.271995 17.1483735395505 67.7258799673532
0.272495 17.1798968645005 67.7171583166292
0.272995 17.2114201894505 67.8157990042149
0.273495 17.2429435144005 68.0140247534935
0.273995 17.2744668393505 67.9373139344969
0.274495 17.3059901643005 68.0291013946194
0.274995 17.3375134892505 68.1168420010552
0.275495 17.3690368142005 68.2973940741721
0.275995 17.4005601391505 68.2452870182563
0.276495 17.4320834641005 68.1647717500698
0.276995 17.4636067890505 68.3783396762719
0.277495 17.4951301140005 68.5564728939079
0.277995 17.5266534389505 68.60239955674
0.278495 17.5581767639005 68.7616419484398
0.278995 17.5897000888505 68.5685798198754
0.279495 17.6212234138005 68.7329708582209
0.279995 17.6527467387505 68.9570204332996
0.280495 17.6842700637005 68.8891786759865
0.280995 17.7157933886505 69.148822982927
0.281495 17.7473167136005 69.1354198717711
0.281995 17.7788400385505 69.1747331083456
0.282495 17.8103633635005 69.2986013721799
0.282995 17.8418866884505 69.4145150013208
0.283495 17.8734100134005 69.4250137158602
0.283995 17.9049333383505 69.5908847231211
0.284495 17.9364566633005 69.6187168874574
0.284995 17.9679799882505 69.8383966100238
0.285495 17.9995033132005 69.7665911265909
0.285995 18.0310266381505 69.9171541183656
0.286495 18.0625499631005 69.856548307862
0.286995 18.0940732880505 70.1252627600352
0.287495 18.1255966130005 70.2114689965971
0.287995 18.1571199379505 70.3961338571222
0.288495 18.1886432629005 70.3104625974679
0.288995 18.2201665878505 70.4402854300297
0.289495 18.2516899128005 70.6562834439915
0.289995 18.2832132377505 70.5662085314499
0.290495 18.3147365627005 70.6930714663385
0.290995 18.3462598876505 70.7965161195552
0.291495 18.3777832126005 70.8035652345754
0.291995 18.4093065375505 71.08709864411
0.292495 18.4408298625005 71.1524797996291
0.292995 18.4723531874505 71.1904999017532
0.293495 18.5038765124005 71.471992938451
0.293995 18.5353998373505 71.3177432195585
0.294495 18.5669231623005 71.7082134971268
0.294995 18.5984464872505 71.5790900888981
0.295495 18.6299698122005 71.6093370784077
0.295995 18.6614931371505 72.0355570948989
0.296495 18.6930164621005 72.0955955892686
0.296995 18.7245397870505 72.2165769020884
0.297495 18.7560631120005 72.3316145983738
0.297995 18.7875864369505 72.4212534659087
0.298495 18.8191097619005 72.5480653150026
0.298995 18.8506330868505 72.5140836979082
0.299495 18.8821564118005 72.664341154258
0.299995 18.9136797367505 72.9406649279845
0.300495 18.9452030617005 73.1690364834094
0.300995 18.9767263866505 73.2070916953621
0.301495 19.0082497116005 73.3292889398171
0.301995 19.0397730365505 73.2784940060287
0.302495 19.0712963615005 73.6594628923554
0.302995 19.1028196864505 73.8137095625986
0.303495 19.1343430114005 74.0565997799596
0.303995 19.1658663363505 74.0298822168284
0.304495 19.1973896613005 74.0511337792336
0.304995 19.2289129862505 74.244022701881
0.305495 19.2604363112005 74.4900962755948
0.305995 19.2919596361505 74.6560098674705
0.306495 19.3234829611005 74.8925397670164
0.306995 19.3550062860505 74.9767417808236
0.307495 19.3865296110005 75.1526929184318
0.307995 19.4180529359505 75.3288639088014
0.308495 19.4495762609005 75.5440540962861
0.308995 19.4810995858505 75.519773872467
0.309495 19.5126229108005 75.6997445808635
0.309995 19.5441462357505 76.0239425756529
0.310495 19.5756695607005 75.9963051192409
0.310995 19.6071928856505 76.235852641025
0.311495 19.6387162106005 76.3345420018099
0.311995 19.6702395355505 76.7348213759509
0.312495 19.7017628605005 76.6806882021256
0.312995 19.7332861854505 77.0162469665584
0.313495 19.7648095104005 77.2295965941825
0.313995 19.7963328353505 77.4922242165683
0.314495 19.8278561603005 77.7203145132689
0.314995 19.8593794852505 77.6163097730358
0.315495 19.8909028102005 78.0862239463724
0.315995 19.9224261351505 78.1045277916844
0.316495 19.9539494601005 78.5806773850027
0.316995 19.9854727850505 78.6192335404132
0.317495 20.0169961100005 78.845315489594
0.317995 20.0485194349505 79.2287823988735
0.318495 20.0800427599005 79.1477211098686
0.318995 20.1115660848505 79.5349794639194
0.319495 20.1430894098005 79.4765946693615
0.319995 20.1746127347505 79.8138099245686
0.320495 20.2061360597005 80.0131865518803
0.320995 20.2376593846505 80.0999244436269
0.321495 20.2691827096005 80.6859136265407
0.321995 20.3007060345505 80.8217897949919
0.322495 20.3322293595005 81.0501318096861
0.322995 20.3637526844505 81.2364880147102
0.323495 20.3952760094005 81.5740785894827
0.323995 20.4267993343505 81.6557235230865
0.324495 20.4583226593005 82.1219058374401
0.324995 20.4898459842505 82.2032598713288
0.325495 20.5213693092005 82.5320676523731
0.325995 20.5528926341505 82.6762102828676
0.326495 20.5844159591005 82.9299314159081
0.326995 20.6159392840505 83.2231768417436
0.327495 20.6474626090005 83.501172060779
0.327995 20.6789859339505 83.8842125182712
0.328495 20.7105092589005 84.0307951469113
0.328995 20.7420325838505 84.4904991614802
0.329495 20.7735559088005 84.5355959956922
0.329995 20.8050792337505 84.8964594773212
0.330495 20.8366025587005 85.026154206746
0.330995 20.8681258836505 85.4027186954271
0.331495 20.8996492086005 85.5833923890078
0.331995 20.9311725335505 85.936253220503
0.332495 20.9626958585005 86.1836906290869
0.332995 20.9942191834505 86.5709071898852
0.333495 21.0257425084005 86.6950675855471
0.333995 21.0572658333505 87.0062710491791
0.334495 21.0887891583005 87.250634951366
0.334995 21.1203124832505 87.5190349182802
0.335495 21.1518358082005 87.8450673914774
0.335995 21.1833591331505 88.3216743813781
0.336495 21.2148824581005 88.6207694472375
0.336995 21.2464057830505 88.9023694302368
0.337495 21.2779291080005 89.1142205693307
0.337995 21.3094524329505 89.4052430762384
0.338495 21.3409757579005 89.5296533851186
0.338995 21.3724990828505 90.1282820880104
0.339495 21.4040224078005 90.2518994486864
0.339995 21.4355457327505 90.5706222445936
0.340495 21.4670690577005 90.8005731468132
0.340995 21.4985923826505 91.3641877415371
0.341495 21.5301157076005 91.524362049618
0.341995 21.5616390325505 92.1015950375828
0.342495 21.5931623575005 92.0727012429364
0.342995 21.6246856824505 92.3686455618955
0.343495 21.6562090074005 92.7519706412738
0.343995 21.6877323323505 92.968992439841
0.344495 21.7192556573005 93.5027727507442
0.344995 21.7507789822505 93.6446104027287
0.345495 21.7823023072005 94.1476644267558
0.345995 21.8138256321505 94.5696035576392
0.346495 21.8453489571005 94.6413023977168
0.346995 21.8768722820505 95.0489935242773
0.347495 21.9083956070005 95.4281134465595
0.347995 21.9399189319505 95.3743230370668
0.348495 21.9714422569005 96.3295464664386
0.348995 22.0029655818505 96.2910916978176
0.349495 22.0344889068005 96.5231186162188
0.349995 22.0660122317505 97.3715302391901
0.350495 22.0975355567005 97.4279526157786
0.350995 22.1290588816505 97.4693978072531
0.351495 22.1605822066005 98.4578179314981
0.351995 22.1921055315505 98.4194669197299
0.352495 22.2236288565005 98.8493186881109
0.352995 22.2551521814505 99.1522425863885
0.353495 22.2866755064005 99.6878579921879
0.353995 22.3181988313505 99.7200279815154
0.354495 22.3497221563005 100.241755819873
0.354995 22.3812454812505 100.567816657407
0.355495 22.4127688062005 100.746024266124
0.355995 22.4442921311505 101.266459270304
0.356495 22.4758154561005 101.579790852749
0.356995 22.5073387810505 101.798848280504
0.357495 22.5388621060005 102.626796828268
0.357995 22.5703854309505 102.651439697418
0.358495 22.6019087559005 102.980690315395
0.358995 22.6334320808505 103.449540983122
0.359495 22.6649554058005 103.562719017689
0.359995 22.6964787307505 104.25489263876
0.360495 22.7280020557005 104.928827859573
0.360995 22.7595253806505 104.575660355475
0.361495 22.7910487056005 105.318410922532
0.361995 22.8225720305505 105.752651836953
0.362495 22.8540953555005 105.984468157611
0.362995 22.8856186804505 106.385645882076
0.363495 22.9171420054005 106.873191439705
0.363995 22.9486653303505 107.280529857154
0.364495 22.9801886553005 107.511468645591
0.364995 23.0117119802505 107.976756895099
0.365495 23.0432353052005 108.377828929504
0.365995 23.0747586301505 108.939437885499
0.366495 23.1062819551005 109.142891937523
0.366995 23.1378052800505 109.467029144303
0.367495 23.1693286050005 109.890821218854
0.367995 23.2008519299505 110.652271384785
0.368495 23.2323752549005 110.990288770384
0.368995 23.2638985798505 111.02237767352
0.369495 23.2954219048005 111.695407839247
0.369995 23.3269452297505 112.253294553258
0.370495 23.3584685547005 112.615557527617
0.370995 23.3899918796505 113.010027461381
0.371495 23.4215152046005 113.332685933436
0.371995 23.4530385295505 113.970882037689
0.372495 23.4845618545005 114.31568047776
0.372995 23.5160851794505 114.884000859257
0.373495 23.5476085044005 115.510126723195
0.373995 23.5791318293505 115.706210452791
0.374495 23.6106551543005 115.983434340482
0.374995 23.6421784792505 116.317679273886
0.375495 23.6737018042005 117.032764291084
0.375995 23.7052251291505 117.529217819583
0.376495 23.7367484541005 118.24229700281
0.376995 23.7682717790505 118.601325166427
0.377495 23.7997951040005 118.962108799216
0.377995 23.8313184289505 119.400815372237
0.378495 23.8628417539005 119.896521484797
0.378995 23.8943650788505 120.266554912058
0.379495 23.9258884038005 120.866843542484
0.379995 23.9574117287505 121.165908197273
0.380495 23.9889350537005 121.995503058837
0.380995 24.0204583786505 122.451880883061
0.381495 24.0519817036005 122.871315356749
0.381995 24.0835050285505 123.173525616716
0.382495 24.1150283535005 123.710632808599
0.382995 24.1465516784505 124.265517605423
0.383495 24.1780750034005 124.750247629671
0.383995 24.2095983283505 125.326867439202
0.384495 24.2411216533005 125.956786389469
0.384995 24.2726449782505 126.334005946605
0.385495 24.3041683032005 126.76426022329
0.385995 24.3356916281505 127.37784747447
0.386495 24.3672149531005 127.606863584589
0.386995 24.3987382780505 127.021457170943
0.387495 24.4302616030005 123.695463331567
0.387995 24.4617849279505 118.524537318456
0.388495 24.4933082529005 111.709997677526
0.388995 24.5248315778505 106.707452011984
0.389495 24.5563549028005 102.362538957595
0.389995 24.5878782277505 97.9183883915812
0.390495 24.6194015527005 93.8172047537192
0.390995 24.6509248776505 90.4548277031784
0.391495 24.6824482026005 86.9682920824829
0.391995 24.7139715275505 83.5658477081851
0.392495 24.7454948525005 80.3927168159095
0.392995 24.7770181774505 77.0390704240371
0.393495 24.8085415024005 74.1583904124072
0.393995 24.8400648273505 71.2509399359247
0.394495 24.8715881523005 68.5206976995352
0.394995 24.9031114772505 66.0161510300711
0.395495 24.9346348022005 63.4916534016841
0.395995 24.9661581271505 61.1111763509418
0.396495 24.9976814521005 58.8590322910278
0.396995 25.0292047770505 56.7371660492401
0.397495 25.0607281020005 54.6570332230585
0.397995 25.0922514269505 52.7984351235822
0.398495 25.1237747519005 50.9866781222417
0.398995 25.1552980768505 49.3653231509008
0.399495 25.1868214018005 47.8749598226497
0.399995 25.2183447267505 46.4753679545319
0.400495 25.2498680517005 45.2434800114451
0.400995 25.2813913766505 44.122015962563
0.401495 25.3129147016005 43.0906147121047
0.401995 25.3444380265505 42.1795506762714
0.402495 25.3759613515005 41.3812421153729
0.402995 25.4074846764505 40.6592809502655
0.403495 25.4390080014005 39.9783946165687
0.403995 25.4705313263505 39.3200466715612
0.404495 25.5020546513005 38.6786554048473
0.404995 25.5335779762505 38.0420072379555
0.405495 25.5651013012005 37.4164522346913
0.405995 25.5966246261505 36.8029243306393
0.406495 25.6281479511005 36.2021183421575
0.406995 25.6596712760505 35.6168399308927
0.407495 25.6911946010005 35.0416718438828
0.407995 25.7227179259505 34.4863621702713
0.408495 25.7542412509005 33.9366764517879
0.408995 25.7857645758505 33.4031743761607
0.409495 25.8172879008005 32.8805107147403
0.409995 25.8488112257505 32.3740738142929
0.410495 25.8803345507005 31.8733730143119
0.410995 25.9118578756505 31.3907672090583
0.411495 25.9433812006005 30.9061628503342
0.411995 25.9749045255505 30.4205300399407
0.412495 26.0064278505005 29.9368641362736
0.412995 26.0379511754505 29.4616226420265
0.413495 26.0694745004005 29.0055772358648
0.413995 26.1009978253505 28.5525667718004
0.414495 26.1325211503005 28.1032855258937
0.414995 26.1640444752505 27.6587396459577
0.415495 26.1955678002005 27.2171615943036
0.415995 26.2270911251505 26.7676444359755
0.416495 26.2586144501005 26.2649994783454
0.416995 26.2901377750505 25.7150370196976
0.417495 26.3216611000005 25.141274768342
0.417995 26.3531844249505 24.5195459913056
0.418495 26.3847077499005 23.8665622349827
0.418995 26.4162310748505 23.1846861351557
0.419495 26.4477543998005 22.4630101420522
0.419995 26.4792777247505 21.7049068206595
0.420495 26.5108010497005 20.911751372664
0.420995 26.5423243746505 20.0833774043845
0.421495 26.5738476996005 19.2193493781903
0.421995 26.6053710245505 18.3165111790722
0.422495 26.6368943495005 17.3757610227616
0.422995 26.6684176744505 16.3970200711899
0.423495 26.6999409994005 15.3772466966198
0.423995 26.7314643243505 14.3176953820274
0.424495 26.7629876493005 13.2154584342592
0.424995 26.7945109742505 12.0685476841724
0.425495 26.8260342992005 10.8797348810521
0.425995 26.8575576241505 9.68526374938794
0.426495 26.8890809491005 8.52158962484607
0.426995 26.9206042740505 7.42038193589518
0.427495 26.9521275990005 6.32881894575339
0.427995 26.9836509239505 5.24072932085436
0.428495 27.0151742489005 4.15446550039184
0.428995 27.0466975738505 3.08371162013635
0.429495 27.0782208988005 2.0078826157886
0.429995 27.1097442237505 0.936869272734994
0.430495 27.1412675487005 -0.118782416729336
0.430995 27.1727908736505 -1.17656940667107
0.431495 27.2043141986005 -2.34255512869276
0.431995 27.2358375235505 -3.62162644992796
0.432495 27.2673608485005 -4.98061702107691
0.432995 27.2988841734505 -6.43976142996263
0.433495 27.3304074984005 -7.98095811921241
0.433995 27.3619308233505 -9.5869968010521
0.434495 27.3934541483005 -11.2834761370693
0.434995 27.4249774732505 -13.0450157589727
0.435495 27.4565007982005 -14.8645086097365
0.435995 27.4880241231505 -16.7444655926222
0.436495 27.5195474481005 -18.6473391788016
0.436995 27.5510707730505 -20.5530939819325
0.437495 27.5825940980005 -22.2282677011762
0.437995 27.6141174229505 -19.574481910009
0.438495 27.6456407479005 -16.586404763541
0.438995 27.6771640728505 -13.0092347325793
0.439495 27.7086873978005 -9.93590714081779
0.439995 27.7402107227505 -8.170596669665
0.440495 27.7717340477005 -5.5528294715847
0.440995 27.8032573726505 -4.48352293533476
0.441495 27.8347806976005 -3.33177310597319
0.441995 27.8663040225505 -2.77864428055289
0.442495 27.8978273475005 -1.88336634687227
0.442995 27.9293506724505 -1.25470718806697
0.443495 27.9608739974005 -0.392571305974959
0.443995 27.9923973223505 0.00832019683424142
0.444495 28.0239206473005 0.138405624367612
0.444995 28.0554439722505 0.262473036806204
0.445495 28.0869672972005 0.321275658565987
0.445995 28.1184906221505 0.105745303868926
0.446495 28.1500139471005 -0.0157174031463847
0.446995 28.1815372720505 -0.166426493926316
0.447495 28.2130605970005 -0.520243799716283
0.447995 28.2445839219505 -1.19936705804156
0.448495 28.2761072469005 -1.25588084955613
0.448995 28.3076305718505 -1.49450557453644
0.449495 28.3391538968005 -1.05500019133361
0.449995 28.3706772217505 -0.935187369002812
0.450495 28.4022005467005 -0.670182790922702
0.450995 28.4337238716505 -0.737886011232586
0.451495 28.4652471966005 -0.81197810584432
0.451995 28.4967705215505 -0.756453383404451
0.452495 28.5282938465005 -0.605357648485765
0.452995 28.5598171714505 -0.306298480135085
0.453495 28.5913404964005 -0.192670314871455
0.453995 28.6228638213505 -0.334040141864644
0.454495 28.6543871463005 -0.345516076602753
0.454995 28.6859104712505 -0.496983615538251
0.455495 28.7174337962005 -0.590419253811018
0.455995 28.7489571211505 -0.83854035836505
0.456495 28.7804804461005 -0.653021250428289
0.456995 28.8120037710505 -0.543310630005985
0.457495 28.8435270960005 -0.433719587747717
0.457995 28.8750504209505 -0.63168978092335
0.458495 28.9065737459005 -0.411002213057308
0.458995 28.9380970708505 -0.351453357953398
0.459495 28.9696203958005 -0.199507164906253
0.459995 29.0011437207505 -0.0539563361254433
0.460495 29.0326670457005 -0.236215532499755
0.460995 29.0641903706505 -0.243825124940365
0.461495 29.0957136956005 -0.164382992709824
0.461995 29.1272370205505 -0.320452678119214
0.462495 29.1587603455005 -0.401427229990014
0.462995 29.1902836704505 -0.640066190551429
0.463495 29.2218069954005 -0.750923151733235
0.463995 29.2533303203505 -0.84007932361086
0.464495 29.2848536453005 -1.04744596912162
0.464995 29.3163769702505 -0.919055035867939
0.465495 29.3479002952005 -1.0589812854276
0.465995 29.3794236201505 -0.984188370353877
0.466495 29.4109469451005 -0.688603896841222
0.466995 29.4424702700505 -0.774243270457211
0.467495 29.4739935950005 -0.529301940803143
0.467995 29.5055169199505 -0.642333406046622
0.468495 29.5370402449005 -0.491431813271694
0.468995 29.5685635698505 -0.263515708047963
0.469495 29.6000868948005 -0.334602479743986
0.469995 29.6316102197505 -0.438452364105014
0.470495 29.6631335447005 -0.47876083731424
0.470995 29.6946568696505 -0.44351309235483
0.471495 29.7261801946005 -0.394667916191322
0.471995 29.7577035195505 -0.522433418202789
0.472495 29.7892268445005 -0.424260972480633
0.472995 29.8207501694505 -0.390022175722802
0.473495 29.8522734944005 -0.663639803950278
0.473995 29.8837968193505 -0.524910596501868
0.474495 29.9153201443005 -0.618646830390997
0.474995 29.9468434692505 -0.36014650990965
0.475495 29.9783667942005 -0.344379110271839
0.475995 30.0098901191505 -0.321991725986542
0.476495 30.0414134441005 -0.401168786948469
0.476995 30.0729367690505 -0.501570131828382
0.477495 30.1044600940005 -0.639026907021549
0.477995 30.1359834189505 -0.383973613733982
0.478495 30.1675067439005 -0.232042914865587
0.478995 30.1990300688505 -0.246170306426636
0.479495 30.2305533938005 -0.369115792157469
0.479995 30.2620767187505 -0.564606103569971
0.480495 30.2936000437005 -0.540493469653349
0.480995 30.3251233686505 -0.457365148328666
0.481495 30.3566466936005 -0.550735992439905
0.481995 30.3881700185505 -0.254694854246398
0.482495 30.4196933435005 -0.121444924119299
0.482995 30.4512166684505 0.0763278569160734
0.483495 30.4827399934005 0.121695481666235
0.483995 30.5142633183505 0.0270224219409624
0.484495 30.5457866433005 0.132098910012176
0.484995 30.5773099682505 0.128995318404857
0.485495 30.6088332932005 0.118868648624406
0.485995 30.6403566181505 0.172303922121473
0.486495 30.6718799431005 0.103074688230414
0.486995 30.7034032680505 -0.0744813486924951
0.487495 30.7349265930005 -0.206586771644208
0.487995 30.7664499179505 -0.256726259506384
0.488495 30.7979732429005 -0.457164553149583
0.488995 30.8294965678505 -0.478231777079709
0.489495 30.8610198928005 -0.502642074185289
0.489995 30.8925432177505 -0.413987238650118
0.490495 30.9240665427005 -0.271162087351141
0.490995 30.9555898676505 -0.348920214789178
0.491495 30.9871131926005 -0.276921278227066
0.491995 31.0186365175505 -0.229390438181921
0.492495 31.0501598425005 -0.152032274171026
0.492995 31.0816831674505 -0.114255494049921
0.493495 31.1132064924005 0.0133192329682757
0.493995 31.1447298173505 -0.0623979754508431
0.494495 31.1762531423005 0.036743195496874
0.494995 31.2077764672505 -0.0607273173252191
0.495495 31.2392997922005 0.00214246812814677
0.495995 31.2708231171505 0.201509373257538
0.496495 31.3023464421005 0.306475156937508
0.496995 31.3338697670505 0.337333179224751
0.497495 31.3653930920005 0.435702968516445
0.497995 31.3969164169505 0.359628268017124
0.498495 31.4284397419005 0.453822439445718
0.498995 31.4599630668505 0.472687639837984
0.499495 31.4914863918005 0.484156099329251
0.499995 31.5230097167505 0.549609470544933
