# Fix print output for fix Step
1.96990176207712e-16 5.6843418860808e-15 -0.146250882607779
0.000495000000000011 0.0142837033185003 0.837948617890179
0.00099500000000021 0.0287116864685061 0.983580073931453
0.00149500000000001 0.0431396696185004 1.48697687410024
0.00199500000000021 0.0575676527685062 1.76572457095078
0.00249500000000002 0.0719956359185005 2.31072995014843
0.00299500000000022 0.0864236190685062 2.3131314350822
0.00349500000000002 0.100851602218501 3.18390641923986
0.00399500000000022 0.115279585368506 2.86210838416105
0.00449500000000002 0.129707568518501 4.15929389535079
0.00499500000000022 0.144135551668506 3.60882049454545
0.00549500000000003 0.158563534818501 4.62159707259311
0.00599500000000023 0.172991517968507 4.71485784342513
0.00649500000000003 0.187419501118501 5.11638299021329
0.00699500000000023 0.201847484268507 5.50284598066718
0.00749500000000003 0.216275467418501 6.05147704340505
0.00799500000000023 0.230703450568507 5.76418625708884
0.00849500000000004 0.245131433718501 6.9752501157038
0.00899500000000024 0.259559416868507 6.75104586312707
0.00949500000000004 0.273987400018501 7.34506433251196
0.00999500000000024 0.288415383168507 7.51816780904041
0.010495 0.302843366318501 8.29118359456523
0.0109950000000002 0.317271349468507 8.15516235687802
0.011495 0.331699332618501 8.94743788303838
0.0119950000000002 0.346127315768507 8.96310639795747
0.012495 0.360555298918501 9.69216443925274
0.0129950000000002 0.374983282068507 9.52941547078874
0.0134950000000001 0.389411265218502 10.3129097902655
0.0139950000000003 0.403839248368507 10.3957026539929
0.0144950000000001 0.418267231518502 11.0052814750898
0.0149950000000003 0.432695214668507 10.8931183527696
0.0154950000000001 0.447123197818502 11.7914441512755
0.0159950000000003 0.461551180968507 11.6521606277327
0.0164950000000001 0.475979164118502 12.3085134651994
0.0169950000000003 0.490407147268508 12.3699460989321
0.0174950000000001 0.504835130418502 13.1048574083475
0.0179950000000003 0.519263113568508 13.0171021261088
0.0184950000000001 0.533691096718502 13.8409215080613
0.0189950000000003 0.548119079868508 13.602605803689
0.0194950000000001 0.562547063018502 14.1709142657948
0.0199950000000003 0.576975046168508 14.2654099804527
0.0204950000000001 0.591403029318502 14.8880635927706
0.0209950000000003 0.605831012468508 14.8863926039838
0.0214950000000001 0.620258995618502 15.5592336371908
0.0219950000000003 0.634686978768508 15.628800197578
0.0224950000000001 0.649114961918502 16.2865350974276
0.0229950000000003 0.663542945068508 16.341648684183
0.0234950000000001 0.677970928218502 16.9625309632951
0.0239950000000003 0.692398911368508 17.0076243854299
0.0244950000000001 0.706826894518503 17.5362507202036
0.0249950000000003 0.721254877668508 17.5224470414057
0.0254950000000001 0.735682860818503 18.1423335302076
0.0259950000000003 0.750110843968508 18.2623918795878
0.0264950000000001 0.764538827118503 18.8482838767624
0.0269950000000003 0.778966810268508 18.9860591119662
0.0274950000000001 0.793394793418503 19.4720062051968
0.0279950000000003 0.807822776568509 19.5082814797468
0.0284950000000001 0.822250759718503 20.0299263786064
0.0289950000000003 0.836678742868509 20.1310737118678
0.0294950000000001 0.851106726018503 20.5607286173712
0.0299950000000003 0.865534709168509 20.7876916672181
0.0304950000000001 0.879962692318503 21.3046756728386
0.0309950000000003 0.894390675468509 21.487532234729
0.0314950000000001 0.908818658618503 21.8835041192785
0.0319950000000003 0.923246641768509 22.0922406152733
0.0324950000000001 0.937674624918503 22.3044999705579
0.0329950000000003 0.952102608068509 22.6972312562535
0.0334950000000001 0.966530591218503 23.0133938571746
0.0339950000000003 0.980958574368509 23.3284298384829
0.0344950000000001 0.995386557518503 23.6361193920619
0.0349950000000003 1.00981454066851 23.9710476846486
0.0354950000000001 1.0242425238185 24.1780524164105
0.0359950000000003 1.03867050696851 24.5619648008229
0.0364950000000001 1.0530984901185 24.8508210960713
0.0369950000000003 1.06752647326851 25.1818122729742
0.0374950000000001 1.0819544564185 25.3088584145311
0.0379950000000003 1.09638243956851 25.8052833487327
0.0384950000000001 1.1108104227185 25.9431575185938
0.0389950000000003 1.12523840586851 26.4141050504059
0.0394950000000001 1.1396663890185 26.538758569668
0.0399950000000003 1.15409437216851 26.9042282644907
0.0404950000000001 1.1685223553185 27.0956557597781
0.0409950000000001 1.1829503384685 27.5442572496239
0.0414950000000001 1.1973783216185 27.5604570767453
0.0419950000000001 1.2118063047685 28.0127642892815
0.0424950000000001 1.2262342879185 28.1855016550588
0.0429950000000001 1.2406622710685 28.6533884086008
0.0434950000000001 1.2550902542185 28.7865596240209
0.0439950000000001 1.2695182373685 29.2367470065006
0.0444950000000002 1.2839462205185 29.3912605087363
0.0449950000000002 1.2983742036685 29.8249546969644
0.0454950000000002 1.3128021868185 30.0410931247953
0.0459950000000002 1.3272301699685 30.3342677438075
0.0464950000000002 1.3416581531185 30.5005337126304
0.0469950000000002 1.3560861362685 31.0000910074677
0.0474950000000002 1.3705141194185 31.1537310678471
0.0479950000000002 1.3849421025685 31.520306590462
0.0484950000000002 1.3993700857185 31.757792379695
0.0489950000000002 1.4137980688685 32.1062727185633
0.0494950000000002 1.4282260520185 32.3522121643523
0.0499950000000002 1.4426540351685 32.6122119750372
0.0504950000000002 1.4570820183185 32.8877818428594
0.0509950000000002 1.4715100014685 33.2132622238751
0.0514950000000002 1.48593798461851 33.4241496873982
0.0519950000000002 1.50036596776851 33.7716506822586
0.0524950000000002 1.51479395091851 33.9694811541439
0.0529950000000002 1.52922193406851 34.1765161264439
0.0534950000000002 1.54364991721851 34.4142822788894
0.0539950000000002 1.55807790036851 34.6717483128636
0.0544950000000002 1.57250588351851 34.9529958228024
0.0549950000000002 1.58693386666851 35.0969233639603
0.0554950000000002 1.60136184981851 35.4749380340462
0.0559950000000002 1.61578983296851 35.5882436793145
0.0564950000000002 1.63021781611851 35.9954624702445
0.0569950000000002 1.64464579926851 36.1010336591508
0.0574950000000002 1.65907378241851 36.595041549206
0.057995 1.6735017655685 36.7598187743534
0.0584950000000002 1.68792974871851 37.1353074781309
0.0589950000000002 1.70235773186851 37.3148865331092
0.0594950000000002 1.71678571501851 37.6587514369008
0.059995 1.7312136981685 37.8671818584089
0.0604950000000002 1.74564168131851 38.2191487760067
0.0609950000000002 1.76006966446851 38.4068050740454
0.0614950000000002 1.77449764761851 38.7886572702867
0.061995 1.7889256307685 38.9612872439957
0.0624950000000002 1.80335361391851 39.2591918256524
0.062995 1.8177815970685 39.5040732502033
0.0634950000000002 1.83220958021851 39.7921930838239
0.063995 1.8466375633685 40.0597034135351
0.0644950000000002 1.86106554651851 40.3059132919281
0.064995 1.8754935296685 40.5704263262895
0.0654950000000002 1.88992151281851 40.8654311794124
0.065995 1.9043494959685 41.080796441476
0.0664950000000002 1.91877747911851 41.3869669074087
0.066995 1.9332054622685 41.6066390823741
0.0674950000000002 1.94763344541851 41.8577372772762
0.067995 1.9620614285685 42.1004017831026
0.0684950000000002 1.97648941171851 42.3043283396443
0.068995 1.9909173948685 42.6139765070773
0.0694950000000002 2.00534537801851 42.7612741281527
0.069995 2.0197733611685 43.1133905540067
0.0704950000000002 2.03420134431851 43.2371277350524
0.070995 2.0486293274685 43.6343754206998
0.0714950000000002 2.06305731061851 43.7883139477772
0.071995 2.0774852937685 44.1272649540189
0.0724950000000002 2.09191327691851 44.300624809346
0.072995 2.1063412600685 44.6607331232058
0.0734950000000002 2.12076924321851 44.7731417656845
0.073995 2.1351972263685 45.1224660208894
0.0744950000000002 2.14962520951851 45.1925995254054
0.074995 2.1640531926685 45.6096678833502
0.0754950000000002 2.17848117581851 45.7571941614542
0.075995 2.1929091589685 46.0674279061418
0.0764950000000003 2.20733714211851 46.2801461842477
0.076995 2.2217651252685 46.6332429916578
0.0774950000000003 2.23619310841851 46.784099312706
0.0779950000000001 2.2506210915685 47.0781093814329
0.0784950000000003 2.26504907471851 47.1816044388426
0.0789950000000001 2.2794770578685 47.5019543511669
0.0794950000000003 2.29390504101851 47.6942635304151
0.0799950000000001 2.3083330241685 47.8904115526069
0.0804950000000003 2.32276100731851 48.2061363584451
0.0809950000000001 2.3371889904685 48.4000553746431
0.0814950000000003 2.35161697361851 48.5876688933225
0.0819950000000001 2.3660449567685 48.7227780991965
0.0824950000000003 2.38047293991851 49.0821361154144
0.0829950000000001 2.3949009230685 49.2944416256503
0.0834950000000003 2.40932890621851 49.6272234400474
0.0839950000000001 2.4237568893685 49.7674426504731
0.0844950000000003 2.43818487251851 50.0331120494279
0.0849950000000001 2.4526128556685 50.1422147027288
0.0854950000000003 2.46704083881851 50.490541100764
0.0859950000000001 2.4814688219685 50.5344943192203
0.0864950000000003 2.49589680511851 50.9417327100267
0.0869950000000001 2.5103247882685 51.0616335375064
0.0874950000000003 2.52475277141851 51.4744729037412
0.0879950000000001 2.5391807545685 51.4859575386734
0.0884950000000003 2.55360873771851 51.8361866016421
0.0889950000000001 2.5680367208685 51.8424922424966
0.0894950000000003 2.58246470401851 52.1554271743524
0.0899950000000001 2.5968926871685 52.375663018526
0.0904950000000003 2.61132067031851 52.7691987514481
0.0909950000000001 2.6257486534685 52.835440010143
0.0914950000000003 2.64017663661851 53.1439610459281
0.0919950000000001 2.6546046197685 53.1937182204301
0.0924950000000003 2.66903260291851 53.4977328772288
0.0929950000000001 2.6834605860685 53.690113371007
0.0934950000000003 2.69788856921851 53.954563192971
0.0939950000000001 2.7123165523685 54.2060442990321
0.0944950000000003 2.72674453551851 54.2518419259208
0.0949950000000001 2.7411725186685 54.503529116688
0.0954950000000003 2.75560050181851 54.6563051717719
0.0959950000000001 2.7700284849685 55.0369976512571
0.0964950000000003 2.78445646811851 55.1923741345131
0.0969950000000001 2.7988844512685 55.5595105530357
0.0974950000000003 2.81331243441851 55.5327702153578
0.0979950000000001 2.8277404175685 55.7973348463282
0.0984950000000003 2.84216840071851 55.9074748330028
0.0989950000000001 2.8565963838685 56.3295157788216
0.0994950000000003 2.87102436701851 56.4493603324317
0.0999950000000001 2.8854523501685 56.6627653188553
0.100495 2.89988033331851 56.6544174796787
0.100995 2.9143083164685 57.0638312568279
0.101495 2.92873629961851 57.2182488932756
0.101995 2.9431642827685 57.5428321394432
0.102495 2.95759226591851 57.5784610559322
0.102995 2.9720202490685 57.7372355398674
0.103495 2.98644823221851 57.9645591952565
0.103995 3.0008762153685 58.2437452361392
0.104495 3.0153041985185 58.4463590737148
0.104995 3.0297321816685 58.4911503683329
0.105495 3.0441601648185 58.7399724588129
0.105995 3.0585881479685 58.9962579959029
0.106495 3.0730161311185 59.2405024576069
0.106995 3.0874441142685 59.3236333452361
0.107495 3.1018720974185 59.5789305632807
0.107995 3.1163000805685 59.719811544258
0.108495 3.1307280637185 59.9788084530571
0.108995 3.1451560468685 60.0755518555009
0.109495 3.1595840300185 60.3799426041308
0.109995 3.1740120131685 60.4276611461044
0.110495 3.1884399963185 60.7776068663852
0.110995 3.2028679794685 60.8122199553559
0.111495 3.2172959626185 61.0763169080067
0.111995 3.2317239457685 61.1818719232456
0.112495 3.24615192891851 61.4785438260393
0.112995 3.26057991206851 61.5462758225679
0.113495 3.27500789521851 61.781865694749
0.113995 3.28943587836851 61.9870259789264
0.114495 3.30386386151851 62.1566362146078
0.114995 3.31829184466851 62.1891808795546
0.115495 3.33271982781851 62.516178831932
0.115995 3.34714781096851 62.7371464869357
0.116495 3.36157579411851 62.8530140953601
0.116995 3.37600377726851 62.9827030950502
0.117495 3.39043176041851 63.2501684323049
0.117995 3.40485974356851 63.3873516844974
0.118495 3.41928772671851 63.4293168212797
0.118995 3.43371570986851 63.905409493392
0.119495 3.44814369301851 63.929468318078
0.119995 3.46257167616851 63.9934193030368
0.120495 3.4769996593185 64.2215166697346
0.120995 3.49142764246851 64.5637353249182
0.121495 3.50585562561851 64.5037002802351
0.121995 3.52028360876851 64.7961533048857
0.122495 3.5347115919185 65.0104789360798
0.122995 3.54913957506851 65.1459391560362
0.123495 3.56356755821851 65.1008357846555
0.123995 3.57799554136851 65.5214400261762
0.124495 3.5924235245185 65.6414403330834
0.124995 3.60685150766851 65.7229388714964
0.125495 3.6212794908185 65.897834336025
0.125995 3.63570747396851 66.1712958362894
0.126495 3.6501354571185 66.2187952079087
0.126995 3.66456344026851 66.4183563859366
0.127495 3.6789914234185 66.5880729058006
0.127995 3.69341940656851 66.7440322263181
0.128495 3.7078473897185 66.8949740116751
0.128995 3.72227537286851 67.0360937178866
0.129495 3.7367033560185 67.2439527154647
0.129995 3.75113133916851 67.3271398535536
0.130495 3.7655593223185 67.5420465433495
0.130995 3.77998730546851 67.704268966461
0.131495 3.7944152886185 67.9468074755218
0.131995 3.80884327176851 67.9468998200681
0.132495 3.8232712549185 68.2431643667696
0.132995 3.83769923806851 68.3427249974056
0.133495 3.8521272212185 68.4338648019683
0.133995 3.86655520436851 68.6231663032776
0.134495 3.8809831875185 68.8769564826912
0.134995 3.89541117066851 68.8516293154023
0.135495 3.9098391538185 69.1276950073455
0.135995 3.92426713696851 69.2326902848729
0.136495 3.9386951201185 69.3415032911496
0.136995 3.95312310326851 69.5511245657976
0.137495 3.9675510864185 69.698874720022
0.137995 3.98197906956851 69.7906229005798
0.138495 3.9964070527185 69.9939756722638
0.138995 4.01083503586851 70.1185372524095
0.139495 4.0252630190185 70.2348925945707
0.139995 4.03969100216851 70.4941383520224
0.140495 4.0541189853185 70.4770301757223
0.140995 4.06854696846851 70.7542852305604
0.141495 4.0829749516185 70.7533309137498
0.141995 4.09740293476851 70.9266718127772
0.142495 4.1118309179185 71.0691900534104
0.142995 4.12625890106851 71.2677060515972
0.143495 4.1406868842185 71.5012643296716
0.143995 4.15511486736851 71.4763416497708
0.144495 4.1695428505185 71.710625644027
0.144995 4.18397083366851 71.7732160673865
0.145495 4.1983988168185 72.0209297615299
0.145995 4.21282679996851 72.0177303463609
0.146495 4.2272547831185 72.2086307644119
0.146995 4.24168276626851 72.3863465790666
0.147495 4.2561107494185 72.5108658026812
0.147995 4.27053873256851 72.6059201618401
0.148495 4.2849667157185 72.6377960448726
0.148995 4.29939469886851 72.8477819952636
0.149495 4.3138226820185 73.1000853291971
0.149995 4.32825066516851 73.0906811663244
0.150495 4.3426786483185 73.3196001770908
0.150995 4.35710663146851 73.3542419657533
0.151495 4.3715346146185 73.5331474932746
0.151995 4.38596259776851 73.597261092652
0.152495 4.4003905809185 73.8662522243694
0.152995 4.41481856406851 73.8736573454738
0.153495 4.4292465472185 74.0504762487714
0.153995 4.44367453036851 74.0683142527112
0.154495 4.4581025135185 74.2790576603176
0.154995 4.47253049666851 74.4297038023066
0.155495 4.4869584798185 74.559427091566
0.155995 4.50138646296851 74.5840969778732
0.156495 4.5158144461185 74.8212006497024
0.156995 4.53024242926851 74.8580522004735
0.157495 4.5446704124185 75.1011604823483
0.157995 4.55909839556851 75.1121613475594
0.158495 4.5735263787185 75.2747244249871
0.158995 4.58795436186851 75.3631349358375
0.159495 4.6023823450185 75.4412754628486
0.159995 4.61681032816851 75.5848755817484
0.160495 4.6312383113185 75.7399473686653
0.160995 4.64566629446851 75.8912526963814
0.161495 4.6600942776185 75.9362901154741
0.161995 4.67452226076851 76.0943529367808
0.162495 4.6889502439185 76.1359299307158
0.162995 4.70337822706851 76.3092722301955
0.163495 4.7178062102185 76.3005563044704
0.163995 4.73223419336851 76.5786316821192
0.164495 4.7466621765185 76.6419244582098
0.164995 4.76109015966851 76.8369487042571
0.165495 4.7755181428185 76.8147143399793
0.165995 4.78994612596851 77.0149785878532
0.166495 4.8043741091185 77.0190660022959
0.166995 4.81880209226851 77.219497096564
0.167495 4.8332300754185 77.3092895345034
0.167995 4.84765805856851 77.4660708451241
0.168495 4.8620860417185 77.495336217426
0.168995 4.87651402486851 77.6263418467262
0.169495 4.8909420080185 77.6940461581246
0.169995 4.9053699911685 77.9306561888239
0.170495 4.9197979743185 77.9131329000699
0.170995 4.9342259574685 78.1305040594354
0.171495 4.9486539406185 78.118362213089
0.171995 4.9630819237685 78.2562158945844
0.172495 4.9775099069185 78.3780056716325
0.172995 4.9919378900685 78.5022514405822
0.173495 5.0063658732185 78.6395822663175
0.173995 5.0207938563685 78.6590107065211
0.174495 5.0352218395185 78.7850627549767
0.174995 5.0496498226685 78.8558843517926
0.175495 5.0640778058185 78.9877849361617
0.175995 5.0785057889685 79.0250186586327
0.176495 5.0929337721185 79.2143275615167
0.176995 5.1073617552685 79.3302705724019
0.177495 5.1217897384185 79.3857183794167
0.177995 5.1362177215685 79.4272769414852
0.178495 5.1506457047185 79.5320823505227
0.178995 5.1650736878685 79.6902185441786
0.179495 5.1795016710185 79.6911573455861
0.179995 5.1939296541685 79.943561623998
0.180495 5.2083576373185 79.8935024763372
0.180995 5.2227856204685 80.0485189792348
0.181495 5.23721360361851 80.1729712550646
0.181995 5.25164158676851 80.1904633236516
0.182495 5.26606956991851 80.3714022109119
0.182995 5.2804975530685 80.4274061905482
0.183495 5.29492553621851 80.4483537823251
0.183995 5.30935351936851 80.5510881621489
0.184495 5.32378150251851 80.6782803203219
0.184995 5.3382094856685 80.7116559675744
0.185495 5.35263746881851 80.8727705644054
0.185995 5.36706545196851 80.9383112672872
0.186495 5.38149343511851 81.0922640314795
0.186995 5.3959214182685 81.199234746935
0.187495 5.41034940141851 81.1394272248716
0.187995 5.4247773845685 81.3077825050028
0.188495 5.43920536771851 81.412780489004
0.188995 5.4536333508685 81.511309002198
0.189495 5.46806133401851 81.6592519627832
0.189995 5.4824893171685 81.6802638885249
0.190495 5.49691730031851 81.7354977100017
0.190995 5.5113452834685 81.854570292338
0.191495 5.52577326661851 81.8746093881799
0.191995 5.5402012497685 81.9767495164817
0.192495 5.55462923291851 82.0921406770164
0.192995 5.5690572160685 82.1384119908285
0.193495 5.58348519921851 82.1669131875411
0.193995 5.5979131823685 82.335789126186
0.194495 5.61234116551851 82.3195416143977
0.194995 5.6267691486685 82.4809753329899
0.195495 5.64119713181851 82.6695310563364
0.195995 5.6556251149685 82.5475539202269
0.196495 5.67005309811851 82.7589825542076
0.196995 5.6844810812685 82.8870876866089
0.197495 5.69890906441851 82.899012453219
0.197995 5.7133370475685 82.8878404159833
0.198495 5.72776503071851 83.1111685019308
0.198995 5.7421930138685 83.1924770101558
0.199495 5.75662099701851 83.2092673745552
0.199995 5.7710489801685 83.3780694120589
0.200495 5.78547696331851 83.3165476081769
0.200995 5.7999049464685 83.4651834320036
0.201495 5.81433292961851 83.4810569677628
0.201995 5.8287609127685 83.6856368848663
0.202495 5.84318889591851 83.6452680580971
0.202995 5.8576168790685 83.7765827525464
0.203495 5.87204486221851 83.8684317008713
0.203995 5.8864728453685 83.9220732814037
0.204495 5.90090082851851 84.001254434602
0.204995 5.9153288116685 84.138584111934
0.205495 5.92975679481851 84.1108817896308
0.205995 5.9441847779685 84.1884675787862
0.206495 5.95861276111851 84.3820321236809
0.206995 5.9730407442685 84.3315890044417
0.207495 5.98746872741851 84.396246076865
0.207995 6.0018967105685 84.5379233928403
0.208495 6.01632469371851 84.6678307169497
0.208995 6.0307526768685 84.6963088835299
0.209495 6.04518066001851 84.8365457076378
0.209995 6.0596086431685 84.8352354895033
0.210495 6.07403662631851 84.874177965147
0.210995 6.0884646094685 84.9724611534245
0.211495 6.10289259261851 85.0146790277155
0.211995 6.1173205757685 85.2769173809869
0.212495 6.13174855891851 85.2684876081555
0.212995 6.1461765420685 85.3792745461908
0.213495 6.16060452521851 85.3345101974955
0.213995 6.1750325083685 85.3827747256892
0.214495 6.18946049151851 85.5730705152555
0.214995 6.2038884746685 85.5803803937262
0.215495 6.21831645781851 85.5639541158316
0.215995 6.2327444409685 85.7423990538966
0.216495 6.24717242411851 85.900007123572
0.216995 6.2616004072685 85.9517123352686
0.217495 6.27602839041851 86.0051967276062
0.217995 6.2904563735685 86.0087507460615
0.218495 6.30488435671851 86.0580217034465
0.218995 6.3193123398685 86.2102234695658
0.219495 6.33374032301851 86.1772608681273
0.219995 6.3481683061685 86.2748486152927
0.220495 6.36259628931851 86.5166778220093
0.220995 6.3770242724685 86.5095151117168
0.221495 6.39145225561851 86.5214482461025
0.221995 6.4058802387685 86.5793016471877
0.222495 6.42030822191851 86.7761916834925
0.222995 6.4347362050685 86.7807556902534
0.223495 6.44916418821851 86.8067632463921
0.223995 6.4635921713685 86.8023660216005
0.224495 6.47802015451851 86.9994253482127
0.224995 6.4924481376685 87.0546139752904
0.225495 6.50687612081851 87.0047463175277
0.225995 6.5213041039685 87.0836014351516
0.226495 6.53573208711851 87.2076641073861
0.226995 6.5501600702685 87.3496469866332
0.227495 6.56458805341851 87.4464523596473
0.227995 6.5790160365685 87.4741009928335
0.228495 6.59344401971851 87.5328681041729
0.228995 6.6078720028685 87.684652496758
0.229495 6.62229998601851 87.5766720262391
0.229995 6.6367279691685 87.6724077670123
0.230495 6.65115595231851 87.7984800424896
0.230995 6.6655839354685 88.0062884044389
0.231495 6.68001191861851 88.0619909130352
0.231995 6.6944399017685 88.2141554885775
0.232495 6.70886788491851 88.1049142769412
0.232995 6.7232958680685 88.3484868321485
0.233495 6.73772385121851 88.1585733325075
0.233995 6.7521518343685 88.3488163490053
0.234495 6.76657981751851 88.3766884811535
0.234995 6.7810078006685 88.5920804151833
0.235495 6.79543578381851 88.6727986996099
0.235995 6.8098637669685 88.6867177886315
0.236495 6.82429175011851 88.7055329486976
0.236995 6.8387197332685 88.8189298963824
0.237495 6.85314771641851 88.8540130558424
0.237995 6.8675756995685 89.0114839357912
0.238495 6.88200368271851 88.9806840326506
0.238995 6.8964316658685 89.1296991486833
0.239495 6.91085964901851 89.1207891264495
0.239995 6.92528763216851 89.3417629789171
0.240495 6.93971561531851 89.251749715298
0.240995 6.95414359846851 89.2632663587351
0.241495 6.96857158161851 89.496523809564
0.241995 6.98299956476851 89.4947985068607
0.242495 6.99742754791851 89.4301606392554
0.242995 7.01185553106851 89.6496985755533
0.243495 7.02628351421851 89.7671200118592
0.243995 7.04071149736851 89.8593923132739
0.244495 7.05513948051851 89.8388993082915
0.244995 7.06956746366851 89.8517285578524
0.245495 7.08399544681851 90.2303103086899
0.245995 7.09842342996851 90.2487033772509
0.246495 7.11285141311851 90.0972453620498
0.246995 7.12727939626851 90.1802547640546
0.247495 7.14170737941851 90.2916130524785
0.247995 7.15613536256851 90.5779347246493
0.248495 7.17056334571851 90.532959245395
0.248995 7.18499132886851 90.5663426903479
0.249495 7.19941931201851 90.7125652514287
0.249995 7.21384729516851 90.718844226406
0.250495 7.22827527831851 90.6643507630201
0.250995 7.24270326146851 90.8541969540568
0.251495 7.25713124461851 90.9758707969265
0.251995 7.27155922776851 91.4215578039979
0.252495 7.28598721091851 91.0823735789191
0.252995 7.30041519406851 91.2510876652898
0.253495 7.31484317721851 91.4160775000861
0.253995 7.32927116036851 91.3307424630055
0.254495 7.34369914351851 91.551631886277
0.254995 7.35812712666851 91.3874196764455
0.255495 7.37255510981851 91.8615146386007
0.255995 7.38698309296851 91.7471476800236
0.256495 7.4014110761185 91.9665278812735
0.256995 7.41583905926851 91.9884063565001
0.257495 7.4302670424185 91.9381394311667
0.257995 7.44469502556851 92.1461708472355
0.258495 7.4591230087185 92.1694940433345
0.258995 7.47355099186851 92.0375842062864
0.259495 7.4879789750185 92.4118693881727
0.259995 7.50240695816851 92.5281436195996
0.260495 7.5168349413185 92.3768867786152
0.260995 7.53126292446851 92.5798799909982
0.261495 7.5456909076185 92.5648540110868
0.261995 7.56011889076851 92.5424467628777
0.262495 7.5745468739185 92.9495488403811
0.262995 7.58897485706851 93.0457475327606
0.263495 7.6034028402185 92.8762026602016
0.263995 7.61783082336851 92.9551818554396
0.264495 7.6322588065185 93.0256288175363
0.264995 7.64668678966851 93.2757479892918
0.265495 7.6611147728185 93.2753867650431
0.265995 7.67554275596851 93.2462522882978
0.266495 7.6899707391185 93.2771911917922
0.266995 7.70439872226851 93.4591104367929
0.267495 7.7188267054185 93.5172501131095
0.267995 7.73325468856851 93.5897177316697
0.268495 7.7476826717185 93.8059346688863
0.268995 7.76211065486851 94.1017807375211
0.269495 7.7765386380185 93.9079002857649
0.269995 7.79096662116851 94.0546794596767
0.270495 7.8053946043185 94.319481221164
0.270995 7.81982258746851 94.3510191081504
0.271495 7.8342505706185 94.3683187261904
0.271995 7.84867855376851 94.3935770643673
0.272495 7.8631065369185 95.0337065437128
0.272995 7.87753452006851 94.7523840988108
0.273495 7.8919625032185 94.73458976447
0.273995 7.90639048636851 95.0694134063471
0.274495 7.9208184695185 95.0490428161718
0.274995 7.93524645266851 95.162882982223
0.275495 7.9496744358185 95.3008529529343
0.275995 7.96410241896851 94.8164696308811
0.276495 7.9785304021185 95.312980743905
0.276995 7.99295838526851 95.7349781264822
0.277495 8.0073863684185 95.2970478419258
0.277995 8.02181435156851 95.7583532026085
0.278495 8.0362423347185 95.6653791020953
0.278995 8.05067031786851 96.4571365465969
0.279495 8.0650983010185 95.8647812205215
0.279995 8.07952628416851 96.0460883049079
0.280495 8.0939542673185 96.2149254685543
0.280995 8.10838225046851 96.5540763329607
0.281495 8.1228102336185 96.3569180818041
0.281995 8.13723821676851 96.8180845707579
0.282495 8.1516661999185 97.0494288559797
0.282995 8.16609418306851 96.9341999876493
0.283495 8.1805221662185 97.136476689988
0.283995 8.19495014936851 97.166335653185
0.284495 8.2093781325185 97.0471561237846
0.284995 8.22380611566851 97.4647335490327
0.285495 8.2382340988185 97.7611474860899
0.285995 8.25266208196851 97.3889832895124
0.286495 8.2670900651185 97.4573538116052
0.286995 8.28151804826851 98.142772192693
0.287495 8.2959460314185 97.8969975535646
0.287995 8.31037401456851 98.0743122895961
0.288495 8.3248019977185 98.1738567211585
0.288995 8.33922998086851 98.2934968499153
0.289495 8.3536579640185 98.5442047970947
0.289995 8.36808594716851 98.6018583054001
0.290495 8.3825139303185 98.3542514943593
0.290995 8.39694191346851 98.9138004339146
0.291495 8.4113698966185 99.4304587988077
0.291995 8.42579787976851 99.201237803222
0.292495 8.4402258629185 99.6134844784557
0.292995 8.45465384606851 99.2376223678968
0.293495 8.4690818292185 99.5787894537835
0.293995 8.48350981236851 99.3783161886355
0.294495 8.4979377955185 99.7255283936608
0.294995 8.51236577866851 100.530640500345
0.295495 8.5267937618185 100.611146280695
0.295995 8.54122174496851 100.561014991894
0.296495 8.5556497281185 100.659532441646
0.296995 8.57007771126851 100.810270073228
0.297495 8.5845056944185 101.098617190227
0.297995 8.59893367756851 101.046048181556
0.298495 8.61336166071851 101.331327061539
0.298995 8.62778964386851 101.287006255936
0.299495 8.64221762701851 101.969016813382
0.299995 8.65664561016851 101.628036310903
0.300495 8.67107359331851 102.304993309174
0.300995 8.68550157646851 102.278161418652
0.301495 8.69992955961851 102.884025309429
0.301995 8.71435754276851 102.226100401849
0.302495 8.72878552591851 102.481318784739
0.302995 8.74321350906851 102.769162671614
0.303495 8.75764149221851 103.780939017667
0.303995 8.77206947536851 103.439994691123
0.304495 8.78649745851851 103.669377137684
0.304995 8.80092544166851 103.710435826533
0.305495 8.81535342481851 104.148706534034
0.305995 8.82978140796851 104.04563478882
0.306495 8.84420939111851 104.359340911578
0.306995 8.85863737426851 104.619669172381
0.307495 8.87306535741851 104.762361408059
0.307995 8.88749334056851 105.066926697065
0.308495 8.90192132371851 105.928245410651
0.308995 8.91634930686851 105.554492904381
0.309495 8.93077729001851 105.307847546376
0.309995 8.94520527316851 106.182310142126
0.310495 8.95963325631851 106.580354032441
0.310995 8.97406123946851 106.569023321231
0.311495 8.98848922261851 106.570106413357
0.311995 9.00291720576851 106.807774294422
0.312495 9.01734518891851 107.248107628963
0.312995 9.03177317206851 107.578252447877
0.313495 9.04620115521851 107.830919909666
0.313995 9.06062913836851 108.143873090033
0.314495 9.07505712151851 108.558364886818
0.314995 9.08948510466851 108.456206293282
0.315495 9.10391308781851 108.855759056575
0.315995 9.11834107096851 108.849998343102
0.316495 9.13276905411851 109.326849617615
0.316995 9.14719703726851 109.798996100078
0.317495 9.16162502041851 109.794059132912
0.317995 9.17605300356851 110.47971153131
0.318495 9.19048098671851 110.40022032819
0.318995 9.2049089698685 111.18669996672
0.319495 9.21933695301851 110.918301874937
0.319995 9.2337649361685 111.608241417941
0.320495 9.24819291931851 111.664370233381
0.320995 9.2626209024685 112.501336982701
0.321495 9.27704888561851 112.239734286071
0.321995 9.2914768687685 112.893750741967
0.322495 9.30590485191851 113.263947467896
0.322995 9.3203328350685 113.34617920908
0.323495 9.33476081821851 113.45727799899
0.323995 9.3491888013685 114.129568135263
0.324495 9.36361678451851 113.888446557523
0.324995 9.3780447676685 114.716859472782
0.325495 9.39247275081851 115.176997854935
0.325995 9.4069007339685 115.367101157359
0.326495 9.42132871711851 115.77663638167
0.326995 9.4357567002685 115.915214773929
0.327495 9.45018468341851 116.494947605963
0.327995 9.4646126665685 116.771251560577
0.328495 9.47904064971851 117.340989141375
0.328995 9.4934686328685 117.626009155474
0.329495 9.50789661601851 118.075573703185
0.329995 9.5223245991685 118.876419633814
0.330495 9.53675258231851 119.063039962636
0.330995 9.5511805654685 119.224036885446
0.331495 9.56560854861851 119.56095899955
0.331995 9.5800365317685 119.756142929219
0.332495 9.59446451491851 120.214285156006
0.332995 9.6088924980685 120.530085726766
0.333495 9.62332048121851 120.96307944917
0.333995 9.6377484643685 120.898273975552
0.334495 9.65217644751851 122.19974311487
0.334995 9.6666044306685 122.498380713967
0.335495 9.68103241381851 122.448268622249
0.335995 9.6954603969685 123.143245975379
0.336495 9.70988838011851 123.482174187844
0.336995 9.7243163632685 123.700177054352
0.337495 9.73874434641851 124.163271721206
0.337995 9.7531723295685 124.472116677621
0.338495 9.76760031271851 125.795857455778
0.338995 9.7820282958685 124.942753694959
0.339495 9.79645627901851 126.546815980537
0.339995 9.8108842621685 126.568638478806
0.340495 9.82531224531851 126.810438927766
0.340995 9.8397402284685 127.095202511166
0.341495 9.85416821161851 127.74576437592
0.341995 9.8685961947685 128.653052978532
0.342495 9.88302417791851 127.79247318492
0.342995 9.8974521610685 129.593902921486
0.343495 9.91188014421851 129.340422333082
0.343995 9.9263081273685 129.879814360655
0.344495 9.94073611051851 130.479804217255
0.344995 9.9551640936685 130.668623840286
0.345495 9.96959207681851 131.258496358096
0.345995 9.9840200599685 131.459281036276
0.346495 9.99844804311851 132.317140687482
0.346995 10.0128760262685 132.778894902675
0.347495 10.0273040094185 132.894974660404
0.347995 10.0417319925685 133.656043568869
0.348495 10.0561599757185 133.581375728411
0.348995 10.0705879588685 134.59699496701
0.349495 10.0850159420185 134.962292184563
0.349995 10.0994439251685 135.672103411253
0.350495 10.1138719083185 135.755076861081
0.350995 10.1282998914685 136.374964635474
0.351495 10.1427278746185 136.506422536869
0.351995 10.1571558577685 136.738981968346
0.352495 10.1715838409185 138.451737936599
0.352995 10.1860118240685 137.791907235008
0.353495 10.2004398072185 138.326008563104
0.353995 10.2148677903685 139.37755331071
0.354495 10.2292957735185 139.575049615613
0.354995 10.2437237566685 139.794295943331
0.355495 10.2581517398185 140.647097415952
0.355995 10.2725797229685 141.176862841364
0.356495 10.2870077061185 141.979509480666
0.356995 10.3014356892685 142.259286059364
0.357495 10.3158636724185 142.586151342415
0.357995 10.3302916555685 142.672040103808
0.358495 10.3447196387185 144.155026957479
0.358995 10.3591476218685 144.425916463511
0.359495 10.3735756050185 144.372194278275
0.359995 10.3880035881685 144.896056857756
0.360495 10.4024315713185 145.673458867718
0.360995 10.4168595544685 147.424221336301
0.361495 10.4312875376185 147.119920908763
0.361995 10.4457155207685 146.623964711113
0.362495 10.4601435039185 147.837896733459
0.362995 10.4745714870685 149.006290311812
0.363495 10.4889994702185 149.612315522006
0.363995 10.5034274533685 148.918131489463
0.364495 10.5178554365185 149.372632656797
0.364995 10.5322834196685 150.96206361456
0.365495 10.5467114028185 151.879052685254
0.365995 10.5611393859685 151.988927939095
0.366495 10.5755673691185 152.098531308049
0.366995 10.5899953522685 152.436691161646
0.367495 10.6044233354185 152.767135609467
0.367995 10.6188513185685 153.943340845486
0.368495 10.6332793017185 155.06107435856
0.368995 10.6477072848685 155.153695603158
0.369495 10.6621352680185 155.680408287147
0.369995 10.6765632511685 156.151259116917
0.370495 10.6909912343185 157.150810478441
0.370995 10.7054192174685 158.247078725091
0.371495 10.7198472006185 158.863084590217
0.371995 10.7342751837685 159.362515824325
0.372495 10.7487031669185 159.448097294891
0.372995 10.7631311500685 159.90762871289
0.373495 10.7775591332185 160.516545176315
0.373995 10.7919871163685 161.474832462066
0.374495 10.8064150995185 162.127103331534
0.374995 10.8208430826685 163.058602484876
0.375495 10.8352710658185 162.955274602389
0.375995 10.8496990489685 163.68479528185
0.376495 10.8641270321185 163.925950962975
0.376995 10.8785550152685 165.459066466813
0.377495 10.8929829984185 166.385130217981
0.377995 10.9074109815685 167.319078056926
0.378495 10.9218389647185 167.312677738312
0.378995 10.9362669478685 167.682201735493
0.379495 10.9506949310185 168.222015431298
0.379995 10.9651229141685 169.631816435324
0.380495 10.9795508973185 169.866199160763
0.380995 10.9939788804685 171.055164515062
0.381495 11.0084068636185 171.318866600021
0.381995 11.0228348467685 171.705599521169
0.382495 11.0372628299185 172.477135642625
0.382995 11.0516908130685 173.410111093758
0.383495 11.0661187962185 173.847658640517
0.383995 11.0805467793685 175.01445565909
0.384495 11.0949747625185 176.116735779928
0.384995 11.1094027456685 176.531295709366
0.385495 11.1238307288185 177.15625118741
0.385995 11.1382587119685 178.637549626783
0.386495 11.1526866951185 179.018435896803
0.386995 11.1671146782685 179.732703287155
0.387495 11.1815426614185 180.297768844663
0.387995 11.1959706445685 180.947055454757
0.388495 11.2103986277185 182.10635551558
0.388995 11.2248266108685 182.990191492709
0.389495 11.2392545940185 183.643578994267
0.389995 11.2536825771685 184.577906704604
0.390495 11.2681105603185 185.032839274874
0.390995 11.2825385434685 185.724457771886
0.391495 11.2969665266185 186.516810588372
0.391995 11.3113945097685 187.685410758276
0.392495 11.3258224929185 187.403703159963
0.392995 11.3402504760685 188.309885828597
0.393495 11.3546784592185 189.116542524786
0.393995 11.3691064423685 190.301643689717
0.394495 11.3835344255185 190.955104014467
0.394995 11.3979624086685 180.830989623182
0.395495 11.4123903918185 150.578870979139
0.395995 11.4268183749685 105.962882490263
0.396495 11.4412463581185 64.3226161288183
0.396995 11.4556743412685 40.1427295013561
0.397495 11.4701023244185 29.5610388817341
0.397995 11.4845303075685 16.0011705739405
0.398495 11.4989582907185 2.23213235689905
0.398995 11.5133862738685 -1.58977006578808
0.399495 11.5278142570185 1.69570392572196
0.399995 11.5422422401685 5.30828533908034
0.400495 11.5566702233185 5.06400900394064
0.400995 11.5710982064685 2.31901136247201
0.401495 11.5855261896185 -0.147656651157813
0.401995 11.5999541727685 -2.06894686715023
0.402495 11.6143821559185 -1.73873396029902
0.402995 11.6288101390685 0.301489303843515
0.403495 11.6432381222185 2.14191481870227
0.403995 11.6576661053685 1.63419380285305
0.404495 11.6720940885185 0.0587335488252618
0.404995 11.6865220716685 -1.84941033072255
0.405495 11.7009500548185 -2.66545059526247
0.405995 11.7153780379685 -1.85760662967721
0.406495 11.7298060211185 -0.00178580642560653
0.406995 11.7442340042685 1.41023900473461
0.407495 11.7586619874185 0.537832730379796
0.407995 11.7730899705685 -0.755462406990386
0.408495 11.7875179537185 -1.56694631856456
0.408995 11.8019459368685 -1.2608567483781
0.409495 11.8163739200185 -0.465182510783193
0.409995 11.8308019031685 0.194561643212778
0.410495 11.8452298863185 0.0873947260000449
0.410995 11.8596578694685 -0.848933323988696
0.411495 11.8740858526185 -1.64369244248102
0.411995 11.8885138357685 -1.30493863998284
0.412495 11.9029418189185 -0.909669886957924
0.412995 11.9173698020685 -0.140516213000165
0.413495 11.9317977852185 -0.29196140398667
0.413995 11.9462257683685 0.137047242998891
0.414495 11.9606537515185 -1.0935887708273
0.414995 11.9750817346685 -0.803315482244565
0.415495 11.9895097178185 -0.813354524447345
0.415995 12.0039377009685 -0.396908837038214
0.416495 12.0183656841185 0.170855570551358
0.416995 12.0327936672685 -0.132156849584023
0.417495 12.0472216504185 -0.477329641361264
0.417995 12.0616496335685 -0.53642972782251
0.418495 12.0760776167185 -0.464788768883735
0.418995 12.0905055998685 0.037322726834833
0.419495 12.1049335830185 0.0323495515650088
0.419995 12.1193615661685 0.356979978674294
0.420495 12.1337895493185 -0.0819565920682141
0.420995 12.1482175324685 -0.067911893452722
0.421495 12.1626455156185 0.00711023604236756
0.421995 12.1770734987685 0.580132676540095
0.422495 12.1915014819185 0.670147500955975
0.422995 12.2059294650685 0.667360511096198
0.423495 12.2203574482185 -0.148453537179605
0.423995 12.2347854313685 -0.438835470031704
0.424495 12.2492134145185 -0.0986422634927135
0.424995 12.2636413976685 0.043270121664864
0.425495 12.2780693808185 0.435010110117759
0.425995 12.2924973639685 0.230661764400451
0.426495 12.3069253471185 0.538380544508563
0.426995 12.3213533302685 -0.117262468994611
0.427495 12.3357813134185 -0.0272358431260274
0.427995 12.3502092965685 -0.0753689139631915
0.428495 12.3646372797185 0.217123916806352
0.428995 12.3790652628685 0.120620627346435
0.429495 12.3934932460185 -0.0866084539587044
0.429995 12.4079212291685 -0.479283498074132
0.430495 12.4223492123185 -0.666064761583183
0.430995 12.4367771954685 -0.13239735980812
0.431495 12.4512051786185 0.246863378304115
0.431995 12.4656331617685 0.032358781671296
0.432495 12.4800611449185 0.157849322937194
0.432995 12.4944891280685 -0.188688285327047
0.433495 12.5089171112185 -0.216743003588268
0.433995 12.5233450943685 -0.395362305395592
0.434495 12.5377730775185 0.28557826401148
0.434995 12.5522010606685 0.0584933054546533
0.435495 12.5666290438185 0.0967181938413838
0.435995 12.5810570269685 -0.0876483340352044
0.436495 12.5954850101185 -0.0455442245635498
0.436995 12.6099129932685 0.102368446167104
0.437495 12.6243409764185 0.400327408427296
0.437995 12.6387689595685 0.10868289483073
0.438495 12.6531969427185 0.0207894713804021
0.438995 12.6676249258685 -0.229447872133805
0.439495 12.6820529090185 -0.42742730149445
0.439995 12.6964808921685 -0.321009441638566
0.440495 12.7109088753185 0.122741470739207
0.440995 12.7253368584685 -0.12851626959792
0.441495 12.7397648416185 -0.158509657352498
0.441995 12.7541928247685 -0.476807622984455
0.442495 12.7686208079185 -0.265082147257021
0.442995 12.7830487910685 -0.268104208481598
0.443495 12.7974767742185 0.166926189390486
0.443995 12.8119047573685 0.142794213612395
0.444495 12.8263327405185 0.154861744563432
0.444995 12.8407607236685 -0.182934694576361
0.445495 12.8551887068185 -0.134934468970448
0.445995 12.8696166899685 -0.107700801041858
0.446495 12.8840446731185 0.0642301836807168
0.446995 12.8984726562685 0.263390560923813
0.447495 12.9129006394185 0.198104321649656
0.447995 12.9273286225685 0.167025090799265
0.448495 12.9417566057185 -0.0732397293452803
0.448995 12.9561845888685 -0.154791197901457
0.449495 12.9706125720185 0.0382304797154045
0.449995 12.9850405551685 -0.101086620539106
0.450495 12.9994685383185 -0.0803253560382476
0.450995 13.0138965214685 -0.195705420657176
0.451495 13.0283245046185 -0.197938762845244
0.451995 13.0427524877685 -0.167272434349822
0.452495 13.0571804709185 -0.317686020468892
0.452995 13.0716084540685 -0.124270019841052
0.453495 13.0860364372185 -0.150321923475832
0.453995 13.1004644203685 -0.0257231614934972
0.454495 13.1148924035185 -0.420311782229473
0.454995 13.1293203866685 -0.182179392179427
0.455495 13.1437483698185 -0.209487797862753
0.455995 13.1581763529685 0.0863266893903805
0.456495 13.1726043361185 0.0319177042233414
0.456995 13.1870323192685 0.239618521613202
0.457495 13.2014603024185 -0.146123329635853
0.457995 13.2158882855685 -0.0371413392485973
0.458495 13.2303162687185 -0.0471336124528081
0.458995 13.2447442518685 -0.0883213514904415
0.459495 13.2591722350185 -0.181857002825388
0.459995 13.2736002181685 0.0262433416933692
0.460495 13.2880282013185 -0.275032191185188
0.460995 13.3024561844685 -0.167013994473092
0.461495 13.3168841676185 -0.0513716084901377
0.461995 13.3313121507685 -0.273179195194808
0.462495 13.3457401339185 -0.113996577430077
0.462995 13.3601681170685 0.0126596095838457
0.463495 13.3745961002185 -0.211828763585825
0.463995 13.3890240833685 0.0505588007975363
0.464495 13.4034520665185 -0.0554507318313718
0.464995 13.4178800496685 0.188497459651715
0.465495 13.4323080328185 -0.179775688508269
0.465995 13.4467360159685 -0.254698321408014
0.466495 13.4611639991185 -0.125828398678996
0.466995 13.4755919822685 0.0516486475403116
0.467495 13.4900199654185 0.239413614711563
0.467995 13.5044479485685 0.34377342126528
0.468495 13.5188759317185 0.00204447936875949
0.468995 13.5333039148685 -0.0578454364022361
0.469495 13.5477318980185 -0.39143943538652
0.469995 13.5621598811685 0.199630548902024
0.470495 13.5765878643185 -0.240123966696167
0.470995 13.5910158474685 -0.0663810210514385
0.471495 13.6054438306185 -0.244834755353078
0.471995 13.6198718137685 0.0884251926489949
0.472495 13.6342997969185 -0.0800206710218702
0.472995 13.6487277800685 0.0558710094603479
0.473495 13.6631557632185 -0.0901602395137383
0.473995 13.6775837463685 0.112093775652498
0.474495 13.6920117295185 -0.00181087445253754
0.474995 13.7064397126685 -0.137602258886816
0.475495 13.7208676958185 -0.109266347484231
0.475995 13.7352956789685 -0.0429922357148022
0.476495 13.7497236621185 -0.195751346203853
0.476995 13.7641516452685 0.0431551163474444
0.477495 13.7785796284185 0.0806701692179385
0.477995 13.7930076115685 -0.0399732590415646
0.478495 13.8074355947185 -0.238297680523999
0.478995 13.8218635778685 -0.0618376841645856
0.479495 13.8362915610185 0.090947983450028
0.479995 13.8507195441685 0.285642270699587
0.480495 13.8651475273185 0.0999922240393201
0.480995 13.8795755104685 -0.0752787941540481
0.481495 13.8940034936185 -0.234132575537161
0.481995 13.9084314767685 -0.125741128746589
0.482495 13.9228594599185 0.321796696309947
0.482995 13.9372874430685 0.600302743297776
0.483495 13.9517154262185 0.424442386689075
0.483995 13.9661434093685 0.35589652373323
0.484495 13.9805713925185 -0.11179857209672
0.484995 13.9949993756685 -0.0854520971704022
0.485495 14.0094273588185 -0.0241137576946414
0.485995 14.0238553419685 0.317958343455396
0.486495 14.0382833251185 0.324470507820022
0.486995 14.0527113082685 0.238566060654279
0.487495 14.0671392914185 0.0199219244856312
0.487995 14.0815672745685 -0.325508640160458
0.488495 14.0959952577185 0.0834544428906924
0.488995 14.1104232408685 0.141261608206033
0.489495 14.1248512240185 0.299760609960709
0.489995 14.1392792071685 0.314694744109026
0.490495 14.1537071903185 0.107329381960882
0.490995 14.1681351734685 -0.0117481161927814
0.491495 14.1825631566185 -0.315704763762092
0.491995 14.1969911397685 0.0717786725949565
0.492495 14.2114191229185 0.256566334029329
0.492995 14.2258471060685 0.483632297241174
0.493495 14.2402750892185 0.215556060498109
0.493995 14.2547030723685 0.0191152065558872
0.494495 14.2691310555185 -0.162704355901871
0.494995 14.2835590386685 0.0858183820419374
0.495495 14.2979870218185 0.165798183502784
0.495995 14.3124150049685 0.480355502504437
0.496495 14.3268429881185 0.221778696044169
0.496995 14.3412709712685 0.0314448034805471
0.497495 14.3556989544185 -0.353051764433152
0.497995 14.3701269375685 0.163532214580579
0.498495 14.3845549207185 0.135593448761172
0.498995 14.3989829038685 0.437900671792008
0.499495 14.4134108870185 0.122376276021381
0.499995 14.4278388701685 0.229982566104589
