# Fix print output for fix Step
0 0 -0.15307207823238
0.000495000000000087 0.0265268775915047 0.87414851203983
0.000995000000000165 0.0533217034415088 0.955699557955921
0.00149500000000003 0.0801165292915016 1.67336736843602
0.00199500000000011 0.106911355141506 1.61025066569798
0.00249499999999997 0.133706180991499 2.51431662253557
0.00299500000000005 0.160501006841503 2.30642540979202
0.00349500000000013 0.187295832691507 3.09054666636405
0.00399499999999999 0.2140906585415 3.08680900319496
0.00449500000000007 0.240885484391504 3.83196166892654
0.00499500000000015 0.267680310241508 3.82775990790465
0.00549500000000001 0.294475136091501 4.58846499271355
0.00599500000000009 0.321269961941505 4.71706449482533
0.00649500000000017 0.348064787791509 5.27180001239136
0.00699500000000003 0.374859613641502 5.38638829785608
0.00749500000000011 0.401654439491506 6.0869787766956
0.00799500000000019 0.42844926534151 6.01759451541317
0.00849500000000005 0.455244091191503 6.90260678133132
0.00899500000000013 0.482038917041507 6.79668567896954
0.00949500000000021 0.508833742891511 7.47438093357004
0.00999500000000007 0.535628568741504 7.56922187423041
0.0104950000000001 0.562423394591508 8.1699586532455
0.010995 0.589218220441501 8.256710985728
0.0114950000000001 0.616013046291505 8.96361082429744
0.0119950000000002 0.642807872141509 8.98947210817562
0.012495 0.669602697991502 9.63022243376164
0.0129950000000001 0.696397523841506 9.67946478862219
0.013495 0.723192349691499 10.4565091072373
0.0139950000000001 0.749987175541503 10.3440624794673
0.0144950000000001 0.776782001391507 10.92600727089
0.014995 0.8035768272415 11.0897410572752
0.0154950000000001 0.830371653091504 11.7751926030426
0.0159950000000002 0.857166478941508 11.7008810337547
0.016495 0.883961304791501 12.3422341471289
0.0169950000000001 0.910756130641505 12.3973874451428
0.0174950000000002 0.937550956491509 13.0123458704167
0.017995 0.964345782341502 12.9913480887646
0.0184950000000001 0.991140608191506 13.8399608845609
0.0189950000000002 1.01793543404151 13.7530208358984
0.0194950000000001 1.0447302598915 14.3389160485361
0.0199950000000001 1.07152508574151 14.2929308041541
0.0204950000000002 1.09831991159151 15.0527358600584
0.0209950000000001 1.1251147374415 15.1451352162485
0.0214950000000002 1.15190956329151 15.7196621755544
0.021995 1.1787043891415 15.59870252261
0.0224950000000001 1.20549921499151 16.2991805275381
0.0229950000000002 1.23229404084151 16.2993911798359
0.023495 1.2590888666915 16.9176454981298
0.0239950000000001 1.28588369254151 16.9473196643698
0.024495 1.3126785183915 17.6133562267039
0.0249950000000001 1.3394733442415 17.6604980657862
0.0254950000000001 1.36626817009151 18.2644567496515
0.025995 1.3930629959415 18.2745702239517
0.0264950000000001 1.4198578217915 18.7980798013743
0.0269950000000002 1.44665264764151 18.7810555262081
0.027495 1.4734474734915 19.393935318997
0.0279950000000001 1.50024229934151 19.5259471599325
0.0284950000000002 1.52703712519151 20.1893184067993
0.028995 1.5538319510415 20.1493697947278
0.0294950000000001 1.58062677689151 20.624153482734
0.0299950000000002 1.60742160274151 20.7128484077696
0.0304950000000001 1.6342164285915 21.2253920547857
0.0309950000000001 1.66101125444151 21.4403259276284
0.0314950000000002 1.68780608029151 21.9949131456323
0.0319950000000001 1.7146009061415 22.2267632724433
0.0324950000000002 1.74139573199151 22.5411031991658
0.032995 1.7681905578415 22.6866166759757
0.0334950000000001 1.79498538369151 22.9675743593002
0.0339950000000002 1.82178020954151 23.2706542512741
0.034495 1.8485750353915 23.5902948873424
0.0349950000000001 1.87536986124151 23.8849904927082
0.035495 1.9021646870915 24.2162506645466
0.0359950000000001 1.9289595129415 24.5740366044495
0.0364950000000001 1.95575433879151 24.7948061735874
0.036995 1.9825491646415 25.1013800900187
0.0374950000000001 2.0093439904915 25.4105039069185
0.0379950000000002 2.03613881634151 25.7177504275801
0.038495 2.0629336421915 25.9528104540024
0.0389950000000001 2.08972846804151 26.3170131014509
0.0394950000000002 2.11652329389151 26.5654337646066
0.039995 2.1433181197415 26.999326892735
0.0404950000000001 2.17011294559151 27.227957105188
0.0409950000000002 2.19690777144151 27.5202309956338
0.0414950000000001 2.2237025972915 27.7255075339143
0.0419950000000001 2.25049742314151 28.1049147060018
0.042495 2.2772922489915 28.2412937840902
0.0429950000000001 2.3040870748415 28.645171776506
0.0434950000000002 2.33088190069151 28.8051252786846
0.043995 2.3576767265415 29.2290599769463
0.0444950000000001 2.38447155239151 29.4565537592842
0.0449950000000002 2.41126637824151 29.792756890901
0.045495 2.4380612040915 30.02380329992
0.0459950000000001 2.46485602994151 30.3516262098353
0.046495 2.4916508557915 30.5341662452452
0.0469950000000001 2.5184456816415 30.9519199035188
0.0474950000000001 2.54524050749151 31.0880805897819
0.047995 2.5720353333415 31.433783769549
0.0484950000000001 2.5988301591915 31.6309189697713
0.0489950000000002 2.62562498504151 31.9948781629415
0.049495 2.6524198108915 32.2543621537575
0.0499950000000001 2.67921463674151 32.540438230015
0.0504950000000002 2.70600946259151 32.8827802182705
0.050995 2.7328042884415 33.0960610515681
0.0514950000000001 2.75959911429151 33.4573933231765
0.0519950000000002 2.78639394014151 33.6716162974542
0.0524950000000001 2.8131887659915 34.0393603431729
0.0529950000000001 2.83998359184151 34.2661336083842
0.0534950000000002 2.86677841769151 34.6205620508286
0.0539950000000001 2.8935732435415 34.7566548093332
0.0544950000000002 2.92036806939151 35.1194372795915
0.054995 2.9471628952415 35.2640234653228
0.0554950000000001 2.97395772109151 35.636801376638
0.0559950000000002 3.00075254694151 35.8084587082868
0.0564950000000001 3.0275473727915 36.151136694386
0.0569950000000001 3.05434219864151 36.3597120539684
0.057495 3.0811370244915 36.6960432793025
0.0579950000000001 3.1079318503415 36.9101052778759
0.0584950000000001 3.13472667619151 37.244276173218
0.058995 3.1615215020415 37.4746746410412
0.0594950000000001 3.1883163278915 37.8062054854481
0.0599950000000002 3.21511115374151 37.9958615198849
0.060495 3.2419059795915 38.3098046529947
0.0609950000000001 3.26870080544151 38.4898839010258
0.0614950000000002 3.29549563129151 38.7937768981114
0.0619950000000001 3.3222904571415 39.0797832891726
0.0624950000000001 3.34908528299151 39.3660925136325
0.0629950000000002 3.37588010884151 39.5546673433867
0.0634950000000001 3.4026749346915 39.8665886497322
0.0639950000000001 3.42946976054151 40.0717547049144
0.064495 3.4562645863915 40.3278886739211
0.0649950000000001 3.4830594122415 40.5766227559446
0.0654950000000002 3.50985423809151 40.8607812469116
0.065995 3.5366490639415 41.1037295086573
0.0664950000000001 3.56344388979151 41.3694285162311
0.0669950000000002 3.59023871564151 41.5717983316432
0.0674950000000001 3.6170335414915 41.8501811836899
0.0679950000000001 3.64382836734151 42.1281536106682
0.068495 3.6706231931915 42.3774693313853
0.0689950000000001 3.6974180190415 42.6475517409032
0.0694950000000002 3.72421284489151 42.9291171064392
0.069995 3.7510076707415 43.1484982180475
0.0704950000000001 3.77780249659151 43.3691446813235
0.0709950000000002 3.80459732244151 43.6237870739376
0.071495 3.8313921482915 43.8329619635522
0.0719950000000001 3.85818697414151 44.1241925138825
0.0724950000000002 3.88498179999151 44.3487019863678
0.0729950000000001 3.9117766258415 44.5888811822279
0.0734950000000001 3.93857145169151 44.7968524909812
0.0739950000000002 3.96536627754151 45.0123239217076
0.0744950000000001 3.9921611033915 45.2702602981989
0.0749950000000002 4.01895592924151 45.5282110693753
0.0754950000000002 4.04575075509151 45.7919865779983
0.0759950000000001 4.07254558094151 46.0328052080641
0.0764950000000002 4.09934040679151 46.2637982730365
0.076995 4.1261352326415 46.5480080118961
0.0774950000000001 4.15293005849151 46.7550543818358
0.077995 4.1797248843415 46.9704999735601
0.0784950000000001 4.2065197101915 47.2124505917887
0.0789950000000001 4.23331453604151 47.4045690265277
0.079495 4.2601093618915 47.6546804223477
0.0799950000000001 4.2869041877415 47.879880814995
0.0804950000000001 4.31369901359151 48.1531567672743
0.080995 4.3404938394415 48.4124103616475
0.0814950000000001 4.36728866529151 48.642278795151
0.0819950000000002 4.39408349114151 48.8897333972902
0.082495 4.4208783169915 49.1233661360177
0.0829950000000001 4.44767314284151 49.2666689585789
0.0834950000000002 4.47446796869151 49.4921209725388
0.0839950000000001 4.5012627945415 49.6686849684349
0.0844950000000001 4.52805762039151 49.9453093062463
0.0849950000000002 4.55485244624151 50.2229208502792
0.0854950000000001 4.5816472720915 50.5108296515733
0.0859950000000002 4.60844209794151 50.6821764076779
0.086495 4.6352369237915 50.9012990175503
0.0869950000000001 4.66203174964151 51.1184898969815
0.0874950000000002 4.68882657549151 51.3158626952377
0.087995 4.7156214013415 51.5097781404404
0.0884950000000001 4.74241622719151 51.7406818220116
0.0889950000000002 4.76921105304151 52.0016822888608
0.0894950000000001 4.7960058788915 52.188539363542
0.0899950000000001 4.82280070474151 52.4338375648424
0.090495 4.8495955305915 52.6524509118708
0.0909950000000001 4.8763903564415 52.8386868695013
0.0914950000000002 4.90318518229151 53.0478484514324
0.091995 4.9299800081415 53.2252992429609
0.0924950000000001 4.95677483399151 53.4473681572096
0.0929950000000002 4.98356965984151 53.7021395974965
0.0934950000000001 5.0103644856915 53.9766639918452
0.0939950000000001 5.03715931154151 54.1152696927006
0.0944950000000002 5.06395413739151 54.3437207199655
0.0949950000000001 5.0907489632415 54.4994998783557
0.0954950000000001 5.11754378909151 54.7362557771636
0.0959950000000002 5.14433861494151 54.9783058537969
0.0964950000000001 5.1711334407915 55.2099095365597
0.0969950000000002 5.19792826664151 55.3542741191656
0.097495 5.2247230924915 55.6150566952333
0.0979950000000001 5.25151791834151 55.7773345481593
0.0984950000000002 5.27831274419151 55.9840672494413
0.098995 5.3051075700415 56.1534536762443
0.0994950000000001 5.33190239589151 56.3897414746067
0.099995 5.3586972217415 56.6280067750959
0.100495 5.3854920475915 56.8727261881684
0.100995 5.41228687344151 57.0808583947856
0.101495 5.4390816992915 57.2017648646348
0.101995 5.46587652514151 57.399818075733
0.102495 5.49267135099151 57.6241522109945
0.102995 5.5194661768415 57.8908789190518
0.103495 5.54626100269151 58.0149446794646
0.103995 5.57305582854151 58.1671505597566
0.104495 5.5998506543915 58.3805138614256
0.104995 5.62664548024151 58.6522621047577
0.105495 5.65344030609151 58.8535956782397
0.105995 5.6802351319415 58.9556215628529
0.106495 5.70702995779151 59.1298504584496
0.106995 5.73382478364151 59.3496569076952
0.107495 5.7606196094915 59.6587311472971
0.107995 5.78741443534151 59.7739164133284
0.108495 5.8142092611915 59.9357351192484
0.108995 5.84100408704151 60.1080733755905
0.109495 5.86779891289151 60.4014008720773
0.109995 5.8945937387415 60.5733739134045
0.110495 5.92138856459151 60.6539805036138
0.110995 5.9481833904415 60.8861996695642
0.111495 5.9749782162915 61.113143282321
0.111995 6.00177304214151 61.2417072120904
0.112495 6.0285678679915 61.4212176252251
0.112995 6.0553626938415 61.5971598457116
0.113495 6.08215751969151 61.8639206302649
0.113995 6.1089523455415 61.9795072035579
0.114495 6.13574717139151 62.1725532891132
0.114995 6.16254199724151 62.3484754293405
0.115495 6.1893368230915 62.5342057830522
0.115995 6.21613164894151 62.6793349544523
0.116495 6.24292647479151 62.9222448249659
0.116995 6.2697213006415 63.0742748998723
0.117495 6.29651612649151 63.2015456394928
0.117995 6.32331095234151 63.4503733540915
0.118495 6.35010577819151 63.6193197032709
0.118995 6.37690060404151 63.7939568848401
0.119495 6.40369542989151 63.9241243394857
0.119995 6.43049025574151 64.151025022388
0.120495 6.45728508159151 64.2639836076316
0.120995 6.4840799074415 64.4453730233997
0.121495 6.51087473329151 64.5743492384399
0.121995 6.5376695591415 64.8764783951271
0.122495 6.5644643849915 64.9588054559376
0.122995 6.59125921084151 65.065762260851
0.123495 6.6180540366915 65.3330235901268
0.123995 6.64484886254151 65.4812505409188
0.124495 6.67164368839151 65.5392779579313
0.124995 6.6984385142415 65.8526474705661
0.125495 6.72523334009151 65.991652797681
0.125995 6.75202816594151 66.0422476129557
0.126495 6.7788229917915 66.2826692585864
0.126995 6.80561781764151 66.4857602256321
0.127495 6.83241264349151 66.5281054135662
0.127995 6.8592074693415 66.8154134676882
0.128495 6.88600229519151 66.9535032466535
0.128995 6.91279712104151 67.0500211910065
0.129495 6.93959194689151 67.2376591899197
0.129995 6.96638677274151 67.3971497610859
0.130495 6.9931815985915 67.5663589480429
0.130995 7.01997642444151 67.7328651453969
0.131495 7.04677125029151 67.8200175897056
0.131995 7.0735660761415 68.0323914753326
0.132495 7.10036090199151 68.164707102612
0.132995 7.1271557278415 68.2816047986913
0.133495 7.1539505536915 68.4904528515188
0.133995 7.18074537954151 68.6060584579834
0.134495 7.2075402053915 68.7984044258344
0.134995 7.23433503124151 68.8934943723824
0.135495 7.26112985709151 69.0988515783631
0.135995 7.2879246829415 69.2255593199374
0.136495 7.31471950879151 69.3396895483547
0.136995 7.34151433464151 69.5804280785994
0.137495 7.3683091604915 69.6657189319908
0.137995 7.39510398634151 69.8308903817929
0.138495 7.42189881219151 69.9787813999042
0.138995 7.4486936380415 70.085647219293
0.139495 7.47548846389151 70.2336599569744
0.139995 7.50228328974151 70.4482484119259
0.140495 7.52907811559151 70.5645454159949
0.140995 7.55587294144151 70.7432794939844
0.141495 7.58266776729151 70.8094847335407
0.141995 7.60946259314151 70.9762262904874
0.142495 7.63625741899151 71.1101938726863
0.142995 7.6630522448415 71.2524132541125
0.143495 7.68984707069151 71.3949681401802
0.143995 7.7166418965415 71.560561909222
0.144495 7.7434367223915 71.7374983298905
0.144995 7.77023154824151 71.7795170745089
0.145495 7.7970263740915 71.9751653355983
0.145995 7.82382119994151 72.0708182446565
0.146495 7.85061602579151 72.1813333722427
0.146995 7.8774108516415 72.3687463826689
0.147495 7.90420567749151 72.4963820954181
0.147995 7.93100050334151 72.6844063176634
0.148495 7.9577953291915 72.7006026568264
0.148995 7.98459015504151 72.9144839086536
0.149495 8.01138498089151 72.9800965297458
0.149995 8.03817980674151 73.1790130036529
0.150495 8.06497463259151 73.2719595964821
0.150995 8.09176945844151 73.4588058407464
0.151495 8.11856428429151 73.5639340070362
0.151995 8.14535911014151 73.6768852347641
0.152495 8.1721539359915 73.8415449966035
0.152995 8.19894876184151 73.8904897208447
0.153495 8.2257435876915 74.0569308166962
0.153995 8.2525384135415 74.1670479938436
0.154495 8.27933323939151 74.2904268999261
0.154995 8.3061280652415 74.4278756602582
0.155495 8.3329228910915 74.531443138965
0.155995 8.35971771694151 74.6817266163756
0.156495 8.3865125427915 74.7554886031871
0.156995 8.41330736864151 74.9124840482142
0.157495 8.44010219449151 75.0335639523336
0.157995 8.4668970203415 75.1835437823841
0.158495 8.49369184619151 75.2842306071985
0.158995 8.52048667204151 75.4394682850268
0.159495 8.5472814978915 75.4807046893577
0.159995 8.57407632374151 75.6342054639389
0.160495 8.60087114959151 75.7395648620072
0.160995 8.62766597544151 75.9469956733085
0.161495 8.65446080129151 75.9352534830426
0.161995 8.6812556271415 76.1023457040388
0.162495 8.70805045299151 76.1444713762997
0.162995 8.73484527884151 76.3553932679795
0.163495 8.7616401046915 76.3865149203435
0.163995 8.78843493054151 76.6171311744039
0.164495 8.8152297563915 76.5969056134539
0.164995 8.8420245822415 76.8383192436874
0.165495 8.86881940809151 76.8330200912227
0.165995 8.8956142339415 77.0171824714048
0.166495 8.92240905979151 77.1184315565248
0.166995 8.94920388564151 77.2161222758412
0.167495 8.9759987114915 77.346785486608
0.167995 9.00279353734151 77.4152714441465
0.168495 9.02958836319151 77.5201013304244
0.168995 9.0563831890415 77.6362851045509
0.169495 9.08317801489151 77.7424367703809
0.169995 9.10997284074151 77.8777835230796
0.170495 9.1367676665915 77.9331860529042
0.170995 9.16356249244151 78.041856751033
0.171495 9.19035731829151 78.1467259106837
0.171995 9.2171521441415 78.314540686224
0.172495 9.24394696999151 78.355100540411
0.172995 9.27074179584151 78.491343117851
0.173495 9.29753662169151 78.5730529344269
0.173995 9.32433144754151 78.6761650020896
0.174495 9.3511262733915 78.7645830816311
0.174995 9.37792109924151 78.9352765445823
0.175495 9.40471592509151 78.9744914300096
0.175995 9.4315107509415 79.0592818341785
0.176495 9.45830557679151 79.1622868351682
0.176995 9.4851004026415 79.2699680837305
0.177495 9.51189522849151 79.3795171959433
0.177995 9.53869005434151 79.4873815521217
0.178495 9.5654848801915 79.5402751723501
0.178995 9.59227970604151 79.6525282680061
0.179495 9.61907453189151 79.7473145175257
0.179995 9.6458693577415 79.8599413921353
0.180495 9.67266418359151 79.9558617112882
0.180995 9.69945900944151 79.987436079576
0.181495 9.72625383529151 80.131059954537
0.181995 9.75304866114151 80.1698144262788
0.182495 9.77984348699151 80.289141363009
0.182995 9.80663831284151 80.4442990217329
0.183495 9.83343313869151 80.4836376262758
0.183995 9.8602279645415 80.6135896867259
0.184495 9.88702279039151 80.6744673519938
0.184995 9.9138176162415 80.7840044706541
0.185495 9.9406124420915 80.8289567930198
0.185995 9.96740726794151 80.8938220287023
0.186495 9.9942020937915 81.0314919066419
0.186995 10.0209969196415 81.1419853868818
0.187495 10.0477917454915 81.1972402776893
0.187995 10.0745865713415 81.310461401717
0.188495 10.1013813971915 81.3873346044876
0.188995 10.1281762230415 81.5187036245451
0.189495 10.1549710488915 81.5693794450639
0.189995 10.1817658747415 81.6118333510847
0.190495 10.2085607005915 81.762789859294
0.190995 10.2353555264415 81.772578165385
0.191495 10.2621503522915 81.9121056815978
0.191995 10.2889451781415 82.0031665314186
0.192495 10.3157400039915 82.1166980065057
0.192995 10.3425348298415 82.179319416377
0.193495 10.3693296556915 82.1311577474734
0.193995 10.3961244815415 82.324454453085
0.194495 10.4229193073915 82.4370930855455
0.194995 10.4497141332415 82.463943470526
0.195495 10.4765089590915 82.605368722318
0.195995 10.5033037849415 82.6370158133872
0.196495 10.5300986107915 82.6709871938697
0.196995 10.5568934366415 82.8304896570949
0.197495 10.5836882624915 82.9027956130381
0.197995 10.6104830883415 82.9962323208218
0.198495 10.6372779141915 83.0381760267448
0.198995 10.6640727400415 83.0879720398862
0.199495 10.6908675658915 83.2070104971272
0.199995 10.7176623917415 83.289404975809
0.200495 10.7444572175915 83.337774906114
0.200995 10.7712520434415 83.4140925880416
0.201495 10.7980468692915 83.5716457173017
0.201995 10.8248416951415 83.6111361075214
0.202495 10.8516365209915 83.6329593365632
0.202995 10.8784313468415 83.8518513668813
0.203495 10.9052261726915 83.8529986650544
0.203995 10.9320209985415 83.9023355826743
0.204495 10.9588158243915 84.0126876434483
0.204995 10.9856106502415 84.0938033674409
0.205495 11.0124054760915 84.1379626061537
0.205995 11.0392003019415 84.2676725690066
0.206495 11.0659951277915 84.3718128646444
0.206995 11.0927899536415 84.3552794891603
0.207495 11.1195847794915 84.4095384221216
0.207995 11.1463796053415 84.5897346844621
0.208495 11.1731744311915 84.5794782627638
0.208995 11.1999692570415 84.7092302719867
0.209495 11.2267640828915 84.8118485407111
0.209995 11.2535589087415 84.8651560217262
0.210495 11.2803537345915 84.9428387590619
0.210995 11.3071485604415 84.9799507844053
0.211495 11.3339433862915 85.0984214413218
0.211995 11.3607382121415 85.1061549888078
0.212495 11.3875330379915 85.2000171794687
0.212995 11.4143278638415 85.3196496405981
0.213495 11.4411226896915 85.3993022943779
0.213995 11.4679175155415 85.4059622223215
0.214495 11.4947123413915 85.4758305411143
0.214995 11.5215071672415 85.5698610137451
0.215495 11.5483019930915 85.6192884907011
0.215995 11.5750968189415 85.778623487988
0.216495 11.6018916447915 85.8121074556166
0.216995 11.6286864706415 85.867022074361
0.217495 11.6554812964915 85.931451070339
0.217995 11.6822761223415 85.9797255061042
0.218495 11.7090709481915 86.0566484156142
0.218995 11.7358657740415 86.2526797999879
0.219495 11.7626605998915 86.2427026013638
0.219995 11.7894554257415 86.3110659237897
0.220495 11.8162502515915 86.3642603927982
0.220995 11.8430450774415 86.5300075755556
0.221495 11.8698399032915 86.4967156325133
0.221995 11.8966347291415 86.6000435347027
0.222495 11.9234295549915 86.6796988022752
0.222995 11.9502243808415 86.6705073323284
0.223495 11.9770192066915 86.8488046845861
0.223995 12.0038140325415 86.9455130523715
0.224495 12.0306088583915 86.9596035658652
0.224995 12.0574036842415 87.1141608689139
0.225495 12.0841985100915 86.9842733154432
0.225995 12.1109933359415 87.1898251492506
0.226495 12.1377881617915 87.3183306646854
0.226995 12.1645829876415 87.3497364052434
0.227495 12.1913778134915 87.4082282487337
0.227995 12.2181726393415 87.4288507566752
0.228495 12.2449674651915 87.5176545965678
0.228995 12.2717622910415 87.7188739592335
0.229495 12.2985571168915 87.6586446788932
0.229995 12.3253519427415 87.8653741499726
0.230495 12.3521467685915 87.8019490633196
0.230995 12.3789415944415 87.9307037119152
0.231495 12.4057364202915 87.9589168888351
0.231995 12.4325312461415 88.1045072330777
0.232495 12.4593260719915 88.0820663735652
0.232995 12.4861208978415 88.2099539033365
0.233495 12.5129157236915 88.3050165250489
0.233995 12.5397105495415 88.4041301951627
0.234495 12.5665053753915 88.4992819756353
0.234995 12.5933002012415 88.4851369591372
0.235495 12.6200950270915 88.5136666582801
0.235995 12.6468898529415 88.5750641210963
0.236495 12.6736846787915 88.7875598095199
0.236995 12.7004795046415 88.7271293771393
0.237495 12.7272743304915 89.0081257452895
0.237995 12.7540691563415 88.9404103652528
0.238495 12.7808639821915 88.8579729001649
0.238995 12.8076588080415 89.1093350946105
0.239495 12.8344536338915 89.1055356579547
0.239995 12.8612484597415 89.1702178114531
0.240495 12.8880432855915 89.34060565258
0.240995 12.9148381114415 89.3801252878125
0.241495 12.9416329372915 89.4524026253762
0.241995 12.9684277631415 89.4188513826322
0.242495 12.9952225889915 89.5528996466549
0.242995 13.0220174148415 89.6777905764467
0.243495 13.0488122406915 89.8164096689676
0.243995 13.0756070665415 89.8831113971894
0.244495 13.1024018923915 89.9266606471733
0.244995 13.1291967182415 90.0017385438994
0.245495 13.1559915440915 90.0104502659158
0.245995 13.1827863699415 90.0395926532611
0.246495 13.2095811957915 90.1148671349461
0.246995 13.2363760216415 90.3471174628353
0.247495 13.2631708474915 90.455654400551
0.247995 13.2899656733415 90.4294696460614
0.248495 13.3167604991915 90.4382087373921
0.248995 13.3435553250415 90.5687922851167
0.249495 13.3703501508915 90.6074148093617
0.249995 13.3971449767415 90.5081922925984
0.250495 13.4239398025915 90.7156561015572
0.250995 13.4507346284415 90.9681158077385
0.251495 13.4775294542915 91.1200630285697
0.251995 13.5043242801415 90.8770072433843
0.252495 13.5311191059915 91.1508347118852
0.252995 13.5579139318415 91.1590561786536
0.253495 13.5847087576915 91.1925616972182
0.253995 13.6115035835415 91.3645931558119
0.254495 13.6382984093915 91.3859148130977
0.254995 13.6650932352415 91.4883410717144
0.255495 13.6918880610915 91.6298310373247
0.255995 13.7186828869415 91.611552552069
0.256495 13.7454777127915 91.7560634899071
0.256995 13.7722725386415 91.7849395558085
0.257495 13.7990673644915 91.7475518177588
0.257995 13.8258621903415 91.9692586596966
0.258495 13.8526570161915 91.9222982438668
0.258995 13.8794518420415 92.1339069843349
0.259495 13.9062466678915 92.3887633029532
0.259995 13.9330414937415 92.4636493837311
0.260495 13.9598363195915 92.4628391733499
0.260995 13.9866311454415 92.4217826128186
0.261495 14.0134259712915 92.5777703182956
0.261995 14.0402207971415 92.6169414830307
0.262495 14.0670156229915 92.6402906736419
0.262995 14.0938104488415 92.7992788734051
0.263495 14.1206052746915 93.0318825163327
0.263995 14.1474001005415 92.9983427970269
0.264495 14.1741949263915 93.1982234422112
0.264995 14.2009897522415 93.1692815900023
0.265495 14.2277845780915 93.3095415449884
0.265995 14.2545794039415 93.460741428516
0.266495 14.2813742297915 93.6136591112485
0.266995 14.3081690556415 93.449312072375
0.267495 14.3349638814915 93.7055028223252
0.267995 14.3617587073415 93.6166906953439
0.268495 14.3885535331915 93.9106758743769
0.268995 14.4153483590415 93.9710208482705
0.269495 14.4421431848915 94.083016777614
0.269995 14.4689380107415 94.2633701742291
0.270495 14.4957328365915 94.1735904777006
0.270995 14.5225276624415 94.4153794218876
0.271495 14.5493224882915 94.3938435789143
0.271995 14.5761173141415 94.5554351573914
0.272495 14.6029121399915 94.6859041387926
0.272995 14.6297069658415 94.6953135549562
0.273495 14.6565017916915 94.7280162831627
0.273995 14.6832966175415 94.7486610671141
0.274495 14.7100914433915 95.1958301245399
0.274995 14.7368862692415 95.0386984903462
0.275495 14.7636810950915 95.0243161148171
0.275995 14.7904759209415 95.3824253751221
0.276495 14.8172707467915 95.4366151484173
0.276995 14.8440655726415 95.5149914014679
0.277495 14.8708603984915 95.6365642431465
0.277995 14.8976552243415 96.0414112505194
0.278495 14.9244500501915 95.7113224609747
0.278995 14.9512448760415 96.0555387672097
0.279495 14.9780397018915 96.0483562048059
0.279995 15.0048345277415 96.2220613694607
0.280495 15.0316293535915 96.2266112145047
0.280995 15.0584241794415 96.5817228167232
0.281495 15.0852190052915 96.6189390715414
0.281995 15.1120138311415 96.6074808876422
0.282495 15.1388086569915 96.6775514662936
0.282995 15.1656034828415 96.8858343711767
0.283495 15.1923983086915 97.0843875199144
0.283995 15.2191931345415 97.0716441323928
0.284495 15.2459879603915 97.1013460658144
0.284995 15.2727827862415 97.4248613826965
0.285495 15.2995776120915 97.5661172929989
0.285995 15.3263724379415 97.7081541556193
0.286495 15.3531672637915 97.7258187793663
0.286995 15.3799620896415 97.7168592541967
0.287495 15.4067569154915 98.1338239980938
0.287995 15.4335517413415 98.0665905122582
0.288495 15.4603465671915 98.2886610567553
0.288995 15.4871413930415 98.4738526423329
0.289495 15.5139362188915 98.6073640353939
0.289995 15.5407310447415 98.8118099286182
0.290495 15.5675258705915 98.8269478329098
0.290995 15.5943206964415 98.6311182804827
0.291495 15.6211155222915 99.1700287700468
0.291995 15.6479103481415 99.0962398114529
0.292495 15.6747051739915 99.3844995950708
0.292995 15.7014999998415 99.466359967986
0.293495 15.7282948256915 99.5993896804146
0.293995 15.7550896515415 99.5733820021158
0.294495 15.7818844773915 99.9940316064177
0.294995 15.8086793032415 99.9445582881094
0.295495 15.8354741290915 100.278274686293
0.295995 15.8622689549415 100.193224812572
0.296495 15.8890637807915 100.528087310418
0.296995 15.9158586066415 100.767500241995
0.297495 15.9426534324915 100.782898965539
0.297995 15.9694482583415 101.340963329423
0.298495 15.9962430841915 101.031743804025
0.298995 16.0230379100415 101.463562144369
0.299495 16.0498327358915 101.701408112732
0.299995 16.0766275617415 101.788750684021
0.300495 16.1034223875915 101.794512278975
0.300995 16.1302172134415 102.106248109907
0.301495 16.1570120392915 102.272456895799
0.301995 16.1838068651415 102.529787863965
0.302495 16.2106016909915 102.547681178699
0.302995 16.2373965168415 103.192548289355
0.303495 16.2641913426915 102.950053111827
0.303995 16.2909861685415 103.263214502021
0.304495 16.3177809943915 103.601008123308
0.304995 16.3445758202415 103.938166552012
0.305495 16.3713706460915 103.915425276694
0.305995 16.3981654719415 104.328911579842
0.306495 16.4249602977915 104.910393058249
0.306995 16.4517551236415 104.606347497764
0.307495 16.4785499494915 104.651398543355
0.307995 16.5053447753415 105.000546820255
0.308495 16.5321396011915 105.132892300578
0.308995 16.5589344270415 105.506778372071
0.309495 16.5857292528915 105.803044997335
0.309995 16.6125240787415 105.913103555756
0.310495 16.6393189045915 106.540932587608
0.310995 16.6661137304415 106.639315875686
0.311495 16.6929085562915 106.884087960194
0.311995 16.7197033821415 107.076351794129
0.312495 16.7464982079915 107.332947117203
0.312995 16.7732930338415 107.544529329987
0.313495 16.8000878596915 108.027583670827
0.313995 16.8268826855415 107.958885919435
0.314495 16.8536775113915 108.426474398361
0.314995 16.8804723372415 108.324607389142
0.315495 16.9072671630915 109.209711587534
0.315995 16.9340619889415 109.2880462749
0.316495 16.9608568147915 109.427082966942
0.316995 16.9876516406415 109.819140122338
0.317495 17.0144464664915 109.589662145325
0.317995 17.0412412923415 110.416039303518
0.318495 17.0680361181915 110.761142147935
0.318995 17.0948309440415 110.938066517368
0.319495 17.1216257698915 110.882855166309
0.319995 17.1484205957415 111.195550857135
0.320495 17.1752154215915 111.979525689463
0.320995 17.2020102474415 111.978416742344
0.321495 17.2288050732915 112.259394561955
0.321995 17.2555998991415 112.584438714694
0.322495 17.2823947249915 112.976694659436
0.322995 17.3091895508415 113.443176505429
0.323495 17.3359843766915 113.539473422171
0.323995 17.3627792025415 114.339545477176
0.324495 17.3895740283915 114.341749077882
0.324995 17.4163688542415 115.344825424605
0.325495 17.4431636800915 114.652395680121
0.325995 17.4699585059415 115.791126078864
0.326495 17.4967533317915 115.636379625115
0.326995 17.5235481576415 116.614922897258
0.327495 17.5503429834915 116.406799750809
0.327995 17.5771378093415 117.478434958371
0.328495 17.6039326351915 117.061293905236
0.328995 17.6307274610415 117.897523089746
0.329495 17.6575222868915 117.752779878319
0.329995 17.6843171127415 118.215497233649
0.330495 17.7111119385915 118.685566206114
0.330995 17.7379067644415 118.999873867818
0.331495 17.7647015902915 119.268541834395
0.331995 17.7914964161415 119.996261352973
0.332495 17.8182912419915 120.196667670396
0.332995 17.8450860678415 120.457544723086
0.333495 17.8718808936915 121.089525341542
0.333995 17.8986757195415 121.100730867871
0.334495 17.9254705453915 122.136979799796
0.334995 17.9522653712415 122.142888916595
0.335495 17.9790601970915 122.922204627807
0.335995 18.0058550229415 122.951265375495
0.336495 18.0326498487915 123.432986936049
0.336995 18.0594446746415 124.026963593456
0.337495 18.0862395004915 124.516545132339
0.337995 18.1130343263415 124.673928632609
0.338495 18.1398291521915 125.57065855875
0.338995 18.1666239780415 125.521002216903
0.339495 18.1934188038915 125.725634406407
0.339995 18.2202136297415 126.250091647672
0.340495 18.2470084555915 126.534468856697
0.340995 18.2738032814415 127.420382007158
0.341495 18.3005981072915 127.493959578238
0.341995 18.3273929331415 128.148715611436
0.342495 18.3541877589915 128.479277466855
0.342995 18.3809825848415 128.956380855878
0.343495 18.4077774106915 129.406794578568
0.343995 18.4345722365415 130.072312185489
0.344495 18.4613670623915 130.121430777877
0.344995 18.4881618882415 130.786204831825
0.345495 18.5149567140915 131.253630099117
0.345995 18.5417515399415 131.97015209506
0.346495 18.5685463657915 131.907385382603
0.346995 18.5953411916415 132.863678793077
0.347495 18.6221360174915 133.415798532096
0.347995 18.6489308433415 133.374644391278
0.348495 18.6757256691915 134.001184632068
0.348995 18.7025204950415 134.698766535285
0.349495 18.7293153208915 134.398312880621
0.349995 18.7561101467415 135.824433204729
0.350495 18.7829049725915 136.054218977144
0.350995 18.8096997984415 136.126320786951
0.351495 18.8364946242915 137.010277931416
0.351995 18.8632894501415 137.236102893274
0.352495 18.8900842759915 138.090529621342
0.352995 18.9168791018415 138.321215389536
0.353495 18.9436739276915 138.889740176458
0.353995 18.9704687535415 139.276146093246
0.354495 18.9972635793915 139.733208022991
0.354995 19.0240584052415 140.128491663885
0.355495 19.0508532310915 140.904105006751
0.355995 19.0776480569415 140.937361460202
0.356495 19.1044428827915 141.758592819441
0.356995 19.1312377086415 142.42602587614
0.357495 19.1580325344915 142.68605813789
0.357995 19.1848273603415 143.240583593606
0.358495 19.2116221861915 143.802711156098
0.358995 19.2384170120415 144.486421603217
0.359495 19.2652118378915 144.699364751544
0.359995 19.2920066637415 145.176110294334
0.360495 19.3188014895915 146.216516170272
0.360995 19.3455963154415 146.363836761512
0.361495 19.3723911412915 146.524054660433
0.361995 19.3991859671415 147.887017242172
0.362495 19.4259807929915 148.305700107679
0.362995 19.4527756188415 148.508219846927
0.363495 19.4795704446915 148.983799638067
0.363995 19.5063652705415 149.729387689121
0.364495 19.5331600963915 150.254593502605
0.364995 19.5599549222415 150.628865445601
0.365495 19.5867497480915 151.228631261588
0.365995 19.6135445739415 151.873627496213
0.366495 19.6403393997915 152.552578822744
0.366995 19.6671342256415 152.501618758131
0.367495 19.6939290514915 153.151044425631
0.367995 19.7207238773415 154.141594570755
0.368495 19.7475187031915 155.099900958601
0.368995 19.7743135290415 155.444759573945
0.369495 19.8011083548915 155.834021794008
0.369995 19.8279031807415 156.310799247543
0.370495 19.8546980065915 156.603419595179
0.370995 19.8814928324415 157.470361729466
0.371495 19.9082876582915 158.249569141263
0.371995 19.9350824841415 158.722290312398
0.372495 19.9618773099915 159.401256748954
0.372995 19.9886721358415 160.30416441938
0.373495 20.0154669616915 160.489759175249
0.373995 20.0422617875415 161.151082441081
0.374495 20.0690566133915 162.076843686787
0.374995 20.0958514392415 162.855134446115
0.375495 20.1226462650915 163.406597546836
0.375995 20.1494410909415 164.191759970126
0.376495 20.1762359167915 164.819009610949
0.376995 20.2030307426415 165.379449437397
0.377495 20.2298255684915 166.187736425023
0.377995 20.2566203943415 166.621588341051
0.378495 20.2834152201915 167.524863437419
0.378995 20.3102100460415 167.901860246028
0.379495 20.3370048718915 168.543312811952
0.379995 20.3637996977415 169.126645099283
0.380495 20.3905945235915 169.830465444135
0.380995 20.4173893494415 171.101430750081
0.381495 20.4441841752915 171.752753901339
0.381995 20.4709790011415 171.914958609805
0.382495 20.4977738269915 172.858536441677
0.382995 20.5245686528415 173.588188763987
0.383495 20.5513634786915 173.908808561163
0.383995 20.5781583045415 175.242047811887
0.384495 20.6049531303915 176.112748971646
0.384995 20.6317479562415 177.03493203111
0.385495 20.6585427820915 177.193760062081
0.385995 20.6853376079415 178.073725707004
0.386495 20.7121324337915 178.399311641362
0.386995 20.7389272596415 179.194751274725
0.387495 20.7657220854915 176.967550722021
0.387995 20.7925169113415 169.199440894669
0.388495 20.8193117371915 158.604500172483
0.388995 20.8461065630415 149.511559769687
0.389495 20.8729013888915 140.721518627924
0.389995 20.8996962147415 134.021182727435
0.390495 20.9264910405915 127.661596357682
0.390995 20.9532858664415 121.922337775154
0.391495 20.9800806922915 115.850798541023
0.391995 21.0068755181415 110.365728453171
0.392495 21.0336703439915 104.962534049292
0.392995 21.0604651698415 99.9803077006151
0.393495 21.0872599956915 95.257037519949
0.393995 21.1140548215415 90.7381669026665
0.394495 21.1408496473915 86.5898955614538
0.394995 21.1676444732415 82.589113714531
0.395495 21.1944392990915 78.7466935883718
0.395995 21.2212341249415 75.2531828240195
0.396495 21.2480289507915 72.1755767199812
0.396995 21.2748237766415 69.1280134391546
0.397495 21.3016186024915 66.5737956037599
0.397995 21.3284134283415 64.1697542068853
0.398495 21.3552082541915 62.0847334615178
0.398995 21.3820030800415 60.2983097120535
0.399495 21.4087979058915 58.7580056071053
0.399995 21.4355927317415 57.4557687828246
0.400495 21.4623875575915 56.2923389828021
0.400995 21.4891823834415 55.1271810317654
0.401495 21.5159772092915 54.0610593675372
0.401995 21.5427720351415 52.910440684602
0.402495 21.5695668609915 51.9074476866117
0.402995 21.5963616868415 50.8050887850071
0.403495 21.6231565126915 49.824098533491
0.403995 21.6499513385415 48.8318396216934
0.404495 21.6767461643915 47.8363468248643
0.404995 21.7035409902415 46.9768883984115
0.405495 21.7303358160915 45.97363563062
0.405995 21.7571306419415 45.1833871971584
0.406495 21.7839254677915 44.2158648039509
0.406995 21.8107202936415 43.450009238295
0.407495 21.8375151194915 42.5469998985648
0.407995 21.8643099453415 41.7650738992509
0.408495 21.8911047711915 40.9534954132176
0.408995 21.9178995970415 40.1609912986594
0.409495 21.9446944228915 39.3777068181147
0.409995 21.9714892487415 38.6064810065919
0.410495 21.9982840745915 37.8461127634607
0.410995 22.0250789004415 37.0841825261794
0.411495 22.0518737262915 36.2146653187541
0.411995 22.0786685521415 35.2608294013586
0.412495 22.1054633779915 34.2411739876841
0.412995 22.1322582038415 33.1457093371669
0.413495 22.1590530296915 31.9813073527233
0.413995 22.1858478555415 30.7558345885131
0.414495 22.2126426813915 29.4591308077849
0.414995 22.2394375072415 28.0927006470911
0.415495 22.2662323330915 26.6489811399653
0.415995 22.2930271589415 25.1332896326557
0.416495 22.3198219847915 23.5406600496967
0.416995 22.3466168106415 21.8720592865564
0.417495 22.3734116364915 20.121537216859
0.417995 22.4002064623415 18.288109452686
0.418495 22.4270012881915 16.3627509700643
0.418995 22.4537961140415 14.3424924706801
0.419495 22.4805909398915 12.2665519383257
0.419995 22.5073857657415 10.306501506162
0.420495 22.5341805915915 8.49292163751706
0.420995 22.5609754174415 6.68273566655866
0.421495 22.5877702432915 4.86292472067761
0.421995 22.6145650691415 3.05665638227696
0.422495 22.6413598949915 1.24592548175773
0.422995 22.6681547208415 -0.53757420176179
0.423495 22.6949495466915 -2.38933729334486
0.423995 22.7217443725415 -4.43723079436847
0.424495 22.7485391983915 -6.65085995573416
0.424995 22.7753340242415 -9.05653537725921
0.425495 22.8021288500915 -11.6234385243952
0.425995 22.8289236759415 -14.3545640664524
0.426495 22.8557185017915 -17.2144988294314
0.426995 22.8825133276415 -20.2193463416772
0.427495 22.9093081534915 -23.34822635351
0.427995 22.9361029793415 -26.5658340987189
0.428495 22.9628978051915 -29.8238377688764
0.428995 22.9896926310415 -33.0460100369025
0.429495 23.0164874568915 -36.0851361379977
0.429995 23.0432822827415 -38.7141728755897
0.430495 23.0700771085915 -38.9601291368212
0.430995 23.0968719344415 -25.2278828193598
0.431495 23.1236667602915 -16.6503547996763
0.431995 23.1504615861415 -14.1016033452052
0.432495 23.1772564119915 -11.048349548792
0.432995 23.2040512378415 -9.37390178003488
0.433495 23.2308460636915 -6.97740754421869
0.433995 23.2576408895415 -3.86029891449466
0.434495 23.2844357153915 -3.9777695757955
0.434995 23.3112305412415 -3.96310689227793
0.435495 23.3380253670915 -4.45343393311958
0.435995 23.3648201929415 -3.96231511097908
0.436495 23.3916150187915 -3.57707900658328
0.436995 23.4184098446415 -4.28420954583309
0.437495 23.4452046704915 -3.76545588323044
0.437995 23.4719994963415 -4.19219590455909
0.438495 23.4987943221915 -4.69470510869127
0.438995 23.5255891480415 -4.25993521931175
0.439495 23.5523839738915 -4.02786788522808
0.439995 23.5791787997415 -3.70506364908601
0.440495 23.6059736255915 -4.09292121873225
0.440995 23.6327684514415 -4.30009551453055
0.441495 23.6595632772915 -3.94304756228881
0.441995 23.6863581031415 -3.27332390054371
0.442495 23.7131529289915 -3.06398611910483
0.442995 23.7399477548415 -2.89521259306516
0.443495 23.7667425806915 -2.95068546193939
0.443995 23.7935374065415 -2.83650804581315
0.444495 23.8203322323915 -2.59661818059119
0.444995 23.8471270582415 -2.18255265586683
0.445495 23.8739218840915 -1.75106820944049
0.445995 23.9007167099415 -1.41166022182164
0.446495 23.9275115357915 -1.29573600870959
0.446995 23.9543063616415 -0.801561715305504
0.447495 23.9811011874915 -0.90669485689426
0.447995 24.0078960133415 -0.53654767012151
0.448495 24.0346908391915 -0.657338177687158
0.448995 24.0614856650415 -0.397662327929082
0.449495 24.0882804908915 -0.12960299404965
0.449995 24.1150753167415 -0.180773702211708
0.450495 24.1418701425915 0.217205712730759
0.450995 24.1686649684415 0.422406605708359
0.451495 24.1954597942915 0.687848905548981
0.451995 24.2222546201415 0.845337742397102
0.452495 24.2490494459915 1.7002916199534
0.452995 24.2758442718415 2.49110714930818
0.453495 24.3026390976915 3.43300232148386
0.453995 24.3294339235415 4.48541896753189
0.454495 24.3562287493915 5.30550411851737
0.454995 24.3830235752415 5.82882248999411
0.455495 24.4098184010915 6.27617677568261
0.455995 24.4366132269415 6.50481020204906
0.456495 24.4634080527915 7.25169255000165
0.456995 24.4902028786415 7.83019176312704
0.457495 24.5169977044915 8.14907658247276
0.457995 24.5437925303415 8.40942311970042
0.458495 24.5705873561915 8.60600253292138
0.458995 24.5973821820415 8.52297161355192
0.459495 24.6241770078915 8.12814004097688
0.459995 24.6509718337415 7.61575719954598
0.460495 24.6777666595915 7.06248024916325
0.460995 24.7045614854415 6.33831646491554
0.461495 24.7313563112915 5.72822835633534
0.461995 24.7581511371415 4.82727423603978
0.462495 24.7849459629915 4.09264224930276
0.462995 24.8117407888415 3.40665534131743
0.463495 24.8385356146915 2.93985050789303
0.463995 24.8653304405415 2.30320924026639
0.464495 24.8921252663915 1.79095061747404
0.464995 24.9189200922415 0.899287158816917
0.465495 24.9457149180915 0.289384369241564
0.465995 24.9725097439415 -0.596261832345368
0.466495 24.9993045697915 -1.68720939279527
0.466995 25.0260993956415 -2.6010714308445
0.467495 25.0528942214915 -3.423703693705
0.467995 25.0796890473415 -4.31109028220093
0.468495 25.1064838731915 -4.89240292263766
0.468995 25.1332786990415 -5.33622867689478
0.469495 25.1600735248915 -6.06474750687729
0.469995 25.1868683507415 -6.83939185339853
0.470495 25.2136631765915 -7.61543939980539
0.470995 25.2404580024415 -7.86719668131385
0.471495 25.2672528282915 -8.1523600956766
0.471995 25.2940476541415 -7.93458306224212
0.472495 25.3208424799915 -7.64609574509668
0.472995 25.3476373058415 -7.30932363889322
0.473495 25.3744321316915 -6.93519751519434
0.473995 25.4012269575415 -6.82306365293428
0.474495 25.4280217833915 -6.19857717494526
0.474995 25.4548166092415 -5.96936400489338
0.475495 25.4816114350915 -5.20100143636163
0.475995 25.5084062609415 -4.63511524830639
0.476495 25.5352010867915 -4.09778038354458
0.476995 25.5619959126415 -3.65141908801937
0.477495 25.5887907384915 -2.83623462181947
0.477995 25.6155855643415 -2.24836360460922
0.478495 25.6423803901915 -1.23115360746477
0.478995 25.6691752160415 -0.435078193292442
0.479495 25.6959700418915 0.389992860345168
0.479995 25.7227648677415 0.98047271539799
0.480495 25.7495596935915 1.78406823003767
0.480995 25.7763545194415 2.33695174317642
0.481495 25.8031493452915 3.16247034164999
0.481995 25.8299441711415 3.72682775717883
0.482495 25.8567389969915 4.44993894530589
0.482995 25.8835338228415 4.80576921649115
0.483495 25.9103286486915 5.38081259073666
0.483995 25.9371234745415 5.63014844887233
0.484495 25.9639183003915 6.06084089953028
0.484995 25.9907131262415 6.19568595212245
0.485495 26.0175079520915 6.29991248942965
0.485995 26.0443027779415 6.27522321122356
0.486495 26.0710976037915 6.36063971090413
0.486995 26.0978924296415 6.22011883281334
0.487495 26.1246872554915 5.94407345027928
0.487995 26.1514820813415 5.62863141928991
0.488495 26.1782769071915 5.40466786388369
0.488995 26.2050717330415 5.08563344474503
0.489495 26.2318665588915 4.79060629436551
0.489995 26.2586613847415 4.37684997561199
0.490495 26.2854562105915 3.96148274703503
0.490995 26.3122510364415 3.48461855513016
0.491495 26.3390458622915 2.86342455527351
0.491995 26.3658406881415 2.15506368072183
0.492495 26.3926355139915 1.4665113654213
0.492995 26.4194303398415 0.637834050326919
0.493495 26.4462251656915 0.150783391965742
0.493995 26.4730199915415 -0.580461898580105
0.494495 26.4998148173915 -1.29424871173254
0.494995 26.5266096432415 -1.97759290216581
0.495495 26.5534044690915 -2.61756284698036
0.495995 26.5801992949415 -3.436904883737
0.496495 26.6069941207915 -4.06629299206137
0.496995 26.6337889466415 -4.78263839776897
0.497495 26.6605837724915 -5.33813018108475
0.497995 26.6873785983415 -6.08234124489698
0.498495 26.7141734241915 -6.55510508520749
0.498995 26.7409682500415 -6.86323219225661
0.499495 26.7677630758915 -7.15332865622616
0.499995 26.7945579017415 -7.04210338097805
