# Fix print output for fix Step
0 0 0.639095992524223
0.000494999999999904 0.0224458195004956 0.841626956334579
0.000994999999999923 0.0451183644504965 1.11947317951071
0.00149499999999994 0.0677909094004974 1.48301690752157
0.00199499999999996 0.0904634543504983 1.65882796783314
0.00249499999999998 0.113135999300499 1.72670074731827
0.00299499999999988 0.135808544250494 2.24626373836823
0.0034949999999999 0.158481089200495 2.35712116212795
0.00399499999999992 0.181153634150496 2.38010141384128
0.00449499999999993 0.203826179100497 3.02500140742719
0.00499499999999995 0.226498724050498 3.05673250841949
0.00549499999999997 0.249171269000499 3.12740135677099
0.00599499999999999 0.2718438139505 3.77102439136641
0.00649499999999989 0.294516358900495 3.66206262425481
0.00699499999999991 0.317188903850496 3.9876015427353
0.00749499999999993 0.339861448800497 4.36691205097173
0.00799499999999994 0.362533993750498 4.35670892490471
0.00849499999999996 0.385206538700498 4.6872700744809
0.00899499999999998 0.407879083650499 5.06594802238894
0.00949499999999988 0.430551628600495 5.09893530002921
0.0099949999999999 0.453224173550495 5.35919701405537
0.0104949999999999 0.475896718500496 5.70386395351758
0.0109949999999999 0.498569263450497 5.79927076979816
0.011495 0.521241808400498 6.02787997636082
0.011995 0.543914353350499 6.45490848819991
0.012495 0.5665868983005 6.47817279937852
0.0129949999999999 0.589259443250495 6.66965039251658
0.0134949999999999 0.611931988200496 7.06699129419742
0.0139949999999999 0.634604533150497 7.18163203692166
0.0144949999999999 0.657277078100498 7.38595177311183
0.014995 0.679949623050499 7.73945909085868
0.015495 0.702622168000499 7.85831406417835
0.0159949999999999 0.725294712950495 7.9909726528341
0.0164949999999999 0.747967257900495 8.37324990533393
0.0169949999999999 0.770639802850496 8.53870827180401
0.0174949999999999 0.793312347800497 8.7093827686131
0.017995 0.815984892750498 9.05195765548238
0.018495 0.838657437700499 9.1223602626649
0.018995 0.8613299826505 9.33979204333167
0.0194949999999999 0.884002527600495 9.75704716707829
0.0199949999999999 0.906675072550496 9.81851730718636
0.0204949999999999 0.929347617500497 9.90540264111354
0.020995 0.952020162450498 10.3557943990242
0.021495 0.974692707400499 10.5144884698448
0.021995 0.9973652523505 10.6383444871729
0.0224949999999999 1.02003779730049 10.9662335549785
0.0229949999999999 1.0427103422505 11.022386389664
0.0234949999999999 1.0653828872005 11.2324212114395
0.0239949999999999 1.0880554321505 11.6449507116411
0.024495 1.1107279771005 11.776981209723
0.024995 1.1334005220505 11.8334906749929
0.0254949999999999 1.15607306700049 12.1619353378464
0.0259949999999999 1.1787456119505 12.2652126727192
0.0264949999999999 1.2014181569005 12.4399091813909
0.0269949999999999 1.2240907018505 12.8504148601952
0.027495 1.2467632468005 12.9596526004314
0.027995 1.2694357917505 13.0828724325312
0.028495 1.2921083367005 13.3992406649884
0.0289949999999999 1.31478088165049 13.5458217943625
0.0294949999999999 1.3374534266005 13.6615264003435
0.0299949999999999 1.3601259715505 14.0208327011633
0.0304949999999999 1.3827985165005 14.14578190737
0.030995 1.4054710614505 14.2479911200518
0.031495 1.4281436064005 14.5030467154201
0.0319949999999999 1.45081615135049 14.7562557714672
0.0324949999999999 1.4734886963005 14.8577161755266
0.0329949999999999 1.4961612412505 15.1617281485845
0.0334949999999999 1.5188337862005 15.4282550132691
0.033995 1.5415063311505 15.4822094093417
0.034495 1.5641788761005 15.7292551952937
0.034995 1.5868514210505 15.9622915861789
0.0354949999999999 1.60952396600049 16.0235605682454
0.0359949999999999 1.6321965109505 16.2757739475433
0.0364949999999999 1.6548690559005 16.4971722284621
0.0369949999999999 1.6775416008505 16.6178304873898
0.037495 1.7002141458005 16.8567032736607
0.037995 1.7228866907505 17.0896061482713
0.0384949999999999 1.74555923570049 17.2609043358156
0.0389949999999999 1.7682317806505 17.4608606004002
0.0394949999999999 1.7909043256005 17.6916848906225
0.0399949999999999 1.8135768705505 17.850704255043
0.040495 1.8362494155005 18.0457494990357
0.040995 1.8589219604505 18.2336583661922
0.0414949999999999 1.88159450540049 18.3950612645003
0.0419949999999999 1.9042670503505 18.5979816803673
0.0424949999999999 1.9269395953005 18.807851688695
0.0429949999999999 1.9496121402505 18.9331402362504
0.043495 1.9722846852005 19.173738196765
0.043995 1.9949572301505 19.3560247879132
0.044495 2.0176297751005 19.5371630891995
0.0449949999999999 2.04030232005049 19.6966986800345
0.0454949999999999 2.0629748650005 19.9175839654283
0.0459949999999999 2.0856474099505 20.0790456319361
0.0464949999999999 2.1083199549005 20.2772386798525
0.046995 2.1309924998505 20.4846384303198
0.047495 2.1536650448005 20.6259500863927
0.047995 2.1763375897505 20.8144813001643
0.0484949999999999 2.1990101347005 21.0477371467427
0.0489949999999999 2.2216826796505 21.1718139805366
0.0494949999999999 2.2443552246005 21.4394183072249
0.049995 2.2670277695505 21.6212659283194
0.050495 2.2897003145005 21.7429670943129
0.050995 2.3123728594505 21.9511836304236
0.0514949999999999 2.33504540440049 22.1746915405606
0.0519949999999999 2.3577179493505 22.2498854983607
0.0524949999999999 2.3803904943005 22.4779008789102
0.0529949999999999 2.4030630392505 22.6448777206762
0.053495 2.4257355842005 22.7787532479531
0.053995 2.4484081291505 22.9825834078664
0.0544949999999999 2.47108067410049 23.1690300909242
0.0549949999999999 2.4937532190505 23.3048252862936
0.0554949999999999 2.5164257640005 23.4859414295755
0.0559949999999999 2.5390983089505 23.6835396469056
0.056495 2.5617708539005 23.852056038968
0.056995 2.5844433988505 24.0348059743578
0.0574949999999999 2.60711594380049 24.2170789762959
0.0579949999999999 2.62978848875049 24.4014591420119
0.0584949999999999 2.6524610337005 24.5507000135204
0.0589949999999999 2.6751335786505 24.7642295293871
0.059495 2.6978061236005 24.9260731186545
0.059995 2.7204786685505 25.0538241718369
0.060495 2.7431512135005 25.2612534573238
0.0609949999999999 2.76582375845049 25.426784697694
0.0614949999999999 2.7884963034005 25.5603880589124
0.0619949999999999 2.8111688483505 25.7439293488913
0.0624949999999999 2.8338413933005 25.9247689136741
0.062995 2.8565139382505 26.10599702394
0.063495 2.8791864832005 26.2612501944613
0.0639949999999999 2.90185902815049 26.4427668559731
0.0644949999999999 2.9245315731005 26.5745075244849
0.0649949999999999 2.9472041180505 26.7490036382459
0.0654949999999999 2.9698766630005 26.9338042493891
0.065995 2.9925492079505 27.0782329341255
0.066495 3.0152217529005 27.2829457175033
0.0669949999999999 3.03789429785049 27.4403335506939
0.0674949999999999 3.06056684280049 27.5868149482271
0.0679949999999999 3.0832393877505 27.7706447379177
0.0684949999999999 3.1059119327005 27.9337039328188
0.0689949999999999 3.1285844776505 28.0889270739014
0.069495 3.1512570226005 28.2521524217464
0.069995 3.1739295675505 28.417999481245
0.0704949999999999 3.19660211250049 28.5549230648502
0.0709949999999999 3.2192746574505 28.6952051569145
0.0714949999999999 3.2419472024005 28.8716670014834
0.0719949999999999 3.2646197473505 28.9885011996819
0.0724949999999999 3.2872922923005 29.1319638811481
0.072995 3.3099648372505 29.3475301299445
0.073495 3.3326373822005 29.4825539287707
0.0739949999999999 3.35530992715049 29.6493331453223
0.0744949999999999 3.3779824721005 29.8463291566806
0.0749949999999999 3.4006550170505 30.0042947710603
0.075495 3.4233275620005 30.1251148869787
0.075995 3.4460001069505 30.3075726712874
0.076495 3.4686726519005 30.4604813431499
0.0769949999999999 3.49134519685049 30.6158854514772
0.0774949999999999 3.5140177418005 30.7840210991739
0.0779949999999999 3.5366902867505 30.9321826663115
0.0784949999999999 3.5593628317005 31.0535357695743
0.078995 3.5820353766505 31.2439704801887
0.079495 3.6047079216005 31.41046654574
0.0799949999999999 3.62738046655049 31.5318454027516
0.0804949999999999 3.65005301150049 31.6757210583467
0.0809949999999999 3.6727255564505 31.8205187148661
0.0814949999999999 3.6953981014005 31.9565543921469
0.0819949999999999 3.7180706463505 32.110658521641
0.082495 3.7407431913005 32.2814697350954
0.082995 3.7634157362505 32.4721585061625
0.0834949999999999 3.78608828120049 32.6067812273872
0.0839949999999999 3.8087608261505 32.7366859787494
0.0844949999999999 3.8314333711005 32.8719862903742
0.0849949999999999 3.8541059160505 32.9986400298577
0.085495 3.8767784610005 33.1175202513846
0.085995 3.8994510059505 33.2940748234761
0.086495 3.9221235509005 33.4415270596626
0.0869949999999999 3.94479609585049 33.5732866136692
0.0874949999999999 3.9674686408005 33.7555558931137
0.0879949999999999 3.9901411857505 33.9219609215606
0.0884949999999999 4.0128137307005 34.0535212494833
0.088995 4.0354862756505 34.203052865027
0.089495 4.0581588206005 34.3242544854749
0.0899949999999999 4.08083136555049 34.4480944279295
0.0904949999999999 4.1035039105005 34.6011946116267
0.0909949999999999 4.1261764554505 34.7684207677184
0.0914949999999999 4.1488490004005 34.8874430643496
0.091995 4.1715215453505 35.0158955352297
0.0924949999999999 4.19419409030049 35.1625555587096
0.0929949999999999 4.21686663525049 35.2985794739159
0.0934949999999999 4.2395391802005 35.4651983972445
0.0939949999999999 4.2622117251505 35.6288947180545
0.0944949999999999 4.2848842701005 35.7592149100568
0.094995 4.3075568150505 35.8267070661641
0.095495 4.3302293600005 35.9464530874399
0.0959949999999999 4.35290190495049 36.1232181087601
0.0964949999999999 4.37557444990049 36.2907679602213
0.0969949999999999 4.3982469948505 36.4587829858414
0.0974949999999999 4.4209195398005 36.5610195501783
0.0979949999999999 4.4435920847505 36.622932528264
0.098495 4.4662646297005 36.7856773866278
0.098995 4.4889371746505 36.9554735139768
0.0994949999999999 4.51160971960049 37.1144401417389
0.0999949999999999 4.5342822645505 37.2213482854177
0.100495 4.5569548095005 37.311743139529
0.100995 4.5796273544505 37.4319225701791
0.101495 4.6022998994005 37.5832375770356
0.101995 4.6249724443505 37.7518795599673
0.102495 4.6476449893005 37.8562254672648
0.102995 4.6703175342505 37.9611952861615
0.103495 4.6929900792005 38.0842342900735
0.103995 4.7156626241505 38.2262022963512
0.104495 4.7383351691005 38.3985098934844
0.104995 4.7610077140505 38.4984516833898
0.105495 4.78368025900049 38.60940631117
0.105995 4.80635280395049 38.7649856001803
0.106495 4.8290253489005 38.8931792022193
0.106995 4.8516978938505 38.9647709499917
0.107495 4.8743704388005 39.0964278690855
0.107995 4.8970429837505 39.2736873318901
0.108495 4.9197155287005 39.3769744424098
0.108995 4.94238807365049 39.4772064104893
0.109495 4.96506061860049 39.6013685636314
0.109995 4.9877331635505 39.7345118241074
0.110495 5.0104057085005 39.8664890753449
0.110995 5.0330782534505 40.0025101474695
0.111495 5.0557507984005 40.0848612089067
0.111995 5.0784233433505 40.1994071900973
0.112495 5.10109588830049 40.3425485607128
0.112995 5.1237684332505 40.4464663170712
0.113495 5.1464409782005 40.5557116119854
0.113995 5.1691135231505 40.7106465085694
0.114495 5.1917860681005 40.8168216143781
0.114995 5.2144586130505 40.9262635580124
0.115495 5.23713115800049 41.0296386744898
0.115995 5.25980370295049 41.156583854268
0.116495 5.2824762479005 41.3024128792545
0.116995 5.3051487928505 41.4007502519392
0.117495 5.3278213378005 41.5073546007823
0.117995 5.3504938827505 41.6182969864366
0.118495 5.37316642770049 41.7460782872689
0.118995 5.39583897265049 41.8470778471717
0.119495 5.4185115176005 41.9651663357012
0.119995 5.4411840625505 42.0949741897783
0.120495 5.4638566075005 42.186728464428
0.120995 5.4865291524505 42.2725659449254
0.121495 5.5092016974005 42.3926535241988
0.121995 5.53187424235049 42.5519276114024
0.122495 5.5545467873005 42.6325902437772
0.122995 5.5772193322505 42.6829744293681
0.123495 5.5998918772005 42.8568240940986
0.123995 5.6225644221505 42.9828334454223
0.124495 5.6452369671005 43.0318848421037
0.124995 5.66790951205049 43.1698404185877
0.125495 5.6905820570005 43.2888315842126
0.125995 5.7132546019505 43.3847516330019
0.126495 5.7359271469005 43.4730412710528
0.126995 5.7585996918505 43.620387023833
0.127495 5.7812722368005 43.7241170903684
0.127995 5.8039447817505 43.7779191171011
0.128495 5.82661732670049 43.9535150858724
0.128995 5.8492898716505 44.0154634304017
0.129495 5.8719624166005 44.0656331586845
0.129995 5.8946349615505 44.2193903041807
0.130495 5.9173075065005 44.3386556577024
0.130995 5.9399800514505 44.3743635085357
0.131495 5.96265259640049 44.5546973292821
0.131995 5.98532514135049 44.6395726339608
0.132495 6.00799768630049 44.6723187533763
0.132995 6.03067023125049 44.8859372103065
0.133495 6.05334277620049 44.9132384377336
0.133995 6.07601532115049 45.0055476577152
0.134495 6.09868786610049 45.1656080507963
0.134995 6.12136041105049 45.185371664313
0.135495 6.1440329560005 45.3224288815387
0.135995 6.1667055009505 45.4189677299298
0.136495 6.1893780459005 45.480845220429
0.136995 6.2120505908505 45.6503279866135
0.137495 6.2347231358005 45.710062285476
0.137995 6.2573956807505 45.7959310879274
0.138495 6.2800682257005 45.8949132754685
0.138995 6.30274077065049 45.9700600109722
0.139495 6.32541331560049 46.0915409697069
0.139995 6.34808586055049 46.1971238325399
0.140495 6.37075840550049 46.2398351894245
0.140995 6.39343095045049 46.3879032152057
0.141495 6.41610349540049 46.4288545307955
0.141995 6.4387760403505 46.5404727087105
0.142495 6.4614485853005 46.6655078130363
0.142995 6.4841211302505 46.7112516686375
0.143495 6.5067936752005 46.8533879469172
0.143995 6.5294662201505 46.8837541188855
0.144495 6.55213876510049 46.99953155697
0.144995 6.57481131005049 47.1132596912258
0.145495 6.59748385500049 47.1804153956897
0.145995 6.62015639995049 47.3071284368919
0.146495 6.64282894490049 47.3489696426657
0.146995 6.66550148985049 47.443410649146
0.147495 6.68817403480049 47.5274577477849
0.147995 6.71084657975049 47.632328017757
0.148495 6.7335191247005 47.7062766587183
0.148995 6.7561916696505 47.7930080192932
0.149495 6.7788642146005 47.8697809508374
0.149995 6.8015367595505 47.9477085026318
0.150495 6.8242093045005 48.0374644859193
0.150995 6.8468818494505 48.120425212025
0.151495 6.86955439440049 48.2325855506794
0.151995 6.89222693935049 48.2838291911105
0.152495 6.91489948430049 48.3755037392932
0.152995 6.93757202925049 48.4339104815308
0.153495 6.96024457420049 48.5467084323149
0.153995 6.98291711915049 48.6658085403778
0.154495 7.0055896641005 48.7080817143237
0.154995 7.0282622090505 48.8108565492919
0.155495 7.0509347540005 48.8510708851074
0.155995 7.0736072989505 48.9286493675858
0.156495 7.0962798439005 49.0236133446144
0.156995 7.11895238885049 49.0701303531762
0.157495 7.14162493380049 49.1904372864698
0.157995 7.16429747875049 49.2582761799102
0.158495 7.18697002370049 49.3464708510601
0.158995 7.20964256865049 49.4226975419385
0.159495 7.23231511360049 49.4817914774602
0.159995 7.25498765855049 49.5964715820701
0.160495 7.27766020350049 49.6484475756161
0.160995 7.3003327484505 49.7347752229949
0.161495 7.3230052934005 49.7864729460474
0.161995 7.3456778383505 49.8737458391618
0.162495 7.3683503833005 49.9190096104182
0.162995 7.3910229282505 50.0402851555698
0.163495 7.4136954732005 50.046904093728
0.163995 7.4363680181505 50.1804954422895
0.164495 7.45904056310049 50.2311919780199
0.164995 7.48171310805049 50.3227641804117
0.165495 7.50438565300049 50.3634677032326
0.165995 7.52705819795049 50.4470359559989
0.166495 7.54973074290049 50.5085670255247
0.166995 7.57240328785049 50.6277141512104
0.167495 7.59507583280049 50.6609895767937
0.167995 7.6177483777505 50.7537344821614
0.168495 7.6404209227005 50.7730191685843
0.168995 7.6630934676505 50.8817331324177
0.169495 7.6857660126005 50.9369846581082
0.169995 7.70843855755049 51.0622086804187
0.170495 7.73111110250049 51.0994420877669
0.170995 7.75378364745049 51.1429943379683
0.171495 7.77645619240049 51.212927866888
0.171995 7.79912873735049 51.2540028197657
0.172495 7.82180128230049 51.3695309201613
0.172995 7.84447382725049 51.3967887724589
0.173495 7.86714637220049 51.5031279817386
0.173995 7.8898189171505 51.5630726126491
0.174495 7.9124914621005 51.6095290731814
0.174995 7.9351640070505 51.6479952484872
0.175495 7.9578365520005 51.743106599918
0.175995 7.9805090969505 51.8081272894578
0.176495 8.0031816419005 51.8674438587433
0.176995 8.0258541868505 51.9548568675271
0.177495 8.04852673180049 51.9975219643933
0.177995 8.07119927675049 52.0668058040905
0.178495 8.09387182170049 52.0987134157752
0.178995 8.11654436665049 52.1870293787852
0.179495 8.13921691160049 52.2331138570883
0.179995 8.16188945655049 52.3276891483267
0.180495 8.1845620015005 52.387679147398
0.180995 8.2072345464505 52.4570278236449
0.181495 8.2299070914005 52.4946718059843
0.181995 8.2525796363505 52.5647592537392
0.182495 8.27525218130049 52.6446447109332
0.182995 8.29792472625049 52.6462989653246
0.183495 8.32059727120049 52.7511302548646
0.183995 8.34326981615049 52.7869947351377
0.184495 8.36594236110049 52.8510186866363
0.184995 8.38861490605049 52.8961318111363
0.185495 8.41128745100049 52.9418248531777
0.185995 8.43395999595049 53.0396889335357
0.186495 8.45663254090049 53.0958927970147
0.186995 8.47930508585049 53.1319813267782
0.187495 8.5019776308005 53.2081077936614
0.187995 8.5246501757505 53.2455505800933
0.188495 8.5473227207005 53.332917622607
0.188995 8.5699952656505 53.3978188413308
0.189495 8.5926678106005 53.4229302364071
0.189995 8.61534035555049 53.4758959167879
0.190495 8.63801290050049 53.5039136048804
0.190995 8.66068544545049 53.568129969285
0.191495 8.68335799040049 53.6465925010965
0.191995 8.70603053535049 53.6691952346978
0.192495 8.72870308030049 53.7802351622583
0.192995 8.75137562525049 53.7930787397489
0.193495 8.7740481702005 53.8552844906024
0.193995 8.7967207151505 53.9128119475579
0.194495 8.8193932601005 53.9610177953161
0.194995 8.8420658050505 54.0478142324033
0.195495 8.8647383500005 54.0838337891665
0.195995 8.88741089495049 54.0803048736667
0.196495 8.91008343990049 54.1436225913238
0.196995 8.93275598485049 54.2228233780475
0.197495 8.95542852980049 54.2632484427466
0.197995 8.97810107475049 54.3398628509232
0.198495 9.00077361970049 54.376629846319
0.198995 9.02344616465049 54.4185011766895
0.199495 9.0461187096005 54.4928667733058
0.199995 9.0687912545505 54.5121509958086
0.200495 9.0914637995005 54.5828331948405
0.200995 9.1141363444505 54.6390697796713
0.201495 9.1368088894005 54.6836346096528
0.201995 9.1594814343505 54.7166589616193
0.202495 9.1821539793005 54.8165501071171
0.202995 9.20482652425049 54.8470835021674
0.203495 9.22749906920049 54.8854511898313
0.203995 9.25017161415049 54.9663325938427
0.204495 9.27284415910049 54.9842319781637
0.204995 9.29551670405049 55.0302816843598
0.205495 9.31818924900049 55.1321792173026
0.205995 9.34086179395049 55.1393517702338
0.206495 9.3635343389005 55.1677565713864
0.206995 9.3862068838505 55.26824117095
0.207495 9.4088794288005 55.2971359627792
0.207995 9.4315519737505 55.3377509422457
0.208495 9.4542245187005 55.3854182684496
0.208995 9.47689706365049 55.416426641946
0.209495 9.49956960860049 55.4673673683425
0.209995 9.52224215355049 55.5455013309187
0.210495 9.54491469850049 55.6023162319513
0.210995 9.56758724345049 55.5964702106956
0.211495 9.59025978840049 55.6739731821076
0.211995 9.61293233335049 55.7966826003074
0.212495 9.63560487830049 55.7579362839625
0.212995 9.6582774232505 55.7976165575762
0.213495 9.6809499682005 55.9053553165555
0.213995 9.7036225131505 55.9416555983737
0.214495 9.7262950581005 55.9241959818121
0.214995 9.7489676030505 56.0508228273923
0.215495 9.77164014800049 56.0992587964876
0.215995 9.79431269295049 56.0706461495011
0.216495 9.81698523790049 56.1597621797913
0.216995 9.83965778285049 56.2228284931465
0.217495 9.86233032780049 56.2794641276526
0.217995 9.88500287275049 56.3135635380213
0.218495 9.90767541770049 56.3959827001581
0.218995 9.9303479626505 56.3668319340587
0.219495 9.9530205076005 56.4809659510012
0.219995 9.9756930525505 56.4780108006598
0.220495 9.9983655975005 56.5971682256408
0.220995 10.0210381424505 56.5944585944564
0.221495 10.0437106874005 56.6496998878
0.221995 10.0663832323505 56.6191228298696
0.222495 10.0890557773005 56.6773581374075
0.222995 10.1117283222505 56.7916883686225
0.223495 10.1344008672005 56.8664157732667
0.223995 10.1570734121505 56.8880416055383
0.224495 10.1797459571005 56.8751140187172
0.224995 10.2024185020505 56.9508160168768
0.225495 10.2250910470005 57.0311891456589
0.225995 10.2477635919505 57.140716309623
0.226495 10.2704361369005 57.1386480747732
0.226995 10.2931086818505 57.1359935465806
0.227495 10.3157812268005 57.1829333926711
0.227995 10.3384537717505 57.2812485640853
0.228495 10.3611263167005 57.265043143511
0.228995 10.3837988616505 57.2962873288183
0.229495 10.4064714066005 57.3365676943873
0.229995 10.4291439515505 57.4310430339712
0.230495 10.4518164965005 57.5509908790516
0.230995 10.4744890414505 57.5245644093661
0.231495 10.4971615864005 57.5434951007479
0.231995 10.5198341313505 57.602173593092
0.232495 10.5425066763005 57.6128008960336
0.232995 10.5651792212505 57.7505157190467
0.233495 10.5878517662005 57.7610434324298
0.233995 10.6105243111505 57.79204944045
0.234495 10.6331968561005 57.9191610910798
0.234995 10.6558694010505 57.9128668642282
0.235495 10.6785419460005 57.9507230199171
0.235995 10.7012144909505 58.0136395949862
0.236495 10.7238870359005 57.9901444385603
0.236995 10.7465595808505 58.1833815055679
0.237495 10.7692321258005 58.2005283325978
0.237995 10.7919046707505 58.2124024925561
0.238495 10.8145772157005 58.2996188403998
0.238995 10.8372497606505 58.2910914070057
0.239495 10.8599223056005 58.2860094066397
0.239995 10.8825948505505 58.351037970797
0.240495 10.9052673955005 58.3737280729816
0.240995 10.9279399404505 58.5273948256733
0.241495 10.9506124854005 58.5262256875596
0.241995 10.9732850303505 58.5641388091439
0.242495 10.9959575753005 58.5874103285978
0.242995 11.0186301202505 58.7568021161836
0.243495 11.0413026652005 58.8293611157337
0.243995 11.0639752101505 58.7913142576937
0.244495 11.0866477551005 58.8038349195768
0.244995 11.1093203000505 58.9062548005383
0.245495 11.1319928450005 58.9647001654476
0.245995 11.1546653899505 58.9478880152036
0.246495 11.1773379349005 58.9565574120551
0.246995 11.2000104798505 59.0467454799915
0.247495 11.2226830248005 59.1438347001611
0.247995 11.2453555697505 59.1997006199802
0.248495 11.2680281147005 59.1610516369143
0.248995 11.2907006596505 59.3356091618002
0.249495 11.3133732046005 59.2845602064671
0.249995 11.3360457495505 59.3516394455322
0.250495 11.3587182945005 59.4156923644282
0.250995 11.3813908394505 59.5085842652951
0.251495 11.4040633844005 59.3981034618471
0.251995 11.4267359293505 59.638631817778
0.252495 11.4494084743005 59.681783010561
0.252995 11.4720810192505 59.7177921585024
0.253495 11.4947535642005 59.7568086219814
0.253995 11.5174261091505 59.8000097615716
0.254495 11.5400986541005 59.6968226206406
0.254995 11.5627711990505 59.8516796739401
0.255495 11.5854437440005 59.8609075218959
0.255995 11.6081162889505 59.9354959824296
0.256495 11.6307888339005 59.9322163633137
0.256995 11.6534613788505 60.101772411461
0.257495 11.6761339238005 60.0816108796935
0.257995 11.6988064687505 60.2189517013101
0.258495 11.7214790137005 60.1904131635621
0.258995 11.7441515586505 60.244576999749
0.259495 11.7668241036005 60.391670263926
0.259995 11.7894966485505 60.3611321526977
0.260495 11.8121691935005 60.4162788584306
0.260995 11.8348417384505 60.4678606517468
0.261495 11.8575142834005 60.5509217711624
0.261995 11.8801868283505 60.5364550700186
0.262495 11.9028593733005 60.6146668257469
0.262995 11.9255319182505 60.7534233941433
0.263495 11.9482044632005 60.7954435970295
0.263995 11.9708770081505 60.7660557868721
0.264495 11.9935495531005 60.9079124709723
0.264995 12.0162220980505 60.7798867591684
0.265495 12.0388946430005 60.9595361969046
0.265995 12.0615671879505 61.1146088023088
0.266495 12.0842397329005 61.1230629991525
0.266995 12.1069122778505 61.2337452374958
0.267495 12.1295848228005 61.2106641378261
0.267995 12.1522573677505 61.3589748962243
0.268495 12.1749299127005 61.4456147791589
0.268995 12.1976024576505 61.4623508252162
0.269495 12.2202750026005 61.4403729129518
0.269995 12.2429475475505 61.5190076942848
0.270495 12.2656200925005 61.582442348764
0.270995 12.2882926374505 61.6545479442333
0.271495 12.3109651824005 61.6592757216792
0.271995 12.3336377273505 61.6823072141401
0.272495 12.3563102723005 61.8924611701299
0.272995 12.3789828172505 61.955427046752
0.273495 12.4016553622005 61.9300710525894
0.273995 12.4243279071505 61.8959771591362
0.274495 12.4470004521005 62.064585527824
0.274995 12.4696729970505 62.0762503749717
0.275495 12.4923455420005 62.2014865616766
0.275995 12.5150180869505 62.2845217147652
0.276495 12.5376906319005 62.4425318596559
0.276995 12.5603631768505 62.5359072711604
0.277495 12.5830357218005 62.4441987913662
0.277995 12.6057082667505 62.438833031452
0.278495 12.6283808117005 62.6189199942945
0.278995 12.6510533566505 62.7509932942905
0.279495 12.6737259016005 62.8854072896817
0.279995 12.6963984465505 62.7991194551038
0.280495 12.7190709915005 62.8518766855317
0.280995 12.7417435364505 62.9168188591802
0.281495 12.7644160814005 62.9104644562004
0.281995 12.7870886263505 63.1069564527013
0.282495 12.8097611713005 63.2852641841671
0.282995 12.8324337162505 63.2750388363977
0.283495 12.8551062612005 63.3667062943544
0.283995 12.8777788061505 63.1445715274107
0.284495 12.9004513511005 63.550599643357
0.284995 12.9231238960505 63.5135292989699
0.285495 12.9457964410005 63.6178992980193
0.285995 12.9684689859505 63.7814369430372
0.286495 12.9911415309005 63.8056087914683
0.286995 13.0138140758505 64.0238026900012
0.287495 13.0364866208005 63.9233925663771
0.287995 13.0591591657505 64.1993352811018
0.288495 13.0818317107005 63.991174548376
0.288995 13.1045042556505 64.2169463753755
0.289495 13.1271768006005 64.4245294012803
0.289995 13.1498493455505 64.6950297941105
0.290495 13.1725218905005 64.4615640742107
0.290995 13.1951944354505 64.5540608293579
0.291495 13.2178669804005 64.6110777125509
0.291995 13.2405395253505 64.7931715981834
0.292495 13.2632120703005 65.0323967314229
0.292995 13.2858846152505 65.0303921920964
0.293495 13.3085571602005 64.8740051363762
0.293995 13.3312297051505 64.8877360291579
0.294495 13.3539022501005 65.4180193206091
0.294995 13.3765747950505 65.4759477804822
0.295495 13.3992473400005 65.4977962596823
0.295995 13.4219198849505 65.534349187727
0.296495 13.4445924299005 65.708627022481
0.296995 13.4672649748505 65.6719174836242
0.297495 13.4899375198005 65.9863095031397
0.297995 13.5126100647505 65.8781642680103
0.298495 13.5352826097005 65.955950449624
0.298995 13.5579551546505 66.3195495801927
0.299495 13.5806276996005 66.4064075838179
0.299995 13.6033002445505 66.4523550810271
0.300495 13.6259727895005 66.6741422876688
0.300995 13.6486453344505 66.8660391943211
0.301495 13.6713178794005 66.9290808474055
0.301995 13.6939904243505 66.7719961690647
0.302495 13.7166629693005 67.1178671797256
0.302995 13.7393355142505 67.4139323499882
0.303495 13.7620080592005 67.47726018945
0.303995 13.7846806041505 67.6586572117543
0.304495 13.8073531491005 67.5205887943838
0.304995 13.8300256940505 67.602280245454
0.305495 13.8526982390005 68.0595317894739
0.305995 13.8753707839505 68.0621100556097
0.306495 13.8980433289005 67.9572733799146
0.306995 13.9207158738505 68.4624478801992
0.307495 13.9433884188005 68.5738205382215
0.307995 13.9660609637505 68.4512164897888
0.308495 13.9887335087005 68.736997335171
0.308995 14.0114060536505 68.9913350957137
0.309495 14.0340785986005 69.2383939834284
0.309995 14.0567511435505 69.294161568676
0.310495 14.0794236885005 69.7397975103814
0.310995 14.1020962334505 69.6392562132391
0.311495 14.1247687784005 69.6470642587433
0.311995 14.1474413233505 70.0456498693197
0.312495 14.1701138683005 70.1014651340085
0.312995 14.1927864132505 70.0598278091978
0.313495 14.2154589582005 70.3713642942059
0.313995 14.2381315031505 70.6157736264422
0.314495 14.2608040481005 70.8968111267794
0.314995 14.2834765930505 70.9468855970631
0.315495 14.3061491380005 71.1061185959231
0.315995 14.3288216829505 71.5244483645081
0.316495 14.3514942279005 71.3355127069131
0.316995 14.3741667728505 71.8378778395488
0.317495 14.3968393178005 71.9090047491639
0.317995 14.4195118627505 72.0007765061207
0.318495 14.4421844077005 72.4094407577409
0.318995 14.4648569526505 72.5187232576536
0.319495 14.4875294976005 72.6690161919211
0.319995 14.5102020425505 72.8936094762054
0.320495 14.5328745875005 73.0513986136446
0.320995 14.5555471324505 73.3745079290288
0.321495 14.5782196774005 73.3303518841677
0.321995 14.6008922223505 73.5595447184345
0.322495 14.6235647673005 74.3188709250225
0.322995 14.6462373122505 74.0032810806843
0.323495 14.6689098572005 74.3764209059824
0.323995 14.6915824021505 74.6723387959932
0.324495 14.7142549471005 74.5995849478529
0.324995 14.7369274920505 75.0343998408603
0.325495 14.7596000370005 75.3677529310234
0.325995 14.7822725819505 75.6053203395404
0.326495 14.8049451269005 75.8805282912103
0.326995 14.8276176718505 75.9575323223517
0.327495 14.8502902168005 76.0895236542202
0.327995 14.8729627617505 76.3803037022367
0.328495 14.8956353067005 76.5145463212964
0.328995 14.9183078516505 76.8687365757643
0.329495 14.9409803966005 77.3012949775137
0.329995 14.9636529415505 77.5135050651468
0.330495 14.9863254865005 77.6086245403544
0.330995 15.0089980314505 77.899997639398
0.331495 15.0316705764005 78.3610852012188
0.331995 15.0543431213505 78.3778837979115
0.332495 15.0770156663005 78.5633102178293
0.332995 15.0996882112505 79.0558707434692
0.333495 15.1223607562005 78.9420755808822
0.333995 15.1450333011505 79.1794256440484
0.334495 15.1677058461005 79.9651278970428
0.334995 15.1903783910505 79.8065071614675
0.335495 15.2130509360005 80.2339093251397
0.335995 15.2357234809505 80.5347870736577
0.336495 15.2583960259005 80.6372232990631
0.336995 15.2810685708505 80.9161100418735
0.337495 15.3037411158005 81.3073487200123
0.337995 15.3264136607505 81.5392124069021
0.338495 15.3490862057005 81.8622216793086
0.338995 15.3717587506505 82.0296576330298
0.339495 15.3944312956005 82.4716888317653
0.339995 15.4171038405505 82.5531563099543
0.340495 15.4397763855005 82.9039827610675
0.340995 15.4624489304505 83.2326682099282
0.341495 15.4851214754005 83.5780820687337
0.341995 15.5077940203505 83.9457278183181
0.342495 15.5304665653005 83.9101647300768
0.342995 15.5531391102505 84.4063774411526
0.343495 15.5758116552005 84.5245817995818
0.343995 15.5984842001505 85.0517757439952
0.344495 15.6211567451005 85.3140538851838
0.344995 15.6438292900505 85.4498601375314
0.345495 15.6665018350005 85.8185678333626
0.345995 15.6891743799505 86.0578939351791
0.346495 15.7118469249005 86.4261402982153
0.346995 15.7345194698505 86.5951486705359
0.347495 15.7571920148005 87.0750734021256
0.347995 15.7798645597505 87.319483195399
0.348495 15.8025371047005 87.5332247779533
0.348995 15.8252096496505 87.9586899299622
0.349495 15.8478821946005 88.2549976411533
0.349995 15.8705547395505 88.4879808707926
0.350495 15.8932272845005 88.9086586882286
0.350995 15.9158998294505 89.1450292080558
0.351495 15.9385723744005 89.4565849483459
0.351995 15.9612449193505 89.9170738255365
0.352495 15.9839174643005 89.8439949323983
0.352995 16.0065900092505 90.3725550705928
0.353495 16.0292625542005 90.7131349921178
0.353995 16.0519350991505 90.9702215244931
0.354495 16.0746076441005 91.5354090322843
0.354995 16.0972801890505 91.6587247358936
0.355495 16.1199527340005 92.0155084277115
0.355995 16.1426252789505 92.2476452321612
0.356495 16.1652978239005 92.9032639085381
0.356995 16.1879703688505 92.8001712660991
0.357495 16.2106429138005 93.3203894630828
0.357995 16.2333154587505 93.6756835059074
0.358495 16.2559880037005 94.077902386756
0.358995 16.2786605486505 94.2945305836601
0.359495 16.3013330936005 94.8042572335662
0.359995 16.3240056385505 95.141839646636
0.360495 16.3466781835005 95.4198178774832
0.360995 16.3693507284505 95.5582696280389
0.361495 16.3920232734005 95.9116255899439
0.361995 16.4146958183505 96.4732660150042
0.362495 16.4373683633005 96.961630828715
0.362995 16.4600409082505 97.0826318014216
0.363495 16.4827134532005 97.7155855683551
0.363995 16.5053859981505 97.8885397512531
0.364495 16.5280585431005 98.1502895263233
0.364995 16.5507310880505 98.70867007245
0.365495 16.5734036330005 98.7893227426531
0.365995 16.5960761779505 99.1250578922824
0.366495 16.6187487229005 99.6396357562429
0.366995 16.6414212678505 100.243246451422
0.367495 16.6640938128005 100.472298019179
0.367995 16.6867663577505 100.349054082741
0.368495 16.7094389027005 101.093736368722
0.368995 16.7321114476505 101.673618796094
0.369495 16.7547839926005 102.070340258914
0.369995 16.7774565375505 101.991663963675
0.370495 16.8001290825005 102.492912043493
0.370995 16.8228016274505 103.233034141279
0.371495 16.8454741724005 103.670661696898
0.371995 16.8681467173505 103.911112759782
0.372495 16.8908192623005 104.355804616153
0.372995 16.9134918072505 104.829543499763
0.373495 16.9361643522005 105.081599025147
0.373995 16.9588368971505 105.337203701509
0.374495 16.9815094421005 105.799071198731
0.374995 17.0041819870505 106.383818318355
0.375495 17.0268545320005 106.921473605548
0.375995 17.0495270769505 107.169125531685
0.376495 17.0721996219005 107.792573746651
0.376995 17.0948721668505 108.093645059683
0.377495 17.1175447118005 108.463736058098
0.377995 17.1402172567505 108.856499466405
0.378495 17.1628898017005 109.270024584293
0.378995 17.1855623466505 109.728985972848
0.379495 17.2082348916005 110.329854004764
0.379995 17.2309074365505 110.843803785861
0.380495 17.2535799815005 111.395900872857
0.380995 17.2762525264505 111.791385212592
0.381495 17.2989250714005 112.059920399058
0.381995 17.3215976163505 112.407741628386
0.382495 17.3442701613005 112.9090135828
0.382995 17.3669427062505 113.387576195386
0.383495 17.3896152512005 113.969115399903
0.383995 17.4122877961505 114.435949458377
0.384495 17.4349603411005 114.843420785525
0.384995 17.4576328860505 115.42965592221
0.385495 17.4803054310005 115.668567429338
0.385995 17.5029779759505 116.433766720331
0.386495 17.5256505209005 116.792216105983
0.386995 17.5483230658505 117.155755473935
0.387495 17.5709956108005 117.707219734826
0.387995 17.5936681557505 118.247367529761
0.388495 17.6163407007005 118.423776099596
0.388995 17.6390132456505 117.010116877029
0.389495 17.6616857906005 111.72400345575
0.389995 17.6843583355505 102.974880658625
0.390495 17.7070308805005 92.1398588981148
0.390995 17.7297034254505 84.0372993608113
0.391495 17.7523759704005 76.9797304556992
0.391995 17.7750485153505 69.9690752253348
0.392495 17.7977210603005 63.4254260101223
0.392995 17.8203936052505 59.0077556950769
0.393495 17.8430661502005 55.1930035932071
0.393995 17.8657386951505 51.6153650518937
0.394495 17.8884112401005 48.2759680868077
0.394995 17.9110837850505 44.7952838523956
0.395495 17.9337563300005 41.822249816807
0.395995 17.9564288749505 39.2511923409575
0.396495 17.9791014199005 37.1853730564937
0.396995 18.0017739648505 35.6151505384546
0.397495 18.0244465098005 34.4590822568448
0.397995 18.0471190547505 33.6184823640277
0.398495 18.0697915997005 32.704663837955
0.398995 18.0924641446505 31.2286055872971
0.399495 18.1151366896005 29.8580650474642
0.399995 18.1378092345505 28.7025911780542
0.400495 18.1604817795005 27.7241622898273
0.400995 18.1831543244505 26.8885771033619
0.401495 18.2058268694005 26.0572216832991
0.401995 18.2284994143505 25.1918592881836
0.402495 18.2511719593005 24.3693107184252
0.402995 18.2738445042505 23.6060095020508
0.403495 18.2965170492005 22.8305085230311
0.403995 18.3191895941505 22.0771157288494
0.404495 18.3418621391005 21.3952471416798
0.404995 18.3645346840505 20.6822673644882
0.405495 18.3872072290005 19.9330282738596
0.405995 18.4098797739505 19.0293511370222
0.406495 18.4325523189005 18.0365829966333
0.406995 18.4552248638505 16.9610857168884
0.407495 18.4778974088005 15.807749531791
0.407995 18.5005699537505 14.5763808684447
0.408495 18.5232424987005 13.2481435903782
0.408995 18.5459150436505 11.8302010937726
0.409495 18.5685875886005 10.3187148754536
0.409995 18.5912601335505 8.71519317067276
0.410495 18.6139326785005 7.02461847093032
0.410995 18.6366052234505 5.35079044894729
0.411495 18.6592777684005 3.73880848538459
0.411995 18.6819503133505 2.20913939741281
0.412495 18.7046228583005 0.784074755036312
0.412995 18.7272954032505 -0.660880227368324
0.413495 18.7499679482005 -2.18948864554104
0.413995 18.7726404931505 -3.89308932301261
0.414495 18.7953130381005 -5.75521346369898
0.414995 18.8179855830505 -7.72971462360719
0.415495 18.8406581280005 -9.77324139194579
0.415995 18.8633306729505 -11.7822802673642
0.416495 18.8860032179005 -13.6344584270743
0.416995 18.9086757628505 -14.917368927295
0.417495 18.9313483078005 -13.0935811643025
0.417995 18.9540208527505 -9.71441327639783
0.418495 18.9766933977005 -6.7229008541103
0.418995 18.9993659426505 -4.86143151607155
0.419495 19.0220384876005 -3.52422152285803
0.419995 19.0447110325505 -2.06932443039273
0.420495 19.0673835775005 -1.05197801098577
0.420995 19.0900561224505 -0.954809088633418
0.421495 19.1127286674005 -0.792982548911608
0.421995 19.1354012123505 -1.53029446573391
0.422495 19.1580737573005 -1.45843070290718
0.422995 19.1807463022505 -1.43253562263833
0.423495 19.2034188472005 -1.37050041361779
0.423995 19.2260913921505 -1.27986914189165
0.424495 19.2487639371005 -1.01884563936346
0.424995 19.2714364820505 -0.802816693601908
0.425495 19.2941090270005 -0.762998736000083
0.425995 19.3167815719505 -0.518596754259828
0.426495 19.3394541169005 -0.456396733132625
0.426995 19.3621266618505 -0.137112869740982
0.427495 19.3847992068005 0.00158566198590352
0.427995 19.4074717517505 -0.000767399001795184
0.428495 19.4301442967005 0.10995801197072
0.428995 19.4528168416505 0.0321163846139885
0.429495 19.4754893866005 0.317912026919751
0.429995 19.4981619315505 0.733525654143606
0.430495 19.5208344765005 0.832035707143348
0.430995 19.5435070214505 1.02558650258799
0.431495 19.5661795664005 1.26521313031733
0.431995 19.5888521113505 1.35056521217192
0.432495 19.6115246563005 1.60930498492607
0.432995 19.6341972012505 1.79706404144685
0.433495 19.6568697462005 1.74397086753273
0.433995 19.6795422911505 1.65602174039685
0.434495 19.7022148361005 1.37113584976014
0.434995 19.7248873810505 1.14611077399265
0.435495 19.7475599260005 0.772928972648841
0.435995 19.7702324709505 0.547368542396362
0.436495 19.7929050159005 0.468080275221859
0.436995 19.8155775608505 0.309573478670411
0.437495 19.8382501058005 0.132120503214621
0.437995 19.8609226507505 -0.329169896459817
0.438495 19.8835951957005 -0.592740374761781
0.438995 19.9062677406505 -0.731869009072559
0.439495 19.9289402856005 -0.997254025725107
0.439995 19.9516128305505 -1.30572720682712
0.440495 19.9742853755005 -1.32240150930172
0.440995 19.9969579204505 -1.32373347995164
0.441495 20.0196304654005 -1.46487320121263
0.441995 20.0423030103505 -1.35032114339957
0.442495 20.0649755553005 -1.30170731934388
0.442995 20.0876481002505 -1.14226082113818
0.443495 20.1103206452005 -0.999981561833756
0.443995 20.1329931901505 -1.0390003714858
0.444495 20.1556657351005 -0.83778948853236
0.444995 20.1783382800505 -0.71380778130118
0.445495 20.2010108250005 -0.395507242960683
0.445995 20.2236833699505 -0.0544238605581587
0.446495 20.2463559149005 0.105747433998819
0.446995 20.2690284598505 0.292546791924437
0.447495 20.2917010048005 0.279347746676284
0.447995 20.3143735497505 0.39406408385793
0.448495 20.3370460947005 0.51988296839817
0.448995 20.3597186396505 0.551612324260654
0.449495 20.3823911846005 0.562470828753851
0.449995 20.4050637295505 0.774948658646713
0.450495 20.4277362745005 0.81287034580968
0.450995 20.4504088194505 0.637524824474733
0.451495 20.4730813644005 0.663191049874386
0.451995 20.4957539093505 0.467634044076521
0.452495 20.5184264543005 0.429307872988783
0.452995 20.5410989992505 0.501282267004377
0.453495 20.5637715442005 0.406268920012622
0.453995 20.5864440891505 0.251998357361371
0.454495 20.6091166341005 0.156540123730333
0.454995 20.6317891790505 0.00744607071374912
0.455495 20.6544617240005 -0.283849483062467
0.455995 20.6771342689505 -0.159257360971087
0.456495 20.6998068139005 -0.324368143930507
0.456995 20.7224793588505 -0.527712122600908
0.457495 20.7451519038005 -0.414579330330657
0.457995 20.7678244487505 -0.50630866021514
0.458495 20.7904969937005 -0.566065913960108
0.458995 20.8131695386505 -0.385820521757837
0.459495 20.8358420836005 -0.485061776792109
0.459995 20.8585146285505 -0.389056643800259
0.460495 20.8811871735005 -0.52721841420622
0.460995 20.9038597184505 -0.471404301426928
0.461495 20.9265322634005 -0.559058428258887
0.461995 20.9492048083505 -0.516893592555567
0.462495 20.9718773533005 -0.416224835743223
0.462995 20.9945498982505 -0.425060612150231
0.463495 21.0172224432005 -0.615953365041298
0.463995 21.0398949881505 -0.558507597931676
0.464495 21.0625675331005 -0.403975063581501
0.464995 21.0852400780505 -0.384313825178712
0.465495 21.1079126230005 -0.308269871608453
0.465995 21.1305851679505 -0.303307332800617
0.466495 21.1532577129005 -0.213223547648713
0.466995 21.1759302578505 -0.102245022611998
0.467495 21.1986028028005 -0.0142707429328958
0.467995 21.2212753477505 -0.0940786403166294
0.468495 21.2439478927005 0.0821542374773901
0.468995 21.2666204376505 0.23968104271028
0.469495 21.2892929826005 0.139126956206938
0.469995 21.3119655275505 0.310287967483344
0.470495 21.3346380725005 0.332971469364303
0.470995 21.3573106174505 0.318396680467422
0.471495 21.3799831624005 0.460026456941092
0.471995 21.4026557073505 0.278431443864801
0.472495 21.4253282523005 0.213898110008751
0.472995 21.4480007972505 0.218546836361874
0.473495 21.4706733422005 0.203574262823408
0.473995 21.4933458871505 0.0122441528263993
0.474495 21.5160184321005 0.0611403789840646
0.474995 21.5386909770505 -0.12356934722193
0.475495 21.5613635220005 0.0286508520539378
0.475995 21.5840360669505 0.0341699906548112
0.476495 21.6067086119005 0.0456870679856641
0.476995 21.6293811568505 0.00178417009767654
0.477495 21.6520537018005 0.0880975543532529
0.477995 21.6747262467505 0.213564368901239
0.478495 21.6973987917005 0.253000512831982
0.478995 21.7200713366505 0.27972052385778
0.479495 21.7427438816005 0.344643477627313
0.479995 21.7654164265505 0.189778840211125
0.480495 21.7880889715005 0.202253650256358
0.480995 21.8107615164505 -0.0166335288136753
0.481495 21.8334340614005 -0.0372655037684638
0.481995 21.8561066063505 0.00890990590555187
0.482495 21.8787791513005 -0.0702091596826448
0.482995 21.9014516962505 -0.101958120854116
0.483495 21.9241242412005 -0.169557893724724
0.483995 21.9467967861505 -0.310405371245501
0.484495 21.9694693311005 -0.308996793571443
0.484995 21.9921418760505 -0.331252919145496
0.485495 22.0148144210005 -0.289616938030717
0.485995 22.0374869659505 -0.227291120324695
0.486495 22.0601595109005 -0.202069167284764
0.486995 22.0828320558505 -0.185042332377413
0.487495 22.1055046008005 -0.140031974226028
0.487995 22.1281771457505 -0.0524739161491369
0.488495 22.1508496907005 -0.0224508230825189
0.488995 22.1735222356505 0.104571312335941
0.489495 22.1961947806005 0.292860960780262
0.489995 22.2188673255505 0.506791275580986
0.490495 22.2415398705005 0.678731195747569
0.490995 22.2642124154505 0.772328166102549
0.491495 22.2868849604005 0.922881319815293
0.491995 22.3095575053505 0.941363894494056
0.492495 22.3322300503005 0.993259850316773
0.492995 22.3549025952505 1.0493645109491
0.493495 22.3775751402005 1.03808350103512
0.493995 22.4002476851505 0.858961291815478
0.494495 22.4229202301005 0.963505560294673
0.494995 22.4455927750505 0.87549353814329
0.495495 22.4682653200005 0.714240304484443
0.495995 22.4909378649505 0.590099926293538
0.496495 22.5136104099005 0.444533230674814
0.496995 22.5362829548505 0.281371574643978
0.497495 22.5589554998005 0.168639407966049
0.497995 22.5816280447505 -0.0540209154531968
0.498495 22.6043005897005 -0.31163510862224
0.498995 22.6269731346505 -0.268908001847961
0.499495 22.6496456796005 -0.498333990116781
0.499995 22.6723182245505 -0.633845902398007
