# Fix print output for fix Step
0 0 -1.00101199549272
0.000494999999999998 0.0346889939587982 0.379263482789782
0.000995000000000045 0.0697283817959715 0.398375731783576
0.00149500000000009 0.104767769633145 0.327468759305703
0.00199500000000014 0.139807157470318 1.36944436740821
0.00249500000000002 0.17484654530748 1.0729109527371
0.00299500000000007 0.209885933144653 1.4310613207993
0.00349499999999996 0.244925320981815 2.17359565103982
0.003995 0.279964708818989 1.75693271723687
0.00449500000000005 0.315004096656162 2.54617540204999
0.0049950000000001 0.350043484493335 2.88997288997305
0.00549500000000015 0.385082872330509 2.79092180267874
0.00599500000000003 0.42012226016767 3.57625334601375
0.00649500000000008 0.455161648004844 3.63347200261778
0.00699499999999996 0.490201035842006 3.82631917990893
0.00749500000000001 0.525240423679179 4.45297935048367
0.00799500000000006 0.560279811516352 4.35155919016953
0.0084950000000001 0.595319199353526 4.94180562742234
0.00899500000000015 0.630358587190699 5.16478344399352
0.00949500000000004 0.665397975027861 5.2827483735909
0.00999500000000008 0.700437362865034 5.80688762467052
0.010495 0.735476750702196 5.95628311880237
0.010995 0.770516138539369 6.2843313487159
0.0114950000000001 0.805555526376543 6.43307122773516
0.0119950000000001 0.840594914213716 6.89414987615041
0.0124950000000002 0.875634302050889 7.22330915491643
0.012995 0.910673689888051 7.13685191192677
0.0134949999999999 0.945713077725213 7.80430533878685
0.013995 0.980752465562386 8.02959368895733
0.014495 1.01579185339956 8.13646172993274
0.0149950000000001 1.05083124123673 8.56015851026652
0.0154950000000001 1.08587062907391 8.64850008804992
0.0159950000000002 1.12091001691108 9.15903207426248
0.016495 1.15594940474824 9.34543638644289
0.0169949999999999 1.1909887925854 9.51388899834331
0.017495 1.22602818042258 10.0103248512184
0.017995 1.26106756825975 10.0267539917
0.0184950000000001 1.29610695609692 10.4333477176843
0.0189950000000001 1.3311463439341 10.653350505676
0.019495 1.36618573177126 10.9220694846065
0.0199950000000001 1.40122511960843 11.3634611368177
0.0204949999999999 1.43626450744559 11.3423730207709
0.020995 1.47130389528277 11.786281204284
0.021495 1.50634328311994 11.9669638193716
0.0219950000000001 1.54138267095711 12.2693496671483
0.0224950000000001 1.57642205879429 12.6994680621483
0.022995 1.61146144663145 12.5591927623732
0.0234950000000001 1.64650083446862 13.0920475489832
0.0239949999999999 1.68154022230578 13.3233968708311
0.024495 1.71657961014296 13.4798292431342
0.024995 1.75161899798013 14.0001260524439
0.0254950000000001 1.7866583858173 13.9310517028599
0.0259950000000001 1.82169777365448 14.4078182815895
0.026495 1.85673716149164 14.6902518604049
0.0269950000000001 1.89177654932881 14.6850241781697
0.027495 1.92681593716597 15.2518146549127
0.027995 1.96185532500315 15.2623455860504
0.028495 1.99689471284032 15.5273313893975
0.0289950000000001 2.03193410067749 15.9261680737572
0.0294950000000001 2.06697348851467 16.0131207152958
0.029995 2.10201287635183 16.4352559073091
0.0304950000000001 2.137052264189 16.4911274501759
0.030995 2.17209165202617 16.8251949104951
0.031495 2.20713103986334 17.1284103459846
0.0319950000000001 2.24217042770051 17.2558714479568
0.0324950000000001 2.27720981553769 17.6695267812646
0.0329950000000001 2.31224920337486 17.7825192712041
0.033495 2.34728859121202 18.0325835792346
0.0339950000000001 2.38232797904919 18.2955852172152
0.034495 2.41736736688636 18.4859007192186
0.034995 2.45240675472353 18.8144533850969
0.0354950000000001 2.4874461425607 18.9789583733246
0.0359950000000001 2.52248553039788 19.2638824996559
0.0364950000000002 2.55752491823505 19.5105184470237
0.036995 2.59256430607221 19.6917520279287
0.0374949999999999 2.62760369390937 20.0000416874042
0.037995 2.66264308174655 20.1820364391698
0.038495 2.69768246958372 20.4858181097466
0.0389950000000001 2.73272185742089 20.7258800326706
0.0394950000000001 2.76776124525807 20.9190794971786
0.0399950000000002 2.80280063309524 21.1348582297585
0.040495 2.8378400209324 21.3303276569526
0.0409949999999999 2.87287940876956 21.6295069338452
0.041495 2.90791879660674 21.8167424937832
0.041995 2.94295818444391 22.0073801640312
0.0424950000000001 2.97799757228108 22.3611320862625
0.0429950000000001 3.01303696011826 22.5151384670888
0.0434950000000002 3.04807634795543 22.8400653503664
0.043995 3.08311573579259 23.0442829694614
0.0444949999999999 3.11815512362975 23.2790419782874
0.044995 3.15319451146693 23.5268853133579
0.045495 3.1882338993041 23.6843177850564
0.0459950000000001 3.22327328714127 23.9757209897555
0.0464950000000001 3.25831267497845 24.147777952635
0.0469950000000002 3.29335206281562 24.389943092052
0.0474950000000001 3.32839145065278 24.6379242181957
0.0479949999999999 3.36343083848994 24.8494246615369
0.048495 3.39847022632712 25.1064506205489
0.048995 3.43350961416429 25.2611490221838
0.0494950000000001 3.46854900200146 25.5314273520737
0.0499950000000001 3.50358838983864 25.7247306398114
0.050495 3.5386277776758 25.964466465429
0.0509950000000001 3.57366716551297 26.2018846216882
0.0514949999999999 3.60870655335013 26.3445367286924
0.051995 3.64374594118731 26.5937517565487
0.052495 3.67878532902448 26.760599518762
0.0529950000000001 3.71382471686165 26.9877659859574
0.0534950000000001 3.74886410469883 27.2744297603264
0.053995 3.78390349253599 27.3986953525879
0.0544950000000001 3.81894288037316 27.6940114434619
0.054995 3.85398226821032 27.8538089282761
0.055495 3.8890216560475 28.0425606779958
0.055995 3.92406104388467 28.3629827251475
0.0564950000000001 3.95910043172184 28.4492434770974
0.0569950000000001 3.99413981955902 28.7793339262485
0.057495 4.02917920739618 28.9245724277139
0.0579950000000001 4.06421859523335 29.1393770386779
0.058495 4.09925798307052 29.462661314979
0.058995 4.13429737090769 29.5649474908951
0.0594950000000001 4.16933675874486 29.9007037982559
0.0599950000000001 4.20437614658204 30.0584119893135
0.0604950000000001 4.23941553441921 30.2143665876447
0.060995 4.27445492225637 30.5390982557289
0.0614949999999999 4.30949431009353 30.6238139762606
0.061995 4.34453369793071 30.9314205576999
0.062495 4.37957308576788 31.1525372517258
0.0629950000000001 4.41461247360505 31.300063682142
0.0634950000000001 4.44965186144223 31.5526664033627
0.0639950000000001 4.4846912492794 31.6849619892881
0.064495 4.51973063711656 31.9095144193797
0.0649949999999999 4.55477002495372 32.1057272306027
0.065495 4.5898094127909 32.266749378241
0.065995 4.62484880062807 32.5611278389812
0.0664950000000001 4.65988818846524 32.7304248833737
0.0669950000000001 4.69492757630242 32.9789145235802
0.0674950000000002 4.72996696413959 33.2325358090436
0.067995 4.76500635197675 33.3733343936073
0.0684949999999999 4.80004573981391 33.6237483488939
0.068995 4.83508512765109 33.7502393198923
0.069495 4.87012451548826 33.9418298470479
0.0699950000000001 4.90516390332543 34.1770118534366
0.0704950000000001 4.94020329116261 34.3658890722318
0.0709950000000002 4.97524267899978 34.5919115558523
0.071495 5.01028206683694 34.7905720489644
0.0719949999999999 5.0453214546741 34.9393191862166
0.072495 5.08036084251128 35.151387822081
0.072995 5.11540023034845 35.3259603206547
0.0734950000000001 5.15043961818562 35.5124897630664
0.0739950000000001 5.1854790060228 35.6621252036759
0.0744950000000002 5.22051839385997 35.8632549190159
0.0749950000000001 5.25555778169713 36.0289002083631
0.0754949999999999 5.29059716953429 36.2660666919688
0.075995 5.32563655737147 36.5105219713956
0.076495 5.36067594520864 36.7049262680805
0.0769950000000001 5.39571533304581 36.9590853641942
0.0774950000000001 5.43075472088299 37.0895399842861
0.0779950000000002 5.46579410872016 37.2612953592988
0.0784950000000001 5.50083349655732 37.4138698082178
0.078995 5.53587288439448 37.588129150553
0.079495 5.57091227223166 37.764153702992
0.079995 5.60595166006883 37.9476755336854
0.0804950000000001 5.640991047906 38.1953378739123
0.0809950000000001 5.67603043574318 38.3969686657687
0.0814950000000002 5.71106982358035 38.6124539914885
0.0819950000000001 5.74610921141751 38.6981290575783
0.082495 5.78114859925468 38.9226638338236
0.082995 5.81618798709185 39.1442555946704
0.083495 5.85122737492902 39.2665131247998
0.0839950000000001 5.8862667627662 39.4778652414473
0.0844950000000001 5.92130615060337 39.6362459332479
0.0849950000000002 5.95634553844054 39.7671517002505
0.0854950000000001 5.9913849262777 40.0375712923168
0.085995 6.02642431411487 40.1765642719013
0.086495 6.06146370195204 40.403285454566
0.0869950000000001 6.09650308978921 40.5463740556223
0.0874950000000001 6.13154247762639 40.6524416571146
0.0879950000000001 6.16658186546356 40.8406541736189
0.0884950000000002 6.20162125330073 41.0456300269471
0.0889950000000001 6.23666064113789 41.2671936399533
0.089495 6.27170002897506 41.4379546573014
0.089995 6.30673941681223 41.5756248176033
0.0904950000000001 6.3417788046494 41.7012009826214
0.0909950000000001 6.37681819248658 41.8673053272794
0.0914950000000002 6.41185758032375 42.0696554481869
0.091995 6.44689696816091 42.3148166556103
0.0924949999999999 6.48193635599807 42.5147134497707
0.092995 6.51697574383525 42.6376196817243
0.093495 6.55201513167242 42.7473233157589
0.0939950000000001 6.58705451950959 42.9335743536741
0.0944950000000001 6.62209390734677 43.1736329469521
0.0949950000000002 6.65713329518394 43.3522268090333
0.095495 6.6921726830211 43.4998351296097
0.0959949999999999 6.72721207085826 43.6464505106932
0.096495 6.76225145869544 43.7108415252623
0.096995 6.79729084653261 43.937306395966
0.0974950000000001 6.83233023436978 44.169357015142
0.0979950000000001 6.86736962220696 44.3373281860602
0.0984950000000002 6.90240901004413 44.4452580698215
0.0989950000000001 6.93744839788129 44.5896368113069
0.0994949999999999 6.97248778571845 44.8178612853488
0.099995 7.00752717355563 44.973579118545
0.100495 7.0425665613928 45.1564166070755
0.100995 7.07760594922997 45.2346201245059
0.101495 7.11264533706715 45.3996757343888
0.101995 7.14768472490432 45.6593564441409
0.102495 7.18272411274148 45.8215046356488
0.102995 7.21776350057864 45.9366311346662
0.103495 7.25280288841582 46.0193814944805
0.103995 7.28784227625299 46.175224587002
0.104495 7.32288166409016 46.4083910374607
0.104995 7.35792105192734 46.5519867755793
0.105495 7.39296043976451 46.6890066703334
0.105995 7.42799982760167 46.8098781221402
0.106495 7.46303921543883 46.9967199404284
0.106995 7.49807860327601 47.1499448582575
0.107495 7.53311799111318 47.2136965027421
0.107995 7.56815737895035 47.4144375921929
0.108495 7.60319676678753 47.6375050911597
0.108995 7.63823615462469 47.7664551003904
0.109495 7.67327554246185 47.8986126098761
0.109995 7.70831493029903 48.025728968626
0.110495 7.7433543181362 48.1839396847611
0.110995 7.77839370597337 48.3397804063918
0.111495 7.81343309381054 48.4070425550103
0.111995 7.84847248164772 48.6426398672566
0.112495 7.88351186948488 48.7806559425472
0.112995 7.91855125732204 48.9610074174633
0.113495 7.95359064515922 49.0419185099538
0.113995 7.98863003299639 49.2453997681344
0.114495 8.02366942083356 49.3664445456799
0.114995 8.05870880867074 49.4539907591335
0.115495 8.09374819650791 49.67780702769
0.115995 8.12878758434507 49.7814372349154
0.116495 8.16382697218223 49.8784963510586
0.116995 8.19886636001941 50.0483671722471
0.117495 8.23390574785658 50.2577428550463
0.117995 8.26894513569375 50.318754508948
0.118495 8.30398452353093 50.453489657832
0.118995 8.3390239113681 50.6965989491699
0.119495 8.37406329920526 50.7186584383558
0.119995 8.40910268704242 50.902940540054
0.120495 8.4441420748796 51.07391678592
0.120995 8.47918146271677 51.1566831591292
0.121495 8.51422085055394 51.3172247461842
0.121995 8.54926023839112 51.4742686251591
0.122495 8.58429962622829 51.5483115407382
0.122995 8.61933901406545 51.7206006085332
0.123495 8.65437840190261 51.9025023308461
0.123995 8.68941778973979 51.9872200335764
0.124495 8.72445717757696 52.1405726170592
0.124995 8.75949656541413 52.2532282108676
0.125495 8.79453595325131 52.3621463785183
0.125995 8.82957534108848 52.5307710433143
0.126495 8.86461472892564 52.6677559972521
0.126995 8.8996541167628 52.8006861268818
0.127495 8.93469350459998 52.9344190787715
0.127995 8.96973289243715 53.025393068407
0.128495 9.00477228027432 53.1823926451101
0.128995 9.0398116681115 53.2860808408128
0.129495 9.07485105594867 53.4044622706486
0.129995 9.10989044378583 53.5692446332191
0.130495 9.14492983162299 53.6920646448851
0.130995 9.17996921946017 53.8015830033904
0.131495 9.21500860729734 53.9190102922383
0.131995 9.25004799513451 54.0684720146747
0.132495 9.28508738297169 54.1595217100013
0.132995 9.32012677080886 54.2736104821146
0.133495 9.35516615864602 54.4001234878391
0.133995 9.39020554648318 54.5466163083407
0.134495 9.42524493432036 54.6577760022026
0.134995 9.46028432215753 54.7817958667304
0.135495 9.4953237099947 54.8887096925087
0.135995 9.53036309783188 54.9869296126697
0.136495 9.56540248566905 55.1636194647959
0.136995 9.60044187350621 55.2514903518675
0.137495 9.63548126134338 55.3472205662288
0.137995 9.67052064918055 55.4754800160757
0.138495 9.70556003701772 55.5853425892727
0.138995 9.7405994248549 55.7399678526225
0.139495 9.77563881269207 55.8833713095949
0.139995 9.81067820052924 55.9803825562365
0.140495 9.8457175883664 56.0564234729016
0.140995 9.88075697620357 56.1807599026209
0.141495 9.91579636404074 56.3071245243234
0.141995 9.95083575187791 56.4167497562756
0.142495 9.98587513971509 56.5427155060973
0.142995 10.0209145275523 56.6692616787745
0.143495 10.0559539153894 56.7387380766641
0.143995 10.0909933032266 56.8534157650749
0.144495 10.1260326910638 56.9760273283788
0.144995 10.1610720789009 57.0689894636099
0.145495 10.1961114667381 57.2166470453405
0.145995 10.2311508545753 57.3260005715766
0.146495 10.2661902424124 57.4159297498574
0.146995 10.3012296302496 57.5387789317988
0.147495 10.3362690180868 57.627380807193
0.147995 10.3713084059239 57.7131595642331
0.148495 10.4063477937611 57.8592876265435
0.148995 10.4413871815983 57.9509546317485
0.149495 10.4764265694355 58.0839093449649
0.149995 10.5114659572726 58.153186266709
0.150495 10.5465053451098 58.2605075700283
0.150995 10.581544732947 58.3490922151584
0.151495 10.6165841207841 58.4822741972557
0.151995 10.6516235086213 58.5153368250645
0.152495 10.6866628964585 58.7000496875599
0.152995 10.7217022842957 58.7483494020274
0.153495 10.7567416721328 58.8716536437171
0.153995 10.79178105997 58.9416891971218
0.154495 10.8268204478072 59.0285486346573
0.154995 10.8618598356443 59.1749941005622
0.155495 10.8968992234815 59.2762358057084
0.155995 10.9319386113187 59.366802432783
0.156495 10.9669779991558 59.4469437534131
0.156995 11.002017386993 59.57404313383
0.157495 11.0370567748302 59.6317485690104
0.157995 11.0720961626673 59.7699610577573
0.158495 11.1071355505045 59.8285526854808
0.158995 11.1421749383417 59.9472120107991
0.159495 11.1772143261789 60.0286372004054
0.159995 11.212253714016 60.1183118986447
0.160495 11.2472931018532 60.18431999503
0.160995 11.2823324896904 60.3160117852066
0.161495 11.3173718775275 60.4208654208831
0.161995 11.3524112653647 60.4983349525393
0.162495 11.3874506532019 60.6206241004116
0.162995 11.4224900410391 60.6697960926719
0.163495 11.4575294288762 60.7625354700827
0.163995 11.4925688167134 60.8635935241423
0.164495 11.5276082045506 60.9814809027294
0.164995 11.5626475923877 61.0662113919811
0.165495 11.5976869802249 61.1699303662707
0.165995 11.6327263680621 61.1984852047723
0.166495 11.6677657558992 61.303049719868
0.166995 11.7028051437364 61.3943931871673
0.167495 11.7378445315736 61.4997581812258
0.167995 11.7728839194107 61.6212988765346
0.168495 11.8079233072479 61.6684809082885
0.168995 11.8429626950851 61.7886827340253
0.169495 11.8780020829223 61.8107350508014
0.169995 11.9130414707594 61.9515809592721
0.170495 11.9480808585966 61.9685462189057
0.170995 11.9831202464338 62.0906710201648
0.171495 12.0181596342709 62.1710728055957
0.171995 12.0531990221081 62.2501331437085
0.172495 12.0882384099453 62.3558064597401
0.172995 12.1232777977825 62.4299615266787
0.173495 12.1583171856196 62.520706217272
0.173995 12.1933565734568 62.5770209124585
0.174495 12.228395961294 62.6501636561714
0.174995 12.2634353491311 62.7366338793466
0.175495 12.2984747369683 62.851419349025
0.175995 12.3335141248055 62.8721647817337
0.176495 12.3685535126426 62.9679482869851
0.176995 12.4035929004798 63.0683151960715
0.177495 12.438632288317 63.1301916355189
0.177995 12.4736716761542 63.268756372231
0.178495 12.5087110639913 63.2983130715387
0.178995 12.5437504518285 63.3971931900964
0.179495 12.5787898396657 63.458170006097
0.179995 12.6138292275028 63.4782850837967
0.180495 12.64886861534 63.586327557983
0.180995 12.6839080031772 63.6999287563634
0.181495 12.7189473910143 63.7509561379282
0.181995 12.7539867788515 63.9021395213421
0.182495 12.7890261666887 63.8861544010418
0.182995 12.8240655545259 64.0369703665229
0.183495 12.859104942363 64.0624162605935
0.183995 12.8941443302002 64.0919842920305
0.184495 12.9291837180374 64.2313756349932
0.184995 12.9642231058745 64.2680773764006
0.185495 12.9992624937117 64.3358291487586
0.185995 13.0343018815489 64.4222552009753
0.186495 13.069341269386 64.4861014318407
0.186995 13.1043806572232 64.5301064471823
0.187495 13.1394200450604 64.6155600648271
0.187995 13.1744594328976 64.6609843319632
0.188495 13.2094988207347 64.757510629734
0.188995 13.2445382085719 64.8073850570759
0.189495 13.2795775964091 64.9282171528983
0.189995 13.3146169842462 64.9357707885117
0.190495 13.3496563720834 65.0340488257676
0.190995 13.3846957599206 65.1085002017093
0.191495 13.4197351477578 65.1584812971203
0.191995 13.4547745355949 65.2289063801091
0.192495 13.4898139234321 65.3075060583987
0.192995 13.5248533112692 65.4033099858265
0.193495 13.5598926991064 65.4231850221216
0.193995 13.5949320869436 65.5125179302761
0.194495 13.6299714747808 65.5934669915847
0.194995 13.6650108626179 65.6365319316313
0.195495 13.7000502504551 65.6903634128969
0.195995 13.7350896382923 65.7970137484705
0.196495 13.7701290261294 65.8861245799041
0.196995 13.8051684139666 65.9135872201239
0.197495 13.8402078018038 65.9862412562288
0.197995 13.875247189641 66.0618403692625
0.198495 13.9102865774781 66.1089669291482
0.198995 13.9453259653153 66.1346793440527
0.199495 13.9803653531525 66.2441490837592
0.199995 14.0154047409896 66.2806665819751
0.200495 14.0504441288268 66.3787639113934
0.200995 14.085483516664 66.4418414904351
0.201495 14.1205229045011 66.4884583653397
0.201995 14.1555622923383 66.564048100654
0.202495 14.1906016801755 66.607064344754
0.202995 14.2256410680126 66.6842042937402
0.203495 14.2606804558498 66.8155986512838
0.203995 14.295719843687 66.7906918639549
0.204495 14.3307592315242 66.8280349175382
0.204995 14.3657986193613 66.9390262878149
0.205495 14.4008380071985 66.9398022859926
0.205995 14.4358773950357 67.0887091165517
0.206495 14.4709167828728 67.1483515772179
0.206995 14.50595617071 67.1810184077916
0.207495 14.5409955585472 67.2302426962055
0.207995 14.5760349463844 67.3053603167771
0.208495 14.6110743342215 67.3933724070085
0.208995 14.6461137220587 67.4099070564422
0.209495 14.6811531098959 67.5569260123571
0.209995 14.716192497733 67.4894264851221
0.210495 14.7512318855702 67.6102113575578
0.210995 14.7862712734074 67.6570691739658
0.211495 14.8213106612445 67.7320623641347
0.211995 14.8563500490817 67.8143456849192
0.212495 14.8913894369189 67.8269392211714
0.212995 14.926428824756 67.9300581177124
0.213495 14.9614682125932 67.9835921989849
0.213995 14.9965076004304 68.0669688167965
0.214495 15.0315469882676 68.1068174449593
0.214995 15.0665863761047 68.1260784187565
0.215495 15.1016257639419 68.3147709151172
0.215995 15.1366651517791 68.2886748458903
0.216495 15.1717045396162 68.3362648308234
0.216995 15.2067439274534 68.4085329420071
0.217495 15.2417833152906 68.4302939305214
0.217995 15.2768227031278 68.5523063675781
0.218495 15.3118620909649 68.4813122868886
0.218995 15.3469014788021 68.576469371197
0.219495 15.3819408666393 68.6740327819398
0.219995 15.4169802544764 68.7795794990251
0.220495 15.4520196423136 68.8223048250382
0.220995 15.4870590301508 68.9452319479603
0.221495 15.5220984179879 68.8939797653086
0.221995 15.5571378058251 69.0245804464721
0.222495 15.5921771936623 69.0943912626624
0.222995 15.6272165814995 69.1722062649901
0.223495 15.6622559693366 69.1739245933339
0.223995 15.6972953571738 69.1529237763066
0.224495 15.732334745011 69.3186821263045
0.224995 15.7673741328481 69.3525202955563
0.225495 15.8024135206853 69.3849098759843
0.225995 15.8374529085225 69.4552066892322
0.226495 15.8724922963597 69.5132549517492
0.226995 15.9075316841968 69.5934245730047
0.227495 15.942571072034 69.674928628189
0.227995 15.9776104598712 69.7242717289635
0.228495 16.0126498477083 69.809080022201
0.228995 16.0476892355455 69.8519813146
0.229495 16.0827286233827 69.880980402993
0.229995 16.1177680112198 69.8737689520547
0.230495 16.152807399057 69.9905449267233
0.230995 16.1878467868942 70.0793556605334
0.231495 16.2228861747313 69.9954722998794
0.231995 16.2579255625685 70.1121448814106
0.232495 16.2929649504057 70.2146200697051
0.232995 16.3280043382429 70.4550602390507
0.233495 16.36304372608 70.3218342585388
0.233995 16.3980831139172 70.3385626269373
0.234495 16.4331225017544 70.3955915297699
0.234995 16.4681618895915 70.5360901722532
0.235495 16.5032012774287 70.5828958964184
0.235995 16.5382406652659 70.5833071056173
0.236495 16.5732800531031 70.7021303265937
0.236995 16.6083194409402 70.7485531252857
0.237495 16.6433588287774 70.7966050852627
0.237995 16.6783982166145 70.9050117176959
0.238495 16.7134376044517 70.8876417589523
0.238995 16.7484769922889 70.9308865562971
0.239495 16.7835163801261 70.9427498462816
0.239995 16.8185557679632 71.119705557137
0.240495 16.8535951558004 71.2073065179669
0.240995 16.8886345436376 71.1283675852157
0.241495 16.9236739314747 71.232347735054
0.241995 16.9587133193119 71.3682727968657
0.242495 16.9937527071491 71.3366117019261
0.242995 17.0287920949863 71.4066784568518
0.243495 17.0638314828234 71.600694968664
0.243995 17.0988708706606 71.5494090605459
0.244495 17.1339102584978 71.6571688975838
0.244995 17.1689496463349 71.6681117970026
0.245495 17.2039890341721 71.7693874531974
0.245995 17.2390284220093 71.8479389279471
0.246495 17.2740678098464 71.8727370875977
0.246995 17.3091071976836 71.8501422676487
0.247495 17.3441465855208 72.0201648081882
0.247995 17.3791859733579 71.8977983211633
0.248495 17.4142253611951 72.1800794673726
0.248995 17.4492647490323 72.1335932521067
0.249495 17.4843041368695 72.231429235353
0.249995 17.5193435247066 72.2280423467301
0.250495 17.5543829125438 72.2682671409343
0.250995 17.589422300381 72.4196550121332
0.251495 17.6244616882181 72.5068052070072
0.251995 17.6595010760553 72.6332579393273
0.252495 17.6945404638925 72.5419859821919
0.252995 17.7295798517297 72.6624236108487
0.253495 17.7646192395668 72.6975618615231
0.253995 17.799658627404 72.8084447390541
0.254495 17.8346980152412 72.9096929568944
0.254995 17.8697374030783 72.9350216521555
0.255495 17.9047767909155 73.0695712293234
0.255995 17.9398161787527 73.058567547787
0.256495 17.9748555665898 73.1624329761667
0.256995 18.009894954427 73.1860823012946
0.257495 18.0449343422642 73.2428484769545
0.257995 18.0799737301013 73.322908978215
0.258495 18.1150131179385 73.3921304214152
0.258995 18.1500525057757 73.456457105357
0.259495 18.1850918936129 73.5303300267575
0.259995 18.22013128145 73.5357882732635
0.260495 18.2551706692872 73.7456673916313
0.260995 18.2902100571244 73.5781988819099
0.261495 18.3252494449615 73.9411116399163
0.261995 18.3602888327987 74.0271109581343
0.262495 18.3953282206359 73.8687023194191
0.262995 18.4303676084731 73.8297638467401
0.263495 18.4654069963102 73.8713914767524
0.263995 18.5004463841474 73.9906607511739
0.264495 18.5354857719846 74.1307144031269
0.264995 18.5705251598217 74.2235541717541
0.265495 18.6055645476589 74.3971191692362
0.265995 18.6406039354961 74.3694994288181
0.266495 18.6756433233332 74.4881324271474
0.266995 18.7106827111704 74.4311286983054
0.267495 18.7457220990076 74.6807933623966
0.267995 18.7807614868447 74.6583811965005
0.268495 18.8158008746819 74.6805980398143
0.268995 18.8508402625191 74.7847376545926
0.269495 18.8858796503563 75.0042068087837
0.269995 18.9209190381934 74.9090289556386
0.270495 18.9559584260306 74.8753086767056
0.270995 18.9909978138678 75.2723864838886
0.271495 19.0260372017049 75.107618038041
0.271995 19.0610765895421 75.1848374329626
0.272495 19.0961159773793 75.291031855591
0.272995 19.1311553652165 75.565582347666
0.273495 19.1661947530536 75.5953754109727
0.273995 19.2012341408908 75.6030391587646
0.274495 19.236273528728 75.7494462456814
0.274995 19.2713129165651 75.8234517172743
0.275495 19.3063523044023 76.051784033167
0.275995 19.3413916922395 75.8884393190989
0.276495 19.3764310800766 76.1425988767609
0.276995 19.4114704679138 76.2374352224717
0.277495 19.446509855751 76.3031544257057
0.277995 19.4815492435882 76.311284003402
0.278495 19.5165886314253 76.3992937207232
0.278995 19.5516280192625 76.5611821916472
0.279495 19.5866674070997 76.6349598157553
0.279995 19.6217067949368 76.7688870588636
0.280495 19.656746182774 76.5115988467783
0.280995 19.6917855706112 76.8838454694857
0.281495 19.7268249584484 76.8124323656063
0.281995 19.7618643462855 77.0988795613449
0.282495 19.7969037341227 77.1254471683254
0.282995 19.8319431219599 77.1237397828915
0.283495 19.866982509797 77.5220005279303
0.283995 19.9020218976342 77.5387145246741
0.284495 19.9370612854714 77.5886249869519
0.284995 19.9721006733085 77.654537944219
0.285495 20.0071400611457 77.5345417037177
0.285995 20.0421794489829 77.6871376135356
0.286495 20.07721883682 77.8296004043088
0.286995 20.1122582246572 77.9107479307028
0.287495 20.1472976124944 78.1018005145776
0.287995 20.1823370003316 78.230107487205
0.288495 20.2173763881687 78.184664761038
0.288995 20.2524157760059 78.2406836227087
0.289495 20.2874551638431 78.5000181011337
0.289995 20.3224945516802 78.6167970028571
0.290495 20.3575339395174 78.5028062965681
0.290995 20.3925733273546 78.878534214022
0.291495 20.4276127151918 78.994272746774
0.291995 20.4626521030289 79.1218691029299
0.292495 20.4976914908661 79.2077044664129
0.292995 20.5327308787033 79.239971179035
0.293495 20.5677702665404 79.4933197186445
0.293995 20.6028096543776 79.5104776600324
0.294495 20.6378490422148 79.5562247859437
0.294995 20.6728884300519 80.0459385931602
0.295495 20.7079278178891 79.9175530453309
0.295995 20.7429672057263 80.1373821692424
0.296495 20.7780065935634 80.0645306987169
0.296995 20.8130459814006 80.435138840903
0.297495 20.8480853692378 80.6249242629825
0.297995 20.883124757075 80.6887466516104
0.298495 20.9181641449121 80.7494196561381
0.298995 20.9532035327493 81.010996929467
0.299495 20.9882429205865 81.045255610372
0.299995 21.0232823084236 81.0827825324007
0.300495 21.0583216962608 81.3628966846354
0.300995 21.093361084098 81.4505628896898
0.301495 21.1284004719352 81.7999170241638
0.301995 21.1634398597723 81.7814428517924
0.302495 21.1984792476095 81.5448147620666
0.302995 21.2335186354467 82.21469824192
0.303495 21.2685580232838 82.0837478144142
0.303995 21.303597411121 82.5966545817221
0.304495 21.3386367989582 82.7258059394651
0.304995 21.3736761867953 82.7669864664998
0.305495 21.4087155746325 83.13649941863
0.305995 21.4437549624697 83.019357188088
0.306495 21.4787943503068 83.270156728668
0.306995 21.513833738144 83.3706316729955
0.307495 21.5488731259812 83.8254350239349
0.307995 21.5839125138184 83.7065701896317
0.308495 21.6189519016555 84.0773851103981
0.308995 21.6539912894927 84.1462525720028
0.309495 21.6890306773299 84.3177790753311
0.309995 21.724070065167 84.8618878072286
0.310495 21.7591094530042 84.7660906678075
0.310995 21.7941488408414 84.8415595564758
0.311495 21.8291882286786 85.0901836649619
0.311995 21.8642276165157 85.4424546722037
0.312495 21.8992670043529 85.5094509060155
0.312995 21.9343063921901 85.6511541244777
0.313495 21.9693457800272 86.0348640001414
0.313995 22.0043851678644 86.1593072485717
0.314495 22.0394245557016 86.3456030101369
0.314995 22.0744639435387 86.3076756478096
0.315495 22.1095033313759 86.8585198966251
0.315995 22.1445427192131 87.0711142188444
0.316495 22.1795821070502 87.0274794903145
0.316995 22.2146214948874 87.605925278188
0.317495 22.2496608827246 87.4134607628655
0.317995 22.2847002705618 87.8945822439442
0.318495 22.3197396583989 88.2273101360238
0.318995 22.3547790462361 88.3798897870542
0.319495 22.3898184340733 89.0585599023719
0.319995 22.4248578219104 88.8013737942861
0.320495 22.4598972097476 89.2886643514182
0.320995 22.4949365975848 89.7617558158819
0.321495 22.5299759854219 89.859035081124
0.321995 22.5650153732591 89.8200908261087
0.322495 22.6000547610963 90.1131905761775
0.322995 22.6350941489334 90.5294025850602
0.323495 22.6701335367706 90.8631905281441
0.323995 22.7051729246078 90.8550429248334
0.324495 22.740212312445 91.354843926944
0.324995 22.7752517002821 91.7784072270385
0.325495 22.8102910881193 91.808558862551
0.325995 22.8453304759565 92.0081868138426
0.326495 22.8803698637936 92.4152224718434
0.326995 22.9154092516308 92.6880895092233
0.327495 22.950448639468 92.7540590521436
0.327995 22.9854880273052 93.1441684777621
0.328495 23.0205274151423 93.4739958883188
0.328995 23.0555668029795 93.8069409453084
0.329495 23.0906061908167 94.0829838426795
0.329995 23.1256455786538 94.3772222897508
0.330495 23.160684966491 94.9866869435592
0.330995 23.1957243543282 94.8238080864867
0.331495 23.2307637421653 95.1611557155282
0.331995 23.2658031300025 95.6071763303865
0.332495 23.3008425178397 95.7365813554721
0.332995 23.3358819056769 96.4374195751792
0.333495 23.370921293514 96.4575203331261
0.333995 23.4059606813512 96.9701666153572
0.334495 23.4410000691884 97.1886525601286
0.334995 23.4760394570255 97.3578237186971
0.335495 23.5110788448627 97.9541216425157
0.335995 23.5461182326999 98.0926123134281
0.336495 23.5811576205371 98.1369398864624
0.336995 23.6161970083742 99.242830913104
0.337495 23.6512363962114 99.0970121486809
0.337995 23.6862757840486 99.3583475493466
0.338495 23.7213151718857 99.9204959935279
0.338995 23.7563545597229 99.8318805514973
0.339495 23.7913939475601 100.394577060597
0.339995 23.8264333353972 100.704711480556
0.340495 23.8614727232344 101.270232340354
0.340995 23.8965121110716 101.50221145802
0.341495 23.9315514989087 101.752547509235
0.341995 23.9665908867459 102.013545423985
0.342495 24.0016302745831 102.48421825562
0.342995 24.0366696624203 102.824626988069
0.343495 24.0717090502574 103.316852316566
0.343995 24.1067484380946 103.176534519353
0.344495 24.1417878259318 104.16462431142
0.344995 24.1768272137689 103.797769763961
0.345495 24.2118666016061 104.905088200059
0.345995 24.2469059894433 104.920763549049
0.346495 24.2819453772805 105.408321925912
0.346995 24.3169847651176 105.705226627585
0.347495 24.3520241529548 105.848040264677
0.347995 24.3870635407919 106.458757788293
0.348495 24.4221029286291 107.0319453608
0.348995 24.4571423164663 106.893846774526
0.349495 24.4921817043035 108.29429638927
0.349995 24.5272210921406 107.473485687862
0.350495 24.5622604799778 108.588599725556
0.350995 24.597299867815 108.64910616582
0.351495 24.6323392556521 109.056969285793
0.351995 24.6673786434893 109.56006165979
0.352495 24.7024180313265 109.655767210462
0.352995 24.7374574191637 110.257398843322
0.353495 24.7724968070008 110.391491363562
0.353995 24.807536194838 110.831916472606
0.354495 24.8425755826752 111.465458548131
0.354995 24.8776149705123 111.869876756456
0.355495 24.9126543583495 111.925550545653
0.355995 24.9476937461867 112.588242283755
0.356495 24.9827331340239 113.247475402894
0.356995 25.017772521861 113.054038057009
0.357495 25.0528119096982 114.123675762757
0.357995 25.0878512975353 113.97784654276
0.358495 25.1228906853725 114.479258409973
0.358995 25.1579300732097 114.980457205718
0.359495 25.1929694610469 115.17386987744
0.359995 25.228008848884 116.071513378546
0.360495 25.2630482367212 116.282059697027
0.360995 25.2980876245584 116.824812127238
0.361495 25.3331270123955 117.018309744435
0.361995 25.3681664002327 117.713489761305
0.362495 25.4032057880699 117.790373217896
0.362995 25.4382451759071 118.298946768875
0.363495 25.4732845637442 118.938382535465
0.363995 25.5083239515814 119.21700188865
0.364495 25.5433633394186 119.10009129881
0.364995 25.5784027272557 120.157466687209
0.365495 25.6134421150929 120.799392896837
0.365995 25.6484815029301 121.021175962555
0.366495 25.6835208907672 121.335289218569
0.366995 25.7185602786044 121.758187502647
0.367495 25.7535996664416 122.634675148831
0.367995 25.7886390542788 122.941826520883
0.368495 25.8236784421159 123.450181038032
0.368995 25.8587178299531 123.586987998325
0.369495 25.8937572177903 124.084406470914
0.369995 25.9287966056274 124.703549341572
0.370495 25.9638359934646 125.144791548583
0.370995 25.9988753813018 125.881965174845
0.371495 26.0339147691389 126.298031124685
0.371995 26.0689541569761 126.796145192197
0.372495 26.1039935448133 127.132705789719
0.372995 26.1390329326505 127.815745555142
0.373495 26.1740723204876 128.173636405343
0.373995 26.2091117083248 128.362475718211
0.374495 26.244151096162 129.064741199476
0.374995 26.2791904839991 129.362020123265
0.375495 26.3142298718363 129.767582166082
0.375995 26.3492692596735 130.572888247095
0.376495 26.3843086475106 131.320284811332
0.376995 26.4193480353478 131.866020117153
0.377495 26.454387423185 132.474015415906
0.377995 26.4894268110221 132.784492403124
0.378495 26.5244661988593 133.400687082311
0.378995 26.5595055866965 134.283928875593
0.379495 26.5945449745337 134.754465555114
0.379995 26.6295843623708 135.355845206967
0.380495 26.664623750208 135.826189397341
0.380995 26.6996631380452 136.329508000575
0.381495 26.7347025258823 136.978539408328
0.381995 26.7697419137195 137.512177030947
0.382495 26.8047813015567 138.122507365146
0.382995 26.8398206893939 138.597353779403
0.383495 26.874860077231 139.079304606389
0.383995 26.9098994650682 139.66879846247
0.384495 26.9449388529054 140.119072988874
0.384995 26.9799782407425 140.757987432158
0.385495 27.0150176285797 141.76002487859
0.385995 27.0500570164169 142.218189684363
0.386495 27.085096404254 142.706328736075
0.386995 27.1201357920912 143.180537093464
0.387495 27.1551751799284 144.034387298967
0.387995 27.1902145677656 144.523347360949
0.388495 27.2252539556027 145.237824495379
0.388995 27.2602933434399 146.106731002229
0.389495 27.2953327312771 145.753567297256
0.389995 27.3303721191142 142.145088591218
0.390495 27.3654115069514 133.474536857294
0.390995 27.4004508947886 121.499218157695
0.391495 27.4354902826258 105.897074246785
0.391995 27.4705296704629 89.9432864633759
0.392495 27.5055690583001 76.8212732182035
0.392995 27.5406084461373 65.5474145955053
0.393495 27.5756478339744 57.0767861873003
0.393995 27.6106872218116 50.7449159242615
0.394495 27.6457266096488 46.1764153168662
0.394995 27.6807659974859 42.2635727952921
0.395495 27.7158053853231 39.0515015716245
0.395995 27.7508447731603 36.2845712303181
0.396495 27.7858841609974 33.6201716990375
0.396995 27.8209235488346 31.068494241561
0.397495 27.8559629366718 28.4500391568649
0.397995 27.891002324509 25.8182895563305
0.398495 27.9260417123461 23.0298017213406
0.398995 27.9610811001833 20.0562577722004
0.399495 27.9961204880205 17.0248982932488
0.399995 28.0311598758576 14.0952268612417
0.400495 28.0661992636948 11.1692488787781
0.400995 28.101238651532 8.17555947763461
0.401495 28.1362780393692 5.1364639322217
0.401995 28.1713174272063 2.30394396218735
0.402495 28.2063568150435 -0.306869054501075
0.402995 28.2413962028807 -3.05929330652825
0.403495 28.2764355907178 -5.96928950873172
0.403995 28.311474978555 -8.64109532341404
0.404495 28.3465143663922 -11.1898708707396
0.404995 28.3815537542293 -13.6970950760909
0.405495 28.4165931420665 -15.8116251778825
0.405995 28.4516325299037 -12.1353764837501
0.406495 28.4866719177408 -8.23388667337066
0.406995 28.521711305578 -3.45540385251848
0.407495 28.5567506934152 1.94193470298296
0.407995 28.5917900812524 4.64437169739491
0.408495 28.6268294690895 4.88222150704352
0.408995 28.6618688569267 4.88485075020717
0.409495 28.6969082447639 3.87205060603371
0.409995 28.731947632601 2.50388902988163
0.410495 28.7669870204382 1.87759870999766
0.410995 28.8020264082754 1.310702157129
0.411495 28.8370657961126 0.4761063970811
0.411995 28.8721051839497 -0.36594086349696
0.412495 28.9071445717869 -1.42717976992831
0.412995 28.942183959624 -2.62194491098484
0.413495 28.9772233474612 -3.41081179464733
0.413995 29.0122627352984 -3.62542696617611
0.414495 29.0473021231356 -3.17385458934527
0.414995 29.0823415109727 -3.00859923904906
0.415495 29.1173808988099 -2.50795931231868
0.415995 29.1524202866471 -1.6448711465797
0.416495 29.1874596744842 -1.11505760610187
0.416995 29.2224990623214 -0.43267525007163
0.417495 29.2575384501586 0.892239288815217
0.417995 29.2925778379958 2.12686899068747
0.418495 29.3276172258329 3.21617420930282
0.418995 29.3626566136701 4.04454165938454
0.419495 29.3976960015073 4.23156156862196
0.419995 29.4327353893444 4.16241827623666
0.420495 29.4677747771816 3.59316391292076
0.420995 29.5028141650188 2.82680116711222
0.421495 29.5378535528559 2.0906869370687
0.421995 29.5728929406931 1.13994001105152
0.422495 29.6079323285303 -0.240145409160441
0.422995 29.6429717163675 -1.17328626678087
0.423495 29.6780111042046 -1.72382649042144
0.423995 29.7130504920418 -2.12616833596918
0.424495 29.748089879879 -2.25277490249752
0.424995 29.7831292677161 -2.20744841271345
0.425495 29.8181686555533 -2.06728313470412
0.425995 29.8532080433905 -1.9490999098196
0.426495 29.8882474312276 -1.76183403263123
0.426995 29.9232868190648 -1.25697494344815
0.427495 29.958326206902 -0.749283316570694
0.427995 29.9933655947392 -0.3333455253452
0.428495 30.0284049825763 -0.128967056170048
0.428995 30.0634443704135 0.305127506508987
0.429495 30.0984837582507 0.589360254181335
0.429995 30.1335231460878 1.00787081838416
0.430495 30.168562533925 1.38665298382374
0.430995 30.2036019217622 1.36096000127479
0.431495 30.2386413095993 1.34649140370494
0.431995 30.2736806974365 1.01292224954914
0.432495 30.3087200852737 0.707018711807593
0.432995 30.3437594731109 0.364515291039982
0.433495 30.378798860948 0.141676382830788
0.433995 30.4138382487852 0.357934874180301
0.434495 30.4488776366224 0.589961658733132
0.434995 30.4839170244595 0.695473610469639
0.435495 30.5189564122967 0.658114872535511
0.435995 30.5539958001339 0.568760115025974
0.436495 30.5890351879711 0.361094404129526
0.436995 30.6240745758082 0.355754063694506
0.437495 30.6591139636454 0.265816680938522
0.437995 30.6941533514826 -0.0278286236643796
0.438495 30.7291927393197 -0.378466089149597
0.438995 30.7642321271569 -0.731246698426852
0.439495 30.7992715149941 -1.36220041148754
0.439995 30.8343109028312 -1.6753485977264
0.440495 30.8693502906684 -1.93148246842563
0.440995 30.9043896785056 -2.04338986057312
0.441495 30.9394290663427 -1.98429626371343
0.441995 30.9744684541799 -1.73550446444215
0.442495 31.0095078420171 -1.32656262822892
0.442995 31.0445472298543 -0.936118373714759
0.443495 31.0795866176914 -0.329648294726553
0.443995 31.1146260055286 0.196047249239183
0.444495 31.1496653933658 0.867666802743794
0.444995 31.1847047812029 1.59474347210673
0.445495 31.2197441690401 2.28950633694098
0.445995 31.2547835568773 2.9247590749644
0.446495 31.2898229447145 3.27080527621236
0.446995 31.3248623325516 3.2854114511932
0.447495 31.3599017203888 2.87385160070179
0.447995 31.394941108226 2.49077453696022
0.448495 31.4299804960631 1.77466416106252
0.448995 31.4650198839003 0.952309442297752
0.449495 31.5000592717375 0.115268203847112
0.449995 31.5350986595746 -0.705491095782668
0.450495 31.5701380474118 -1.55225514433715
0.450995 31.605177435249 -2.18183685366829
0.451495 31.6402168230861 -3.09747821857958
0.451995 31.6752562109233 -3.70256380114988
0.452495 31.7102955987605 -4.06995383498529
0.452995 31.7453349865977 -4.17638422388524
0.453495 31.7803743744348 -3.72509336955182
0.453995 31.815413762272 -2.95037748136355
0.454495 31.8504531501092 -1.78015477975582
0.454995 31.8854925379463 -0.662948833651135
0.455495 31.9205319257835 0.497999822896044
0.455995 31.9555713136207 1.52816089580939
0.456495 31.9906107014579 2.30868167817175
0.456995 32.025650089295 2.85437510349195
0.457495 32.0606894771322 3.43200418256935
0.457995 32.0957288649694 3.75831640285602
0.458495 32.1307682528065 3.92327373557037
0.458995 32.1658076406437 3.71351035848708
0.459495 32.2008470284809 3.10654823936343
0.459995 32.235886416318 2.31837511680656
0.460495 32.2709258041552 1.31101602309432
0.460995 32.3059651919924 0.334452758179224
0.461495 32.3410045798295 -0.657500211310236
0.461995 32.3760439676667 -1.68829629051461
0.462495 32.4110833555039 -2.54231880995698
0.462995 32.4461227433411 -3.10556062352508
0.463495 32.4811621311782 -3.72114229484785
0.463995 32.5162015190154 -4.11187729553399
0.464495 32.5512409068526 -4.26042361356028
0.464995 32.5862802946897 -3.76325966541233
0.465495 32.6213196825269 -2.69410917529304
0.465995 32.6563590703641 -1.45205781269545
0.466495 32.6913984582012 -0.316707385313955
0.466995 32.7264378460384 0.792079606492048
0.467495 32.7614772338756 1.69830436177433
0.467995 32.7965166217127 2.24684759423049
0.468495 32.8315560095499 2.72242045317035
0.468995 32.8665953973871 2.75854307559343
0.469495 32.9016347852243 2.94268057646474
0.469995 32.9366741730614 2.97189718285875
0.470495 32.9717135608986 2.76480351840498
0.470995 33.0067529487358 2.37170522221597
0.471495 33.0417923365729 1.44659972031527
0.471995 33.0768317244101 0.562828069796618
0.472495 33.1118711122473 -0.323490114876008
0.472995 33.1469105000845 -1.01339063720087
0.473495 33.1819498879216 -1.59729049965623
0.473995 33.2169892757588 -1.82994988676683
0.474495 33.252028663596 -2.20805366418917
0.474995 33.2870680514331 -2.31726285934814
0.475495 33.3221074392703 -2.39644271595518
0.475995 33.3571468271075 -2.19543936601356
0.476495 33.3921862149447 -1.93730000268198
0.476995 33.4272256027818 -1.55433863759088
0.477495 33.462264990619 -0.76446853338412
0.477995 33.4973043784562 0.0505797185725478
0.478495 33.5323437662933 0.662263807140368
0.478995 33.5673831541305 1.15095652795665
0.479495 33.6024225419677 1.53645807989218
0.479995 33.6374619298048 1.57439930997561
0.480495 33.672501317642 1.67377112573287
0.480995 33.7075407054792 1.4877245535459
0.481495 33.7425800933164 1.15576182733766
0.481995 33.7776194811535 1.0742195565953
0.482495 33.8126588689907 0.640339595648236
0.482995 33.8476982568279 0.254077460349551
0.483495 33.882737644665 0.00405278027379718
0.483995 33.9177770325022 -0.421210962345038
0.484495 33.9528164203394 -0.648650536178903
0.484995 33.9878558081765 -0.737049643278964
0.485495 34.0228951960137 -0.70577256847059
0.485995 34.0579345838509 -0.538718815797673
0.486495 34.092973971688 -0.152652975821878
0.486995 34.1280133595252 -0.076096009095766
0.487495 34.1630527473624 -0.0372204587288316
0.487995 34.1980921351996 -0.183670053013788
0.488495 34.2331315230367 -0.238998702523151
0.488995 34.2681709108739 -0.120788736815663
0.489495 34.3032102987111 -0.138170326351643
0.489995 34.3382496865482 -0.0479908885257835
0.490495 34.3732890743854 0.187931400128674
0.490995 34.4083284622226 0.125227135843241
0.491495 34.4433678500598 -0.0992983857374409
0.491995 34.4784072378969 -0.35249991319449
0.492495 34.5134466257341 -0.560811923111642
0.492995 34.5484860135713 -0.753250016893078
0.493495 34.5835254014084 -0.7165938182356
0.493995 34.6185647892456 -0.668478039617829
0.494495 34.6536041770828 -0.372214646737377
0.494995 34.6886435649199 -0.218098661658868
0.495495 34.7236829527571 0.132972741187175
0.495995 34.7587223405943 0.496051883506509
0.496495 34.7937617284314 0.895247735020002
0.496995 34.8288011162686 1.00523599774279
0.497495 34.8638405041058 1.14835846662074
0.497995 34.898879891943 1.31221734650653
0.498495 34.9339192797801 1.41595153161996
0.498995 34.9689586676173 1.25972785048213
0.499495 35.0039980554545 1.02447600702073
0.499995 35.0390374432916 0.534294907155493
