# Fix print output for fix Step
0 0 -0.748479683182111
0.000495000000000035 0.0151239212415533 2.26452993608741
0.000995000000000098 0.0304006093643352 -0.244309362051402
0.00149499999999998 0.0456772974871114 2.80332254645526
0.00199500000000004 0.0609539856098934 1.24908631137939
0.0024950000000001 0.0762306737326753 1.74134987335334
0.00299499999999998 0.0915073618554516 3.11513810890029
0.00349500000000004 0.106784049978234 1.25516523337687
0.00399500000000011 0.122060738101015 3.85287045181058
0.00449499999999998 0.137337426223792 0.751653005071158
0.00499500000000005 0.152614114346574 5.0073501211028
0.00549500000000011 0.167890802469356 1.30168167926686
0.00599499999999999 0.183167490592132 4.93875383204357
0.00649500000000005 0.198444178714914 2.68015464912933
0.00699500000000011 0.213720866837696 4.35279270538691
0.00749499999999999 0.228997554960472 4.13360701718807
0.00799500000000005 0.244274243083254 3.8764474371872
0.00849500000000012 0.259550931206036 5.34126405767462
0.00899499999999999 0.274827619328812 3.36185714017362
0.00949500000000006 0.290104307451594 6.45214896800001
0.00999500000000012 0.305380995574376 3.57498514026854
0.010495 0.320657683697152 6.72872101490203
0.0109950000000001 0.335934371819934 4.23540957936947
0.0114950000000001 0.351211059942716 6.91537788735094
0.011995 0.366487748065492 4.99613166351479
0.0124950000000001 0.381764436188274 6.53211907815342
0.0129950000000001 0.397041124311056 6.4937793196131
0.013495 0.412317812433832 6.29798193788822
0.0139950000000001 0.427594500556614 7.22202043426484
0.0144950000000001 0.442871188679396 6.2795301635717
0.014995 0.458147876802173 8.27982832253032
0.0154950000000001 0.473424564924954 6.25421361955886
0.0159950000000001 0.488701253047736 8.61935884169528
0.016495 0.503977941170513 6.87569143842255
0.0169950000000001 0.519254629293295 8.85310426540422
0.0174950000000001 0.534531317416077 7.38458445071763
0.017995 0.549808005538853 8.63699375696604
0.0184950000000001 0.565084693661635 8.48877061243256
0.0189950000000001 0.580361381784417 8.83233497922548
0.019495 0.595638069907193 9.20597667998595
0.0199950000000001 0.610914758029975 8.65986662511405
0.0204950000000001 0.626191446152757 9.96405770427683
0.020995 0.641468134275533 8.92182858829727
0.0214950000000001 0.656744822398315 10.3927058928601
0.0219950000000001 0.672021510521097 9.16923118123501
0.022495 0.687298198643873 10.7812084594338
0.0229950000000001 0.702574886766655 9.76659369853567
0.0234950000000002 0.717851574889437 10.892847380532
0.023995 0.733128263012213 10.4178066698925
0.0244950000000001 0.748404951134995 10.9213367677522
0.0249950000000002 0.763681639257777 11.0082668976698
0.025495 0.778958327380553 10.9165875225864
0.0259950000000001 0.794235015503335 11.687356135333
0.0264950000000002 0.809511703626117 11.1565050396592
0.026995 0.824788391748893 12.1568164937258
0.0274949999999999 0.84006507987167 11.5407157248946
0.0279950000000002 0.855341767994457 12.4625089392424
0.028495 0.870618456117234 11.9020509802127
0.0289949999999999 0.88589514424001 12.852337615771
0.0294950000000002 0.901171832362797 12.3114910146728
0.029995 0.916448520485574 12.9540115741085
0.0304949999999999 0.93172520860835 13.2220885258896
0.0309950000000002 0.947001896731138 13.1001523599514
0.0314950000000001 0.962278584853914 13.2477797476846
0.0319949999999999 0.97755527297669 13.2568188247969
0.0324950000000002 0.992831961099478 13.9424036220944
0.0329950000000001 1.00810864922225 13.6046301358352
0.0334949999999999 1.02338533734503 14.3005495441088
0.0339950000000002 1.03866202546782 14.0267921181921
0.0344950000000001 1.05393871359059 14.663649352895
0.0349949999999999 1.06921540171337 14.5438894581977
0.0354950000000002 1.08449208983616 14.8008587098183
0.0359950000000001 1.09976877795893 14.8692501786606
0.0364949999999999 1.11504546608171 15.0075980936864
0.036995 1.13032215420449 15.3740099102852
0.0374950000000001 1.14559884232727 15.2854597641021
0.0379949999999999 1.16087553045005 15.9411447566617
0.038495 1.17615221857283 15.6195931590045
0.0389950000000001 1.19142890669561 16.2172868348715
0.0394949999999999 1.20670559481839 15.9792549178049
0.039995 1.22198228294117 16.5059741607699
0.0404950000000001 1.23725897106395 16.341728919578
0.0409949999999999 1.25253565918673 16.6948013350152
0.041495 1.26781234730951 16.789166023975
0.0419950000000001 1.28308903543229 17.0216922057598
0.0424949999999999 1.29836572355507 17.1965388072147
0.042995 1.31364241167785 17.2024215985598
0.0434950000000001 1.32891909980063 17.6538194066606
0.043995 1.34419578792341 17.6007562851123
0.044495 1.35947247604619 17.9783820113457
0.0449950000000001 1.37474916416897 17.9384606970803
0.045495 1.39002585229175 18.3131722307088
0.045995 1.40530254041453 18.2447429037563
0.0464950000000001 1.42057922853731 18.5820135567951
0.046995 1.43585591666009 18.5398488330934
0.047495 1.45113260478287 18.8558084158812
0.0479950000000001 1.46640929290566 19.0706146795089
0.048495 1.48168598102843 19.1772878720608
0.048995 1.49696266915121 19.3422373526341
0.0494950000000001 1.512239357274 19.5418660873824
0.049995 1.52751604539677 19.8109728234743
0.050495 1.54279273351955 19.7111200588841
0.0509950000000001 1.55806942164234 20.1293231108154
0.051495 1.57334610976511 20.1324552926753
0.051995 1.58862279788789 20.3911073005438
0.0524950000000001 1.60389948601068 20.4710638678209
0.052995 1.61917617413345 20.7533889050951
0.053495 1.63445286225623 20.8346611750976
0.0539950000000001 1.64972955037902 20.9922332492928
0.054495 1.66500623850179 21.2044253065049
0.054995 1.68028292662457 21.1752482051466
0.0554950000000001 1.69555961474736 21.5028761925444
0.055995 1.71083630287013 21.3808185797831
0.0564950000000001 1.72611299099291 21.7363770336423
0.0569950000000001 1.7413896791157 21.757390193609
0.057495 1.75666636723847 22.2210146531208
0.0579950000000001 1.77194305536125 22.0489395575979
0.0584950000000001 1.78721974348404 22.3585342166698
0.058995 1.80249643160681 22.5115075353433
0.0594950000000001 1.81777311972959 22.6536066767348
0.0599950000000001 1.83304980785238 22.8973700957148
0.060495 1.84832649597515 22.8948562625705
0.0609950000000001 1.86360318409793 23.2120937679843
0.0614950000000001 1.87887987222072 23.0984720359735
0.061995 1.89415656034349 23.6315901398253
0.0624950000000001 1.90943324846627 23.41849898376
0.0629950000000001 1.92470993658906 23.841116349707
0.063495 1.93998662471183 23.8013212623
0.0639950000000001 1.95526331283461 24.0992878788866
0.0644950000000001 1.9705400009574 24.1135370669212
0.064995 1.98581668908017 24.4888896013797
0.0654950000000001 2.00109337720295 24.5510383787127
0.0659950000000001 2.01637006532574 24.539156811583
0.066495 2.03164675344851 24.818017328795
0.0669950000000001 2.04692344157129 24.8059973633737
0.0674950000000001 2.06220012969408 25.2418107157572
0.067995 2.07747681781685 25.1434154892367
0.0684950000000001 2.09275350593963 25.463419728415
0.0689950000000001 2.10803019406242 25.3245962216361
0.069495 2.12330688218519 25.826312160705
0.0699950000000001 2.13858357030797 25.7933156864048
0.0704950000000001 2.15386025843076 25.9341912774537
0.070995 2.16913694655353 26.1760148205812
0.0714950000000001 2.18441363467632 26.1563609770066
0.0719950000000002 2.1996903227991 26.4683832008114
0.072495 2.21496701092187 26.34709714385
0.0729950000000001 2.23024369904466 26.8691991379086
0.0734950000000002 2.24552038716744 26.6085602238807
0.073995 2.26079707529021 27.103765059619
0.0744950000000001 2.276073763413 26.9894703210148
0.0749950000000002 2.29135045153578 27.298018864953
0.075495 2.30662713965855 27.2894592072075
0.0759949999999999 2.32190382778133 27.5433080625197
0.0764950000000002 2.33718051590412 27.7738736640437
0.076995 2.35245720402689 27.7771670300351
0.0774949999999999 2.36773389214967 28.1071911960732
0.0779950000000002 2.38301058027246 28.0132311578692
0.078495 2.39828726839523 28.4174635154262
0.0789949999999999 2.41356395651801 28.285189895906
0.0794950000000002 2.4288406446408 28.6846848488462
0.0799950000000001 2.44411733276357 28.6089155743607
0.0804949999999999 2.45939402088635 28.9610186054854
0.0809950000000002 2.47467070900914 28.8836341666753
0.0814950000000001 2.48994739713191 29.0151834863536
0.0819949999999999 2.50522408525469 29.2280262677463
0.0824950000000002 2.52050077337748 29.3612493156569
0.0829950000000001 2.53577746150025 29.511834936529
0.0834949999999999 2.55105414962303 29.5023828566904
0.0839950000000002 2.56633083774582 29.9253020993627
0.0844950000000001 2.58160752586859 29.8418305257096
0.0849949999999999 2.59688421399137 30.1129545705831
0.085495 2.61216090211415 29.9726242680336
0.0859950000000001 2.62743759023693 30.3703943272939
0.0864949999999999 2.64271427835971 30.4310920703411
0.0869950000000002 2.6579909664825 30.6534807492459
0.0874950000000001 2.67326765460527 30.617036735923
0.0879949999999999 2.68854434272805 30.7599035771491
0.088495 2.70382103085083 30.9659663724597
0.0889950000000001 2.71909771897361 31.1002360580969
0.0894949999999999 2.73437440709639 31.2781341078311
0.0899950000000002 2.74965109521918 31.2726449391494
0.0904950000000001 2.76492778334195 31.4856370750936
0.090995 2.78020447146473 31.5469427561445
0.091495 2.79548115958751 31.7634831430143
0.0919950000000001 2.81075784771029 31.7924886166424
0.092495 2.82603453583307 31.9123679279951
0.092995 2.84131122395585 31.9409101027259
0.0934950000000001 2.85658791207864 32.1780565953797
0.093995 2.87186460020141 32.4403609981973
0.094495 2.88714128832419 32.4014296070658
0.0949950000000001 2.90241797644698 32.6667325068242
0.095495 2.91769466456975 32.6666866376434
0.095995 2.93297135269253 32.7722205437622
0.0964950000000001 2.94824804081532 32.844817746069
0.096995 2.96352472893809 33.0358285878784
0.097495 2.97880141706087 33.2040402175089
0.0979950000000001 2.99407810518366 33.3177595305956
0.098495 3.00935479330643 33.4613521054028
0.098995 3.02463148142921 33.4389558270353
0.0994950000000001 3.039908169552 33.678215913044
0.099995 3.05518485767477 33.669759699164
0.100495 3.07046154579755 33.9888717747628
0.100995 3.08573823392034 33.9724041154845
0.101495 3.10101492204311 34.1626767863605
0.101995 3.11629161016589 34.2176327599986
0.102495 3.13156829828868 34.4702294671737
0.102995 3.14684498641145 34.5265610041586
0.103495 3.16212167453423 34.5937302909808
0.103995 3.17739836265702 34.7590795872628
0.104495 3.19267505077979 34.7792672583337
0.104995 3.20795173890257 34.990731151218
0.105495 3.22322842702536 35.0378072123955
0.105995 3.23850511514813 35.3112623659065
0.106495 3.25378180327091 35.333882683464
0.106995 3.2690584913937 35.388854532793
0.107495 3.28433517951647 35.4618541380307
0.107995 3.29961186763925 35.7041292244213
0.108495 3.31488855576204 35.7808640701605
0.108995 3.33016524388481 35.8106339829648
0.109495 3.34544193200759 36.0053144064484
0.109995 3.36071862013038 36.0540909402044
0.110495 3.37599530825315 36.3672269381924
0.110995 3.39127199637593 36.2415453626437
0.111495 3.40654868449872 36.4572588744709
0.111995 3.42182537262149 36.4877596674922
0.112495 3.43710206074427 36.67388920376
0.112995 3.45237874886706 36.7497555081956
0.113495 3.46765543698983 36.7745021410138
0.113995 3.48293212511261 36.9345042202865
0.114495 3.4982088132354 37.0435886888094
0.114995 3.51348550135817 37.1841213385012
0.115495 3.52876218948095 37.1225502438378
0.115995 3.54403887760374 37.3044669034438
0.116495 3.55931556572651 37.4654180105131
0.116995 3.57459225384929 37.6013741967423
0.117495 3.58986894197208 37.5527920047894
0.117995 3.60514563009485 37.7339022725544
0.118495 3.62042231821763 37.9501080242284
0.118995 3.63569900634042 37.9844303612089
0.119495 3.65097569446319 38.1307342104676
0.119995 3.66625238258597 38.1804133681381
0.120495 3.68152907070876 38.2646763881894
0.120995 3.69680575883153 38.3236889534984
0.121495 3.71208244695431 38.4891749540474
0.121995 3.7273591350771 38.609964890867
0.122495 3.74263582319987 38.7285436844528
0.122995 3.75791251132265 38.7314621397681
0.123495 3.77318919944544 38.8319525861294
0.123995 3.78846588756821 39.1194175532194
0.124495 3.80374257569099 39.1909596950178
0.124995 3.81901926381378 39.2030803316787
0.125495 3.83429595193655 39.2739965260977
0.125995 3.84957264005933 39.4043777638474
0.126495 3.86484932818212 39.4755258541772
0.126995 3.88012601630489 39.5612466060127
0.127495 3.89540270442767 39.6781332147179
0.127995 3.91067939255046 39.7880640351419
0.128495 3.92595608067323 39.868892211243
0.128995 3.94123276879601 39.9943295336398
0.129495 3.9565094569188 39.9633773384964
0.129995 3.97178614504157 40.1425251774437
0.130495 3.98706283316435 40.3817853161418
0.130995 4.00233952128714 40.3454171902873
0.131495 4.01761620940991 40.2698277772224
0.131995 4.03289289753269 40.4601859967498
0.132495 4.04816958565548 40.5783273131689
0.132995 4.06344627377825 40.7946236694947
0.133495 4.07872296190103 40.7749983287666
0.133995 4.09399965002381 40.8270133267821
0.134495 4.10927633814659 40.9736703656941
0.134995 4.12455302626937 41.0948928406603
0.135495 4.13982971439216 41.1418514159208
0.135995 4.15510640251493 41.2556959966039
0.136495 4.17038309063771 41.306258982852
0.136995 4.18565977876049 41.4201540994513
0.137495 4.20093646688327 41.4934833955536
0.137995 4.21621315500605 41.5820205027164
0.138495 4.23148984312884 41.6921625510504
0.138995 4.24676653125161 41.8408453751123
0.139495 4.26204321937439 41.8699347412685
0.139995 4.27731990749717 41.8590941320086
0.140495 4.29259659561995 42.121936930198
0.140995 4.30787328374273 42.1429126280809
0.141495 4.32314997186552 42.2137892202261
0.141995 4.3384266599883 42.2054090704847
0.142495 4.35370334811107 42.41598764365
0.142995 4.36898003623385 42.4703794303385
0.143495 4.38425672435663 42.4819109643269
0.143995 4.39953341247941 42.6050497390459
0.144495 4.4148101006022 42.692715665927
0.144995 4.43008678872498 42.7923791981757
0.145495 4.44536347684775 42.7903409131648
0.145995 4.46064016497053 42.9085968343204
0.146495 4.47591685309331 43.0197730365601
0.146995 4.49119354121609 43.0501300937076
0.147495 4.50647022933887 43.0846445501542
0.147995 4.52174691746166 43.1721789344898
0.148495 4.53702360558443 43.2839825146338
0.148995 4.55230029370721 43.3557055960699
0.149495 4.56757698183 43.4962364634014
0.149995 4.58285366995277 43.5712692102319
0.150495 4.59813035807555 43.5654216827393
0.150995 4.61340704619834 43.7222322217343
0.151495 4.62868373432111 43.6425902880792
0.151995 4.64396042244389 43.8360320096021
0.152495 4.65923711056668 43.8084008315716
0.152995 4.67451379868945 43.8913341378749
0.153495 4.68979048681223 44.0200341507482
0.153995 4.70506717493502 44.1946243256605
0.154495 4.72034386305779 44.2237479079948
0.154995 4.73562055118057 44.2328195760507
0.155495 4.75089723930336 44.3104985078301
0.155995 4.76617392742613 44.4498761366563
0.156495 4.78145061554891 44.5123631686037
0.156995 4.7967273036717 44.5166960042467
0.157495 4.81200399179447 44.6476649108206
0.157995 4.82728067991725 44.6411364610209
0.158495 4.84255736804004 44.782418362089
0.158995 4.85783405616281 44.7581772822061
0.159495 4.87311074428559 44.9322605700214
0.159995 4.88838743240838 44.8836198007424
0.160495 4.90366412053115 45.1762442134634
0.160995 4.91894080865393 45.1132886212159
0.161495 4.93421749677672 45.1645552328743
0.161995 4.94949418489949 45.1950684573032
0.162495 4.96477087302227 45.377953533277
0.162995 4.98004756114506 45.4225349475581
0.163495 4.99532424926783 45.4110480566225
0.163995 5.01060093739062 45.4814404537786
0.164495 5.0258776255134 45.6216858957908
0.164995 5.04115431363617 45.7215266479675
0.165495 5.05643100175895 45.6955968730584
0.165995 5.07170768988174 45.7197022784073
0.166495 5.08698437800451 45.7960339955001
0.166995 5.1022610661273 45.9484721043293
0.167495 5.11753775425008 46.0454965581111
0.167995 5.13281444237285 45.9937208450745
0.168495 5.14809113049563 46.0555334834405
0.168995 5.16336781861842 46.1581602768301
0.169495 5.17864450674119 46.2416032945597
0.169995 5.19392119486398 46.1806990719417
0.170495 5.20919788298676 46.3398510130401
0.170995 5.22447457110953 46.4378228512217
0.171495 5.23975125923232 46.5047252858823
0.171995 5.2550279473551 46.4865492005976
0.172495 5.27030463547787 46.5979776515985
0.172995 5.28558132360066 46.7444268371557
0.173495 5.30085801172344 46.677587653845
0.173995 5.31613469984621 46.7990918102829
0.174495 5.33141138796899 46.8543583140929
0.174995 5.34668807609178 46.9338001087964
0.175495 5.36196476421455 46.8748131619695
0.175995 5.37724145233733 47.0177707797191
0.176495 5.39251814046012 47.0323531836128
0.176995 5.40779482858289 47.184407015705
0.177495 5.42307151670567 47.1408763822855
0.177995 5.43834820482846 47.1207501282629
0.178495 5.45362489295123 47.2115274683317
0.178995 5.46890158107401 47.3580285220592
0.179495 5.48417826919679 47.3989546222633
0.179995 5.49945495731957 47.386475569941
0.180495 5.51473164544235 47.4411554117899
0.180995 5.53000833356514 47.5224131766323
0.181495 5.54528502168791 47.6151801743197
0.181995 5.56056170981069 47.6911083896105
0.182495 5.57583839793347 47.7612994057486
0.182995 5.59111508605625 47.7466070210763
0.183495 5.60639177417903 47.7764671190943
0.183995 5.62166846230182 47.8668391400262
0.184495 5.63694515042459 48.0592060671733
0.184995 5.65222183854737 48.014843743022
0.185495 5.66749852667015 48.1119209538459
0.185995 5.68277521479293 48.0795819723246
0.186495 5.69805190291571 48.1679851120674
0.186995 5.7133285910385 48.274064887962
0.187495 5.72860527916127 48.223481998632
0.187995 5.74388196728405 48.3811199721277
0.188495 5.75915865540683 48.4294413034481
0.188995 5.77443534352961 48.5040526745449
0.189495 5.78971203165239 48.4255270283848
0.189995 5.80498871977518 48.5402546508494
0.190495 5.82026540789795 48.5628044173496
0.190995 5.83554209602073 48.6996800595527
0.191495 5.85081878414351 48.6765435575927
0.191995 5.8660954722663 48.6774528253835
0.192495 5.88137216038907 48.7871668948454
0.192995 5.89664884851185 48.7809425794295
0.193495 5.91192553663464 48.8974758055615
0.193995 5.92720222475741 48.8150664919584
0.194495 5.94247891288019 49.0036544835642
0.194995 5.95775560100298 48.9450037035415
0.195495 5.97303228912575 49.0115643680569
0.195995 5.98830897724853 48.9625070042363
0.196495 6.00358566537132 49.1507818359151
0.196995 6.01886235349409 49.0699442773548
0.197495 6.03413904161687 49.2280056605
0.197995 6.04941572973966 49.1957053022868
0.198495 6.06469241786243 49.3235683076437
0.198995 6.07996910598521 49.4288116576475
0.199495 6.095245794108 49.3445089110769
0.199995 6.11052248223077 49.4428161316454
0.200495 6.12579917035355 49.567019659886
0.200995 6.14107585847634 49.6124784040211
0.201495 6.15635254659911 49.5074525026746
0.201995 6.17162923472189 49.669606647495
0.202495 6.18690592284468 49.6579765308616
0.202995 6.20218261096745 49.7971501336324
0.203495 6.21745929909023 49.6801031379925
0.203995 6.23273598721302 49.8313776519476
0.204495 6.24801267533579 49.7969521082115
0.204995 6.26328936345857 49.9937918834742
0.205495 6.27856605158136 49.9219712625835
0.205995 6.29384273970413 49.9151133955013
0.206495 6.30911942782691 50.0133104758524
0.206995 6.3243961159497 50.0951664022836
0.207495 6.33967280407247 50.1467672957685
0.207995 6.35494949219525 50.1383064176296
0.208495 6.37022618031804 50.2468519397724
0.208995 6.38550286844081 50.2592324871305
0.209495 6.40077955656359 50.4222462965623
0.209995 6.41605624468638 50.2466498200425
0.210495 6.43133293280915 50.3732762772466
0.210995 6.44660962093193 50.4049890879625
0.211495 6.46188630905472 50.5213736509818
0.211995 6.47716299717749 50.5890074069372
0.212495 6.49243968530027 50.5814206969607
0.212995 6.50771637342306 50.6331009842634
0.213495 6.52299306154583 50.6537580444015
0.213995 6.53826974966861 50.8389911830318
0.214495 6.5535464377914 50.6958842361214
0.214995 6.56882312591417 50.7809938553732
0.215495 6.58409981403695 50.7901256533604
0.215995 6.59937650215974 50.9678840184662
0.216495 6.61465319028251 50.968374418538
0.216995 6.62992987840529 50.9716463913674
0.217495 6.64520656652808 50.9842022755504
0.217995 6.66048325465085 51.0933921960149
0.218495 6.67575994277363 51.1829701310338
0.218995 6.69103663089642 51.0444968572688
0.219495 6.70631331901919 51.1534744819208
0.219995 6.72159000714197 51.1895651771364
0.220495 6.73686669526476 51.3318178318844
0.220995 6.75214338338753 51.2122602709776
0.221495 6.76742007151031 51.350743024451
0.221995 6.7826967596331 51.2289493279348
0.222495 6.79797344775587 51.4686025363632
0.222995 6.81325013587865 51.4877235954604
0.223495 6.82852682400144 51.5128518517394
0.223995 6.84380351212421 51.5090583285335
0.224495 6.85908020024699 51.5701239427556
0.224995 6.87435688836978 51.4733871849196
0.225495 6.88963357649255 51.5711739524407
0.225995 6.90491026461533 51.8005908985859
0.226495 6.92018695273812 51.6058033864975
0.226995 6.93546364086089 51.7121888840025
0.227495 6.95074032898367 51.6932273325916
0.227995 6.96601701710646 51.8488461852506
0.228495 6.98129370522923 51.8250756410257
0.228995 6.99657039335201 51.8773674856684
0.229495 7.0118470814748 51.8811613135435
0.229995 7.02712376959757 51.9409351797843
0.230495 7.04240045772035 52.0560593884141
0.230995 7.05767714584313 52.0516869316644
0.231495 7.07295383396591 52.1190351037449
0.231995 7.08823052208869 52.1204933253166
0.232495 7.10350721021148 52.2876793834394
0.232995 7.11878389833425 52.3005753531897
0.233495 7.13406058645703 52.3300508254726
0.233995 7.14933727457981 52.3639000556652
0.234495 7.16461396270259 52.28611633149
0.234995 7.17989065082537 52.4266306124463
0.235495 7.19516733894816 52.4654970161259
0.235995 7.21044402707093 52.5668197451844
0.236495 7.22572071519371 52.3547155487032
0.236995 7.24099740331649 52.5647533095908
0.237495 7.25627409143928 52.6585334910703
0.237995 7.27155077956205 52.6974699996456
0.238495 7.28682746768484 52.6363490833149
0.238995 7.30210415580761 52.7250211479186
0.239495 7.31738084393039 52.8138193413279
0.239995 7.33265753205317 52.8263190620849
0.240495 7.34793422017596 52.8830118960645
0.240995 7.36321090829873 52.8035573074665
0.241495 7.37848759642151 52.9411856070494
0.241995 7.39376428454429 52.913763391133
0.242495 7.40904097266707 53.1363275238314
0.242995 7.42431766078985 53.0281422950709
0.243495 7.43959434891264 53.1389937147839
0.243995 7.45487103703541 53.1470701409398
0.244495 7.47014772515819 53.2612597362831
0.244995 7.48542441328098 53.1605279715042
0.245495 7.50070110140375 53.3013401165706
0.245995 7.51597778952653 53.2916181282668
0.246495 7.53125447764932 53.3111565076423
0.246995 7.54653116577209 53.4633482395514
0.247495 7.56180785389487 53.4968587975167
0.247995 7.57708454201766 53.4469224352859
0.248495 7.59236123014043 53.4827324646051
0.248995 7.60763791826321 53.5478351556804
0.249495 7.622914606386 53.6183395030706
0.249995 7.63819129450877 53.6752418556164
0.250495 7.65346798263156 53.6348910724319
0.250995 7.66874467075434 53.6475287279064
0.251495 7.68402135887711 53.9240065784366
0.251995 7.69929804699989 53.8764034506892
0.252495 7.71457473512268 53.9014741351113
0.252995 7.72985142324545 53.9778244678555
0.253495 7.74512811136824 53.9460836449856
0.253995 7.76040479949102 54.0282008429896
0.254495 7.77568148761379 54.0728288679697
0.254995 7.79095817573657 54.1007739359488
0.255495 7.80623486385936 54.0647100795732
0.255995 7.82151155198213 54.2550898494372
0.256495 7.83678824010491 54.2088042313184
0.256995 7.8520649282277 54.2934372238596
0.257495 7.86734161635047 54.1940842703862
0.257995 7.88261830447325 54.4012927674205
0.258495 7.89789499259604 54.4218646673841
0.258995 7.91317168071881 54.5005550304401
0.259495 7.92844836884159 54.6434038059038
0.259995 7.94372505696438 54.4740698369526
0.260495 7.95900174508715 54.6707333920511
0.260995 7.97427843320993 54.667925095408
0.261495 7.98955512133272 54.8194326878306
0.261995 8.00483180945549 54.7477141965059
0.262495 8.02010849757827 54.8100070837612
0.262995 8.03538518570106 54.7761331712854
0.263495 8.05066187382383 54.8266245082601
0.263995 8.06593856194661 54.9370687854699
0.264495 8.0812152500694 55.0956016290827
0.264995 8.09649193819217 55.151986371559
0.265495 8.11176862631495 55.0391086822071
0.265995 8.12704531443774 55.2036308524415
0.266495 8.14232200256051 55.1428062493903
0.266995 8.15759869068329 55.414961196384
0.267495 8.17287537880608 55.363854590346
0.267995 8.18815206692885 55.4129660765924
0.268495 8.20342875505163 55.4315322581549
0.268995 8.21870544317442 55.4132977904547
0.269495 8.23398213129719 55.570916044908
0.269995 8.24925881941997 55.6461535053416
0.270495 8.26453550754276 55.7196090438111
0.270995 8.27981219566553 55.6180232693211
0.271495 8.29508888378831 55.6764872969961
0.271995 8.3103655719111 55.8218300986936
0.272495 8.32564226003387 55.9194850226018
0.272995 8.34091894815665 55.9507030902974
0.273495 8.35619563627943 56.0522141561421
0.273995 8.37147232440221 56.0744505065668
0.274495 8.38674901252499 56.1303753620086
0.274995 8.40202570064778 56.284382806793
0.275495 8.41730238877055 56.277811784072
0.275995 8.43257907689333 56.3363370170796
0.276495 8.44785576501611 56.3606473604435
0.276995 8.46313245313889 56.4085259370016
0.277495 8.47840914126167 56.5614910967395
0.277995 8.49368582938446 56.5981396262344
0.278495 8.50896251750723 56.6779396634987
0.278995 8.52423920563001 56.7721696906968
0.279495 8.53951589375279 56.8052648081085
0.279995 8.55479258187557 56.8314116339237
0.280495 8.57006926999835 56.8447968441958
0.280995 8.58534595812114 56.782685129291
0.281495 8.60062264624391 57.2101828392848
0.281995 8.61589933436669 56.9801809366775
0.282495 8.63117602248947 57.1526381743225
0.282995 8.64645271061226 57.2696001303302
0.283495 8.66172939873503 57.3288756551726
0.283995 8.67700608685782 57.5580727065818
0.284495 8.69228277498059 57.4033181473357
0.284995 8.70755946310337 57.3201187394275
0.285495 8.72283615122615 57.7236474817974
0.285995 8.73811283934893 57.5446017761843
0.286495 8.75338952747171 57.5874764135354
0.286995 8.7686662155945 57.6911513347576
0.287495 8.78394290371727 58.0604135918079
0.287995 8.79921959184005 58.0036135517737
0.288495 8.81449627996283 57.9666988236662
0.288995 8.82977296808562 58.2840305432801
0.289495 8.84504965620839 58.3613489473088
0.289995 8.86032634433118 58.2597992478747
0.290495 8.87560303245396 58.3811557381136
0.290995 8.89087972057673 58.5028259162606
0.291495 8.90615640869951 58.7182263412309
0.291995 8.92143309682229 58.6010635325874
0.292495 8.93670978494507 58.7637128696738
0.292995 8.95198647306786 58.7537403036271
0.293495 8.96726316119064 59.0198637515827
0.293995 8.98253984931341 58.7644732668991
0.294495 8.99781653743619 59.0748911651262
0.294995 9.01309322555898 59.1770476625694
0.295495 9.02836991368175 59.4221622260212
0.295995 9.04364660180454 59.510468442819
0.296495 9.05892328992732 59.5947234922133
0.296995 9.07419997805009 59.5518421733795
0.297495 9.08947666617287 59.698646151382
0.297995 9.10475335429566 59.8823300163807
0.298495 9.12003004241843 60.0170776211666
0.298995 9.13530673054122 60.0721519488903
0.299495 9.150583418664 60.0299876822178
0.299995 9.16586010678677 60.3725804998963
0.300495 9.18113679490955 60.2322765052189
0.300995 9.19641348303234 60.5043367843379
0.301495 9.21169017115511 60.3335152737171
0.301995 9.22696685927789 60.9504762275328
0.302495 9.24224354740068 60.9779978427401
0.302995 9.25752023552345 61.0831547110479
0.303495 9.27279692364623 60.9523719536451
0.303995 9.28807361176902 60.9583057558435
0.304495 9.30335029989179 61.1589840733332
0.304995 9.31862698801458 61.4877413673436
0.305495 9.33390367613736 61.7414455657772
0.305995 9.34918036426013 61.7121992786112
0.306495 9.36445705238291 61.9053627874713
0.306995 9.3797337405057 62.0057650318433
0.307495 9.39501042862847 61.9881997300544
0.307995 9.41028711675125 62.3855017020674
0.308495 9.42556380487404 62.3432495369598
0.308995 9.44084049299681 62.5803480578755
0.309495 9.45611718111959 62.8064265260076
0.309995 9.47139386924238 62.7151384997062
0.310495 9.48667055736515 62.9197455927064
0.310995 9.50194724548794 63.2342112130553
0.311495 9.51722393361072 63.165867878056
0.311995 9.53250062173349 63.4457603532703
0.312495 9.54777730985628 63.5992901759252
0.312995 9.56305399797906 63.8220007262018
0.313495 9.57833068610183 63.759905728613
0.313995 9.59360737422461 64.0850030783666
0.314495 9.6088840623474 63.9209919609498
0.314995 9.62416075047017 64.2803199352975
0.315495 9.63943743859295 64.5222698265198
0.315995 9.65471412671574 64.7570169090283
0.316495 9.66999081483851 64.8288018540269
0.316995 9.6852675029613 65.0250419213556
0.317495 9.70054419108408 65.2242490779218
0.317995 9.71582087920685 65.3094084756895
0.318495 9.73109756732963 65.5612681536053
0.318995 9.74637425545241 65.7662364538008
0.319495 9.76165094357519 65.819013870871
0.319995 9.77692763169797 66.1008331443431
0.320495 9.79220431982076 66.3221864651119
0.320995 9.80748100794353 66.5702020520928
0.321495 9.82275769606631 66.8953976727923
0.321995 9.83803438418909 66.796292908217
0.322495 9.85331107231187 67.0304148243572
0.322995 9.86858776043465 67.0594231645491
0.323495 9.88386444855744 67.7587265443198
0.323995 9.89914113668021 67.4945705343276
0.324495 9.91441782480299 68.0013080396814
0.324995 9.92969451292577 68.2948544007973
0.325495 9.94497120104855 68.1070043088628
0.325995 9.96024788917133 68.6710256057284
0.326495 9.97552457729412 68.6507029854562
0.326995 9.99080126541689 68.9193613728315
0.327495 10.0060779535397 69.1374436977631
0.327995 10.0213546416625 69.4911126262859
0.328495 10.0366313297852 69.5052985481389
0.328995 10.051908017908 70.0205150098326
0.329495 10.0671847060308 69.8638096139576
0.329995 10.0824613941536 70.3216111500274
0.330495 10.0977380822764 70.4534960953936
0.330995 10.1130147703991 70.6213597273858
0.331495 10.1282914585219 70.8514489603859
0.331995 10.1435681466447 71.4478733810637
0.332495 10.1588448347675 71.2784111128831
0.332995 10.1741215228903 71.5631940662967
0.333495 10.189398211013 71.8152975684704
0.333995 10.2046748991358 72.0736391051112
0.334495 10.2199515872586 72.2753092267763
0.334995 10.2352282753814 72.3125822670088
0.335495 10.2505049635042 72.6804336969196
0.335995 10.2657816516269 72.8081357074712
0.336495 10.2810583397497 73.3453674082237
0.336995 10.2963350278725 73.3154865495855
0.337495 10.3116117159953 73.8658317336389
0.337995 10.3268884041181 73.9973199162764
0.338495 10.3421650922408 74.1101694257789
0.338995 10.3574417803636 74.2830279690593
0.339495 10.3727184684864 74.7153783661355
0.339995 10.3879951566092 75.1067709559627
0.340495 10.403271844732 74.9393127741438
0.340995 10.4185485328547 75.5507579792543
0.341495 10.4338252209775 75.6558071592261
0.341995 10.4491019091003 76.0782951938081
0.342495 10.4643785972231 76.3503154463819
0.342995 10.4796552853459 76.6987811902362
0.343495 10.4949319734686 76.93421302989
0.343995 10.5102086615914 77.0225206631426
0.344495 10.5254853497142 77.027481627008
0.344995 10.540762037837 77.730678549809
0.345495 10.5560387259598 77.8005282125951
0.345995 10.5713154140825 78.2139320051635
0.346495 10.5865921022053 78.4273431365889
0.346995 10.6018687903281 78.7454434221212
0.347495 10.6171454784509 78.9131977411054
0.347995 10.6324221665737 79.4188481245724
0.348495 10.6476988546964 79.2659214174803
0.348995 10.6629755428192 79.6792091340339
0.349495 10.678252230942 80.2017342589608
0.349995 10.6935289190648 80.0616797822914
0.350495 10.7088056071876 80.5037415172516
0.350995 10.7240822953103 80.7406155724542
0.351495 10.7393589834331 81.0348997461366
0.351995 10.7546356715559 81.4512192222955
0.352495 10.7699123596787 81.7149214318585
0.352995 10.7851890478015 81.9077986327465
0.353495 10.8004657359242 82.3886418765806
0.353995 10.815742424047 82.538193199598
0.354495 10.8310191121698 82.9931991024238
0.354995 10.8462958002926 83.3764272607299
0.355495 10.8615724884154 83.4672170328579
0.355995 10.8768491765381 83.6106904239706
0.356495 10.8921258646609 83.9121387428524
0.356995 10.9074025527837 84.1314974240027
0.357495 10.9226792409065 84.8440107638448
0.357995 10.9379559290293 84.980446401835
0.358495 10.953232617152 85.2175865464095
0.358995 10.9685093052748 85.5955119590988
0.359495 10.9837859933976 85.8310204297359
0.359995 10.9990626815204 86.1763191908698
0.360495 11.0143393696432 86.4552902544512
0.360995 11.0296160577659 86.8223214015222
0.361495 11.0448927458887 87.0922961751976
0.361995 11.0601694340115 87.4334100458267
0.362495 11.0754461221343 87.7822616296195
0.362995 11.0907228102571 88.154512377974
0.363495 11.1059994983798 88.358324099315
0.363995 11.1212761865026 88.6349525805862
0.364495 11.1365528746254 89.0585867730552
0.364995 11.1518295627482 89.3027841596724
0.365495 11.167106250871 89.9655357573599
0.365995 11.1823829389937 90.3709632347238
0.366495 11.1976596271165 90.5820755155624
0.366995 11.2129363152393 90.9709407247378
0.367495 11.2282130033621 91.2341679637507
0.367995 11.2434896914849 91.4883809761697
0.368495 11.2587663796076 91.7723387792037
0.368995 11.2740430677304 92.0680605549385
0.369495 11.2893197558532 92.854966434133
0.369995 11.304596443976 92.7669335941925
0.370495 11.3198731320988 93.3707544905633
0.370995 11.3351498202215 93.6393375594177
0.371495 11.3504265083443 94.3053100222125
0.371995 11.3657031964671 93.9966046544195
0.372495 11.3809798845899 94.5466290087853
0.372995 11.3962565727127 94.9498461166176
0.373495 11.4115332608354 95.3106453350916
0.373995 11.4268099489582 95.8720966971384
0.374495 11.442086637081 96.5342002262908
0.374995 11.4573633252038 96.6635998109795
0.375495 11.4726400133266 96.9200371791359
0.375995 11.4879167014493 97.2472274157175
0.376495 11.5031933895721 97.6411068120546
0.376995 11.5184700776949 98.084069741992
0.377495 11.5337467658177 98.6867275241325
0.377995 11.5490234539405 98.8569337378882
0.378495 11.5643001420632 99.3511666111916
0.378995 11.579576830186 99.6576090276342
0.379495 11.5948535183088 99.8386942447852
0.379995 11.6101302064316 97.3594704819819
0.380495 11.6254068945544 91.8489557831169
0.380995 11.6406835826771 84.135822717369
0.381495 11.6559602707999 73.4004161094118
0.381995 11.6712369589227 64.176840074864
0.382495 11.6865136470455 57.1376301653791
0.382995 11.7017903351683 51.1489625525967
0.383495 11.717067023291 45.4033612738147
0.383995 11.7323437114138 40.4324387879153
0.384495 11.7476203995366 36.5678660352035
0.384995 11.7628970876594 33.8733156370023
0.385495 11.7781737757822 32.0240214068777
0.385995 11.7934504639049 30.4304918282569
0.386495 11.8087271520277 28.8544966124646
0.386995 11.8240038401505 27.2008203727371
0.387495 11.8392805282733 25.6421121294694
0.387995 11.8545572163961 24.18642882448
0.388495 11.8698339045188 22.7259680479081
0.388995 11.8851105926416 21.3036543797486
0.389495 11.9003872807644 20.016262070509
0.389995 11.9156639688872 18.7024901772028
0.390495 11.93094065701 17.0850959520541
0.390995 11.9462173451327 15.2523782206782
0.391495 11.9614940332555 13.2561240934347
0.391995 11.9767707213783 11.0757538409793
0.392495 11.9920474095011 8.76701456030701
0.392995 12.0073240976239 6.27612707224633
0.393495 12.0226007857466 3.61362973209773
0.393995 12.0378774738694 0.735972140345798
0.394495 12.0531541619922 -1.90279570514277
0.394995 12.068430850115 -4.53828874220291
0.395495 12.0837075382378 -7.14471568198531
0.395995 12.0989842263605 -9.89073499048088
0.396495 12.1142609144833 -11.9780656950341
0.396995 12.1295376026061 -9.86894947743572
0.397495 12.1448142907289 -7.52087856064975
0.397995 12.1600909788517 -5.78345280083694
0.398495 12.1753676669744 -4.268883398211
0.398995 12.1906443550972 -4.13822074882667
0.399495 12.20592104322 -4.2330534062526
0.399995 12.2211977313428 -4.40675934426919
0.400495 12.2364744194656 -4.68436271734811
0.400995 12.2517511075883 -4.11504583288151
0.401495 12.2670277957111 -4.08726304910445
0.401995 12.2823044838339 -3.46416782603887
0.402495 12.2975811719567 -3.03414504855184
0.402995 12.3128578600795 -3.22941632582042
0.403495 12.3281345482022 -2.71915776764576
0.403995 12.343411236325 -2.62906084274072
0.404495 12.3586879244478 -2.2608407423654
0.404995 12.3739646125706 -2.31425627559535
0.405495 12.3892413006934 -1.97272805204818
0.405995 12.4045179888161 -2.55106333708838
0.406495 12.4197946769389 -1.84154439719557
0.406995 12.4350713650617 -1.47762453134076
0.407495 12.4503480531845 -1.26712321003414
0.407995 12.4656247413073 -1.19106098451336
0.408495 12.48090142943 -0.875311699526528
0.408995 12.4961781175528 -0.991248699293693
0.409495 12.5114548056756 -0.696028783106531
0.409995 12.5267314937984 -0.726638917280161
0.410495 12.5420081819212 -0.336746341116704
0.410995 12.5572848700439 -0.0457030850253377
0.411495 12.5725615581667 0.234359349415559
0.411995 12.5878382462895 0.122333434959168
0.412495 12.6031149344123 -0.204238485266473
0.412995 12.6183916225351 -0.058223506737986
0.413495 12.6336683106578 0.085384162241728
0.413995 12.6489449987806 0.0354096939803321
0.414495 12.6642216869034 -0.144171639381872
0.414995 12.6794983750262 -0.233332981742889
0.415495 12.694775063149 -0.373451199439744
0.415995 12.7100517512717 -0.232045012980143
0.416495 12.7253284393945 -0.210034370444173
0.416995 12.7406051275173 -0.155225107001823
0.417495 12.7558818156401 0.121445690496386
0.417995 12.7711585037629 0.514596467332992
0.418495 12.7864351918856 0.841619909137678
0.418995 12.8017118800084 1.00497372657736
0.419495 12.8169885681312 1.26693079659344
0.419995 12.832265256254 1.50422078421003
0.420495 12.8475419443768 1.62683870681395
0.420995 12.8628186324995 1.45336129605018
0.421495 12.8780953206223 1.62130826412918
0.421995 12.8933720087451 1.71452113794954
0.422495 12.9086486968679 1.61026983913583
0.422995 12.9239253849906 1.4100398767306
0.423495 12.9392020731134 1.2762054726319
0.423995 12.9544787612362 1.04550149278269
0.424495 12.969755449359 0.669421483974959
0.424995 12.9850321374818 0.125442733416896
0.425495 13.0003088256046 0.104524523207365
0.425995 13.0155855137273 -0.42330702766765
0.426495 13.0308622018501 -0.707111008095652
0.426995 13.0461388899729 -0.662317818147553
0.427495 13.0614155780957 -1.18166240365242
0.427995 13.0766922662185 -1.09641638499282
0.428495 13.0919689543412 -1.14542288951975
0.428995 13.107245642464 -1.19503471366658
0.429495 13.1225223305868 -1.36030639690819
0.429995 13.1377990187096 -1.32739894590139
0.430495 13.1530757068324 -1.24943566463929
0.430995 13.1683523949551 -0.958769232753305
0.431495 13.1836290830779 -0.792662541957842
0.431995 13.1989057712007 -0.5271064859196
0.432495 13.2141824593235 -0.410758602905627
0.432995 13.2294591474463 -0.224472606683471
0.433495 13.244735835569 0.180810878585478
0.433995 13.2600125236918 0.246322399196548
0.434495 13.2752892118146 0.552576047454688
0.434995 13.2905658999374 0.732750131481531
0.435495 13.3058425880602 0.933157882599776
0.435995 13.3211192761829 1.08382569545877
0.436495 13.3363959643057 1.26863416768354
0.436995 13.3516726524285 1.31155325407854
0.437495 13.3669493405513 1.10058575509369
0.437995 13.3822260286741 1.14876358467547
0.438495 13.3975027167968 1.08571174946931
0.438995 13.4127794049196 1.06659581701465
0.439495 13.4280560930424 0.845813985779264
0.439995 13.4433327811652 0.795762409902045
0.440495 13.458609469288 0.447132645577065
0.440995 13.4738861574107 0.543388681577646
0.441495 13.4891628455335 0.148894822469836
0.441995 13.5044395336563 -0.214092897417714
0.442495 13.5197162217791 -0.375364042549283
0.442995 13.5349929099019 -0.548419099454123
0.443495 13.5502695980246 -0.80490665626305
0.443995 13.5655462861474 -1.21033392622957
0.444495 13.5808229742702 -1.0178660498886
0.444995 13.596099662393 -1.05000351853723
0.445495 13.6113763505158 -1.01856115855447
0.445995 13.6266530386385 -0.838805303663849
0.446495 13.6419297267613 -0.76613537705884
0.446995 13.6572064148841 -0.685035794609428
0.447495 13.6724831030069 -0.585341644224279
0.447995 13.6877597911297 -0.208458311149277
0.448495 13.7030364792524 0.0307010480347482
0.448995 13.7183131673752 0.276384100098678
0.449495 13.733589855498 0.615936388548748
0.449995 13.7488665436208 0.787824769942492
0.450495 13.7641432317435 0.989302492040403
0.450995 13.7794199198663 1.1688925191576
0.451495 13.7946966079891 1.22067543312962
0.451995 13.8099732961119 1.29756991008984
0.452495 13.8252499842347 1.02594947987036
0.452995 13.8405266723575 0.963441112973905
0.453495 13.8558033604802 0.820879391489054
0.453995 13.871080048603 0.843327545064764
0.454495 13.8863567367258 0.745191252575755
0.454995 13.9016334248486 0.559289953726075
0.455495 13.9169101129714 0.403089552199968
0.455995 13.9321868010941 0.19006091390069
0.456495 13.9474634892169 -0.168069626197894
0.456995 13.9627401773397 -0.380018929028657
0.457495 13.9780168654625 -0.470448061134488
0.457995 13.9932935535853 -0.771908325573295
0.458495 14.008570241708 -0.959373395595105
0.458995 14.0238469298308 -1.16568474905941
0.459495 14.0391236179536 -1.06097011955197
0.459995 14.0544003060764 -0.990253665548514
0.460495 14.0696769941992 -0.86254741005529
0.460995 14.0849536823219 -0.857361483552033
0.461495 14.1002303704447 -0.648017960732908
0.461995 14.1155070585675 -0.574927384023287
0.462495 14.1307837466903 -0.401096931593888
0.462995 14.1460604348131 -0.375999135144649
0.463495 14.1613371229358 -0.0358977119257503
0.463995 14.1766138110586 0.0737437605747211
0.464495 14.1918904991814 0.221741323642536
0.464995 14.2071671873042 0.574781298835541
0.465495 14.222443875427 0.826901733687397
0.465995 14.2377205635497 0.919453214986856
0.466495 14.2529972516725 0.870505668772609
0.466995 14.2682739397953 0.974756556514596
0.467495 14.2835506279181 0.832059707775329
0.467995 14.2988273160409 0.79205385967106
0.468495 14.3141040041636 0.65538082740801
0.468995 14.3293806922864 0.630683605261006
0.469495 14.3446573804092 0.536938079600057
0.469995 14.359934068532 0.37122374985137
0.470495 14.3752107566548 0.264968613983827
0.470995 14.3904874447775 0.120458397923357
0.471495 14.4057641329003 0.006224684205285
0.471995 14.4210408210231 -0.399750873169214
0.472495 14.4363175091459 -0.673385339872448
0.472995 14.4515941972687 -0.660995966386028
0.473495 14.4668708853914 -0.693115884737931
0.473995 14.4821475735142 -0.717655103955005
0.474495 14.497424261637 -0.755168163051503
0.474995 14.5127009497598 -0.676753208355896
0.475495 14.5279776378826 -0.501566050514845
0.475995 14.5432543260053 -0.468152504825201
0.476495 14.5585310141281 -0.397472836309056
0.476995 14.5738077022509 -0.293281512941881
0.477495 14.5890843903737 -0.194845819669495
0.477995 14.6043610784965 -0.10243980252661
0.478495 14.6196377666192 0.0227452226841768
0.478995 14.634914454742 0.212573972600463
0.479495 14.6501911428648 0.415456085989215
0.479995 14.6654678309876 0.484461980565171
0.480495 14.6807445191104 0.59013372034304
0.480995 14.6960212072331 0.536109804340804
0.481495 14.7112978953559 0.590967323166902
0.481995 14.7265745834787 0.554241450101104
0.482495 14.7418512716015 0.657383203016682
0.482995 14.7571279597243 0.452965311149777
0.483495 14.772404647847 0.387879379506204
0.483995 14.7876813359698 0.363900223188673
0.484495 14.8029580240926 0.390703211521513
0.484995 14.8182347122154 0.168547623285999
0.485495 14.8335114003382 0.0691112708562053
0.485995 14.8487880884609 -0.0247456764428721
0.486495 14.8640647765837 -0.142382051040115
0.486995 14.8793414647065 -0.317496590631544
0.487495 14.8946181528293 -0.461450222217763
0.487995 14.9098948409521 -0.380307664566795
0.488495 14.9251715290748 -0.409351365340904
0.488995 14.9404482171976 -0.482491201107662
0.489495 14.9557249053204 -0.551480114866859
0.489995 14.9710015934432 -0.41387287225658
0.490495 14.986278281566 -0.367749265266714
0.490995 15.0015549696887 -0.421920472922469
0.491495 15.0168316578115 -0.394544015505283
0.491995 15.0321083459343 -0.325145659754421
0.492495 15.0473850340571 -0.147151013811715
0.492995 15.0626617221799 -0.211613060728296
0.493495 15.0779384103026 0.00121494457221269
0.493995 15.0932150984254 0.0614410175493946
0.494495 15.1084917865482 0.275898208149046
0.494995 15.123768474671 0.186460203003586
0.495495 15.1390451627938 0.366482373402318
0.495995 15.1543218509165 0.309458501392843
0.496495 15.1695985390393 0.287266585957153
0.496995 15.1848752271621 0.430286724296429
0.497495 15.2001519152849 0.374336493787319
0.497995 15.2154286034077 0.442565385227626
0.498495 15.2307052915304 0.313140014501941
0.498995 15.2459819796532 0.328961858759298
0.499495 15.261258667776 0.309862381935836
0.499995 15.2765353558988 0.210566340996411
