# Fix print output for fix Step
1.18393085068174e-16 5.6843418860808e-15 0.702146138650106
0.000495000000000119 0.0237661619510163 0.842696812342553
0.000995000000000166 0.0477723861439586 1.00040400977126
0.00149500000000009 0.0717786103368951 1.44633930237585
0.00199500000000014 0.0957848345298373 1.66495522250343
0.00249500000000019 0.11979105872278 1.60329120510457
0.00299500000000023 0.143797282915722 1.96113400334828
0.00349500000000016 0.167803507108658 2.36393708528827
0.00399500000000009 0.191809731301595 2.32696687543856
0.00449500000000014 0.215815955494537 2.50590369721552
0.00499500000000018 0.239822179687479 2.91001486136173
0.00549500000000023 0.263828403880422 3.11520140145616
0.00599500000000016 0.287834628073358 3.12175747338748
0.00649500000000008 0.311840852266295 3.53725655925487
0.00699500000000013 0.335847076459237 3.78187509445954
0.00749500000000018 0.359853300652179 3.83294171482687
0.00799500000000022 0.383859524845121 4.0965241714976
0.00849500000000015 0.407865749038058 4.48688816277825
0.00899500000000008 0.431871973230994 4.44570031142506
0.00949500000000013 0.455878197423937 4.63774474174755
0.00999500000000017 0.479884421616879 5.09289263998021
0.0104950000000002 0.503890645809821 5.20093439567986
0.0109950000000001 0.527896870002758 5.1681870936192
0.0114950000000001 0.551903094195694 5.6505163381311
0.0119950000000001 0.575909318388636 5.92473227830101
0.0124950000000002 0.599915542581579 5.81832089675146
0.0129950000000002 0.623921766774521 6.14213007601591
0.0134950000000001 0.647927990967457 6.55830956138423
0.0139950000000001 0.671934215160394 6.55675850677012
0.0144950000000001 0.695940439353336 6.64503439511959
0.0149950000000002 0.719946663546278 7.04655262071037
0.0154950000000002 0.743952887739221 7.27770574993974
0.0159950000000001 0.767959111932157 7.30980553896579
0.0164950000000002 0.791965336125099 7.54627185577938
0.0169950000000001 0.815971560318036 7.82405559799551
0.0174950000000002 0.839977784510978 7.95165711894597
0.0179950000000002 0.86398400870392 8.15697669084955
0.0184950000000001 0.887990232896857 8.44542493516705
0.0189950000000002 0.911996457089799 8.50864545376462
0.0194950000000001 0.936002681282736 8.67942381649344
0.0199950000000002 0.960008905475678 8.98804333411583
0.0204950000000002 0.98401512966862 9.20670101974545
0.0209950000000002 1.00802135386156 9.22968626245081
0.0214950000000002 1.0320275780545 9.44448608772803
0.0219950000000001 1.05603380224744 9.77234920357087
0.0224950000000002 1.08004002644038 9.90425532986558
0.0229950000000002 1.10404625063332 10.0360190815735
0.0234950000000002 1.12805247482626 10.304768296029
0.0239950000000002 1.1520586990192 10.4261975353914
0.0244950000000001 1.17606492321214 10.569166754596
0.0249950000000001 1.20007114740508 10.8187840905071
0.0254950000000002 1.22407737159802 11.0738917498227
0.0259950000000002 1.24808359579096 11.1884332576433
0.0264950000000002 1.2720898199839 11.3829638950716
0.0269950000000001 1.29609604417683 11.6292890622319
0.0274950000000001 1.32010226836978 11.763535438496
0.0279950000000002 1.34410849256272 11.8193361387531
0.0284950000000002 1.36811471675566 12.0828722109059
0.0289950000000002 1.3921209409486 12.3476730615243
0.0294950000000001 1.41612716514153 12.5013622590129
0.0299950000000001 1.44013338933448 12.6800382640794
0.0304950000000002 1.46413961352742 12.9075011703775
0.0309950000000002 1.48814583772036 12.9627027235031
0.0314950000000002 1.5121520619133 13.1204155582363
0.0319950000000001 1.53615828610623 13.3693362948049
0.0324950000000001 1.56016451029918 13.605206903136
0.0329950000000002 1.58417073449212 13.7582364544507
0.0334950000000002 1.60817695868506 13.9347636033882
0.0339950000000002 1.632183182878 14.0779104696253
0.0344950000000001 1.65618940707093 14.2502761113352
0.0349950000000001 1.68019563126388 14.3960204238157
0.0354950000000002 1.70420185545682 14.6285111277201
0.0359950000000002 1.72820807964976 14.8230010235045
0.0364950000000001 1.7522143038427 14.9922827938976
0.0369950000000002 1.77622052803564 15.2024931639049
0.0374950000000001 1.80022675222858 15.3610060227669
0.0379950000000002 1.82423297642152 15.4766635973415
0.0384950000000002 1.84823920061446 15.6626157943633
0.0389950000000001 1.8722454248074 15.8933529983324
0.0394950000000002 1.89625164900034 16.0013643775921
0.0399950000000001 1.92025787319328 16.1272486083256
0.0404950000000002 1.94426409738622 16.3325951975228
0.0409950000000002 1.96827032157916 16.5218424918909
0.0414950000000001 1.9922765457721 16.6462624466456
0.0419950000000002 2.01628276996504 16.8304828674117
0.0424950000000001 2.04028899415798 17.080580058965
0.0429950000000002 2.06429521835092 17.2224499583107
0.0434950000000002 2.08830144254386 17.386284062022
0.0439950000000002 2.1123076667368 17.5777984488281
0.0444950000000002 2.13631389092974 17.7496070749555
0.0449950000000001 2.16032011512268 17.8419776986083
0.0454950000000002 2.18432633931562 18.0191087504251
0.0459950000000002 2.20833256350856 18.2333885141463
0.0464950000000002 2.2323387877015 18.36026148633
0.0469950000000002 2.25634501189444 18.4709143808018
0.0474950000000001 2.28035123608738 18.7165956729112
0.0479950000000001 2.30435746028032 18.8570406796971
0.0484950000000002 2.32836368447326 18.963241973234
0.0489950000000002 2.3523699086662 19.1472721786601
0.0494950000000002 2.37637613285914 19.3657937647076
0.0499950000000001 2.40038235705208 19.5114214594822
0.0504950000000001 2.42438858124502 19.666312986876
0.0509950000000002 2.44839480543796 19.8604727316526
0.0514950000000002 2.4724010296309 20.0247823019035
0.0519950000000002 2.49640725382384 20.1608860034489
0.0524950000000001 2.52041347801678 20.3467065032253
0.0529950000000001 2.54441970220972 20.5102704007509
0.0534950000000002 2.56842592640266 20.6610621014467
0.0539950000000002 2.5924321505956 20.8139645589696
0.0544950000000002 2.61643837478854 21.0126998312999
0.0549950000000001 2.64044459898147 21.1294886063765
0.0554950000000001 2.66445082317442 21.275497974238
0.0559950000000002 2.68845704736736 21.4713896278048
0.0564950000000002 2.7124632715603 21.6174528325505
0.0569950000000002 2.73646949575324 21.7469769187022
0.0574950000000001 2.76047571994617 21.9174391502726
0.0579950000000001 2.78448194413912 22.1317034206435
0.0584950000000002 2.80848816833206 22.2611043654511
0.0589950000000002 2.832494392525 22.3761496349006
0.0594950000000002 2.85650061671794 22.5816948467261
0.0599950000000001 2.88050684091087 22.7553143671252
0.0604950000000001 2.90451306510382 22.8625706944118
0.0609950000000002 2.92851928929676 23.0020668388115
0.0614950000000002 2.9525255134897 23.1880845751843
0.0619950000000003 2.97653173768264 23.3493193260677
0.0624950000000002 3.00053796187558 23.4395095171589
0.0629950000000001 3.02454418606852 23.639911433193
0.0634950000000002 3.04855041026146 23.8240873467054
0.0639950000000002 3.0725566344544 23.9235568910821
0.0644950000000003 3.09656285864734 24.047024325922
0.0649950000000002 3.12056908284028 24.25827250893
0.0654950000000001 3.14457530703322 24.4002883466642
0.0659950000000002 3.16858153122616 24.511515263882
0.0664950000000001 3.19258775541909 24.6638179601586
0.0669950000000001 3.21659397961204 24.8470491875442
0.0674950000000002 3.24060020380498 24.9625215161634
0.0679950000000002 3.26460642799792 25.0574821909007
0.0684950000000003 3.28861265219086 25.248988662046
0.0689950000000001 3.31261887638379 25.4077325576814
0.0694950000000001 3.33662510057674 25.4980603017606
0.0699950000000002 3.36063132476968 25.6940109206956
0.0704950000000002 3.38463754896262 25.8713655169203
0.0709950000000003 3.40864377315556 25.9448474644283
0.0714950000000001 3.43264999734849 26.1075810788717
0.0719950000000001 3.45665622154144 26.2968245418244
0.0724950000000002 3.48066244573438 26.4616494927916
0.0729950000000002 3.50466866992732 26.569337999453
0.0734950000000003 3.52867489412026 26.762433249814
0.0739950000000001 3.55268111831319 26.9376193428234
0.0744950000000001 3.57668734250614 27.0813240070559
0.0749950000000002 3.60069356669908 27.1955513615095
0.0754950000000002 3.62469979089202 27.3704988103561
0.0759950000000003 3.64870601508496 27.4553405509144
0.0764950000000001 3.67271223927789 27.5472902075152
0.0769950000000001 3.69671846347084 27.707970247623
0.0774950000000002 3.72072468766378 27.8448130481224
0.0779950000000002 3.74473091185672 27.9338174656778
0.0784950000000003 3.76873713604966 28.0536996434318
0.0789950000000001 3.79274336024259 28.2433196035539
0.0794950000000001 3.81674958443554 28.3742993343686
0.0799950000000002 3.84075580862848 28.478722811104
0.0804950000000002 3.86476203282142 28.6753593442447
0.0809950000000002 3.88876825701436 28.8622080160324
0.0814950000000001 3.91277448120729 28.9766739799129
0.0819950000000001 3.93678070540024 29.1039142874907
0.0824950000000002 3.96078692959318 29.2662120932864
0.0829950000000002 3.98479315378612 29.34275011789
0.0834950000000002 4.00879937797906 29.4434878713711
0.0839950000000003 4.032805602172 29.5867006626098
0.0844950000000001 4.05681182636494 29.730200482234
0.0849950000000002 4.08081805055788 29.8775234940142
0.0854950000000002 4.10482427475082 30.0408095987365
0.0859950000000002 4.12883049894376 30.211053896597
0.0864950000000003 4.1528367231367 30.3253979080289
0.0869950000000001 4.17684294732963 30.3856613727133
0.0874950000000001 4.20084917152258 30.5150022146694
0.0879950000000002 4.22485539571552 30.6310333634026
0.0884950000000002 4.24886161990846 30.7664098387254
0.0889950000000003 4.2728678441014 30.8964162911145
0.0894950000000001 4.29687406829433 31.0723072296098
0.0899950000000001 4.32088029248728 31.2160726965886
0.0904950000000002 4.34488651668022 31.3502932501205
0.0909950000000002 4.36889274087316 31.4450769294832
0.0914950000000003 4.3928989650661 31.5408355594413
0.0919950000000001 4.41690518925903 31.6429459163202
0.0924950000000001 4.44091141345198 31.8015180956525
0.0929950000000002 4.46491763764492 31.9624624146964
0.0934950000000002 4.48892386183786 32.1016009838898
0.0939950000000003 4.5129300860308 32.2226511961008
0.0944950000000001 4.53693631022373 32.3296834052731
0.0949950000000001 4.56094253441668 32.4270300941064
0.0954950000000002 4.58494875860962 32.546766275973
0.0959950000000002 4.60895498280256 32.6696470693066
0.0964950000000003 4.6329612069955 32.8096888608214
0.0969950000000001 4.65696743118843 32.964289339405
0.0974950000000001 4.68097365538138 33.0311412068972
0.0979950000000002 4.70497987957432 33.1317264024626
0.0984950000000002 4.72898610376726 33.283581906153
0.0989950000000003 4.7529923279602 33.4509992341689
0.0994950000000003 4.77699855215315 33.5426150364921
0.0999950000000001 4.80100477634608 33.6528339474404
0.100495 4.82501100053902 33.7597643081328
0.100995 4.84901722473196 33.8677830744941
0.101495 4.8730234489249 33.9870338034494
0.101995 4.89702967311784 34.163724954973
0.102495 4.92103589731078 34.2873862733608
0.102995 4.94504212150372 34.3475276437452
0.103495 4.96904834569666 34.411441607575
0.103995 4.9930545698896 34.5833323057229
0.104495 5.01706079408254 34.7383370481155
0.104995 5.04106701827548 34.8349382113017
0.105495 5.06507324246842 34.9114213742723
0.105995 5.08907946666136 35.0138441618817
0.106495 5.1130856908543 35.1529862380514
0.106995 5.13709191504724 35.2951031195305
0.107495 5.16109813924018 35.4422242402066
0.107995 5.18510436343312 35.4980197278204
0.108495 5.20911058762606 35.5840560782165
0.108995 5.233116811819 35.7274392171818
0.109495 5.25712303601194 35.859416830549
0.109995 5.28112926020488 35.9375274636134
0.110495 5.30513548439782 36.0381657250748
0.110995 5.32914170859076 36.1949336632333
0.111495 5.3531479327837 36.3068928011041
0.111995 5.37715415697664 36.3812557369141
0.112495 5.40116038116957 36.4949415293809
0.112995 5.42516660536252 36.6179817730645
0.113495 5.44917282955546 36.7136157166835
0.113995 5.4731790537484 36.7986433042349
0.114495 5.49718527794134 36.9143396398902
0.114995 5.52119150213427 37.0570390197587
0.115495 5.54519772632722 37.123216700067
0.115995 5.56920395052016 37.2274903501333
0.116495 5.5932101747131 37.3778827980994
0.116995 5.61721639890604 37.473617421599
0.117495 5.64122262309897 37.5340162114335
0.117995 5.66522884729192 37.6565238148316
0.118495 5.68923507148486 37.7762817484429
0.118995 5.7132412956778 37.8499276453805
0.119495 5.73724751987074 37.9653875619806
0.119995 5.76125374406367 38.0957285725529
0.120495 5.78525996825662 38.1725710536078
0.120995 5.80926619244956 38.2238002066084
0.121495 5.8332724166425 38.3579565509875
0.121995 5.85727864083544 38.4853399326215
0.122495 5.88128486502837 38.5476868839879
0.122995 5.90529108922132 38.6477902696994
0.123495 5.92929731341426 38.7915828049114
0.123995 5.9533035376072 38.8663330383634
0.124495 5.97730976180014 38.9254272193232
0.124995 6.00131598599307 39.060326910723
0.125495 6.02532221018602 39.1552078779606
0.125995 6.04932843437896 39.2361946010478
0.126495 6.0733346585719 39.3488721347556
0.126995 6.09734088276484 39.4499103237855
0.127495 6.12134710695777 39.5364041474852
0.127995 6.14535333115072 39.6223368968877
0.128495 6.16935955534366 39.7185882920785
0.128995 6.1933657795366 39.812665306154
0.129495 6.21737200372954 39.9173092698459
0.129995 6.24137822792248 39.9718498189912
0.130495 6.26538445211542 40.0602631878153
0.130995 6.28939067630836 40.2060066786619
0.131495 6.3133969005013 40.2814563083879
0.131995 6.33740312469424 40.3708403510809
0.132495 6.36140934888718 40.4433469429211
0.132995 6.38541557308011 40.5508611383212
0.133495 6.40942179727306 40.6306592564651
0.133995 6.433428021466 40.7121568954419
0.134495 6.45743424565894 40.8213587525616
0.134995 6.48144046985188 40.8999761610426
0.135495 6.50544669404482 40.9788488446387
0.135995 6.52945291823776 41.0943250127185
0.136495 6.5534591424307 41.1599952242179
0.136995 6.57746536662364 41.2619590850409
0.137495 6.60147159081658 41.3553091548753
0.137995 6.62547781500953 41.4249276461223
0.138495 6.64948403920246 41.5236880029766
0.138995 6.6734902633954 41.5877610310601
0.139495 6.69749648758834 41.6591609293798
0.139995 6.72150271178128 41.7764348262649
0.140495 6.74550893597423 41.837327697069
0.140995 6.76951516016716 41.9413767834661
0.141495 6.7935213843601 42.0025569935026
0.141995 6.81752760855304 42.1043100738137
0.142495 6.84153383274598 42.173749167524
0.142995 6.86554005693893 42.2366896885988
0.143495 6.88954628113186 42.370799582755
0.143995 6.9135525053248 42.4183826622437
0.144495 6.93755872951774 42.5040687284734
0.144995 6.96156495371068 42.5963191038001
0.145495 6.98557117790363 42.6506489745002
0.145995 7.00957740209656 42.7667336478445
0.146495 7.0335836262895 42.8083054016258
0.146995 7.05758985048244 42.9129482930594
0.147495 7.08159607467538 42.9880539299174
0.147995 7.10560229886832 43.0324548855962
0.148495 7.12960852306126 43.1842607021295
0.148995 7.1536147472542 43.1851204603367
0.149495 7.17762097144714 43.3106278442836
0.149995 7.20162719564008 43.3619606391
0.150495 7.22563341983303 43.4715021913972
0.150995 7.24963964402596 43.5623049911691
0.151495 7.2736458682189 43.5665264520579
0.151995 7.29765209241184 43.710088655416
0.152495 7.32165831660478 43.7308308689067
0.152995 7.34566454079773 43.8466486410419
0.153495 7.36967076499066 43.9044040261069
0.153995 7.3936769891836 43.9612488633198
0.154495 7.41768321337654 44.0859329858833
0.154995 7.44168943756948 44.0977408709628
0.155495 7.46569566176242 44.2355849360644
0.155995 7.48970188595536 44.2677355476737
0.156495 7.5137081101483 44.3522755725079
0.156995 7.53771433434124 44.4258255793761
0.157495 7.56172055853418 44.5043676217619
0.157995 7.58572678272712 44.5620394469205
0.158495 7.60973300692006 44.6165254260664
0.158995 7.633739231113 44.694933634335
0.159495 7.65774545530594 44.7626096206521
0.159995 7.68175167949888 44.8130870135232
0.160495 7.70575790369182 44.8900955849354
0.160995 7.72976412788475 44.9708171035547
0.161495 7.7537703520777 45.0491379976505
0.161995 7.77777657627064 45.1030496310955
0.162495 7.80178280046358 45.1764411345665
0.162995 7.82578902465652 45.2535567420259
0.163495 7.84979524884946 45.3236813281697
0.163995 7.8738014730424 45.3867194419798
0.164495 7.89780769723534 45.4570952324492
0.164995 7.92181392142828 45.4950007923413
0.165495 7.94582014562122 45.5618069779449
0.165995 7.96982636981415 45.6338385276033
0.166495 7.9938325940071 45.7114623936847
0.166995 8.01783881820004 45.7646092342965
0.167495 8.04184504239298 45.846752374775
0.167995 8.06585126658592 45.8883045861835
0.168495 8.08985749077886 45.9511869981194
0.168995 8.1138637149718 45.98897403817
0.169495 8.13786993916474 46.0730431465848
0.169995 8.16187616335768 46.1454002435971
0.170495 8.18588238755062 46.2048001636161
0.170995 8.20988861174355 46.2524071039975
0.171495 8.2338948359365 46.3220693163832
0.171995 8.25790106012944 46.3637385066401
0.172495 8.28190728432238 46.4454790864723
0.172995 8.30591350851532 46.4861568280363
0.173495 8.32991973270827 46.584489525558
0.173995 8.3539259569012 46.6133138938211
0.174495 8.37793218109414 46.6950133487195
0.174995 8.40193840528708 46.7248283953216
0.175495 8.42594462948002 46.7950354794136
0.175995 8.44995085367296 46.8746962950323
0.176495 8.4739570778659 46.8956270478953
0.176995 8.49796330205884 46.9675050081252
0.177495 8.52196952625178 47.0104039643205
0.177995 8.54597575044472 47.0895619390664
0.178495 8.56998197463767 47.1306714229619
0.178995 8.5939881988306 47.19139835024
0.179495 8.61799442302354 47.240111907249
0.179995 8.64200064721648 47.3003638128336
0.180495 8.66600687140942 47.3638210828374
0.180995 8.69001309560235 47.4050679541776
0.181495 8.71401931979529 47.4781306874514
0.181995 8.73802554398824 47.4920453056586
0.182495 8.76203176818118 47.5843812668071
0.182995 8.78603799237412 47.6531460683155
0.183495 8.81004421656706 47.705945189314
0.183995 8.83405044076 47.7414664873553
0.184495 8.85805666495294 47.7803547142841
0.184995 8.88206288914588 47.858476607106
0.185495 8.90606911333882 47.884043783315
0.185995 8.93007533753176 47.9521979492007
0.186495 8.9540815617247 47.998318169521
0.186995 8.97808778591764 48.0345030720728
0.187495 9.00209401011058 48.1299737693607
0.187995 9.02610023430352 48.1317551624041
0.188495 9.05010645849646 48.2272888101865
0.188995 9.07411268268939 48.2597603141518
0.189495 9.09811890688234 48.311255636473
0.189995 9.12212513107528 48.3569458061936
0.190495 9.14613135526822 48.4123922843537
0.190995 9.17013757946116 48.4516437373604
0.191495 9.19414380365411 48.5404241056933
0.191995 9.21815002784704 48.5611763113405
0.192495 9.24215625203998 48.6224163739222
0.192995 9.26616247623292 48.680397201758
0.193495 9.29016870042586 48.6924947385671
0.193995 9.31417492461881 48.787373756889
0.194495 9.33818114881174 48.7847911630415
0.194995 9.36218737300468 48.8371006380601
0.195495 9.38619359719762 48.9083694358413
0.195995 9.41019982139056 48.9455843392708
0.196495 9.4342060455835 48.992844716482
0.196995 9.45821226977644 49.022295107007
0.197495 9.48221849396938 49.1085723162227
0.197995 9.50622471816232 49.1407561985337
0.198495 9.53023094235526 49.1515730582559
0.198995 9.55423716654821 49.2330276669052
0.199495 9.57824339074114 49.2813677058337
0.199995 9.60224961493408 49.3080131301839
0.200495 9.62625583912702 49.3672975726192
0.200995 9.65026206331996 49.431193856178
0.201495 9.67426828751291 49.4372742920734
0.201995 9.69827451170585 49.5156100247856
0.202495 9.72228073589878 49.5348613769767
0.202995 9.74628696009172 49.5890773641341
0.203495 9.77029318428466 49.6378236824912
0.203995 9.7942994084776 49.6952635878477
0.204495 9.81830563267054 49.7110838240721
0.204995 9.84231185686348 49.7184431420825
0.205495 9.86631808105642 49.8008702218037
0.205995 9.89032430524936 49.866454234339
0.206495 9.9143305294423 49.8579398456843
0.206995 9.93833675363525 49.9542982358562
0.207495 9.96234297782818 50.0330566802804
0.207995 9.98634920202112 50.0246872334408
0.208495 10.0103554262141 50.0598051147925
0.208995 10.034361650407 50.1591038412756
0.209495 10.0583678745999 50.1400655837534
0.209995 10.0823740987929 50.2180949954934
0.210495 10.1063803229858 50.292831805198
0.210995 10.1303865471788 50.3229714277054
0.211495 10.1543927713717 50.3120555599683
0.211995 10.1783989955646 50.4188824780049
0.212495 10.2024052197576 50.4437429768166
0.212995 10.2264114439505 50.4996777322282
0.213495 10.2504176681435 50.5117426764914
0.213995 10.2744238923364 50.5641554875761
0.214495 10.2984301165293 50.619811458553
0.214995 10.3224363407223 50.6716453154158
0.215495 10.3464425649152 50.6748069125946
0.215995 10.3704487891082 50.7556756195397
0.216495 10.3944550133011 50.7689596212103
0.216995 10.418461237494 50.8327373076638
0.217495 10.442467461687 50.8456585380413
0.217995 10.4664736858799 50.9111014572945
0.218495 10.4904799100729 50.9569401265588
0.218995 10.5144861342658 51.0130372194019
0.219495 10.5384923584587 51.0637135213741
0.219995 10.5624985826517 51.0869166911057
0.220495 10.5865048068446 51.1197479002901
0.220995 10.6105110310376 51.1713917404417
0.221495 10.6345172552305 51.2189846369685
0.221995 10.6585234794234 51.2227106690047
0.222495 10.6825297036164 51.32952806791
0.222995 10.7065359278093 51.3524149219171
0.223495 10.7305421520023 51.3987981705466
0.223995 10.7545483761952 51.3874663251029
0.224495 10.7785546003881 51.5175918430107
0.224995 10.8025608245811 51.504936193436
0.225495 10.826567048774 51.5518018334009
0.225995 10.850573272967 51.6038211208697
0.226495 10.8745794971599 51.6327576184347
0.226995 10.8985857213528 51.693476031875
0.227495 10.9225919455458 51.7389438812852
0.227995 10.9465981697387 51.7785836001931
0.228495 10.9706043939317 51.7883006163028
0.228995 10.9946106181246 51.8220498862524
0.229495 11.0186168423175 51.8839084468895
0.229995 11.0426230665105 51.9291766103302
0.230495 11.0666292907034 51.98742771281
0.230995 11.0906355148964 52.0296516201792
0.231495 11.1146417390893 52.0482511054861
0.231995 11.1386479632822 52.1636588474858
0.232495 11.1626541874752 52.123184377351
0.232995 11.1866604116681 52.1680700836809
0.233495 11.2106666358611 52.2076951213946
0.233995 11.234672860054 52.2770618460107
0.234495 11.2586790842469 52.2930970203402
0.234995 11.2826853084399 52.306875155336
0.235495 11.3066915326328 52.375051856877
0.235995 11.3306977568258 52.415985827373
0.236495 11.3547039810187 52.4417486153761
0.236995 11.3787102052116 52.5245205318056
0.237495 11.4027164294046 52.5338610390686
0.237995 11.4267226535975 52.6223575082555
0.238495 11.4507288777905 52.5981134577759
0.238995 11.4747351019834 52.6939753305718
0.239495 11.4987413261763 52.7149460502403
0.239995 11.5227475503693 52.7794264175311
0.240495 11.5467537745622 52.8611584840844
0.240995 11.5707599987552 52.8995363616963
0.241495 11.5947662229481 52.8717978095608
0.241995 11.618772447141 52.9854963157301
0.242495 11.642778671334 52.9822286385282
0.242995 11.6667848955269 53.0493632539781
0.243495 11.6907911197199 53.0770772106063
0.243995 11.7147973439128 53.1222719105269
0.244495 11.7388035681057 53.1171336671553
0.244995 11.7628097922987 53.2250072109539
0.245495 11.7868160164916 53.3102259368937
0.245995 11.8108222406846 53.2955375049622
0.246495 11.8348284648775 53.3279133155957
0.246995 11.8588346890704 53.3498494515399
0.247495 11.8828409132634 53.4249140131895
0.247995 11.9068471374563 53.4256208725231
0.248495 11.9308533616493 53.5123142171453
0.248995 11.9548595858422 53.6130077512302
0.249495 11.9788658100351 53.6213857450094
0.249995 12.0028720342281 53.6346091679829
0.250495 12.026878258421 53.6583697211871
0.250995 12.050884482614 53.7863516770144
0.251495 12.0748907068069 53.8340344144071
0.251995 12.0988969309998 53.8895031697558
0.252495 12.1229031551928 53.8125767101629
0.252995 12.1469093793857 53.8910613874844
0.253495 12.1709156035787 53.9692080066256
0.253995 12.1949218277716 54.0309799842416
0.254495 12.2189280519645 54.0854910869024
0.254995 12.2429342761575 54.1310685568625
0.255495 12.2669405003504 54.0924750584699
0.255995 12.2909467245434 54.1465151588506
0.256495 12.3149529487363 54.2586107713552
0.256995 12.3389591729292 54.2747408850019
0.257495 12.3629653971222 54.4355827189561
0.257995 12.3869716213151 54.4409165956867
0.258495 12.4109778455081 54.4671184332578
0.258995 12.434984069701 54.4940968684326
0.259495 12.4589902938939 54.6421306453982
0.259995 12.4829965180869 54.5795811523711
0.260495 12.5070027422798 54.5373583974028
0.260995 12.5310089664728 54.658992251224
0.261495 12.5550151906657 54.7219329217427
0.261995 12.5790214148586 54.8312030434073
0.262495 12.6030276390516 54.7805819796757
0.262995 12.6270338632445 54.8902186942309
0.263495 12.6510400874375 54.9977928784414
0.263995 12.6750463116304 54.9718823690401
0.264495 12.6990525358233 54.9738158521718
0.264995 12.7230587600163 55.054386271527
0.265495 12.7470649842092 55.1159319575992
0.265995 12.7710712084022 55.1581035548717
0.266495 12.7950774325951 55.2919353502226
0.266995 12.819083656788 55.2828818641403
0.267495 12.843089880981 55.2663177838648
0.267995 12.8670961051739 55.4173327493022
0.268495 12.8911023293669 55.4660445054224
0.268995 12.9151085535598 55.4625979059412
0.269495 12.9391147777527 55.5609124031308
0.269995 12.9631210019457 55.6582742225065
0.270495 12.9871272261386 55.652968927303
0.270995 13.0111334503316 55.6976742004819
0.271495 13.0351396745245 55.780807860904
0.271995 13.0591458987174 55.8344404224935
0.272495 13.0831521229104 55.9648699142536
0.272995 13.1071583471033 55.941737757955
0.273495 13.1311645712963 56.1219620775145
0.273995 13.1551707954892 56.0731804027246
0.274495 13.1791770196821 56.2159998565514
0.274995 13.2031832438751 56.19310623543
0.275495 13.227189468068 56.2246014623617
0.275995 13.251195692261 56.3852810634811
0.276495 13.2752019164539 56.3888230343229
0.276995 13.2992081406468 56.3787709968733
0.277495 13.3232143648398 56.4083297369482
0.277995 13.3472205890327 56.5559077691936
0.278495 13.3712268132257 56.6522330929058
0.278995 13.3952330374186 56.6190730875261
0.279495 13.4192392616115 56.7562370402566
0.279995 13.4432454858045 56.8296924051779
0.280495 13.4672517099974 56.8598480796139
0.280995 13.4912579341904 56.8884544847922
0.281495 13.5152641583833 56.9471640944216
0.281995 13.5392703825762 57.2241676934077
0.282495 13.5632766067692 56.9895768347186
0.282995 13.5872828309621 57.1604481558144
0.283495 13.6112890551551 57.3127290200661
0.283995 13.635295279348 57.3528791740872
0.284495 13.6593015035409 57.4085476955554
0.284995 13.6833077277339 57.5008942722936
0.285495 13.7073139519268 57.7012558366405
0.285995 13.7313201761198 57.6544616585104
0.286495 13.7553264003127 57.7045472828308
0.286995 13.7793326245056 57.8346873770255
0.287495 13.8033388486986 57.9035468030072
0.287995 13.8273450728915 57.8537803020576
0.288495 13.8513512970845 57.9238863399527
0.288995 13.8753575212774 58.1893297745945
0.289495 13.8993637454703 58.1584161485182
0.289995 13.9233699696633 58.1765551469011
0.290495 13.9473761938562 58.3029829009834
0.290995 13.9713824180492 58.406304073706
0.291495 13.9953886422421 58.5792508320747
0.291995 14.019394866435 58.430982666814
0.292495 14.043401090628 58.7089753040376
0.292995 14.0674073148209 58.8192449889615
0.293495 14.0914135390139 58.8961737654583
0.293995 14.1154197632068 58.8407016649852
0.294495 14.1394259873997 59.0069730765747
0.294995 14.1634322115927 59.1099712833794
0.295495 14.1874384357856 59.2026492990171
0.295995 14.2114446599786 59.2297331337586
0.296495 14.2354508841715 59.4535855804476
0.296995 14.2594571083644 59.5052502273084
0.297495 14.2834633325574 59.7081256466834
0.297995 14.3074695567503 59.6945262623374
0.298495 14.3314757809433 59.8146197776294
0.298995 14.3554820051362 59.9711141266554
0.299495 14.3794882293291 59.9873501403922
0.299995 14.4034944535221 60.1580302540592
0.300495 14.427500677715 60.3382520048246
0.300995 14.451506901908 60.397905309564
0.301495 14.4755131261009 60.5511609637998
0.301995 14.4995193502938 60.6910934704931
0.302495 14.5235255744868 60.6453192476297
0.302995 14.5475317986797 60.7903345140328
0.303495 14.5715380228727 60.91267065207
0.303995 14.5955442470656 61.1731300197247
0.304495 14.6195504712585 61.15789893132
0.304995 14.6435566954515 61.2710884954219
0.305495 14.6675629196444 61.5579975049405
0.305995 14.6915691438374 61.6318553863153
0.306495 14.7155753680303 61.5880234941049
0.306995 14.7395815922232 61.8175996185432
0.307495 14.7635878164162 62.0528180489571
0.307995 14.7875940406091 62.1600056461988
0.308495 14.8116002648021 62.1574566520093
0.308995 14.835606488995 62.4808473617474
0.309495 14.8596127131879 62.4295590164765
0.309995 14.8836189373809 62.6791583009602
0.310495 14.9076251615738 62.6954482216599
0.310995 14.9316313857668 62.9398708775289
0.311495 14.9556376099597 63.3565656653778
0.311995 14.9796438341526 63.1629995559078
0.312495 15.0036500583456 63.3056504345108
0.312995 15.0276562825385 63.6304744140105
0.313495 15.0516625067315 63.7587495100439
0.313995 15.0756687309244 63.6658132664538
0.314495 15.0996749551173 64.042198515571
0.314995 15.1236811793103 64.0369958590904
0.315495 15.1476874035032 64.3400326382426
0.315995 15.1716936276962 64.3624619342976
0.316495 15.1956998518891 64.6251150236718
0.316995 15.219706076082 64.7660016747034
0.317495 15.243712300275 64.961628383945
0.317995 15.2677185244679 65.1972101324375
0.318495 15.2917247486609 65.3127653870416
0.318995 15.3157309728538 65.4675256462433
0.319495 15.3397371970467 65.6142229396075
0.319995 15.3637434212397 65.9827615059361
0.320495 15.3877496454326 66.052372659901
0.320995 15.4117558696256 66.2245972067244
0.321495 15.4357620938185 66.4355704437788
0.321995 15.4597683180114 66.6825414919673
0.322495 15.4837745422044 66.7975328629851
0.322995 15.5077807663973 67.1924204803439
0.323495 15.5317869905903 67.161742268277
0.323995 15.5557932147832 67.3460304411699
0.324495 15.5797994389761 67.4806342493657
0.324995 15.6038056631691 67.9284516156834
0.325495 15.627811887362 68.0360370897703
0.325995 15.651818111555 68.2037750628496
0.326495 15.6758243357479 68.4646781064953
0.326995 15.6998305599408 68.6320383580816
0.327495 15.7238367841338 68.8390245465597
0.327995 15.7478430083267 69.0854055473023
0.328495 15.7718492325197 69.1443368442102
0.328995 15.7958554567126 69.6347927358005
0.329495 15.8198616809055 69.7196794536473
0.329995 15.8438679050985 69.7716318070518
0.330495 15.8678741292914 70.1770203374964
0.330995 15.8918803534844 70.5679783572427
0.331495 15.9158865776773 70.6616919760631
0.331995 15.9398928018702 70.5814421813895
0.332495 15.9638990260632 71.2697001893166
0.332995 15.9879052502561 71.3133340980508
0.333495 16.0119114744491 71.4419940093642
0.333995 16.035917698642 71.8949066743384
0.334495 16.0599239228349 72.0422955137386
0.334995 16.0839301470279 72.3630271214303
0.335495 16.1079363712208 72.4474952651767
0.335995 16.1319425954138 72.8685765967935
0.336495 16.1559488196067 72.9617243412406
0.336995 16.1799550437996 73.1063187529753
0.337495 16.2039612679926 73.4295032038778
0.337995 16.2279674921855 73.7553169029364
0.338495 16.2519737163785 74.0107192663366
0.338995 16.2759799405714 74.3864926730316
0.339495 16.2999861647643 74.5794885553021
0.339995 16.3239923889573 74.5978225754519
0.340495 16.3479986131502 74.9793822560089
0.340995 16.3720048373432 75.2144991037685
0.341495 16.3960110615361 75.5785931379182
0.341995 16.420017285729 75.922368457069
0.342495 16.444023509922 75.9667563290862
0.342995 16.4680297341149 76.2194174938019
0.343495 16.4920359583079 76.6668707374367
0.343995 16.5160421825008 76.8021365255052
0.344495 16.5400484066937 77.0288701298903
0.344995 16.5640546308867 77.2476505359089
0.345495 16.5880608550796 77.5621503092335
0.345995 16.6120670792726 77.8744429006638
0.346495 16.6360733034655 78.1666254119022
0.346995 16.6600795276584 78.5447857571082
0.347495 16.6840857518514 78.6992079084422
0.347995 16.7080919760443 78.9096230521297
0.348495 16.7320982002373 79.4146374740042
0.348995 16.7561044244302 79.4030845397126
0.349495 16.7801106486231 79.774271210249
0.349995 16.8041168728161 80.1410796464425
0.350495 16.828123097009 80.4083268911168
0.350995 16.852129321202 80.5456146876317
0.351495 16.8761355453949 80.7742499312327
0.351995 16.9001417695878 81.394251464316
0.352495 16.9241479937808 81.431339849689
0.352995 16.9481542179737 81.6866174500859
0.353495 16.9721604421667 82.0163965662124
0.353995 16.9961666663596 82.2695581335242
0.354495 17.0201728905525 82.5860019852774
0.354995 17.0441791147455 82.816705574168
0.355495 17.0681853389384 83.4705250962381
0.355995 17.0921915631314 83.2634800435127
0.356495 17.1161977873243 83.781797693746
0.356995 17.1402040115172 84.1302850021582
0.357495 17.1642102357102 84.423392475417
0.357995 17.1882164599031 84.7125753437878
0.358495 17.2122226840961 84.838919764106
0.358995 17.236228908289 85.4164510799244
0.359495 17.2602351324819 85.564451806378
0.359995 17.2842413566749 85.8880395893217
0.360495 17.3082475808678 86.3598985485486
0.360995 17.3322538050608 86.4961740095521
0.361495 17.3562600292537 86.8212452830086
0.361995 17.3802662534466 87.0631909570449
0.362495 17.4042724776396 87.575435905831
0.362995 17.4282787018325 87.7887161586356
0.363495 17.4522849260255 88.1378133408515
0.363995 17.4762911502184 88.2845096072578
0.364495 17.5002973744113 88.7501443051997
0.364995 17.5243035986043 89.1473253228605
0.365495 17.5483098227972 89.4223345900407
0.365995 17.5723160469902 89.5388033044051
0.366495 17.5963222711831 90.1393978522302
0.366995 17.620328495376 90.5254267755563
0.367495 17.644334719569 90.7148945431786
0.367995 17.6683409437619 91.0872623634132
0.368495 17.6923471679549 91.3894813404092
0.368995 17.7163533921478 91.5997380995922
0.369495 17.7403596163407 92.1231763997804
0.369995 17.7643658405337 92.5611344369976
0.370495 17.7883720647266 92.8180558468622
0.370995 17.8123782889196 93.0615705959097
0.371495 17.8363845131125 93.5624911908757
0.371995 17.8603907373054 93.95675277598
0.372495 17.8843969614984 94.3283971220755
0.372995 17.9084031856913 94.7025892612481
0.373495 17.9324094098843 94.9002159862672
0.373995 17.9564156340772 95.3318670922114
0.374495 17.9804218582701 95.7029780588274
0.374995 18.0044280824631 96.2965120330885
0.375495 18.028434306656 96.6739974529997
0.375995 18.052440530849 97.0479610478481
0.376495 18.0764467550419 97.2499096809524
0.376995 18.1004529792348 97.8141580171839
0.377495 18.1244592034278 98.1404642148337
0.377995 18.1484654276207 98.5860117587684
0.378495 18.1724716518137 98.8894483111514
0.378995 18.1964778760066 99.3872266662423
0.379495 18.2204841001995 99.5994837054468
0.379995 18.2444903243925 99.8992513471566
0.380495 18.2684965485854 100.184050670071
0.380995 18.2925027727784 100.981691721964
0.381495 18.3165089969713 101.16108341453
0.381995 18.3405152211642 101.564152303005
0.382495 18.3645214453572 102.037086506509
0.382995 18.3885276695501 102.416748765909
0.383495 18.4125338937431 102.897658668327
0.383995 18.436540117936 103.329080487121
0.384495 18.4605463421289 103.931463726698
0.384995 18.4845525663219 104.089180111985
0.385495 18.5085587905148 104.635346959543
0.385995 18.5325650147078 105.033577247898
0.386495 18.5565712389007 105.342221963513
0.386995 18.5805774630936 105.857384836067
0.387495 18.6045836872866 106.150056228995
0.387995 18.6285899114795 106.641526472252
0.388495 18.6525961356725 104.871515496521
0.388995 18.6766023598654 99.3677052359991
0.389495 18.7006085840583 91.2605309667259
0.389995 18.7246148082513 82.0017692485596
0.390495 18.7486210324442 74.3629167242952
0.390995 18.7726272566372 68.1192401845864
0.391495 18.7966334808301 62.9412396681348
0.391995 18.820639705023 58.5338018088803
0.392495 18.844645929216 55.0517725211949
0.392995 18.8686521534089 51.5062198449079
0.393495 18.8926583776019 48.1915732233864
0.393995 18.9166646017948 45.2378146826938
0.394495 18.9406708259877 42.6414907205278
0.394995 18.9646770501807 39.8568072522383
0.395495 18.9886832743736 37.103342606713
0.395995 19.0126894985666 34.6978287843103
0.396495 19.0366957227595 32.7681819217736
0.396995 19.0607019469524 31.3271436555849
0.397495 19.0847081711454 30.2582788052257
0.397995 19.1087143953383 29.361942219482
0.398495 19.1327206195313 28.4555421319204
0.398995 19.1567268437242 27.5335375094873
0.399495 19.1807330679171 26.6947314007143
0.399995 19.2047392921101 25.9005868991488
0.400495 19.228745516303 25.1279728346902
0.400995 19.252751740496 24.4008237114749
0.401495 19.2767579646889 23.680932406402
0.401995 19.3007641888818 22.9859990493321
0.402495 19.3247704130748 22.3017187741158
0.402995 19.3487766372677 21.6577426734855
0.403495 19.3727828614607 21.0362878831956
0.403995 19.3967890856536 20.4212622903862
0.404495 19.4207953098466 19.8202931968703
0.404995 19.4448015340395 19.2288434116215
0.405495 19.4688077582324 18.6502446327333
0.405995 19.4928139824254 17.9914228451296
0.406495 19.5168202066183 17.2495541038026
0.406995 19.5408264308112 16.4319609530252
0.407495 19.5648326550042 15.5283000182381
0.407995 19.5888388791971 14.5520084733373
0.408495 19.6128451033901 13.5139133509633
0.408995 19.636851327583 12.4101408083724
0.409495 19.660857551776 11.2372780880721
0.409995 19.6848637759689 9.99899417107231
0.410495 19.7088700001618 8.68254809209856
0.410995 19.7328762243548 7.27904754084792
0.411495 19.7568824485477 5.79128798951629
0.411995 19.7808886727406 4.27885538114873
0.412495 19.8048948969336 2.8743182424857
0.412995 19.8289011211265 1.533216264865
0.413495 19.8529073453195 0.296849821032008
0.413995 19.8769135695124 -0.935415956246689
0.414495 19.9009197937053 -2.28182372215462
0.414995 19.9249260178983 -3.84329741422201
0.415495 19.9489322420912 -5.5367602970844
0.415995 19.9729384662842 -7.34492692387559
0.416495 19.9969446904771 -9.29810620141044
0.416995 20.02095091467 -11.3374623522647
0.417495 20.044957138863 -13.3718947765053
0.417995 20.0689633630559 -13.8300457435279
0.418495 20.0929695872489 -12.1490686749269
0.418995 20.1169758114418 -9.29670985036349
0.419495 20.1409820356347 -7.21278616415643
0.419995 20.1649882598277 -4.60739977675718
0.420495 20.1889944840206 -2.81911192661593
0.420995 20.2130007082136 -1.98272430980981
0.421495 20.2370069324065 -1.7681158835975
0.421995 20.2610131565995 -1.22674087526156
0.422495 20.2850193807924 -0.813278846400208
0.422995 20.3090256049853 -0.644914689003065
0.423495 20.3330318291783 -0.817982740082867
0.423995 20.3570380533712 -0.504377422700651
0.424495 20.3810442775642 -0.709469043554745
0.424995 20.4050505017571 -0.693405279104467
0.425495 20.42905672595 -0.644673764469405
0.425995 20.453062950143 -0.60889148184083
0.426495 20.4770691743359 -0.462663514350092
0.426995 20.5010753985288 -0.193734756407919
0.427495 20.5250816227218 -0.110981150812825
0.427995 20.5490878469147 -0.178777951625276
0.428495 20.5730940711077 -0.197352683425089
0.428995 20.5971002953006 -0.192249173755604
0.429495 20.6211065194935 -0.487366315649225
0.429995 20.6451127436865 -0.364257749820583
0.430495 20.6691189678794 -0.52939111921608
0.430995 20.6931251920724 -0.797604468107877
0.431495 20.7171314162653 -0.643798998707651
0.431995 20.7411376404582 -0.630903150140821
0.432495 20.7651438646512 -0.495216357572157
0.432995 20.7891500888441 -0.285530092462836
0.433495 20.8131563130371 -0.158356014166469
0.433995 20.83716253723 -0.098192544425791
0.434495 20.8611687614229 -0.0078786397052815
0.434995 20.8851749856159 0.0484955729472421
0.435495 20.9091812098088 0.222779151221891
0.435995 20.9331874340018 0.19914881838407
0.436495 20.9571936581947 -0.0928926048791214
0.436995 20.9811998823876 -0.321157679337871
0.437495 21.0052061065806 -0.24711473038541
0.437995 21.0292123307735 -0.405136184700882
0.438495 21.0532185549665 -0.60478287888612
0.438995 21.0772247791594 -0.755341814362067
0.439495 21.1012310033523 -0.618607129001529
0.439995 21.1252372275453 -0.582659117345139
0.440495 21.1492434517382 -0.42441176402594
0.440995 21.1732496759312 -0.0770992372918987
0.441495 21.1972559001241 -0.19713134798146
0.441995 21.221262124317 -0.0970964864320418
0.442495 21.24526834851 0.0766992545084398
0.442995 21.2692745727029 0.0745711360427102
0.443495 21.2932807968959 0.00313131182318998
0.443995 21.3172870210888 -0.017138603216753
0.444495 21.3412932452817 0.035910703579921
0.444995 21.3652994694747 -0.15491788530383
0.445495 21.3893056936676 -0.278610652939225
0.445995 21.4133119178606 -0.206575992918687
0.446495 21.4373181420535 -0.31812096438036
0.446995 21.4613243662464 -0.278944967886066
0.447495 21.4853305904394 -0.112538785054052
0.447995 21.5093368146323 -0.103284172564953
0.448495 21.5333430388253 -0.179955877700096
0.448995 21.5573492630182 -0.0985164828749444
0.449495 21.5813554872111 -0.194597426176499
0.449995 21.6053617114041 -0.0599870471096913
0.450495 21.629367935597 -0.0919065429761335
0.450995 21.65337415979 -0.0467604250402881
0.451495 21.6773803839829 -0.015829241872084
0.451995 21.7013866081758 0.0436806706577779
0.452495 21.7253928323688 -0.11699491389905
0.452995 21.7493990565617 -0.00775673104815475
0.453495 21.7734052807547 -0.110461041053049
0.453995 21.7974115049476 -0.171307504664746
0.454495 21.8214177291405 -0.166917015138208
0.454995 21.8454239533335 -0.217848116728255
0.455495 21.8694301775264 -0.231539132902784
0.455995 21.8934364017194 -0.258088353450333
0.456495 21.9174426259123 -0.26735339012874
0.456995 21.9414488501052 -0.209854324912769
0.457495 21.9654550742982 -0.205357139274193
0.457995 21.9894612984911 -0.111476017305101
0.458495 22.0134675226841 -0.0624673886501945
0.458995 22.037473746877 -0.0737819502739731
0.459495 22.0614799710699 -0.175759886980103
0.459995 22.0854861952629 -0.0619542187482105
0.460495 22.1094924194558 -0.0729042914934093
0.460995 22.1334986436488 -0.133663280521962
0.461495 22.1575048678417 -0.0233512453407079
0.461995 22.1815110920346 -0.051690630202173
0.462495 22.2055173162276 0.0436058342068891
0.462995 22.2295235404205 0.12563140766228
0.463495 22.2535297646135 0.113584575192985
0.463995 22.2775359888064 0.0106975036606909
0.464495 22.3015422129993 0.068043023731964
0.464995 22.3255484371923 -0.0608201123528648
0.465495 22.3495546613852 -0.0399432540749642
0.465995 22.3735608855782 0.048993260676636
0.466495 22.3975671097711 -0.00817939241526744
0.466995 22.421573333964 -0.0279405358905754
0.467495 22.445579558157 -0.139951983131483
0.467995 22.4695857823499 -0.024712603500992
0.468495 22.4935920065429 -0.132265401594196
0.468995 22.5175982307358 -0.138616819585553
0.469495 22.5416044549287 -0.111793782735412
0.469995 22.5656106791217 -0.132152532711414
0.470495 22.5896169033146 -0.0309100217209789
0.470995 22.6136231275076 0.011039742485372
0.471495 22.6376293517005 0.159452497350267
0.471995 22.6616355758934 0.0587338018821468
0.472495 22.6856418000864 0.035886202357299
0.472995 22.7096480242793 -0.0205119042162222
0.473495 22.7336542484723 0.0728727926771325
0.473995 22.7576604726652 0.168903072444841
0.474495 22.7816666968581 0.161603367298992
0.474995 22.8056729210511 0.200733660166834
0.475495 22.829679145244 0.132667797463273
0.475995 22.853685369437 0.116869286437748
0.476495 22.8776915936299 0.0939762585588103
0.476995 22.9016978178228 0.182166684726954
0.477495 22.9257040420158 0.11182844901202
0.477995 22.9497102662087 0.140659207473993
0.478495 22.9737164904017 0.175152817988518
0.478995 22.9977227145946 0.206882158682935
0.479495 23.0217289387875 0.200995430316071
0.479995 23.0457351629805 0.173722666093815
0.480495 23.0697413871734 0.0952833954795247
0.480995 23.0937476113664 0.0752390030731818
0.481495000000001 23.1177538355593 0.0117103400310492
0.481995 23.1417600597522 0.0584507703405263
0.482495 23.1657662839452 -0.0519455759235435
0.482995 23.1897725081381 -0.0156351897097348
0.483495 23.2137787323311 -0.0685897899857331
0.483995 23.237784956524 -0.134843590193589
0.484495 23.2617911807169 -0.181839200609826
0.484995 23.2857974049099 -0.27010756884238
0.485495 23.3098036291028 -0.318502295736081
0.485995 23.3338098532958 -0.366548244820565
0.486495 23.3578160774887 -0.421008245369552
0.486995 23.3818223016816 -0.390032126254901
0.487495 23.4058285258746 -0.313189611964756
0.487995 23.4298347500675 -0.367182925317064
0.488495 23.4538409742605 -0.283678962888907
0.488995 23.4778471984534 -0.141396998331051
0.489495 23.5018534226463 -0.22611856199226
0.489995 23.5258596468393 -0.179448610557233
0.490495 23.5498658710322 -0.0538078158183539
0.490995 23.5738720952252 -0.0608808840969074
0.491495 23.5978783194181 0.014581922276346
0.491995 23.621884543611 0.157454828828768
0.492495 23.645890767804 0.214689655434474
0.492995 23.6698969919969 0.297456066667618
0.493495 23.6939032161899 0.439877286052957
0.493995 23.7179094403828 0.551156974489755
0.494495 23.7419156645757 0.588397601669209
0.494995 23.7659218887687 0.579453341719995
0.495495 23.7899281129616 0.677130699894722
0.495995 23.8139343371546 0.609401737382584
0.496495 23.8379405613475 0.633570055864642
0.496995 23.8619467855404 0.679983274071225
0.497495 23.8859530097334 0.605635509270694
0.497995 23.9099592339263 0.624467032482924
0.498495 23.9339654581193 0.598983054723212
0.498995 23.9579716823122 0.634691344991219
0.499495 23.9819779065051 0.612017161545649
0.499995 24.0059841306981 0.487497936685282
