# Fix print output for fix Step
0 0 1.28438013640602
0.000494999999999981 0.0120031121924995 1.46137288911652
0.000994999999999899 0.0241274679424976 -2.84251802427883
0.00149499999999993 0.0362518236924984 0.696251439973584
0.00199499999999997 0.0483761794424993 -1.15323355605203
0.00249500000000001 0.0605005351925001 4.18601928110477
0.00299500000000004 0.072624890942501 4.4671367721152
0.00349499999999996 0.084749246692499 5.39130676779204
0.003995 0.0968736024424999 1.38068147540232
0.00449499999999991 0.108997958192498 2.07820076481885
0.00499499999999995 0.121122313942499 2.32727249178695
0.00549499999999998 0.1332466696925 3.21017691587628
0.00599500000000002 0.1453710254425 6.2085439386771
0.00649499999999994 0.157495381192498 5.12494478369846
0.00699499999999997 0.169619736942499 4.56897325118103
0.00749499999999989 0.181744092692497 4.98784898559002
0.00799499999999993 0.193868448442498 5.92715421540585
0.00849499999999996 0.205992804192499 6.90545678274364
0.008995 0.2181171599425 6.96930142116241
0.00949500000000003 0.230241515692501 7.44702615534862
0.00999499999999995 0.242365871442499 6.17888215389074
0.010495 0.2544902271925 7.41028191056907
0.0109949999999999 0.266614582942498 6.38841241952014
0.0114949999999999 0.278738938692499 7.35029449511214
0.011995 0.290863294442499 8.34432867623238
0.012495 0.3029876501925 8.08371199814153
0.012995 0.315112005942501 8.96823545262193
0.013495 0.327236361692499 9.39723285268764
0.0139949999999999 0.339360717442497 9.61192294455564
0.0144949999999999 0.351485073192498 9.44466060905982
0.014995 0.363609428942499 9.82839852742638
0.015495 0.3757337846925 10.4282497122496
0.015995 0.387858140442501 9.97153453697887
0.0164949999999999 0.399982496192499 10.5495845190491
0.016995 0.412106851942499 10.2760925330933
0.0174949999999999 0.424231207692498 10.9143954752389
0.0179949999999999 0.436355563442498 11.0588422322073
0.018495 0.448479919192499 11.6982658038072
0.018995 0.4606042749425 12.4115419086012
0.019495 0.472728630692501 12.6917119132802
0.019995 0.484852986442499 12.695179155063
0.020495 0.4969773421925 12.1399148668064
0.0209949999999999 0.509101697942498 12.8175348608842
0.0214949999999999 0.521226053692499 13.1139223574929
0.021995 0.5333504094425 13.6409882668668
0.022495 0.5454747651925 13.5343807263698
0.0229949999999999 0.557599120942498 13.6983163803419
0.023495 0.569723476692499 13.8176666827603
0.0239949999999999 0.581847832442497 14.3263153070342
0.0244949999999999 0.593972188192498 15.2155294819695
0.024995 0.606096543942499 15.6103177486329
0.025495 0.6182208996925 15.3865785175092
0.025995 0.630345255442501 15.4562924730272
0.0264949999999999 0.642469611192499 15.1713275706397
0.026995 0.6545939669425 15.8408609491079
0.0274949999999999 0.666718322692498 16.3672089265104
0.0279949999999999 0.678842678442498 16.8115216098307
0.028495 0.690967034192499 16.4901275555987
0.028995 0.7030913899425 16.9192766168717
0.029495 0.715215745692501 16.9568821728295
0.029995 0.727340101442499 17.598327837782
0.0304949999999999 0.739464457192497 18.0092718133508
0.0309949999999999 0.751588812942498 18.42439397618
0.031495 0.763713168692499 18.3433523474015
0.031995 0.7758375244425 18.4826735558491
0.032495 0.787961880192501 18.4325845927955
0.0329949999999999 0.800086235942499 18.8524722337348
0.033495 0.812210591692499 19.2032231664161
0.0339949999999999 0.824334947442497 19.5212546597576
0.0344949999999999 0.836459303192498 19.6111459550601
0.034995 0.848583658942499 19.7805114092047
0.035495 0.8607080146925 20.3713839770214
0.035995 0.872832370442501 20.5531142003622
0.036495 0.884956726192499 20.7908545260387
0.036995 0.8970810819425 20.7389267845021
0.0374949999999999 0.909205437692498 21.0640886802097
0.0379949999999999 0.921329793442499 21.2836682578215
0.038495 0.933454149192499 21.7550036548402
0.038995 0.9455785049425 22.0128876284397
0.0394949999999999 0.957702860692498 22.1543807986614
0.039995 0.969827216442499 22.1237505842893
0.0404949999999999 0.981951572192497 22.9200001446729
0.0409949999999999 0.994075927942498 22.7978881180867
0.041495 1.0062002836925 23.3784025621665
0.041995 1.0183246394425 23.3177113545539
0.042495 1.0304489951925 23.7467243911876
0.0429949999999999 1.0425733509425 23.5743802434658
0.043495 1.0546977066925 23.7732817343869
0.0439949999999999 1.0668220624425 24.154050578737
0.0444949999999999 1.0789464181925 24.371999518548
0.044995 1.0910707739425 24.8604549980192
0.045495 1.1031951296925 24.7744187752852
0.045995 1.1153194854425 25.2229666193439
0.046495 1.1274438411925 25.4760910341843
0.0469949999999999 1.1395681969425 25.8081523853294
0.0474949999999999 1.1516925526925 26.0730593552789
0.0479949999999999 1.1638169084425 26.4100563398406
0.048495 1.1759412641925 26.4143690117106
0.048995 1.1880656199425 26.470702937033
0.0494949999999999 1.2001899756925 26.7584841080952
0.049995 1.2123143314425 27.0641639634218
0.0504949999999999 1.2244386871925 27.3610738493019
0.0509949999999999 1.2365630429425 27.6255271832599
0.051495 1.2486873986925 27.8731807313743
0.051995 1.2608117544425 28.0143858682502
0.052495 1.2729361101925 28.4387818727367
0.052995 1.2850604659425 28.7256743429333
0.053495 1.2971848216925 28.8693392464199
0.0539949999999999 1.3093091774425 29.0389403550202
0.0544949999999999 1.3214335331925 29.4696688079856
0.054995 1.3335578889425 29.3417877040798
0.055495 1.3456822446925 29.8370319939714
0.0559949999999999 1.3578066004425 29.8688482342592
0.056495 1.3699309561925 30.2210802900723
0.056995 1.3820553119425 30.3618810864562
0.057495 1.3941796676925 30.5410126029718
0.0579949999999998 1.4063040234425 30.9648785001997
0.0584949999999999 1.4184283791925 30.9625362263941
0.0589949999999999 1.4305527349425 31.3142682360424
0.0594949999999999 1.4426770906925 31.3291751122817
0.059995 1.4548014464425 31.5310800203177
0.060495 1.4669258021925 31.8769744383521
0.0609949999999998 1.4790501579425 31.9073646784827
0.0614949999999999 1.4911745136925 32.3949214804934
0.0619949999999999 1.5032988694425 32.3076451027862
0.0624949999999999 1.5154232251925 32.5664246133335
0.062995 1.5275475809425 32.9611158498331
0.063495 1.5396719366925 33.3018601829841
0.063995 1.5517962924425 33.2984090565443
0.0644949999999998 1.5639206481925 33.4279513569528
0.0649949999999999 1.5760450039425 33.7946441072372
0.0654949999999999 1.5881693596925 33.9093536905314
0.0659949999999999 1.6002937154425 34.1784185623428
0.066495 1.6124180711925 34.389683297022
0.066995 1.6245424269425 34.7889405023373
0.067495 1.6366667826925 35.0335503250813
0.0679949999999998 1.6487911384425 34.9918671600848
0.0684949999999999 1.6609154941925 35.1170297688181
0.0689949999999999 1.6730398499425 35.228448625086
0.0694949999999999 1.6851642056925 35.6196015711802
0.069995 1.6972885614425 35.9634142663264
0.070495 1.7094129171925 36.1179895722283
0.0709950000000001 1.7215372729425 36.2579939870819
0.0714949999999999 1.7336616286925 36.6885353506734
0.0719949999999999 1.7457859844425 36.7476658424625
0.0724949999999999 1.7579103401925 36.8847444048497
0.072995 1.7700346959425 37.1742216007971
0.073495 1.7821590516925 37.3723572820099
0.073995 1.7942834074425 37.4914346473421
0.0744950000000001 1.8064077631925 37.6261072546944
0.0749949999999999 1.8185321189425 37.8342187392003
0.0754949999999999 1.8306564746925 38.3487581337487
0.0759949999999999 1.8427808304425 38.1776065132919
0.076495 1.8549051861925 38.5562231891393
0.076995 1.8670295419425 38.3955206406174
0.0774949999999998 1.8791538976925 38.9864132917795
0.0779949999999999 1.8912782534425 38.857627236975
0.0784949999999999 1.9034026091925 39.2517586580874
0.0789949999999999 1.9155269649425 39.3869421475368
0.079495 1.9276513206925 39.591425192115
0.079995 1.9397756764425 40.0179929401137
0.080495 1.9519000321925 40.1709856326877
0.0809949999999998 1.9640243879425 40.2382279624868
0.0814949999999999 1.9761487436925 40.4205734293929
0.0819949999999999 1.9882730994425 40.6819915055428
0.0824949999999999 2.0003974551925 40.9383443443623
0.082995 2.0125218109425 40.9017932376157
0.083495 2.0246461666925 41.1662979886085
0.083995 2.0367705224425 41.4168139474501
0.0844949999999998 2.0488948781925 41.5080261379028
0.0849949999999999 2.0610192339425 41.6501966826242
0.0854949999999999 2.0731435896925 41.9245634716619
0.0859949999999999 2.0852679454425 42.3005485281101
0.086495 2.0973923011925 42.3457518508682
0.086995 2.1095166569425 42.670610355937
0.0874950000000001 2.1216410126925 42.7967074733502
0.0879949999999999 2.1337653684425 42.7600379271807
0.0884949999999999 2.1458897241925 43.1660616973455
0.0889949999999999 2.1580140799425 43.3423679229111
0.089495 2.1701384356925 43.5082173278287
0.089995 2.1822627914425 43.7375031356387
0.090495 2.1943871471925 43.9163952214609
0.0909950000000001 2.2065115029425 44.0541521969079
0.0914949999999999 2.2186358586925 44.1913336247627
0.0919949999999999 2.2307602144425 44.2698539577698
0.0924949999999999 2.2428845701925 44.6792130281105
0.092995 2.2550089259425 44.7074233035648
0.093495 2.2671332816925 44.9664556119208
0.0939949999999998 2.2792576374425 45.0346571116292
0.0944949999999998 2.2913819931925 45.3682705110846
0.0949949999999999 2.3035063489425 45.4409068695433
0.0954949999999999 2.3156307046925 45.531436234149
0.095995 2.3277550604425 45.6813205517761
0.096495 2.3398794161925 46.1600074120445
0.096995 2.3520037719425 46.3116400692954
0.0974949999999998 2.3641281276925 46.4195690282816
0.0979949999999999 2.3762524834425 46.4565389787821
0.0984949999999999 2.3883768391925 46.8925977842589
0.0989949999999999 2.4005011949425 46.7442278834933
0.099495 2.4126255506925 47.0373280379789
0.099995 2.4247499064425 47.1593937846955
0.100495 2.4368742621925 47.4598768352585
0.100995 2.4489986179425 47.5601009759299
0.101495 2.4611229736925 47.824238444603
0.101995 2.4732473294425 48.0102445909687
0.102495 2.4853716851925 48.237346753304
0.102995 2.4974960409425 48.1866892946549
0.103495 2.5096203966925 48.4945233781428
0.103995 2.5217447524425 48.5474784701344
0.104495 2.5338691081925 48.7676513022536
0.104995 2.5459934639425 48.946073797041
0.105495 2.5581178196925 49.0350900165279
0.105995 2.5702421754425 49.2381394901602
0.106495 2.5823665311925 49.2301499653372
0.106995 2.5944908869425 49.6297898468064
0.107495 2.6066152426925 49.6674118362729
0.107995 2.6187395984425 49.8523740322493
0.108495 2.6308639541925 49.9033068816274
0.108995 2.6429883099425 50.3060565923487
0.109495 2.6551126656925 50.2917575357442
0.109995 2.6672370214425 50.346615129179
0.110495 2.6793613771925 50.5073375853049
0.110995 2.6914857329425 51.0257403187778
0.111495 2.7036100886925 50.9789839307526
0.111995 2.7157344444425 51.1265488403222
0.112495 2.7278588001925 51.1533789921468
0.112995 2.7399831559425 51.6066722708549
0.113495 2.7521075116925 51.7234234396822
0.113995 2.7642318674425 51.6811532230018
0.114495 2.7763562231925 51.9225241585043
0.114995 2.7884805789425 52.1544802873864
0.115495 2.8006049346925 52.2719509274978
0.115995 2.8127292904425 52.1672345859581
0.116495 2.8248536461925 52.3577066857725
0.116995 2.8369780019425 52.6518181282561
0.117495 2.8491023576925 52.8666150710844
0.117995 2.8612267134425 53.0387795156167
0.118495 2.8733510691925 53.2162598657223
0.118995 2.8854754249425 53.1251903708503
0.119495 2.8975997806925 53.2811083121827
0.119995 2.9097241364425 53.6251445559693
0.120495 2.9218484921925 54.0101909546902
0.120995 2.9339728479425 53.739094878289
0.121495 2.9460972036925 53.9416839142236
0.121995 2.9582215594425 54.3232600336683
0.122495 2.9703459151925 54.2287063628257
0.122995 2.9824702709425 54.2303167510689
0.123495 2.9945946266925 54.6405318925511
0.123995 3.0067189824425 54.7768364416915
0.124495 3.0188433381925 54.9360806916421
0.124995 3.0309676939425 54.8249201683963
0.125495 3.0430920496925 55.203963121123
0.125995 3.0552164054425 55.0774312403913
0.126495 3.0673407611925 55.4565352781977
0.126995 3.0794651169425 55.5373157269136
0.127495 3.0915894726925 55.7129427237112
0.127995 3.1037138284425 55.801488808481
0.128495 3.1158381841925 56.0181376328305
0.128995 3.1279625399425 56.0879790918321
0.129495 3.1400868956925 56.2334176534066
0.129995 3.1522112514425 56.448725060498
0.130495 3.1643356071925 56.4362262856022
0.130995 3.1764599629425 56.6387924825173
0.131495 3.1885843186925 56.7168211820542
0.131995 3.2007086744425 56.9021437939396
0.132495 3.2128330301925 56.8053425614146
0.132995 3.2249573859425 57.3613683938851
0.133495 3.2370817416925 57.2527704139914
0.133995 3.2492060974425 57.4094233477181
0.134495 3.2613304531925 57.5828057226548
0.134995 3.2734548089425 57.6440067426636
0.135495 3.2855791646925 57.7564065847995
0.135995 3.2977035204425 57.7921383632543
0.136495 3.3098278761925 58.0836365300322
0.136995 3.3219522319425 58.2739684578368
0.137495 3.3340765876925 58.3907291753296
0.137995 3.3462009434425 58.2794967751016
0.138495 3.3583252991925 58.6317808290242
0.138995 3.3704496549425 58.7851068700784
0.139495 3.3825740106925 58.8597258365562
0.139995 3.3946983664425 58.8106279913583
0.140495 3.4068227221925 58.9949121940212
0.140995 3.4189470779425 59.2327677051962
0.141495 3.4310714336925 59.2887039794975
0.141995 3.4431957894425 59.2725248570892
0.142495 3.4553201451925 59.5823568661439
0.142995 3.4674445009425 59.5157577078745
0.143495 3.4795688566925 59.7953614707188
0.143995 3.4916932124425 59.8945370595457
0.144495 3.5038175681925 59.8739461051458
0.144995 3.5159419239425 60.1677552600444
0.145495 3.5280662796925 60.2769570665717
0.145995 3.5401906354425 60.4605588205407
0.146495 3.5523149911925 60.4416860796051
0.146995 3.5644393469425 60.4840223096245
0.147495 3.5765637026925 60.7173168975954
0.147995 3.5886880584425 60.8892599401321
0.148495 3.6008124141925 61.0859058981743
0.148995 3.6129367699425 61.0295220668975
0.149495 3.6250611256925 61.0883157361729
0.149995 3.6371854814425 61.3016757567898
0.150495 3.6493098371925 61.4133899468005
0.150995 3.6614341929425 61.4081414769
0.151495 3.6735585486925 61.4504904785011
0.151995 3.6856829044425 61.6680299628883
0.152495 3.6978072601925 61.8121937587223
0.152995 3.7099316159425 62.0315790987895
0.153495 3.7220559716925 62.0786522069337
0.153995 3.7341803274425 62.0730644894671
0.154495 3.7463046831925 62.2435041745774
0.154995 3.7584290389425 62.2722070753681
0.155495 3.7705533946925 62.6064658801803
0.155995 3.7826777504425 62.531076102947
0.156495 3.7948021061925 62.7183386117431
0.156995 3.8069264619425 62.6537534777354
0.157495 3.8190508176925 62.9492437699893
0.157995 3.8311751734425 62.9761885255024
0.158495 3.8432995291925 63.0720487295119
0.158995 3.8554238849425 63.1630008280683
0.159495 3.8675482406925 63.2566355170742
0.159995 3.8796725964425 63.5997480498283
0.160495 3.8917969521925 63.4743358571607
0.160995 3.9039213079425 63.7163602038778
0.161495 3.9160456636925 63.4456428475397
0.161995 3.9281700194425 63.8531442247781
0.162495 3.9402943751925 63.8423650273415
0.162995 3.9524187309425 64.0426941544925
0.163495 3.9645430866925 63.9728242624834
0.163995 3.9766674424425 64.2197253390312
0.164495 3.9887917981925 64.3522282512457
0.164995 4.0009161539425 64.2458525750869
0.165495 4.0130405096925 64.403930165736
0.165995 4.0251648654425 64.5303890297144
0.166495 4.0372892211925 64.7334361762205
0.166995 4.0494135769425 64.6319478599774
0.167495 4.0615379326925 64.7375097455741
0.167995 4.0736622884425 64.8565379570116
0.168495 4.0857866441925 65.0611097309169
0.168995 4.0979109999425 65.1316774470456
0.169495 4.1100353556925 65.2626985817868
0.169995 4.1221597114425 65.3368237718265
0.170495 4.1342840671925 65.3193987201954
0.170995 4.1464084229425 65.5143989791185
0.171495 4.1585327786925 65.4801773529024
0.171995 4.1706571344425 65.638236815186
0.172495 4.1827814901925 65.6612089009529
0.172995 4.1949058459425 65.9495169293157
0.173495 4.2070302016925 65.787888790761
0.173995 4.2191545574425 66.0039711340257
0.174495 4.2312789131925 65.9730257070078
0.174995 4.2434032689425 66.3184892715288
0.175495 4.2555276246925 66.1649396645561
0.175995 4.2676519804425 66.2332646710852
0.176495 4.2797763361925 66.3283361504959
0.176995 4.2919006919425 66.5026231680399
0.177495 4.3040250476925 66.716856746533
0.177995 4.3161494034425 66.5341575113425
0.178495 4.3282737591925 66.6939957803257
0.178995 4.3403981149425 66.768616479491
0.179495 4.3525224706925 67.0240270522854
0.179995 4.3646468264425 66.8030119115775
0.180495 4.3767711821925 66.9429062525402
0.180995 4.3888955379425 67.1392353975718
0.181495 4.4010198936925 67.302296254547
0.181995 4.4131442494425 67.2381099148247
0.182495 4.4252686051925 67.3097594676299
0.182995 4.4373929609425 67.4903591283191
0.183495 4.4495173166925 67.5251172681051
0.183995 4.4616416724425 67.6574985654394
0.184495 4.4737660281925 67.6464907234159
0.184995 4.4858903839425 67.8613999876655
0.185495 4.4980147396925 67.8242656868544
0.185995 4.5101390954425 67.8903997377436
0.186495 4.5222634511925 67.938480609672
0.186995 4.5343878069425 67.9145198279647
0.187495 4.5465121626925 68.2139104143516
0.187995 4.5586365184425 68.1602599085566
0.188495 4.5707608741925 68.4062557014595
0.188995 4.5828852299425 68.3515411176485
0.189495 4.5950095856925 68.4207093791197
0.189995 4.6071339414425 68.4891010802944
0.190495 4.6192582971925 68.5541167925652
0.190995 4.6313826529425 68.6391358731291
0.191495 4.6435070086925 68.7433245455312
0.191995 4.6556313644425 68.7722889608492
0.192495 4.6677557201925 68.7997050774799
0.192995 4.6798800759425 69.0486600063062
0.193495 4.6920044316925 68.8424002623354
0.193995 4.7041287874425 69.2794752114136
0.194495 4.7162531431925 69.1234727431784
0.194995 4.7283774989425 69.1860666201313
0.195495 4.7405018546925 69.182091897695
0.195995 4.7526262104425 69.3354923028799
0.196495 4.76475056619249 69.488243680282
0.196995 4.7768749219425 69.5537875872475
0.197495 4.7889992776925 69.5852522874662
0.197995 4.8011236334425 69.5425165282282
0.198495 4.8132479891925 69.8129102211595
0.198995 4.8253723449425 69.7254285543278
0.199495 4.8374967006925 69.9872391656453
0.199995 4.8496210564425 69.7924620713689
0.200495 4.8617454121925 70.0391573716132
0.200995 4.8738697679425 69.9763500629271
0.201495 4.8859941236925 70.0227151041161
0.201995 4.8981184794425 70.2533745588044
0.202495 4.9102428351925 70.241320537943
0.202995 4.9223671909425 70.3002700899503
0.203495 4.9344915466925 70.2099034326503
0.203995 4.9466159024425 70.6102895625782
0.204495 4.9587402581925 70.4473515117
0.204995 4.9708646139425 70.4563157520486
0.205495 4.9829889696925 70.5608150845283
0.205995 4.9951133254425 70.6898243444252
0.206495 5.0072376811925 70.764600105852
0.206995 5.0193620369425 70.6169340193077
0.207495 5.0314863926925 70.7347568107123
0.207995 5.0436107484425 70.9295640564707
0.208495 5.0557351041925 71.1295050109127
0.208995 5.0678594599425 70.9356350467
0.209495 5.0799838156925 71.0493936408267
0.209995 5.0921081714425 71.2289938596489
0.210495 5.1042325271925 71.2313423593812
0.210995 5.1163568829425 71.3055841949561
0.211495 5.1284812386925 71.2755281755779
0.211995 5.1406055944425 71.4172868841441
0.212495 5.1527299501925 71.3704650843538
0.212995 5.1648543059425 71.6147596044797
0.213495 5.1769786616925 71.440799415483
0.213995 5.1891030174425 71.5528859460797
0.214495 5.2012273731925 71.656453971478
0.214995 5.2133517289425 71.9221352966002
0.215495 5.2254760846925 71.782311678805
0.215995 5.2376004404425 71.8922115417287
0.216495 5.2497247961925 72.0150113691381
0.216995 5.2618491519425 71.9653439357692
0.217495 5.2739735076925 71.9811212533733
0.217995 5.2860978634425 71.9070202564399
0.218495 5.2982222191925 72.2603123652658
0.218995 5.3103465749425 72.3093567081473
0.219495 5.3224709306925 72.249818668622
0.219995 5.3345952864425 72.2096126864813
0.220495 5.3467196421925 72.4739124047764
0.220995 5.3588439979425 72.489334110152
0.221495 5.3709683536925 72.3439724803113
0.221995 5.3830927094425 72.6479637329473
0.222495 5.3952170651925 72.5991774607969
0.222995 5.4073414209425 72.7500944640358
0.223495 5.4194657766925 72.833090828632
0.223995 5.4315901324425 72.8825516781157
0.224495 5.4437144881925 72.8889601772647
0.224995 5.4558388439425 72.8498887604976
0.225495 5.4679631996925 72.9284243973789
0.225995 5.4800875554425 73.0739908185316
0.226495 5.4922119111925 73.2446363263764
0.226995 5.5043362669425 72.9757113045009
0.227495 5.5164606226925 73.2889293106253
0.227995 5.5285849784425 73.3252393529947
0.228495 5.5407093341925 73.4937769779881
0.228995 5.5528336899425 73.2785191471202
0.229495 5.5649580456925 73.4120175465402
0.229995 5.5770824014425 73.5546231082042
0.230495 5.5892067571925 73.586989514301
0.230995 5.6013311129425 73.5144301812017
0.231495 5.6134554686925 73.7564393879305
0.231995 5.6255798244425 73.7442840219859
0.232495 5.6377041801925 73.7680455867102
0.232995 5.6498285359425 73.8480543581972
0.233495 5.6619528916925 73.7404832408164
0.233995 5.6740772474425 73.9639887704932
0.234495 5.6862016031925 74.0295484966363
0.234995 5.6983259589425 74.3422100704919
0.235495 5.7104503146925 74.263342410088
0.235995 5.7225746704425 74.2737811023669
0.236495 5.7346990261925 74.4464273318227
0.236995 5.7468233819425 74.4423957050356
0.237495 5.7589477376925 74.2949993815298
0.237995 5.7710720934425 74.6011179731038
0.238495 5.7831964491925 74.567618639634
0.238995 5.7953208049425 74.6237596217867
0.239495 5.8074451606925 74.6426698102293
0.239995 5.8195695164425 74.7490104539545
0.240495 5.8316938721925 74.72497810204
0.240995 5.8438182279425 74.7078472154181
0.241495 5.8559425836925 74.8556731060745
0.241995 5.8680669394425 74.8748764262801
0.242495 5.8801912951925 74.9206546280808
0.242995 5.8923156509425 75.036341236262
0.243495 5.9044400066925 75.009333171382
0.243995 5.9165643624425 75.1615078632492
0.244495 5.9286887181925 75.2420351537987
0.244995 5.9408130739425 75.2143989945306
0.245495 5.9529374296925 75.1039245212136
0.245995 5.9650617854425 75.4460425710093
0.246495 5.9771861411925 75.3906287170535
0.246995 5.9893104969425 75.5253247189971
0.247495 6.0014348526925 75.6126536658924
0.247995 6.0135592084425 75.8940540442815
0.248495 6.0256835641925 75.4683996610182
0.248995 6.0378079199425 75.6348062659382
0.249495 6.0499322756925 75.8498933433537
0.249995 6.0620566314425 76.0221417425638
0.250495 6.0741809871925 76.064516211318
0.250995 6.0863053429425 75.8792760969107
0.251495 6.0984296986925 76.0261611621271
0.251995 6.1105540544425 76.1971601202437
0.252495 6.1226784101925 76.2812610887847
0.252995 6.1348027659425 76.1841736252116
0.253495 6.1469271216925 76.0582314305067
0.253995 6.1590514774425 76.3951280850658
0.254495 6.1711758331925 76.4156275738908
0.254995 6.1833001889425 76.4484470303709
0.255495 6.1954245446925 76.5076062057423
0.255995 6.2075489004425 76.9280687988214
0.256495 6.2196732561925 76.7237432397564
0.256995 6.2317976119425 76.5715317848684
0.257495 6.2439219676925 76.6288214762194
0.257995 6.2560463234425 77.0187114637189
0.258495 6.2681706791925 77.2926984720691
0.258995 6.28029503494249 76.8672457265769
0.259495 6.2924193906925 76.9497205046406
0.259995 6.3045437464425 77.2026917882586
0.260495 6.3166681021925 77.0770115575854
0.260995 6.3287924579425 77.0248046657751
0.261495 6.3409168136925 77.4488895772207
0.261995 6.3530411694425 77.2925176076957
0.262495 6.3651655251925 77.6884456950223
0.262995 6.3772898809425 77.6596061063134
0.263495 6.3894142366925 77.6717216190557
0.263995 6.4015385924425 77.8927016417943
0.264495 6.4136629481925 77.834457561247
0.264995 6.4257873039425 77.8785898012346
0.265495 6.4379116596925 77.8827250697166
0.265995 6.4500360154425 78.1978629945494
0.266495 6.4621603711925 78.0881343731023
0.266995 6.4742847269425 78.2279231108722
0.267495 6.4864090826925 78.4018085981643
0.267995 6.4985334384425 78.1978132326493
0.268495 6.5106577941925 78.3724655255472
0.268995 6.5227821499425 78.3333890570735
0.269495 6.5349065056925 78.5799636721902
0.269995 6.5470308614425 78.5483201617861
0.270495 6.5591552171925 78.8877837171074
0.270995 6.5712795729425 79.0353347178862
0.271495 6.5834039286925 79.1581626411972
0.271995 6.5955282844425 79.0800744802554
0.272495 6.6076526401925 79.0934515204584
0.272995 6.6197769959425 79.1058553385892
0.273495 6.6319013516925 79.224122578059
0.273995 6.6440257074425 78.9771325669735
0.274495 6.6561500631925 79.362134649991
0.274995 6.6682744189425 79.6094952866705
0.275495 6.68039877469249 79.5036906706466
0.275995 6.6925231304425 79.7222216347355
0.276495 6.7046474861925 79.6069727352274
0.276995 6.7167718419425 79.7577099427881
0.277495 6.7288961976925 80.0588288491424
0.277995 6.7410205534425 80.0978444288563
0.278495 6.7531449091925 80.0954195125184
0.278995 6.76526926494249 80.5670631714064
0.279495 6.7773936206925 80.1926717825487
0.279995 6.7895179764425 80.3397528028698
0.280495 6.8016423321925 80.3937322197222
0.280995 6.8137666879425 80.6317238064025
0.281495 6.8258910436925 80.8199434614632
0.281995 6.8380153994425 80.9599643023896
0.282495 6.8501397551925 80.6041658882975
0.282995 6.8622641109425 80.9273984852959
0.283495 6.8743884666925 80.9202045492888
0.283995 6.8865128224425 81.2684826784982
0.284495 6.8986371781925 81.3518348682082
0.284995 6.9107615339425 81.263035488632
0.285495 6.9228858896925 81.2951832520525
0.285995 6.9350102454425 81.6957212430293
0.286495 6.9471346011925 81.8120798587214
0.286995 6.9592589569425 82.0766762975693
0.287495 6.9713833126925 81.8974434669847
0.287995 6.9835076684425 82.0204319626615
0.288495 6.9956320241925 82.2928216100795
0.288995 7.0077563799425 82.2720367730735
0.289495 7.0198807356925 82.2636324412476
0.289995 7.0320050914425 82.6136685065401
0.290495 7.0441294471925 82.7429048976431
0.290995 7.0562538029425 82.7817173514695
0.291495 7.0683781586925 82.8796248678719
0.291995 7.0805025144425 83.0579537067062
0.292495 7.0926268701925 83.1062065729713
0.292995 7.1047512259425 83.2888019670104
0.293495 7.1168755816925 83.0350922934929
0.293995 7.1289999374425 83.5378881681165
0.294495 7.1411242931925 83.4725768590679
0.294995 7.1532486489425 83.855025403712
0.295495 7.1653730046925 83.6449501420555
0.295995 7.1774973604425 83.7887869675652
0.296495 7.1896217161925 84.1306326757319
0.296995 7.2017460719425 84.4374416624722
0.297495 7.2138704276925 84.3946371823744
0.297995 7.2259947834425 84.2860773645643
0.298495 7.2381191391925 84.5147381754798
0.298995 7.2502434949425 85.1517864715089
0.299495 7.2623678506925 84.9257082219455
0.299995 7.2744922064425 85.2564616623052
0.300495 7.2866165621925 85.2035589938764
0.300995 7.2987409179425 85.9023580922824
0.301495 7.3108652736925 85.8489920375506
0.301995 7.3229896294425 85.7031069784228
0.302495 7.3351139851925 85.8932805740875
0.302995 7.3472383409425 85.9086259435208
0.303495 7.3593626966925 86.2468538992312
0.303995 7.3714870524425 86.798664343175
0.304495 7.3836114081925 86.3362145657455
0.304995 7.3957357639425 86.822367164211
0.305495 7.4078601196925 86.8826251956384
0.305995 7.4199844754425 87.0671380828984
0.306495 7.4321088311925 87.3622701146184
0.306995 7.4442331869425 87.2240400828477
0.307495 7.4563575426925 87.6059449043363
0.307995 7.4684818984425 87.5978265383781
0.308495 7.4806062541925 88.0371232975148
0.308995 7.4927306099425 88.1485027188921
0.309495 7.5048549656925 88.5905268681159
0.309995 7.5169793214425 88.770236444762
0.310495 7.5291036771925 89.0129503492878
0.310995 7.5412280329425 89.0803871429546
0.311495 7.5533523886925 89.5659234421125
0.311995 7.5654767444425 89.3151013849136
0.312495 7.5776011001925 89.7923513269862
0.312995 7.5897254559425 89.5694584509598
0.313495 7.6018498116925 89.8830770122332
0.313995 7.6139741674425 90.8761983520837
0.314495 7.6260985231925 90.6071802811996
0.314995 7.6382228789425 90.9757028487644
0.315495 7.6503472346925 90.6935230487569
0.315995 7.6624715904425 91.5381095000008
0.316495 7.6745959461925 91.6028756363814
0.316995 7.6867203019425 91.7178272019319
0.317495 7.6988446576925 92.0268053343885
0.317995 7.7109690134425 91.9146564586068
0.318495 7.7230933691925 92.5345631539302
0.318995 7.7352177249425 92.7667253447305
0.319495 7.7473420806925 93.2351141458824
0.319995 7.7594664364425 93.2191657925637
0.320495 7.7715907921925 93.8529741083426
0.320995 7.7837151479425 93.695377605354
0.321495 7.79583950369249 94.5720172127704
0.321995 7.8079638594425 94.3194931825885
0.322495 7.8200882151925 94.6277463614734
0.322995 7.8322125709425 94.8173034148633
0.323495 7.8443369266925 95.0321663032704
0.323995 7.8564612824425 95.7277112331854
0.324495 7.8685856381925 96.1029427789426
0.324995 7.88070999394249 96.1501845687409
0.325495 7.8928343496925 96.2327929185228
0.325995 7.9049587054425 96.437001937683
0.326495 7.9170830611925 96.9684040122047
0.326995 7.9292074169425 97.0241220574287
0.327495 7.9413317726925 97.4437020110956
0.327995 7.9534561284425 97.8548769907725
0.328495 7.9655804841925 97.7514789732041
0.328995 7.9777048399425 98.3601952460391
0.329495 7.9898291956925 98.8887222588195
0.329995 8.0019535514425 99.0166605190179
0.330495 8.0140779071925 99.5991796291001
0.330995 8.0262022629425 99.8632580113001
0.331495 8.0383266186925 100.089682093661
0.331995 8.05045097444249 100.375114492042
0.332495 8.0625753301925 100.459475280249
0.332995 8.0746996859425 101.144653352048
0.333495 8.0868240416925 101.289048475165
0.333995 8.0989483974425 101.564857209822
0.334495 8.1110727531925 102.177942757035
0.334995 8.1231971089425 102.233666314541
0.335495 8.1353214646925 102.384376603334
0.335995 8.1474458204425 102.982216845976
0.336495 8.1595701761925 102.969105242652
0.336995 8.1716945319425 103.532701485252
0.337495 8.1838188876925 103.745296049733
0.337995 8.1959432434425 103.956091989229
0.338495 8.20806759919249 104.195076864877
0.338995 8.2201919549425 104.788221829961
0.339495 8.2323163106925 105.098338852558
0.339995 8.2444406664425 105.949652234963
0.340495 8.2565650221925 105.613568833548
0.340995 8.2686893779425 106.377528856799
0.341495 8.2808137336925 106.554383225885
0.341995 8.2929380894425 107.220257147593
0.342495 8.3050624451925 107.757626087725
0.342995 8.3171868009425 107.380155709125
0.343495 8.3293111566925 108.607116434496
0.343995 8.3414355124425 108.438277283114
0.344495 8.3535598681925 108.667121604832
0.344995 8.36568422394249 108.967579632537
0.345495 8.37780857969249 109.494349257292
0.345995 8.3899329354425 110.282006078683
0.346495 8.4020572911925 110.155333317287
0.346995 8.4141816469425 110.413963455899
0.347495 8.4263060026925 111.35941179757
0.347995 8.4384303584425 111.431334942715
0.348495 8.4505547141925 111.728684764413
0.348995 8.4626790699425 112.563604490554
0.349495 8.4748034256925 111.982077680169
0.349995 8.4869277814425 113.059050298827
0.350495 8.4990521371925 113.303739008986
0.350995 8.5111764929425 113.466767508671
0.351495 8.5233008486925 114.178092419286
0.351995 8.53542520444249 114.404663271855
0.352495 8.5475495601925 114.97420792121
0.352995 8.5596739159425 114.858383879496
0.353495 8.5717982716925 115.986573546785
0.353995 8.5839226274425 115.863845051548
0.354495 8.5960469831925 116.234985681463
0.354995 8.6081713389425 116.698024400152
0.355495 8.6202956946925 116.924739593941
0.355995 8.6324200504425 118.218414617134
0.356495 8.6445444061925 118.352681126313
0.356995 8.6566687619425 118.088910991827
0.357495 8.6687931176925 118.934533684218
0.357995 8.6809174734425 119.376453078733
0.358495 8.6930418291925 119.72327602098
0.358995 8.7051661849425 120.156907384982
0.359495 8.7172905406925 120.775444948333
0.359995 8.7294148964425 121.495050195703
0.360495 8.7415392521925 121.592499744954
0.360995 8.7536636079425 121.882473035862
0.361495 8.7657879636925 122.811782887293
0.361995 8.7779123194425 122.836139798574
0.362495 8.7900366751925 122.638159232903
0.362995 8.8021610309425 123.890085310775
0.363495 8.8142853866925 124.312749023072
0.363995 8.8264097424425 124.74839459273
0.364495 8.8385340981925 125.107120814086
0.364995 8.8506584539425 125.793820775486
0.365495 8.8627828096925 125.611195700268
0.365995 8.8749071654425 126.478949838889
0.366495 8.8870315211925 126.757080509659
0.366995 8.8991558769425 127.528323490262
0.367495 8.9112802326925 128.134999694952
0.367995 8.9234045884425 128.158268506986
0.368495 8.93552894419249 128.207744927369
0.368995 8.9476532999425 129.247029016212
0.369495 8.9597776556925 130.244705458849
0.369995 8.9719020114425 130.75557491715
0.370495 8.9840263671925 130.743355770913
0.370995 8.9961507229425 131.038789723636
0.371495 9.0082750786925 132.370226777401
0.371995 9.0203994344425 132.143831938249
0.372495 9.0325237901925 133.415258084714
0.372995 9.0446481459425 133.415521501485
0.373495 9.0567725016925 133.576368559976
0.373995 9.0688968574425 134.574485136899
0.374495 9.0810212131925 135.206731008653
0.374995 9.0931455689425 136.116882797665
0.375495 9.1052699246925 136.280436487163
0.375995 9.1173942804425 136.078009788907
0.376495 9.1295186361925 136.831923748816
0.376995 9.1416429919425 137.943882849541
0.377495 9.1537673476925 138.802329892707
0.377995 9.1658917034425 139.45349130022
0.378495 9.1780160591925 139.789375438978
0.378995 9.1901404149425 140.654241082373
0.379495 9.2022647706925 140.38415798346
0.379995 9.2143891264425 141.239755109624
0.380495 9.2265134821925 142.169631401556
0.380995 9.2386378379425 142.186569085048
0.381495 9.25076219369249 142.678387125507
0.381995 9.2628865494425 143.688685672202
0.382495 9.2750109051925 144.333827941789
0.382995 9.2871352609425 144.785320461422
0.383495 9.2992596166925 145.455660224967
0.383995 9.3113839724425 146.263297099902
0.384495 9.3235083281925 146.776259843538
0.384995 9.3356326839425 147.574440746349
0.385495 9.3477570396925 147.7377129943
0.385995 9.3598813954425 148.740207319842
0.386495 9.3720057511925 148.540941007044
0.386995 9.3841301069425 148.172571228751
0.387495 9.3962544626925 143.989077007228
0.387995 9.4083788184425 129.141097417389
0.388495 9.4205031741925 100.646244950046
0.388995 9.4326275299425 72.4283341816831
0.389495 9.4447518856925 52.2390543829076
0.389995 9.4568762414425 39.3336252674298
0.390495 9.4690005971925 28.7402949300913
0.390995 9.48112495294249 19.4314566108238
0.391495 9.4932493086925 15.8513608560833
0.391995 9.5053736644425 15.4206899643863
0.392495 9.5174980201925 13.9310935144662
0.392995 9.5296223759425 10.9602035331728
0.393495 9.5417467316925 6.36741711875706
0.393995 9.5538710874425 0.596908042465409
0.394495 9.5659954431925 -5.31650056918351
0.394995 9.5781197989425 -10.2722316654958
0.395495 9.5902441546925 -13.0184987366716
0.395995 9.6023685104425 -11.7231773740052
0.396495 9.6144928661925 -7.36926448989733
0.396995 9.6266172219425 -3.03463299339787
0.397495 9.6387415776925 0.1629566875288
0.397995 9.65086593344249 1.48095835023555
0.398495 9.6629902891925 2.05628819546332
0.398995 9.6751146449425 1.80692176578151
0.399495 9.6872390006925 1.07242889963911
0.399995 9.6993633564425 0.681115718541476
0.400495 9.7114877121925 0.873009138523478
0.400995 9.7236120679425 1.34606746572866
0.401495 9.7357364236925 1.07488079750867
0.401995 9.7478607794425 0.739198191997828
0.402495 9.7599851351925 -0.608623705789833
0.402995 9.7721094909425 -2.31205738887966
0.403495 9.7842338466925 -3.28492081823174
0.403995 9.7963582024425 -3.82954976543766
0.404495 9.8084825581925 -3.03727471859916
0.404995 9.82060691394249 -1.53056357089603
0.405495 9.8327312696925 -0.0502547152166273
0.405995 9.8448556254425 1.52395323195503
0.406495 9.8569799811925 1.78694748209939
0.406995 9.8691043369425 1.32018947860098
0.407495 9.8812286926925 0.864497176525355
0.407995 9.8933530484425 0.49484492442956
0.408495 9.9054774041925 0.318807806582723
0.408995 9.9176017599425 0.838960027313695
0.409495 9.9297261156925 0.785966697197487
0.409995 9.9418504714425 0.835855980236281
0.410495 9.9539748271925 0.373781498987808
0.410995 9.9660991829425 -0.230863574720029
0.411495 9.97822353869249 -1.13700428318661
0.411995 9.9903478944425 -1.529677739762
0.412495 10.0024722501925 -1.8329893950814
0.412995 10.0145966059425 -1.0291503150511
0.413495 10.0267209616925 0.0692846385463688
0.413995 10.0388453174425 0.706439329673712
0.414495 10.0509696731925 0.960782258867975
0.414995 10.0630940289425 0.776892169878915
0.415495 10.0752183846925 0.237674592465624
0.415995 10.0873427404425 0.167618038735773
0.416495 10.0994670961925 0.274225410533049
0.416995 10.1115914519425 0.0738193842077448
0.417495 10.1237158076925 0.581703687424263
0.417995 10.1358401634425 0.590640059896525
0.418495 10.1479645191925 0.965589738227621
0.418995 10.1600888749425 0.35599624100944
0.419495 10.1722132306925 0.110475961740052
0.419995 10.1843375864425 -0.72051222865212
0.420495 10.1964619421925 -1.02610591394542
0.420995 10.2085862979425 -1.02086892538665
0.421495 10.2207106536925 -1.12814988392057
0.421995 10.2328350094425 -0.687688935976011
0.422495 10.2449593651925 -0.451639589545236
0.422995 10.2570837209425 -0.204859272425838
0.423495 10.2692080766925 -0.306455894014498
0.423995 10.2813324324425 0.101785972057159
0.424495 10.2934567881925 0.364602478753719
0.424995 10.3055811439425 0.690155190268917
0.425495 10.3177054996925 0.924308503796561
0.425995 10.3298298554425 1.05988991170564
0.426495 10.3419542111925 1.40350879265249
0.426995 10.3540785669425 1.20468304244592
0.427495 10.3662029226925 0.626422182174678
0.427995 10.3783272784425 -0.469649898392936
0.428495 10.3904516341925 -0.850011228854501
0.428995 10.4025759899425 -1.13572289532309
0.429495 10.4147003456925 -1.16619572899113
0.429995 10.4268247014425 -0.91298370092016
0.430495 10.4389490571925 -0.659699265209064
0.430995 10.4510734129425 -0.0445672161108199
0.431495 10.4631977686925 0.47006136520757
0.431995 10.4753221244425 0.468218601103268
0.432495 10.4874464801925 0.601697113338987
0.432995 10.4995708359425 0.548109897525563
0.433495 10.5116951916925 0.570164857988326
0.433995 10.5238195474425 0.441307587970241
0.434495 10.5359439031925 0.684455662096429
0.434995 10.5480682589425 0.59568766291948
0.435495 10.5601926146925 0.373664113810422
0.435995 10.5723169704425 0.162195153595493
0.436495 10.5844413261925 -0.44719822089704
0.436995 10.5965656819425 -0.294989771751667
0.437495 10.6086900376925 -0.816028587814824
0.437995 10.6208143934425 -0.895157659510641
0.438495 10.6329387491925 -0.503635133599853
0.438995 10.6450631049425 -0.304475728600995
0.439495 10.6571874606925 0.153528093663513
0.439995 10.6693118164425 0.118829956502982
0.440495 10.6814361721925 0.535424728266982
0.440995 10.6935605279425 0.371870659936124
0.441495 10.7056848836925 0.636615208539152
0.441995 10.7178092394425 0.376330671510393
0.442495 10.7299335951925 0.306470662793056
0.442995 10.7420579509425 -0.0459245887646014
0.443495 10.7541823066925 0.0290337230770843
0.443995 10.7663066624425 0.261691867546127
0.444495 10.7784310181925 -0.23700337522127
0.444995 10.7905553739425 -0.190781022067612
0.445495 10.8026797296925 -0.577741385197868
0.445995 10.8148040854425 -0.276902937511252
0.446495 10.8269284411925 -0.646303574658634
0.446995 10.8390527969425 -0.379747217703995
0.447495 10.8511771526925 -0.203567658368419
0.447995 10.8633015084425 0.0808251587540184
0.448495 10.8754258641925 0.473227067239154
0.448995 10.8875502199425 0.329286641221321
0.449495 10.8996745756925 0.313795867100576
0.449995 10.9117989314425 0.167839696087094
0.450495 10.9239232871925 0.212528896768321
0.450995 10.9360476429425 -0.238009889982508
0.451495 10.9481719986925 -0.376154039199871
0.451995 10.9602963544425 -0.3420602368147
0.452495 10.9724207101925 -0.160147767314605
0.452995 10.9845450659425 0.0986897225695748
0.453495 10.9966694216925 -0.1152588021342
0.453995 11.0087937774425 -0.112444726730687
0.454495 11.0209181331925 0.0571046618054711
0.454995 11.0330424889425 -0.0342886043632453
0.455495 11.0451668446925 0.18296920972534
0.455995 11.0572912004425 0.123987296045131
0.456495 11.0694155561925 0.533230858433208
0.456995 11.0815399119425 0.223357271506058
0.457495 11.0936642676925 0.617492310764013
0.457995 11.1057886234425 -0.00330720752397218
0.458495 11.1179129791925 -0.000857357040376668
0.458995 11.1300373349425 -0.570313555400844
0.459495 11.1421616906925 -0.51527836096574
0.459995 11.1542860464425 -0.519497558240941
0.460495 11.1664104021925 -0.595644060323763
0.460995 11.1785347579425 -0.223300499254332
0.461495 11.1906591136925 -0.434055159589741
0.461995 11.2027834694425 -0.183911718892929
0.462495 11.2149078251925 -0.409852598749357
0.462995 11.2270321809425 0.0102277373813462
0.463495 11.2391565366925 -0.142838419197385
0.463995 11.2512808924425 0.429435857348354
0.464495 11.2634052481925 0.256303820361102
0.464995 11.2755296039425 0.275362496537649
0.465495 11.2876539596925 0.21012627541513
0.465995 11.2997783154425 0.106285714090626
0.466495 11.3119026711925 0.158110385063293
0.466995 11.3240270269425 -0.0536453289895727
0.467495 11.3361513826925 -0.0254666823528428
0.467995 11.3482757384425 -0.0054959816354541
0.468495 11.3604000941925 0.0154895656335258
0.468995 11.3725244499425 0.177319963504994
0.469495 11.3846488056925 0.0493648617003138
0.469995 11.3967731614425 0.386899548446164
0.470495 11.4088975171925 0.332925698476628
0.470995 11.4210218729425 0.06598153000956
0.471495 11.4331462286925 -0.046143443573302
0.471995 11.4452705844425 -0.0456067080189707
0.472495 11.4573949401925 -0.381310833723212
0.472995 11.4695192959425 -0.325736632269607
0.473495 11.4816436516925 -0.329891256381744
0.473995 11.4937680074425 -0.178379089222506
0.474495 11.5058923631925 -0.181156338778663
0.474995 11.5180167189425 -0.0947295505885965
0.475495 11.5301410746925 0.0525566198291677
0.475995 11.5422654304425 0.00772599877054754
0.476495 11.5543897861925 0.0374623210589559
0.476995 11.5665141419425 0.374646288558217
0.477495 11.5786384976925 0.277968850206096
0.477995 11.5907628534425 0.321965710275915
0.478495 11.6028872091925 0.0886605686528317
0.478995 11.6150115649425 -0.165876289050789
0.479495 11.6271359206925 -0.0516767771477167
0.479995 11.6392602764425 -0.211627128232602
0.480495 11.6513846321925 0.0426733054574753
0.480995 11.6635089879425 -0.0829899366024671
0.481495 11.6756333436925 0.177145719779223
0.481995 11.6877576994425 -0.00215063718020028
0.482495 11.6998820551925 0.146319879836914
0.482995 11.7120064109425 0.0522018827180571
0.483495 11.7241307666925 0.0131536416197822
0.483995 11.7362551224425 -0.136028063402509
0.484495 11.7483794781925 0.127866682356274
0.484995 11.7605038339425 0.0803306288133575
0.485495 11.7726281896925 0.15734961226217
0.485995 11.7847525454425 0.0980015639299266
0.486495 11.7968769011925 0.00278369438673308
0.486995 11.8090012569425 -0.111836777807896
0.487495 11.8211256126925 -0.174092872070721
0.487995 11.8332499684425 -0.147312222492496
0.488495 11.8453743241925 -0.28675928453831
0.488995 11.8574986799425 -0.153283174252684
0.489495 11.8696230356925 -0.42482171098922
0.489995 11.8817473914425 -0.260783138961731
0.490495 11.8938717471925 -0.231247854196851
0.490995 11.9059961029425 -0.196405957806192
0.491495 11.9181204586925 0.0705674236098794
0.491995 11.9302448144425 0.136182277647607
0.492495 11.9423691701925 0.246963355783143
0.492995 11.9544935259425 0.325524601487529
0.493495 11.9666178816925 0.305797570998939
0.493995 11.9787422374425 0.0277747440079663
0.494495 11.9908665931925 0.129566875331204
0.494995 12.0029909489425 -0.383190591455357
0.495495 12.0151153046925 -0.151271440090363
0.495995 12.0272396604425 -0.287811127533539
0.496495 12.0393640161925 -0.355916572072295
0.496995 12.0514883719425 0.0443410447816293
0.497495 12.0636127276925 -0.126939002395329
0.497995 12.0757370834425 -0.0170293965803222
0.498495 12.0878614391925 -0.0381761177296293
0.498995 12.0999857949425 -0.0536169828845408
0.499495 12.1121101506925 0.0524668800174829
0.499995 12.1242345064425 0.384835729524177
0.500495 12.1363588621925 0.261360445597577
0.500995 12.1484832179425 0.374850318715498
0.501495 12.1606075736925 0.0930588717821797
0.501995 12.1727319294425 0.412951648394781
0.502495 12.1848562851925 -0.168190147878437
0.502995 12.1969806409425 -0.0502997181646354
0.503495 12.2091049966925 -0.383021489626115
0.503995 12.2212293524425 -0.0553866248173604
0.504495 12.2333537081925 -0.237835878767898
0.504995 12.2454780639425 0.0275055878107271
0.505495 12.2576024196925 -0.189649303215456
0.505995 12.2697267754425 -0.339046207389284
0.506495 12.2818511311925 -0.16692089114112
0.506995 12.2939754869425 -0.148924550549293
0.507495 12.3060998426925 -0.293274995412645
0.507995 12.3182241984425 -0.145613714579799
0.508495 12.3303485541925 0.144809045618048
0.508995 12.3424729099425 0.0464622367715729
0.509495 12.3545972656925 0.249758696678232
0.509995 12.3667216214425 0.249087787098284
0.510495 12.3788459771925 0.275763182654001
0.510995 12.3909703329425 0.504855956686176
0.511495 12.4030946886925 0.196040294364689
0.511995 12.4152190444425 0.245642078594612
0.512495 12.4273434001925 -0.00708887894942794
0.512995 12.4394677559425 -0.372911878384733
0.513495 12.4515921116925 -0.489983407815161
0.513995 12.4637164674425 -0.530657514271786
0.514495 12.4758408231925 -0.271827236151918
0.514995 12.4879651789425 -0.145090602759995
0.515495 12.5000895346925 0.0464567325868843
0.515995 12.5122138904425 0.148836017087642
0.516495 12.5243382461925 0.216335928263295
0.516995 12.5364626019425 0.224008876862533
0.517495 12.5485869576925 0.0506377681181091
0.517995 12.5607113134425 0.0727814036668768
0.518495 12.5728356691925 0.322886027418404
0.518995 12.5849600249425 0.188413974761268
0.519495 12.5970843806925 0.213386466604041
0.519995 12.6092087364425 -0.236393973659936
0.520495 12.6213330921925 -0.151412265909897
0.520995 12.6334574479425 -0.276617235965214
0.521495 12.6455818036925 -0.223342632882385
0.521995 12.6577061594425 -0.452988074551455
0.522495 12.6698305151925 -0.177550468786387
0.522995 12.6819548709425 -0.134651577454156
0.523495 12.6940792266925 -0.13229050004414
0.523995 12.7062035824425 -0.110592001281323
0.524495 12.7183279381925 -0.240562804715238
0.524995 12.7304522939425 -0.124371925437434
0.525495 12.7425766496925 -0.031352653048116
0.525995 12.7547010054425 0.0332250191034303
0.526495 12.7668253611925 0.0927249248458026
0.526995 12.7789497169425 0.307581259736106
0.527495 12.7910740726925 0.129571628276258
0.527995 12.8031984284425 0.330922681954579
0.528495 12.8153227841925 0.193930264696518
0.528995 12.8274471399425 0.08347733783563
0.529495 12.8395714956925 0.0257894008941487
0.529995 12.8516958514425 -0.0506840322565714
0.530495 12.8638202071925 -0.143717960859411
0.530995 12.8759445629425 0.0597833509807855
