# Fix print output for fix Step
0 0 2.87657968679067
0.000494999999999998 0.0346889939587982 3.21491137080843
0.000995000000000045 0.0697283817959715 4.3173112619774
0.00149500000000009 0.104767769633145 4.97996993407908
0.00199500000000014 0.139807157470318 6.03794861597067
0.00249500000000002 0.17484654530748 7.58489153770851
0.00299500000000007 0.209885933144653 9.48680951229574
0.00349499999999996 0.244925320981815 8.64184965684244
0.003995 0.279964708818989 8.23378251670849
0.00449500000000005 0.315004096656162 8.73672954065763
0.0049950000000001 0.350043484493335 7.99081471463568
0.00549500000000015 0.385082872330509 7.02083783740539
0.00599500000000003 0.42012226016767 7.46468933543891
0.00649500000000008 0.455161648004844 8.39878527439559
0.00699499999999996 0.490201035842006 8.61247243127221
0.00749500000000001 0.525240423679179 9.41121456392741
0.00799500000000006 0.560279811516352 9.79786497359599
0.0084950000000001 0.595319199353526 10.0228278461652
0.00899500000000015 0.630358587190699 10.353518227252
0.00949500000000004 0.665397975027861 10.7421615109474
0.00999500000000008 0.700437362865034 10.6912766050386
0.010495 0.735476750702196 11.0675240530789
0.010995 0.770516138539369 10.8370602987513
0.0114950000000001 0.805555526376543 10.681714590216
0.0119950000000001 0.840594914213716 11.3058992987697
0.0124950000000002 0.875634302050889 11.944248418606
0.012995 0.910673689888051 11.9206152908672
0.0134949999999999 0.945713077725213 12.8617969650994
0.013995 0.980752465562386 13.0452712770449
0.014495 1.01579185339956 13.0394027264811
0.0149950000000001 1.05083124123673 13.6517706327625
0.0154950000000001 1.08587062907391 13.7673392051652
0.0159950000000002 1.12091001691108 13.748913556086
0.016495 1.15594940474824 14.1631533767937
0.0169949999999999 1.1909887925854 14.2300527190956
0.017495 1.22602818042258 14.2493193163268
0.017995 1.26106756825975 14.7157732634814
0.0184950000000001 1.29610695609692 14.924116054203
0.0189950000000001 1.3311463439341 15.2102074542157
0.019495 1.36618573177126 15.7130982984967
0.0199950000000001 1.40122511960843 15.8756439641707
0.0204949999999999 1.43626450744559 16.2577236349214
0.020995 1.47130389528277 16.6165059794389
0.021495 1.50634328311994 16.8028010536577
0.0219950000000001 1.54138267095711 17.0998482454774
0.0224950000000001 1.57642205879429 17.3694054402986
0.022995 1.61146144663145 17.4383575160298
0.0234950000000001 1.64650083446862 17.6327467658883
0.0239949999999999 1.68154022230578 17.8465316631222
0.024495 1.71657961014296 18.0870673054245
0.024995 1.75161899798013 18.3661748466579
0.0254950000000001 1.7866583858173 18.6696710607666
0.0259950000000001 1.82169777365448 18.9367435031514
0.026495 1.85673716149164 19.1211694152012
0.0269950000000001 1.89177654932881 19.4397179336676
0.027495 1.92681593716597 19.6422243976151
0.027995 1.96185532500315 19.8020694346868
0.028495 1.99689471284032 20.0572785298045
0.0289950000000001 2.03193410067749 20.3216417540595
0.0294950000000001 2.06697348851467 20.5154837602338
0.029995 2.10201287635183 20.9354240499726
0.0304950000000001 2.137052264189 21.1018759025566
0.030995 2.17209165202617 21.3028096465591
0.031495 2.20713103986334 21.70421614131
0.0319950000000001 2.24217042770051 21.7434076879261
0.0324950000000001 2.27720981553769 21.9645458318103
0.0329950000000001 2.31224920337486 22.2013965373492
0.033495 2.34728859121202 22.4497256423575
0.0339950000000001 2.38232797904919 22.8115221586064
0.034495 2.41736736688636 22.9692101103547
0.034995 2.45240675472353 23.2179667373834
0.0354950000000001 2.4874461425607 23.452262417397
0.0359950000000001 2.52248553039788 23.5629601432151
0.0364950000000002 2.55752491823505 23.8583927305631
0.036995 2.59256430607221 23.9999782581784
0.0374949999999999 2.62760369390937 24.2459469140013
0.037995 2.66264308174655 24.62876836968
0.038495 2.69768246958372 24.8494245781377
0.0389950000000001 2.73272185742089 24.9870654043926
0.0394950000000001 2.76776124525807 25.1769567743526
0.0399950000000002 2.80280063309524 25.2856072759421
0.040495 2.8378400209324 25.786552494538
0.0409949999999999 2.87287940876956 25.7988592213226
0.041495 2.90791879660674 26.0215158451798
0.041995 2.94295818444391 26.4011132508103
0.0424950000000001 2.97799757228108 26.6134021515606
0.0429950000000001 3.01303696011826 26.7024414108994
0.0434950000000002 3.04807634795543 26.9629380610095
0.043995 3.08311573579259 27.1168917845758
0.0444949999999999 3.11815512362975 27.344041782353
0.044995 3.15319451146693 27.5850283132803
0.045495 3.1882338993041 27.7759557952892
0.0459950000000001 3.22327328714127 27.9579432726439
0.0464950000000001 3.25831267497845 28.059233429605
0.0469950000000002 3.29335206281562 28.530352423571
0.0474950000000001 3.32839145065278 28.5463753537204
0.0479949999999999 3.36343083848994 28.9490158427474
0.048495 3.39847022632712 29.1012177987299
0.048995 3.43350961416429 29.2987596505897
0.0494950000000001 3.46854900200146 29.3360691825011
0.0499950000000001 3.50358838983864 29.5041856708697
0.050495 3.5386277776758 29.7862995493968
0.0509950000000001 3.57366716551297 30.0061620056354
0.0514949999999999 3.60870655335013 30.0844675566638
0.051995 3.64374594118731 30.2427666431168
0.052495 3.67878532902448 30.4320680236848
0.0529950000000001 3.71382471686165 30.7179707733963
0.0534950000000001 3.74886410469883 30.9540658556277
0.053995 3.78390349253599 31.1692567933639
0.0544950000000001 3.81894288037316 31.3631838808745
0.054995 3.85398226821032 31.5197475917676
0.055495 3.8890216560475 31.6509196753896
0.055995 3.92406104388467 31.9299180312723
0.0564950000000001 3.95910043172184 31.8996217671079
0.0569950000000001 3.99413981955902 32.2330386466482
0.057495 4.02917920739618 32.330615957399
0.0579950000000001 4.06421859523335 32.6891251299419
0.058495 4.09925798307052 32.781348875067
0.058995 4.13429737090769 32.8685568368218
0.0594950000000001 4.16933675874486 32.9881631373177
0.0599950000000001 4.20437614658204 33.2831915965152
0.0604950000000001 4.23941553441921 33.4959837605516
0.060995 4.27445492225637 33.5810140297426
0.0614949999999999 4.30949431009353 33.7337226845818
0.061995 4.34453369793071 34.1191643440195
0.062495 4.37957308576788 34.274652549379
0.0629950000000001 4.41461247360505 34.5187636586261
0.0634950000000001 4.44965186144223 34.6443556242942
0.0639950000000001 4.4846912492794 34.6659577766438
0.064495 4.51973063711656 34.8823241997165
0.0649949999999999 4.55477002495372 35.0124252222806
0.065495 4.5898094127909 35.2057514321497
0.065995 4.62484880062807 35.6084196892439
0.0664950000000001 4.65988818846524 35.6063307761114
0.0669950000000001 4.69492757630242 35.9971962662275
0.0674950000000002 4.72996696413959 36.0613526027597
0.067995 4.76500635197675 36.3516091883756
0.0684949999999999 4.80004573981391 36.3937779339229
0.068995 4.83508512765109 36.4467925627924
0.069495 4.87012451548826 36.6599542095239
0.0699950000000001 4.90516390332543 36.8130283156491
0.0704950000000001 4.94020329116261 37.0389432743797
0.0709950000000002 4.97524267899978 37.2404406387052
0.071495 5.01028206683694 37.5145679810123
0.0719949999999999 5.0453214546741 37.6720504182856
0.072495 5.08036084251128 37.9815588958841
0.072995 5.11540023034845 38.1166370509659
0.0734950000000001 5.15043961818562 38.1090447785333
0.0739950000000001 5.1854790060228 38.2053730091925
0.0744950000000002 5.22051839385997 38.3384010162149
0.0749950000000001 5.25555778169713 38.6143219537786
0.0754949999999999 5.29059716953429 38.66031569059
0.075995 5.32563655737147 38.8433442009969
0.076495 5.36067594520864 38.9615472325231
0.0769950000000001 5.39571533304581 39.2718511830074
0.0774950000000001 5.43075472088299 39.4567021666311
0.0779950000000002 5.46579410872016 39.4591082674437
0.0784950000000001 5.50083349655732 39.6254559168866
0.078995 5.53587288439448 39.6718292204598
0.079495 5.57091227223166 39.9431172898773
0.079995 5.60595166006883 40.0968318834401
0.0804950000000001 5.640991047906 40.3518152237402
0.0809950000000001 5.67603043574318 40.3289428077393
0.0814950000000002 5.71106982358035 40.4168651184632
0.0819950000000001 5.74610921141751 40.7563467313752
0.082495 5.78114859925468 41.0453389145423
0.082995 5.81618798709185 41.0708207246769
0.083495 5.85122737492902 41.1537420063065
0.0839950000000001 5.8862667627662 41.2189722545686
0.0844950000000001 5.92130615060337 41.4093617173274
0.0849950000000002 5.95634553844054 41.6358911732067
0.0854950000000001 5.9913849262777 41.8316166903758
0.085995 6.02642431411487 41.9374360784745
0.086495 6.06146370195204 42.2343406439017
0.0869950000000001 6.09650308978921 42.248143428323
0.0874950000000001 6.13154247762639 42.4949631972244
0.0879950000000001 6.16658186546356 42.6145423586313
0.0884950000000002 6.20162125330073 42.61987500692
0.0889950000000001 6.23666064113789 42.6959467804332
0.089495 6.27170002897506 42.8848885140563
0.089995 6.30673941681223 43.0955785462624
0.0904950000000001 6.3417788046494 43.1232619527447
0.0909950000000001 6.37681819248658 43.2402589375502
0.0914950000000002 6.41185758032375 43.6381875841457
0.091995 6.44689696816091 43.6841187198194
0.0924949999999999 6.48193635599807 43.7514358815103
0.092995 6.51697574383525 43.852545899388
0.093495 6.55201513167242 43.8868245472104
0.0939950000000001 6.58705451950959 44.1329431793259
0.0944950000000001 6.62209390734677 44.1133030662765
0.0949950000000002 6.65713329518394 44.3785605553724
0.095495 6.6921726830211 44.6659960178814
0.0959949999999999 6.72721207085826 44.6336293330824
0.096495 6.76225145869544 44.9529702849103
0.096995 6.79729084653261 45.2077656785776
0.0974950000000001 6.83233023436978 45.118662141894
0.0979950000000001 6.86736962220696 45.2210136041476
0.0984950000000002 6.90240901004413 45.3311444747526
0.0989950000000001 6.93744839788129 45.3402555502678
0.0994949999999999 6.97248778571845 45.5845313139082
0.099995 7.00752717355563 45.5837543193673
0.100495 7.0425665613928 45.9449940383264
0.100995 7.07760594922997 46.0622081756821
0.101495 7.11264533706715 46.1835835859156
0.101995 7.14768472490432 46.2401756951919
0.102495 7.18272411274148 46.4304799541891
0.102995 7.21776350057864 46.4379869489418
0.103495 7.25280288841582 46.6500339957967
0.103995 7.28784227625299 46.7518208755673
0.104495 7.32288166409016 46.9968487513628
0.104995 7.35792105192734 47.0843828844975
0.105495 7.39296043976451 47.2046847367034
0.105995 7.42799982760167 47.2807981920836
0.106495 7.46303921543883 47.3905140311893
0.106995 7.49807860327601 47.4914188212024
0.107495 7.53311799111318 47.7416525257014
0.107995 7.56815737895035 47.7651100322644
0.108495 7.60319676678753 47.9282396778218
0.108995 7.63823615462469 48.067772602557
0.109495 7.67327554246185 48.0875005110475
0.109995 7.70831493029903 48.2241486749964
0.110495 7.7433543181362 48.3283611812002
0.110995 7.77839370597337 48.2803353108748
0.111495 7.81343309381054 48.6080677824806
0.111995 7.84847248164772 48.8235690568773
0.112495 7.88351186948488 48.7069901725426
0.112995 7.91855125732204 48.9813425154697
0.113495 7.95359064515922 48.9140983017391
0.113995 7.98863003299639 49.0631979766907
0.114495 8.02366942083356 49.2867550257697
0.114995 8.05870880867074 49.3830382202781
0.115495 8.09374819650791 49.5336420002007
0.115995 8.12878758434507 49.8021448834832
0.116495 8.16382697218223 49.681151495768
0.116995 8.19886636001941 49.9565925868433
0.117495 8.23390574785658 49.8510555009124
0.117995 8.26894513569375 50.0245654689769
0.118495 8.30398452353093 50.1042628607464
0.118995 8.3390239113681 50.2168513745445
0.119495 8.37406329920526 50.5818211494991
0.119995 8.40910268704242 50.4453580599455
0.120495 8.4441420748796 50.6743423671597
0.120995 8.47918146271677 50.9523253144602
0.121495 8.51422085055394 50.7866026336858
0.121995 8.54926023839112 51.0016296266264
0.122495 8.58429962622829 51.1249555913052
0.122995 8.61933901406545 51.2247701525239
0.123495 8.65437840190261 51.3686736841159
0.123995 8.68941778973979 51.4958089065427
0.124495 8.72445717757696 51.4295680326474
0.124995 8.75949656541413 51.5221183532883
0.125495 8.79453595325131 51.5635724253151
0.125995 8.82957534108848 51.7831108949188
0.126495 8.86461472892564 51.7896538834175
0.126995 8.8996541167628 51.9500929123103
0.127495 8.93469350459998 52.068637782904
0.127995 8.96973289243715 52.1734374882379
0.128495 9.00477228027432 52.2516763354291
0.128995 9.0398116681115 52.3648087149284
0.129495 9.07485105594867 52.459707739178
0.129995 9.10989044378583 52.5896785605057
0.130495 9.14492983162299 52.58523307973
0.130995 9.17996921946017 52.7662053214556
0.131495 9.21500860729734 52.7928796216001
0.131995 9.25004799513451 52.9965405656255
0.132495 9.28508738297169 53.2309464992896
0.132995 9.32012677080886 53.3946185988223
0.133495 9.35516615864602 53.3598629410946
0.133995 9.39020554648318 53.46835075586
0.134495 9.42524493432036 53.4643258931827
0.134995 9.46028432215753 53.4897938460885
0.135495 9.4953237099947 53.7293655982976
0.135995 9.53036309783188 53.7140567600569
0.136495 9.56540248566905 53.9153198815793
0.136995 9.60044187350621 54.039272001982
0.137495 9.63548126134338 53.9784668371528
0.137995 9.67052064918055 54.1780186017937
0.138495 9.70556003701772 54.1580974827004
0.138995 9.7405994248549 54.2687180498659
0.139495 9.77563881269207 54.4192370791879
0.139995 9.81067820052924 54.4511242038243
0.140495 9.8457175883664 54.7651351275477
0.140995 9.88075697620357 54.7338996737249
0.141495 9.91579636404074 54.9039090018385
0.141995 9.95083575187791 54.8513839470245
0.142495 9.98587513971509 54.9334631540973
0.142995 10.0209145275523 55.2535744750161
0.143495 10.0559539153894 55.1179457688723
0.143995 10.0909933032266 55.2468833411282
0.144495 10.1260326910638 55.355838081937
0.144995 10.1610720789009 55.2735364693228
0.145495 10.1961114667381 55.5033660201109
0.145995 10.2311508545753 55.7427034727113
0.146495 10.2661902424124 55.795183181159
0.146995 10.3012296302496 55.8682690224986
0.147495 10.3362690180868 55.7259721425499
0.147995 10.3713084059239 55.9147079486063
0.148495 10.4063477937611 56.0249949276921
0.148995 10.4413871815983 56.0203644136098
0.149495 10.4764265694355 56.2779944091211
0.149995 10.5114659572726 56.2226654787071
0.150495 10.5465053451098 56.5191280937362
0.150995 10.581544732947 56.4234554378125
0.151495 10.6165841207841 56.5739658479187
0.151995 10.6516235086213 56.5455024394888
0.152495 10.6866628964585 56.6495077790097
0.152995 10.7217022842957 56.8367534440786
0.153495 10.7567416721328 56.8478096828085
0.153995 10.79178105997 57.1027928652332
0.154495 10.8268204478072 57.0435757731297
0.154995 10.8618598356443 57.1264201974935
0.155495 10.8968992234815 57.2962815985261
0.155995 10.9319386113187 57.3523725742344
0.156495 10.9669779991558 57.4338450116369
0.156995 11.002017386993 57.4037707345633
0.157495 11.0370567748302 57.4606353376466
0.157995 11.0720961626673 57.8720219756316
0.158495 11.1071355505045 57.8534422409733
0.158995 11.1421749383417 57.8923724010207
0.159495 11.1772143261789 57.9201163150918
0.159995 11.212253714016 57.94171519936
0.160495 11.2472931018532 58.0654089587553
0.160995 11.2823324896904 58.2129752835932
0.161495 11.3173718775275 58.4734573190287
0.161995 11.3524112653647 58.4234370286619
0.162495 11.3874506532019 58.5905095613243
0.162995 11.4224900410391 58.4443160060417
0.163495 11.4575294288762 58.5413686155841
0.163995 11.4925688167134 58.5809509585488
0.164495 11.5276082045506 58.6640051712384
0.164995 11.5626475923877 58.7242586841764
0.165495 11.5976869802249 58.8215330974288
0.165995 11.6327263680621 58.9496990872656
0.166495 11.6677657558992 59.1868045503717
0.166995 11.7028051437364 59.349086923702
0.167495 11.7378445315736 59.3020939360734
0.167995 11.7728839194107 59.3859012812132
0.168495 11.8079233072479 59.4059819813651
0.168995 11.8429626950851 59.5567649908498
0.169495 11.8780020829223 59.5259809199385
0.169995 11.9130414707594 59.6632128782359
0.170495 11.9480808585966 59.7320344724011
0.170995 11.9831202464338 59.9892811376066
0.171495 12.0181596342709 59.9289471094668
0.171995 12.0531990221081 60.0429363164207
0.172495 12.0882384099453 60.0923311410072
0.172995 12.1232777977825 60.0470031904995
0.173495 12.1583171856196 60.2132411359694
0.173995 12.1933565734568 60.2406011428052
0.174495 12.228395961294 60.412660925182
0.174995 12.2634353491311 60.3822493784571
0.175495 12.2984747369683 60.522771313442
0.175995 12.3335141248055 60.6224547442444
0.176495 12.3685535126426 60.4948860176661
0.176995 12.4035929004798 60.7194688895874
0.177495 12.438632288317 60.730774279788
0.177995 12.4736716761542 60.8219533417329
0.178495 12.5087110639913 61.0529306103863
0.178995 12.5437504518285 61.0867107059914
0.179495 12.5787898396657 61.1007867651508
0.179995 12.6138292275028 61.3584059029041
0.180495 12.64886861534 61.3502042037073
0.180995 12.6839080031772 61.4687266676324
0.181495 12.7189473910143 61.5349749681548
0.181995 12.7539867788515 61.5246386567445
0.182495 12.7890261666887 61.6479424313908
0.182995 12.8240655545259 61.7223826400146
0.183495 12.859104942363 61.8424534570235
0.183995 12.8941443302002 61.9340183475099
0.184495 12.9291837180374 62.0452992030834
0.184995 12.9642231058745 62.1138136955858
0.185495 12.9992624937117 62.1014329841298
0.185995 13.0343018815489 62.2182659685184
0.186495 13.069341269386 62.1547168940732
0.186995 13.1043806572232 62.4732673552717
0.187495 13.1394200450604 62.4397282083835
0.187995 13.1744594328976 62.4387410056702
0.188495 13.2094988207347 62.5629123085466
0.188995 13.2445382085719 62.5264470190019
0.189495 13.2795775964091 62.6790702754551
0.189995 13.3146169842462 62.7875671159936
0.190495 13.3496563720834 62.9002054599165
0.190995 13.3846957599206 63.1119270291671
0.191495 13.4197351477578 63.1067305742173
0.191995 13.4547745355949 62.9402796179008
0.192495 13.4898139234321 63.2074912259705
0.192995 13.5248533112692 63.1875683530415
0.193495 13.5598926991064 63.2922873398464
0.193995 13.5949320869436 63.3540205957632
0.194495 13.6299714747808 63.5992415196658
0.194995 13.6650108626179 63.6305127883162
0.195495 13.7000502504551 63.6348411870246
0.195995 13.7350896382923 63.7639706280021
0.196495 13.7701290261294 63.8505036955245
0.196995 13.8051684139666 64.0221238231657
0.197495 13.8402078018038 63.8012005406774
0.197995 13.875247189641 63.93869582315
0.198495 13.9102865774781 64.0945477371705
0.198995 13.9453259653153 64.0017551480843
0.199495 13.9803653531525 64.2286733092176
0.199995 14.0154047409896 64.4029408759873
0.200495 14.0504441288268 64.2279020459403
0.200995 14.085483516664 64.5800527422318
0.201495 14.1205229045011 64.4343580513908
0.201995 14.1555622923383 64.5937119134319
0.202495 14.1906016801755 64.8807763597155
0.202995 14.2256410680126 64.8332117567969
0.203495 14.2606804558498 64.8475256182962
0.203995 14.295719843687 64.903760256521
0.204495 14.3307592315242 64.7967932407723
0.204995 14.3657986193613 65.1996247084147
0.205495 14.4008380071985 65.0569880928567
0.205995 14.4358773950357 65.1456636772888
0.206495 14.4709167828728 65.5550881671705
0.206995 14.50595617071 65.3569651591373
0.207495 14.5409955585472 65.5242643627326
0.207995 14.5760349463844 65.4790981600937
0.208495 14.6110743342215 65.37853957452
0.208995 14.6461137220587 65.4449911757386
0.209495 14.6811531098959 65.8282872507088
0.209995 14.716192497733 65.8051673958428
0.210495 14.7512318855702 65.9426682872622
0.210995 14.7862712734074 66.03055383732
0.211495 14.8213106612445 65.7904607008519
0.211995 14.8563500490817 66.0827606646797
0.212495 14.8913894369189 66.1760297333771
0.212995 14.926428824756 66.1874880882095
0.213495 14.9614682125932 66.31342607064
0.213995 14.9965076004304 66.2838818903018
0.214495 15.0315469882676 66.5899676483866
0.214995 15.0665863761047 66.2338333709713
0.215495 15.1016257639419 66.671025600115
0.215995 15.1366651517791 66.6142018157347
0.216495 15.1717045396162 66.8807725585951
0.216995 15.2067439274534 66.9660211459642
0.217495 15.2417833152906 66.8392238484188
0.217995 15.2768227031278 67.0962675206911
0.218495 15.3118620909649 67.1615282757767
0.218995 15.3469014788021 67.1122827305515
0.219495 15.3819408666393 67.1814697543102
0.219995 15.4169802544764 67.3578889435568
0.220495 15.4520196423136 67.4973409762356
0.220995 15.4870590301508 67.5082160486921
0.221495 15.5220984179879 67.7566984393796
0.221995 15.5571378058251 67.8363520298174
0.222495 15.5921771936623 67.6986375118857
0.222995 15.6272165814995 67.9329129036844
0.223495 15.6622559693366 68.2828325505221
0.223995 15.6972953571738 68.2168852982505
0.224495 15.732334745011 68.2354559353452
0.224995 15.7673741328481 68.1185337298149
0.225495 15.8024135206853 68.1907334698799
0.225995 15.8374529085225 68.2899739564778
0.226495 15.8724922963597 68.4246029705709
0.226995 15.9075316841968 68.6253968709447
0.227495 15.942571072034 68.6628066321809
0.227995 15.9776104598712 68.6076594144767
0.228495 16.0126498477083 68.7498822289154
0.228995 16.0476892355455 68.9663031964439
0.229495 16.0827286233827 69.1233600665135
0.229995 16.1177680112198 69.0158869485057
0.230495 16.152807399057 69.0797210105827
0.230995 16.1878467868942 69.3049747396897
0.231495 16.2228861747313 69.2080982088965
0.231995 16.2579255625685 69.308476770586
0.232495 16.2929649504057 69.3073062910336
0.232995 16.3280043382429 69.6098362673976
0.233495 16.36304372608 69.6138024657594
0.233995 16.3980831139172 69.942053293051
0.234495 16.4331225017544 69.8582292503842
0.234995 16.4681618895915 69.7864866056846
0.235495 16.5032012774287 70.1657464621007
0.235995 16.5382406652659 69.9950314566923
0.236495 16.5732800531031 70.1068566958618
0.236995 16.6083194409402 70.247871315681
0.237495 16.6433588287774 70.0984647264511
0.237995 16.6783982166145 70.5088796227261
0.238495 16.7134376044517 70.5615433166391
0.238995 16.7484769922889 70.8110256583062
0.239495 16.7835163801261 70.8930067376017
0.239995 16.8185557679632 70.8131140002482
0.240495 16.8535951558004 70.6592891282608
0.240995 16.8886345436376 71.0000625546506
0.241495 16.9236739314747 70.9632738105309
0.241995 16.9587133193119 71.3651422353973
0.242495 16.9937527071491 71.3888590928739
0.242995 17.0287920949863 71.3968319287362
0.243495 17.0638314828234 71.0748424035373
0.243995 17.0988708706606 71.5291319998531
0.244495 17.1339102584978 71.3396924883864
0.244995 17.1689496463349 71.3902480794891
0.245495 17.2039890341721 71.8654046291961
0.245995 17.2390284220093 71.7211980311627
0.246495 17.2740678098464 71.9936950807125
0.246995 17.3091071976836 72.1458074323427
0.247495 17.3441465855208 72.3209773734713
0.247995 17.3791859733579 72.3411432958649
0.248495 17.4142253611951 72.4748040515975
0.248995 17.4492647490323 72.5111301101447
0.249495 17.4843041368695 72.7813629330959
0.249995 17.5193435247066 72.6188549181313
0.250495 17.5543829125438 72.7911308861711
0.250995 17.589422300381 72.9596834595961
0.251495 17.6244616882181 73.2237038412384
0.251995 17.6595010760553 73.197701884469
0.252495 17.6945404638925 73.2288647161907
0.252995 17.7295798517297 73.4596898196488
0.253495 17.7646192395668 73.6380569858134
0.253995 17.799658627404 73.5820951394387
0.254495 17.8346980152412 73.6052092656601
0.254995 17.8697374030783 73.7856166850281
0.255495 17.9047767909155 74.0493540306169
0.255995 17.9398161787527 74.2671406086134
0.256495 17.9748555665898 74.0555093985566
0.256995 18.009894954427 74.2835631897717
0.257495 18.0449343422642 74.3400617096097
0.257995 18.0799737301013 74.4564705367265
0.258495 18.1150131179385 74.7867159437544
0.258995 18.1500525057757 75.051182849634
0.259495 18.1850918936129 74.879422268409
0.259995 18.22013128145 74.8112114931687
0.260495 18.2551706692872 74.9594301447029
0.260995 18.2902100571244 75.1594483630462
0.261495 18.3252494449615 75.3546053727609
0.261995 18.3602888327987 75.4233921226871
0.262495 18.3953282206359 75.6324443572741
0.262995 18.4303676084731 75.9199740264394
0.263495 18.4654069963102 75.9047633325054
0.263995 18.5004463841474 75.9623751101361
0.264495 18.5354857719846 75.9719020371962
0.264995 18.5705251598217 76.2321005958662
0.265495 18.6055645476589 76.3290573642989
0.265995 18.6406039354961 76.5541107109847
0.266495 18.6756433233332 76.7247615544456
0.266995 18.7106827111704 76.9152673135773
0.267495 18.7457220990076 76.8090144217034
0.267995 18.7807614868447 77.3345697241423
0.268495 18.8158008746819 77.5178340986898
0.268995 18.8508402625191 77.3258873124755
0.269495 18.8858796503563 77.5750199225859
0.269995 18.9209190381934 77.9303387982298
0.270495 18.9559584260306 77.9199951057418
0.270995 18.9909978138678 77.9410980190775
0.271495 19.0260372017049 78.2822236950714
0.271995 19.0610765895421 78.1734564908776
0.272495 19.0961159773793 78.6471105575872
0.272995 19.1311553652165 78.4648525542891
0.273495 19.1661947530536 78.8320062387718
0.273995 19.2012341408908 78.6873233379806
0.274495 19.236273528728 78.8745401419008
0.274995 19.2713129165651 79.1498654958247
0.275495 19.3063523044023 79.5027825904202
0.275995 19.3413916922395 79.6643816756162
0.276495 19.3764310800766 79.7097599289444
0.276995 19.4114704679138 79.8296615941422
0.277495 19.446509855751 80.1117470902967
0.277995 19.4815492435882 80.4863809723386
0.278495 19.5165886314253 80.5956289872307
0.278995 19.5516280192625 80.5207751409128
0.279495 19.5866674070997 80.7733328723663
0.279995 19.6217067949368 80.9055291627911
0.280495 19.656746182774 81.3316274254223
0.280995 19.6917855706112 81.5718979476053
0.281495 19.7268249584484 81.5623152277062
0.281995 19.7618643462855 81.7330663204717
0.282495 19.7969037341227 82.2135353650101
0.282995 19.8319431219599 82.0379115570921
0.283495 19.866982509797 82.239854490359
0.283995 19.9020218976342 82.6815537990465
0.284495 19.9370612854714 82.7297419381919
0.284995 19.9721006733085 83.0012153386439
0.285495 20.0071400611457 83.1804420935541
0.285995 20.0421794489829 83.4265672942253
0.286495 20.07721883682 83.793657281039
0.286995 20.1122582246572 83.8013830907462
0.287495 20.1472976124944 84.2098466928581
0.287995 20.1823370003316 84.5018135252003
0.288495 20.2173763881687 84.663015213344
0.288995 20.2524157760059 84.661342252369
0.289495 20.2874551638431 84.862616953817
0.289995 20.3224945516802 85.2345901613512
0.290495 20.3575339395174 85.4874807634909
0.290995 20.3925733273546 85.3746556278684
0.291495 20.4276127151918 86.0588292637687
0.291995 20.4626521030289 86.2074952938119
0.292495 20.4976914908661 86.4413934273477
0.292995 20.5327308787033 86.7694374840883
0.293495 20.5677702665404 86.9653553177553
0.293995 20.6028096543776 87.086002523409
0.294495 20.6378490422148 87.3511179440922
0.294995 20.6728884300519 87.6400208735012
0.295495 20.7079278178891 88.0420962925364
0.295995 20.7429672057263 88.1404614594611
0.296495 20.7780065935634 88.3890519859203
0.296995 20.8130459814006 88.6478800880834
0.297495 20.8480853692378 89.2512048836633
0.297995 20.883124757075 89.083103811295
0.298495 20.9181641449121 89.5289308400485
0.298995 20.9532035327493 89.6343282090046
0.299495 20.9882429205865 89.9155529565287
0.299995 21.0232823084236 90.0470076531927
0.300495 21.0583216962608 90.4123702538707
0.300995 21.093361084098 90.4295546354113
0.301495 21.1284004719352 91.1021792304006
0.301995 21.1634398597723 91.1301296594098
0.302495 21.1984792476095 91.6230509941387
0.302995 21.2335186354467 91.7171295532497
0.303495 21.2685580232838 92.2975819085788
0.303995 21.303597411121 92.3343742298238
0.304495 21.3386367989582 92.677340199027
0.304995 21.3736761867953 93.1923206700648
0.305495 21.4087155746325 93.7714287982286
0.305995 21.4437549624697 93.5068865208092
0.306495 21.4787943503068 93.6827117383545
0.306995 21.513833738144 94.00312321889
0.307495 21.5488731259812 94.3867107560297
0.307995 21.5839125138184 95.1876587703985
0.308495 21.6189519016555 94.8536203092745
0.308995 21.6539912894927 95.7299924905139
0.309495 21.6890306773299 95.6907107404922
0.309995 21.724070065167 95.6189376673893
0.310495 21.7591094530042 96.3989723806701
0.310995 21.7941488408414 96.9561075906606
0.311495 21.8291882286786 96.9513423273488
0.311995 21.8642276165157 97.092230988087
0.312495 21.8992670043529 97.7819484620956
0.312995 21.9343063921901 97.8533749562147
0.313495 21.9693457800272 98.198589328241
0.313995 22.0043851678644 98.5571157012958
0.314495 22.0394245557016 98.8841380099369
0.314995 22.0744639435387 99.5765652182079
0.315495 22.1095033313759 99.2099239900917
0.315995 22.1445427192131 100.068502247035
0.316495 22.1795821070502 99.7305206329733
0.316995 22.2146214948874 100.514124358683
0.317495 22.2496608827246 100.895018966702
0.317995 22.2847002705618 101.036653524821
0.318495 22.3197396583989 101.180996098423
0.318995 22.3547790462361 101.92922966129
0.319495 22.3898184340733 102.427056542895
0.319995 22.4248578219104 102.411101420586
0.320495 22.4598972097476 102.517120065704
0.320995 22.4949365975848 103.149192706742
0.321495 22.5299759854219 103.580868019796
0.321995 22.5650153732591 104.012371022869
0.322495 22.6000547610963 103.861149159528
0.322995 22.6350941489334 104.794739405779
0.323495 22.6701335367706 104.733049369459
0.323995 22.7051729246078 105.127750797455
0.324495 22.740212312445 105.797337811314
0.324995 22.7752517002821 106.055478101615
0.325495 22.8102910881193 106.342110149164
0.325995 22.8453304759565 106.814565368569
0.326495 22.8803698637936 106.762351393819
0.326995 22.9154092516308 107.636889342231
0.327495 22.950448639468 107.851648562678
0.327995 22.9854880273052 108.150992299856
0.328495 23.0205274151423 108.219965939444
0.328995 23.0555668029795 108.90938705295
0.329495 23.0906061908167 109.032082239701
0.329995 23.1256455786538 109.849690595279
0.330495 23.160684966491 109.487382782406
0.330995 23.1957243543282 110.134512078051
0.331495 23.2307637421653 110.511078746839
0.331995 23.2658031300025 110.985672784866
0.332495 23.3008425178397 111.152756897258
0.332995 23.3358819056769 111.246235655474
0.333495 23.370921293514 112.055605691118
0.333995 23.4059606813512 112.396514349932
0.334495 23.4410000691884 112.61994213925
0.334995 23.4760394570255 113.237620302738
0.335495 23.5110788448627 113.298635607725
0.335995 23.5461182326999 114.186991582942
0.336495 23.5811576205371 113.983149662732
0.336995 23.6161970083742 114.252121282672
0.337495 23.6512363962114 115.12603718947
0.337995 23.6862757840486 115.135370671747
0.338495 23.7213151718857 115.623797002931
0.338995 23.7563545597229 116.228548567201
0.339495 23.7913939475601 116.139642091034
0.339995 23.8264333353972 116.979828213256
0.340495 23.8614727232344 117.313096436473
0.340995 23.8965121110716 117.692815192365
0.341495 23.9315514989087 117.897824229888
0.341995 23.9665908867459 118.503244780145
0.342495 24.0016302745831 118.969520596197
0.342995 24.0366696624203 119.5325492248
0.343495 24.0717090502574 119.536736900387
0.343995 24.1067484380946 120.263507247006
0.344495 24.1417878259318 120.668076862864
0.344995 24.1768272137689 120.987863651482
0.345495 24.2118666016061 120.991987429383
0.345995 24.2469059894433 121.799843129514
0.346495 24.2819453772805 122.426377706107
0.346995 24.3169847651176 122.947833221468
0.347495 24.3520241529548 122.720489697247
0.347995 24.3870635407919 123.492079483422
0.348495 24.4221029286291 123.96346402321
0.348995 24.4571423164663 124.791707782172
0.349495 24.4921817043035 124.893649393934
0.349995 24.5272210921406 125.531639530015
0.350495 24.5622604799778 125.821657354911
0.350995 24.597299867815 126.046325427472
0.351495 24.6323392556521 126.676748773299
0.351995 24.6673786434893 127.296761130309
0.352495 24.7024180313265 128.013454816119
0.352995 24.7374574191637 128.094931283791
0.353495 24.7724968070008 128.556432419344
0.353995 24.807536194838 128.741086912014
0.354495 24.8425755826752 129.530996408655
0.354995 24.8776149705123 130.360975037478
0.355495 24.9126543583495 130.154675515146
0.355995 24.9476937461867 130.807637559681
0.356495 24.9827331340239 131.04449013198
0.356995 25.017772521861 131.555857012078
0.357495 25.0528119096982 132.122687038211
0.357995 25.0878512975353 132.835375317058
0.358495 25.1228906853725 133.257403520818
0.358995 25.1579300732097 133.838784962891
0.359495 25.1929694610469 134.39476106356
0.359995 25.228008848884 134.765123593282
0.360495 25.2630482367212 135.897922652318
0.360995 25.2980876245584 136.087148655096
0.361495 25.3331270123955 136.086267359658
0.361995 25.3681664002327 136.8636682375
0.362495 25.4032057880699 137.332934407654
0.362995 25.4382451759071 137.872601317921
0.363495 25.4732845637442 138.080402986742
0.363995 25.5083239515814 139.068230337141
0.364495 25.5433633394186 139.269984460671
0.364995 25.5784027272557 140.231339624877
0.365495 25.6134421150929 140.079145410101
0.365995 25.6484815029301 141.023951531672
0.366495 25.6835208907672 141.777116684184
0.366995 25.7185602786044 142.196744800667
0.367495 25.7535996664416 142.924500016661
0.367995 25.7886390542788 143.682803984271
0.368495 25.8236784421159 143.872802420095
0.368995 25.8587178299531 143.94710197405
0.369495 25.8937572177903 144.093955335967
0.369995 25.9287966056274 140.174699699953
0.370495 25.9638359934646 133.010235578811
0.370995 25.9988753813018 125.820033620207
0.371495 26.0339147691389 119.899893134985
0.371995 26.0689541569761 114.940278811495
0.372495 26.1039935448133 110.111239474479
0.372995 26.1390329326505 105.906096177329
0.373495 26.1740723204876 101.805818534109
0.373995 26.2091117083248 98.1496512038223
0.374495 26.244151096162 94.2940797172802
0.374995 26.2791904839991 90.5621641561265
0.375495 26.3142298718363 86.8443098062229
0.375995 26.3492692596735 83.747613840713
0.376495 26.3843086475106 80.7723291700631
0.376995 26.4193480353478 77.9660502601415
0.377495 26.454387423185 75.1195822955942
0.377995 26.4894268110221 72.5797074173423
0.378495 26.5244661988593 69.7219197646375
0.378995 26.5595055866965 66.9165910838707
0.379495 26.5945449745337 64.3355110179931
0.379995 26.6295843623708 61.8698407892606
0.380495 26.664623750208 59.520902677437
0.380995 26.6996631380452 57.3485021405997
0.381495 26.7347025258823 55.3486944262882
0.381995 26.7697419137195 53.3883898581455
0.382495 26.8047813015567 51.5758330361476
0.382995 26.8398206893939 50.1378719564325
0.383495 26.874860077231 48.8259771039716
0.383995 26.9098994650682 47.7575344168911
0.384495 26.9449388529054 46.926205038186
0.384995 26.9799782407425 46.0864939568943
0.385495 27.0150176285797 45.2844789884647
0.385995 27.0500570164169 44.5446651374623
0.386495 27.085096404254 43.66332626474
0.386995 27.1201357920912 42.9083612366315
0.387495 27.1551751799284 42.0414879626988
0.387995 27.1902145677656 41.2426824627544
0.388495 27.2252539556027 40.4324312320865
0.388995 27.2602933434399 39.5681177188912
0.389495 27.2953327312771 38.6649616471647
0.389995 27.3303721191142 37.8842122870971
0.390495 27.3654115069514 37.1084149246256
0.390995 27.4004508947886 36.4933595552706
0.391495 27.4354902826258 35.9593980797867
0.391995 27.4705296704629 35.3439375054939
0.392495 27.5055690583001 34.7636316564016
0.392995 27.5406084461373 34.1574172440766
0.393495 27.5756478339744 33.6083214596742
0.393995 27.6106872218116 32.9380758308607
0.394495 27.6457266096488 32.4217000660272
0.394995 27.6807659974859 31.8408803661103
0.395495 27.7158053853231 31.2094128831209
0.395995 27.7508447731603 30.5317242015467
0.396495 27.7858841609974 30.1285933400839
0.396995 27.8209235488346 29.5749614451732
0.397495 27.8559629366718 29.0659141270453
0.397995 27.891002324509 28.4887949637672
0.398495 27.9260417123461 27.9977982601808
0.398995 27.9610811001833 27.5194089196474
0.399495 27.9961204880205 26.9152767779281
0.399995 28.0311598758576 26.2108843322979
0.400495 28.0661992636948 25.4526926649961
0.400995 28.101238651532 24.5399078601712
0.401495 28.1362780393692 23.5560447228612
0.401995 28.1713174272063 22.6318113650716
0.402495 28.2063568150435 21.8933101634791
0.402995 28.2413962028807 21.2125950276836
0.403495 28.2764355907178 20.4693322191018
0.403995 28.311474978555 19.6446723098636
0.404495 28.3465143663922 18.6834073057606
0.404995 28.3815537542293 17.7324066261159
0.405495 28.4165931420665 16.7545956326812
0.405995 28.4516325299037 15.6442666390891
0.406495 28.4866719177408 14.5627714150594
0.406995 28.521711305578 13.4427535885761
0.407495 28.5567506934152 12.2561286637482
0.407995 28.5917900812524 11.0101993334483
0.408495 28.6268294690895 9.71163938078626
0.408995 28.6618688569267 8.36646503024159
0.409495 28.6969082447639 6.97231382877516
0.409995 28.731947632601 5.51888800741585
0.410495 28.7669870204382 4.00849426750451
0.410995 28.8020264082754 2.45832791738923
0.411495 28.8370657961126 1.01836814695142
0.411995 28.8721051839497 -0.338365645699389
0.412495 28.9071445717869 -1.75067487039987
0.412995 28.942183959624 -3.25300128661845
0.413495 28.9772233474612 -4.63673415610759
0.413995 29.0122627352984 -5.82102478471963
0.414495 29.0473021231356 -6.98498062478955
0.414995 29.0823415109727 -8.40548448590927
0.415495 29.1173808988099 -9.79637104023815
0.415995 29.1524202866471 -11.2401308855319
0.416495 29.1874596744842 -12.5587178167167
0.416995 29.2224990623214 -14.1239542413439
0.417495 29.2575384501586 -15.5404177872413
0.417995 29.2925778379958 -16.8213279733521
0.418495 29.3276172258329 -17.561744969391
0.418995 29.3626566136701 -18.0371736490184
0.419495 29.3976960015073 -18.2237515581262
0.419995 29.4327353893444 -18.6738200548141
0.420495 29.4677747771816 -19.3655999098864
0.420995 29.5028141650188 -18.9884498385038
0.421495 29.5378535528559 -18.3039714887942
0.421995 29.5728929406931 -17.6152457576015
0.422495 29.6079323285303 -16.4329481409362
0.422995 29.6429717163675 -15.0835144932727
0.423495 29.6780111042046 -13.2977702359876
0.423995 29.7130504920418 -11.3520032321373
0.424495 29.748089879879 -9.61070471076208
0.424995 29.7831292677161 -7.55472187030512
0.425495 29.8181686555533 -5.47003305845755
0.425995 29.8532080433905 -3.50665320985584
0.426495 29.8882474312276 -1.47694217320514
0.426995 29.9232868190648 0.102314566112063
0.427495 29.958326206902 1.51829216069115
0.427995 29.9933655947392 3.03577803568149
0.428495 30.0284049825763 4.21322531215857
0.428995 30.0634443704135 5.10973679357383
0.429495 30.0984837582507 5.86325620692324
0.429995 30.1335231460878 6.22635992905002
0.430495 30.168562533925 6.24943243433228
0.430995 30.2036019217622 6.06260170273261
0.431495 30.2386413095993 5.67952602340256
0.431995 30.2736806974365 5.24498687290995
0.432495 30.3087200852737 4.26104281585317
0.432995 30.3437594731109 3.23594080801726
0.433495 30.378798860948 2.0219474123865
0.433995 30.4138382487852 0.626647037033925
0.434495 30.4488776366224 -0.38180572917691
0.434995 30.4839170244595 -1.38264897993868
0.435495 30.5189564122967 -2.54474283183661
0.435995 30.5539958001339 -3.8258419008473
0.436495 30.5890351879711 -4.98383078574982
0.436995 30.6240745758082 -5.71296749610101
0.437495 30.6591139636454 -6.29934246117229
0.437995 30.6941533514826 -6.46181166756107
0.438495 30.7291927393197 -6.47948069100429
0.438995 30.7642321271569 -6.10188737204837
0.439495 30.7992715149941 -5.27040508908492
0.439995 30.8343109028312 -4.43120540970713
0.440495 30.8693502906684 -3.30444824500082
0.440995 30.9043896785056 -2.01715487312516
0.441495 30.9394290663427 -1.0301196724683
0.441995 30.9744684541799 0.0654292870255422
0.442495 31.0095078420171 0.680022979612924
0.442995 31.0445472298543 1.20620214709327
0.443495 31.0795866176914 1.81725509279312
0.443995 31.1146260055286 2.2089787059147
0.444495 31.1496653933658 2.4538491630182
0.444995 31.1847047812029 2.49990090004728
0.445495 31.2197441690401 2.04053486080597
0.445995 31.2547835568773 1.58458887805622
0.446495 31.2898229447145 1.29277985739363
0.446995 31.3248623325516 0.82651370360356
0.447495 31.3599017203888 0.51599510444018
0.447995 31.394941108226 0.113736260760266
0.448495 31.4299804960631 -0.158884988969269
0.448995 31.4650198839003 0.000177135099658116
0.449495 31.5000592717375 0.104020560852411
0.449995 31.5350986595746 0.615033399137173
0.450495 31.5701380474118 0.960298391356426
0.450995 31.605177435249 1.54802704025582
0.451495 31.6402168230861 2.19767565432758
0.451995 31.6752562109233 2.50068340659963
0.452495 31.7102955987605 2.879504010976
0.452995 31.7453349865977 3.0067848859343
0.453495 31.7803743744348 3.17234235505991
0.453995 31.815413762272 3.05283490578609
0.454495 31.8504531501092 3.03550783330832
0.454995 31.8854925379463 2.96295393784777
0.455495 31.9205319257835 2.84155537544081
0.455995 31.9555713136207 2.60959574270066
0.456495 31.9906107014579 2.36343794520048
0.456995 32.025650089295 2.09531514598854
0.457495 32.0606894771322 1.84041805261905
0.457995 32.0957288649694 1.58624011631851
0.458495 32.1307682528065 1.57635454590609
0.458995 32.1658076406437 1.48762710083798
0.459495 32.2008470284809 1.25549011840036
0.459995 32.235886416318 1.25991803087405
0.460495 32.2709258041552 1.37297086005373
0.460995 32.3059651919924 1.13220663757605
0.461495 32.3410045798295 0.896263286561074
0.461995 32.3760439676667 0.712675524073219
0.462495 32.4110833555039 0.543277379641234
0.462995 32.4461227433411 0.448045964178351
0.463495 32.4811621311782 0.136232266939637
0.463995 32.5162015190154 -0.118421920105861
0.464495 32.5512409068526 -0.320153198881744
0.464995 32.5862802946897 -0.606690244723668
0.465495 32.6213196825269 -0.910225582671506
0.465995 32.6563590703641 -1.21145075233802
0.466495 32.6913984582012 -1.34109790701592
0.466995 32.7264378460384 -1.75979254062974
0.467495 32.7614772338756 -2.10537870432428
0.467995 32.7965166217127 -2.1455433614148
0.468495 32.8315560095499 -2.33430230983336
0.468995 32.8665953973871 -2.46495580369659
0.469495 32.9016347852243 -2.41638781577995
0.469995 32.9366741730614 -2.52226943590764
0.470495 32.9717135608986 -2.61813764307222
0.470995 33.0067529487358 -2.46606695260146
0.471495 33.0417923365729 -2.79044569318918
0.471995 33.0768317244101 -2.84118845482896
0.472495 33.1118711122473 -2.88043971509567
0.472995 33.1469105000845 -2.98832860701172
0.473495 33.1819498879216 -2.84283269642918
0.473995 33.2169892757588 -2.98351648726799
0.474495 33.252028663596 -3.10423948036912
0.474995 33.2870680514331 -3.20314140490647
0.475495 33.3221074392703 -3.26685826766956
0.475995 33.3571468271075 -3.27056447410238
0.476495 33.3921862149447 -3.10795740674003
0.476995 33.4272256027818 -2.8897365987878
0.477495 33.462264990619 -2.73930142577866
0.477995 33.4973043784562 -2.29797725125506
0.478495 33.5323437662933 -2.0432249258464
0.478995 33.5673831541305 -1.57605752668443
0.479495 33.6024225419677 -1.05799620290872
0.479995 33.6374619298048 -0.805851663066103
0.480495 33.672501317642 -0.18488241742586
0.480995 33.7075407054792 0.373769738676935
0.481495 33.7425800933164 0.61103317164813
0.481995 33.7776194811535 1.09723055288892
0.482495 33.8126588689907 1.40650173779406
0.482995 33.8476982568279 1.70903498966926
0.483495 33.882737644665 1.9911444737416
0.483995 33.9177770325022 2.33540722107174
0.484495 33.9528164203394 2.35503875369499
0.484995 33.9878558081765 2.42379959499064
0.485495 34.0228951960137 2.39110691848704
0.485995 34.0579345838509 2.52047456433585
0.486495 34.092973971688 2.46232450246509
0.486995 34.1280133595252 2.47553067921534
0.487495 34.1630527473624 2.60216113868634
0.487995 34.1980921351996 2.64635923280367
0.488495 34.2331315230367 2.90171808990509
0.488995 34.2681709108739 2.9386627008153
0.489495 34.3032102987111 2.8297159725249
0.489995 34.3382496865482 2.96539516061509
0.490495 34.3732890743854 2.82681322572753
0.490995 34.4083284622226 2.78372650075725
0.491495 34.4433678500598 3.10410013830514
0.491995 34.4784072378969 2.99485182563626
0.492495 34.5134466257341 3.03420256612511
0.492995 34.5484860135713 2.8256559923573
0.493495 34.5835254014084 2.5575524726236
0.493995 34.6185647892456 2.33668603328959
0.494495 34.6536041770828 2.04690442438688
0.494995 34.6886435649199 1.72334486663454
0.495495 34.7236829527571 1.49414809425741
0.495995 34.7587223405943 1.15051473770509
0.496495 34.7937617284314 0.798539959526762
0.496995 34.8288011162686 0.436897283823283
0.497495 34.8638405041058 0.0547904699376254
0.497995 34.898879891943 -0.230766417816396
0.498495 34.9339192797801 -0.620641295895761
0.498995 34.9689586676173 -0.848923962238965
0.499495 35.0039980554545 -1.1551578106421
0.499995 35.0390374432916 -1.55096666367077
