# Fix print output for fix Step
0 0 0.37880829878977
0.000494999999999903 0.00720186731549859 1.02481863419883
0.000995000000000056 0.0144764807655008 1.05775082349981
0.00149500000000001 0.0217510942155002 1.76034023581118
0.00199499999999997 0.0290257076654996 1.78960297273474
0.00249499999999993 0.0363003211154989 2.14218153324344
0.00299499999999988 0.0435749345654983 2.42581170908668
0.00349499999999984 0.0508495480154977 2.74800072770735
0.003995 0.0581241614654999 2.95233830846344
0.00449499999999995 0.0653987749154993 3.42088740451163
0.00499499999999991 0.0726733883654987 3.71043932980997
0.00549500000000006 0.0799480018155009 3.85328159484259
0.00599500000000002 0.0872226152655003 4.5275043403663
0.00649499999999998 0.0944972287154997 4.54319486305734
0.00699499999999993 0.101771842165499 4.67912607209443
0.00749499999999989 0.109046455615498 5.69508181262078
0.00799499999999985 0.116321069065498 5.05574869395375
0.008495 0.1235956825155 5.98274089790189
0.00899499999999996 0.130870295965499 6.31832263888391
0.00949499999999992 0.138144909415499 6.21348947005162
0.00999500000000007 0.145419522865501 6.76176417809884
0.010495 0.1526941363155 6.98104963918055
0.010995 0.1599687497655 7.37337144885314
0.0114949999999999 0.167243363215499 7.3896192773342
0.0119949999999999 0.174517976665499 8.14712430083426
0.0124949999999999 0.181792590115498 8.11435054338369
0.0129949999999998 0.189067203565497 8.11223365930259
0.013495 0.196341817015499 8.99774529577868
0.0139949999999999 0.203616430465499 8.94417567351718
0.0144950000000001 0.210891043915501 9.2593517341597
0.014995 0.2181656573655 9.35006442012233
0.015495 0.2254402708155 9.74660661320099
0.0159949999999999 0.232714884265499 10.4201347922407
0.0164949999999999 0.239989497715499 10.1101586208334
0.0169949999999999 0.247264111165498 10.7379490332246
0.0174949999999998 0.254538724615497 10.9529788378066
0.017995 0.2618133380655 11.2829879694698
0.0184949999999999 0.269087951515499 11.5245139066706
0.0189950000000001 0.276362564965501 11.3913400996373
0.019495 0.283637178415501 12.1533561999538
0.019995 0.2909117918655 12.2287145749077
0.020495 0.298186405315499 12.6400726091255
0.0209949999999999 0.305461018765499 13.0195489846574
0.0214949999999999 0.312735632215498 12.9153567451241
0.0219949999999998 0.320010245665497 13.5980662846745
0.022495 0.3272848591155 13.3970063518275
0.0229949999999999 0.334559472565499 14.056549550047
0.0234949999999999 0.341834086015498 14.2547833871644
0.023995 0.349108699465501 14.4123521071066
0.024495 0.3563833129155 15.0003483397919
0.024995 0.363657926365499 14.9375067689489
0.0254949999999999 0.370932539815499 15.3552420039383
0.0259949999999999 0.378207153265498 15.4576132711534
0.0264949999999998 0.385481766715498 15.7176021883369
0.026995 0.3927563801655 16.2099922820649
0.0274949999999999 0.400030993615499 16.1555066533231
0.0279949999999999 0.407305607065499 16.7539647667161
0.0284950000000001 0.414580220515501 16.7229831922309
0.028995 0.4218548339655 17.0471639146736
0.029495 0.4291294474155 17.4689349785601
0.0299949999999999 0.436404060865499 17.5649279831972
0.0304949999999999 0.443678674315498 18.0771616707826
0.0309949999999998 0.450953287765498 18.0443715769087
0.031495 0.4582279012155 18.2824486918043
0.0319949999999999 0.465502514665499 18.6580805638464
0.0324949999999999 0.472777128115499 18.723955533423
0.0329950000000001 0.480051741565501 19.4126226926757
0.033495 0.4873263550155 19.4025506201553
0.033995 0.4946009684655 19.7239850167371
0.0344949999999999 0.501875581915499 19.9689747377369
0.0349949999999999 0.509150195365498 20.0863834200286
0.0354949999999998 0.516424808815498 20.5922960033518
0.035995 0.5236994222655 20.6215802584727
0.036495 0.530974035715499 21.0165004676071
0.0369949999999999 0.538248649165499 21.1624750264582
0.0374950000000001 0.545523262615501 21.2663332354553
0.037995 0.5527978760655 21.6938034395175
0.038495 0.5600724895155 21.7258341484087
0.0389949999999999 0.567347102965499 22.2009958365901
0.0394949999999999 0.574621716415498 22.4094638602417
0.0399949999999999 0.581896329865498 22.7079495954539
0.040495 0.5891709433155 23.0995926618201
0.040995 0.596445556765499 23.107716176651
0.0414949999999999 0.603720170215499 23.4457501408424
0.0419950000000001 0.610994783665501 23.6968034441944
0.042495 0.6182693971155 23.8254374178182
0.042995 0.6255440105655 24.2278965823984
0.0434949999999999 0.632818624015499 24.1918035372298
0.0439949999999999 0.640093237465499 24.5489480989174
0.0444949999999999 0.647367850915498 24.7095745653952
0.044995 0.6546424643655 24.9125767217332
0.045495 0.661917077815499 25.2516149827508
0.0459949999999999 0.669191691265499 25.4278911375531
0.0464950000000001 0.676466304715501 25.857926520521
0.046995 0.683740918165501 25.9536801042912
0.047495 0.6910155316155 26.2139382711538
0.0479949999999999 0.698290145065499 26.4858344082734
0.0484949999999999 0.705564758515499 26.5472188718758
0.0489949999999999 0.712839371965498 26.9685011970495
0.0494949999999998 0.720113985415497 27.0403880750382
0.049995 0.7273885988655 27.4206046505389
0.0504949999999999 0.734663212315499 27.5930096306486
0.0509949999999999 0.741937825765498 27.7435126822009
0.051495 0.749212439215501 28.0074343516112
0.051995 0.7564870526655 28.1650832094487
0.052495 0.763761666115499 28.4654931193923
0.0529949999999999 0.771036279565499 28.5942444036906
0.0534949999999999 0.778310893015498 28.78766423466
0.0539949999999998 0.785585506465498 29.2607317323155
0.054495 0.7928601199155 29.2233710272513
0.0549949999999999 0.800134733365499 29.6215727778499
0.0554949999999999 0.807409346815498 29.8254519534303
0.0559950000000001 0.814683960265501 30.0482863477137
0.056495 0.8219585737155 30.3422319737653
0.056995 0.829233187165499 30.3685670983066
0.0574949999999999 0.836507800615499 30.7774320840843
0.0579949999999999 0.843782414065498 30.8258971127143
0.0584949999999998 0.851057027515498 31.1592925837998
0.058995 0.8583316409655 31.4269577836427
0.0594949999999999 0.865606254415499 31.5031678106596
0.0599949999999999 0.872880867865499 31.8022814748384
0.0604950000000001 0.880155481315501 31.9986691114503
0.060995 0.8874300947655 32.2877315191398
0.061495 0.8947047082155 32.4574799107131
0.0619949999999999 0.901979321665499 32.5616527606093
0.0624949999999999 0.909253935115498 32.8612804986323
0.0629949999999998 0.916528548565498 32.9831993425381
0.063495 0.9238031620155 33.2898115093052
0.063995 0.931077775465499 33.4816128276141
0.0644949999999999 0.938352388915499 33.7332211744291
0.0649950000000001 0.945627002365501 33.9095613184711
0.065495 0.9529016158155 34.1021474999326
0.065995 0.9601762292655 34.3028140552236
0.0664949999999999 0.967450842715499 34.6187836556573
0.0669949999999999 0.974725456165498 34.7798249094247
0.0674949999999998 0.982000069615498 35.1575917619579
0.067995 0.9892746830655 35.3278316403005
0.068495 0.996549296515499 35.548651415585
0.0689949999999999 1.0038239099655 35.8250524139473
0.0694950000000001 1.0110985234155 35.9629696643345
0.069995 1.0183731368655 36.2278724696789
0.070495 1.0256477503155 36.445227038327
0.0709949999999999 1.0329223637655 36.5981148904863
0.0714949999999999 1.0401969772155 36.809193129401
0.0719949999999999 1.0474715906655 36.7982969002681
0.072495 1.0547462041155 37.1617793485252
0.072995 1.0620208175655 37.3085519282097
0.0734949999999999 1.0692954310155 37.4533601661479
0.0739950000000001 1.0765700444655 37.7728108124311
0.074495 1.0838446579155 37.7574793899381
0.074995 1.0911192713655 38.1889435774877
0.075495 1.0983938848155 38.3078140397375
0.0759949999999999 1.1056684982655 38.4776075222115
0.0764949999999999 1.1129431117155 38.8456123867676
0.0769949999999998 1.1202177251655 38.948167022734
0.077495 1.1274923386155 39.289965452833
0.0779949999999999 1.1347669520655 39.3464087099299
0.0784949999999999 1.1420415655155 39.5785018490457
0.078995 1.1493161789655 39.828802130003
0.079495 1.1565907924155 39.8194800891999
0.079995 1.1638654058655 40.1255361020978
0.0804949999999999 1.1711400193155 40.2048737865841
0.0809949999999999 1.1784146327655 40.4930892389967
0.0814949999999998 1.1856892462155 40.7135378428133
0.081995 1.1929638596655 40.8413178953033
0.0824949999999999 1.2002384731155 41.2398660120869
0.0829949999999999 1.2075130865655 41.3833201219308
0.083495 1.2147877000155 41.5678452781775
0.083995 1.2220623134655 41.7267041882186
0.084495 1.2293369269155 41.7200280057049
0.0849949999999999 1.2366115403655 42.0035926553693
0.0854949999999999 1.2438861538155 42.1135834630202
0.0859949999999998 1.2511607672655 42.3871710377834
0.086495 1.2584353807155 42.6499542675839
0.0869949999999999 1.2657099941655 42.8701210799438
0.0874949999999999 1.2729846076155 43.1492832170037
0.087995 1.2802592210655 43.2710302545826
0.088495 1.2875338345155 43.4206764885201
0.088995 1.2948084479655 43.5520411551412
0.0894949999999999 1.3020830614155 43.6011187341753
0.0899949999999999 1.3093576748655 43.8336646579054
0.0904949999999998 1.3166322883155 44.0983684878988
0.090995 1.3239069017655 44.272006972213
0.091495 1.3311815152155 44.5924087337708
0.0919949999999999 1.3384561286655 44.6603659972456
0.0924950000000001 1.3457307421155 44.7986457722434
0.092995 1.3530053555655 44.912665846539
0.093495 1.3602799690155 45.0528331355298
0.0939949999999999 1.3675545824655 45.4004880682192
0.0944949999999999 1.3748291959155 45.5734445010204
0.0949949999999998 1.3821038093655 45.7880738426559
0.095495 1.3893784228155 45.8879895244845
0.095995 1.3966530362655 45.9251933772333
0.0964949999999999 1.4039276497155 46.2265085697566
0.0969950000000001 1.4112022631655 46.4084699790634
0.097495 1.4184768766155 46.673568518294
0.097995 1.4257514900655 46.7640984134642
0.0984949999999999 1.4330261035155 46.8833858231768
0.0989949999999999 1.4403007169655 47.0385731515014
0.0994949999999998 1.4475753304155 47.1845637531954
0.099995 1.4548499438655 47.5029299478945
0.100495 1.4621245573155 47.609712005518
0.100995 1.4693991707655 47.7433614979452
0.101495 1.4766737842155 47.9134733566317
0.101995 1.4839483976655 47.975750684473
0.102495 1.4912230111155 48.292675947896
0.102995 1.4984976245655 48.3987854932667
0.103495 1.5057722380155 48.5097014437991
0.103995 1.5130468514655 48.7075893647183
0.104495 1.5203214649155 48.8295030897507
0.104995 1.5275960783655 49.0791298881171
0.105495 1.5348706918155 49.2576937583799
0.105995 1.5421453052655 49.338269149064
0.106495 1.5494199187155 49.5444376306119
0.106995 1.5566945321655 49.6849776954531
0.107495 1.5639691456155 50.0080040606941
0.107995 1.5712437590655 50.0485035281307
0.108495 1.5785183725155 50.0542870527605
0.108995 1.5857929859655 50.2963457602923
0.109495 1.5930675994155 50.4697066025334
0.109995 1.6003422128655 50.7430541141873
0.110495 1.6076168263155 50.8500364574055
0.110995 1.6148914397655 50.8879612716588
0.111495 1.6221660532155 51.0700027685451
0.111995 1.6294406666655 51.2671440839963
0.112495 1.6367152801155 51.4665506995821
0.112995 1.6439898935655 51.5304959197199
0.113495 1.6512645070155 51.7322484667968
0.113995 1.6585391204655 51.9253141998173
0.114495 1.6658137339155 51.9446301580021
0.114995 1.6730883473655 52.1685397347808
0.115495 1.6803629608155 52.410099288071
0.115995 1.6876375742655 52.4674893468754
0.116495 1.6949121877155 52.5950525000177
0.116995 1.7021868011655 52.6795989908059
0.117495 1.7094614146155 52.9836426262002
0.117995 1.7167360280655 53.0420573552112
0.118495 1.7240106415155 53.1396162091658
0.118995 1.7312852549655 53.4496670025412
0.119495 1.7385598684155 53.5162499828443
0.119995 1.7458344818655 53.5408623348298
0.120495 1.7531090953155 53.7806980661591
0.120995 1.7603837087655 53.9979213461973
0.121495 1.7676583222155 54.0456559587873
0.121995 1.7749329356655 54.1318787985024
0.122495 1.7822075491155 54.4384016313038
0.122995 1.7894821625655 54.5182384736971
0.123495 1.7967567760155 54.5531550317731
0.123995 1.8040313894655 54.8308096977594
0.124495 1.8113060029155 54.9025110166613
0.124995 1.8185806163655 55.0179776775883
0.125495 1.8258552298155 55.1846131482978
0.125995 1.8331298432655 55.3247849658244
0.126495 1.8404044567155 55.4906884331293
0.126995 1.8476790701655 55.5150437800423
0.127495 1.8549536836155 55.723745144087
0.127995 1.8622282970655 55.9094751496831
0.128495 1.8695029105155 55.9243701906164
0.128995 1.8767775239655 56.1353169580435
0.129495 1.8840521374155 56.2678030437689
0.129995 1.8913267508655 56.2554743348626
0.130495 1.8986013643155 56.5230829146727
0.130995 1.9058759777655 56.6822050426437
0.131495 1.9131505912155 56.7467324089378
0.131995 1.9204252046655 56.8520960094625
0.132495 1.9276998181155 57.0381768234068
0.132995 1.9349744315655 57.1579674607175
0.133495 1.9422490450155 57.244148882137
0.133995 1.9495236584655 57.4432609364098
0.134495 1.9567982719155 57.5266384106712
0.134995 1.9640728853655 57.6440387207748
0.135495 1.9713474988155 57.6990962697763
0.135995 1.9786221122655 57.8684370879609
0.136495 1.9858967257155 58.104414406658
0.136995 1.9931713391655 58.1156232001672
0.137495 2.0004459526155 58.3813459124019
0.137995 2.0077205660655 58.3937594234054
0.138495 2.0149951795155 58.5077717297169
0.138995 2.0222697929655 58.6757209382627
0.139495 2.0295444064155 58.7162788838906
0.139995 2.0368190198655 58.9925405068127
0.140495 2.0440936333155 58.9827966468985
0.140995 2.0513682467655 59.1605544519876
0.141495 2.0586428602155 59.2319930087632
0.141995 2.0659174736655 59.3585786182421
0.142495 2.0731920871155 59.4988933551209
0.142995 2.0804667005655 59.5935849914433
0.143495 2.0877413140155 59.7024538717663
0.143995 2.0950159274655 59.8220273321012
0.144495 2.1022905409155 59.915173931108
0.144995 2.1095651543655 60.0380562021128
0.145495 2.1168397678155 60.2536664220051
0.145995 2.1241143812655 60.2527447372065
0.146495 2.1313889947155 60.4016653977779
0.146995 2.1386636081655 60.5414683521135
0.147495 2.1459382216155 60.5306954375855
0.147995 2.1532128350655 60.7551079249082
0.148495 2.1604874485155 60.7654993249644
0.148995 2.1677620619655 60.9773380690599
0.149495 2.1750366754155 61.0690015619302
0.149995 2.1823112888655 61.0881034393233
0.150495 2.1895859023155 61.3688226610875
0.150995 2.1968605157655 61.3556602675133
0.151495 2.2041351292155 61.5002877030709
0.151995 2.2114097426655 61.5597400905332
0.152495 2.2186843561155 61.7073485619494
0.152995 2.2259589695655 61.737885525436
0.153495 2.2332335830155 61.9386319451287
0.153995 2.2405081964655 62.0288726991945
0.154495 2.2477828099155 62.1160783794442
0.154995 2.2550574233655 62.2476902473219
0.155495 2.2623320368155 62.371307561384
0.155995 2.2696066502655 62.4470268020149
0.156495 2.2768812637155 62.4794283800338
0.156995 2.2841558771655 62.6890274569243
0.157495 2.2914304906155 62.7117278323979
0.157995 2.2987051040655 62.8488809115754
0.158495 2.3059797175155 62.8128231437249
0.158995 2.3132543309655 63.0784093251778
0.159495 2.3205289444155 63.1232179454317
0.159995 2.3278035578655 63.2490318614712
0.160495 2.3350781713155 63.3327251857375
0.160995 2.3423527847655 63.434387365203
0.161495 2.3496273982155 63.4288485095368
0.161995 2.3569020116655 63.6063873613213
0.162495 2.3641766251155 63.6611051264395
0.162995 2.3714512385655 63.8178954156659
0.163495 2.3787258520155 63.9319735776876
0.163995 2.3860004654655 63.99894376009
0.164495 2.3932750789155 64.100880894046
0.164995 2.4005496923655 64.1799423177768
0.165495 2.4078243058155 64.2721511937871
0.165995 2.4150989192655 64.3903111192471
0.166495 2.4223735327155 64.4680879701737
0.166995 2.4296481461655 64.5409998396895
0.167495 2.4369227596155 64.6806428134076
0.167995 2.4441973730655 64.7624642960919
0.168495 2.4514719865155 64.7990967099414
0.168995 2.4587465999655 64.9291570713384
0.169495 2.4660212134155 64.91207590207
0.169995 2.4732958268655 65.0672877894771
0.170495 2.4805704403155 65.1273085044407
0.170995 2.4878450537655 65.2819635867149
0.171495 2.4951196672155 65.2924159285272
0.171995 2.5023942806655 65.4532303223727
0.172495 2.5096688941155 65.4291063943931
0.172995 2.5169435075655 65.5784772161335
0.173495 2.5242181210155 65.6720133151206
0.173995 2.5314927344655 65.6883471856935
0.174495 2.5387673479155 65.9592456686888
0.174995 2.5460419613655 65.7888543714703
0.175495 2.5533165748155 65.9904001082996
0.175995 2.5605911882655 66.0331631792917
0.176495 2.5678658017155 66.2246916359472
0.176995 2.5751404151655 66.2666538360987
0.177495 2.5824150286155 66.3146579360902
0.177995 2.5896896420655 66.4479945926379
0.178495 2.5969642555155 66.4171139233796
0.178995 2.6042388689655 66.5166660555622
0.179495 2.6115134824155 66.6510568975071
0.179995 2.6187880958655 66.8204824553669
0.180495 2.6260627093155 66.8669490112724
0.180995 2.6333373227655 66.9681155710026
0.181495 2.6406119362155 66.9634762783804
0.181995 2.6478865496655 67.0232816845744
0.182495 2.6551611631155 67.119468799292
0.182995 2.6624357765655 67.1495351364221
0.183495 2.6697103900155 67.2729164447064
0.183995 2.6769850034655 67.4201570280552
0.184495 2.6842596169155 67.456634604198
0.184995 2.6915342303655 67.5307890716515
0.185495 2.6988088438155 67.6251142424362
0.185995 2.7060834572655 67.6531730580907
0.186495 2.7133580707155 67.7388216161983
0.186995 2.7206326841655 67.8559046713466
0.187495 2.7279072976155 67.8871468606556
0.187995 2.7351819110655 68.0832153008184
0.188495 2.7424565245155 67.952034006932
0.188995 2.7497311379655 68.1759405523449
0.189495 2.7570057514155 68.1817068672404
0.189995 2.7642803648655 68.2494687702059
0.190495 2.7715549783155 68.3587340805266
0.190995 2.7788295917655 68.3926950753814
0.191495 2.7861042052155 68.4846176253577
0.191995 2.7933788186655 68.4987464991876
0.192495 2.8006534321155 68.580987047486
0.192995 2.8079280455655 68.7270500135819
0.193495 2.8152026590155 68.7136189064524
0.193995 2.8224772724655 68.8051104217496
0.194495 2.8297518859155 68.8519888819453
0.194995 2.8370264993655 68.8961684618248
0.195495 2.8443011128155 68.9780322599717
0.195995 2.8515757262655 69.0993708019684
0.196495 2.8588503397155 69.1942685186972
0.196995 2.8661249531655 69.2764711643397
0.197495 2.8733995666155 69.2518849600591
0.197995 2.8806741800655 69.4093111583899
0.198495 2.8879487935155 69.4452105078245
0.198995 2.8952234069655 69.4120389603221
0.199495 2.9024980204155 69.6153343985795
0.199995 2.9097726338655 69.6363906306822
0.200495 2.9170472473155 69.7128628036859
0.200995 2.9243218607655 69.68240291494
0.201495 2.9315964742155 69.7713990863017
0.201995 2.9388710876655 69.950274488042
0.202495 2.9461457011155 69.845984243879
0.202995 2.9534203145655 69.9492769640361
0.203495 2.9606949280155 70.1198461102097
0.203995 2.9679695414655 70.1899377156184
0.204495 2.9752441549155 70.1916381251695
0.204995 2.9825187683655 70.2128162144572
0.205495 2.9897933818155 70.3485378983989
0.205995 2.9970679952655 70.3779992697396
0.206495 3.0043426087155 70.531496027079
0.206995 3.0116172221655 70.4877987272152
0.207495 3.0188918356155 70.5960351350758
0.207995 3.0261664490655 70.682093414377
0.208495 3.0334410625155 70.6442087104882
0.208995 3.0407156759655 70.6608534410601
0.209495 3.0479902894155 70.8816233814259
0.209995 3.0552649028655 70.9338233778029
0.210495 3.0625395163155 70.873747022771
0.210995 3.0698141297655 71.0031338146849
0.211495 3.0770887432155 71.0708049530678
0.211995 3.0843633566655 71.1078558399507
0.212495 3.0916379701155 71.2547456419413
0.212995 3.0989125835655 71.3492639410144
0.213495 3.1061871970155 71.3490740722892
0.213995 3.1134618104655 71.4419802264464
0.214495 3.1207364239155 71.3841824162322
0.214995 3.1280110373655 71.5578067287217
0.215495 3.1352856508155 71.6352223461051
0.215995 3.1425602642655 71.5307399219189
0.216495 3.1498348777155 71.640432784937
0.216995 3.1571094911655 71.8307560905019
0.217495 3.1643841046155 71.8673272144473
0.217995 3.1716587180655 71.9070282697955
0.218495 3.1789333315155 71.9907412568972
0.218995 3.1862079449655 71.9878371459518
0.219495 3.1934825584155 72.0963060038728
0.219995 3.2007571718655 72.3271382871937
0.220495 3.2080317853155 72.2133832230327
0.220995 3.2153063987655 72.1500670183884
0.221495 3.2225810122155 72.3570203654004
0.221995 3.2298556256655 72.3565591425182
0.222495 3.2371302391155 72.5123435145585
0.222995 3.2444048525655 72.5502937106438
0.223495 3.2516794660155 72.6366658782622
0.223995 3.2589540794655 72.514437059037
0.224495 3.2662286929155 72.6682741282412
0.224995 3.2735033063655 72.6964578314732
0.225495 3.2807779198155 72.6816279382976
0.225995 3.2880525332655 72.8012885875339
0.226495 3.2953271467155 72.9462163249319
0.226995 3.3026017601655 72.6913857294499
0.227495 3.3098763736155 73.107864057586
0.227995 3.3171509870655 73.0708761023618
0.228495 3.3244256005155 73.0726883054093
0.228995 3.3317002139655 73.3463909816381
0.229495 3.3389748274155 73.4370178211769
0.229995 3.3462494408655 73.4269333186485
0.230495 3.3535240543155 73.3600339413286
0.230995 3.3607986677655 73.5071051947667
0.231495 3.3680732812155 73.4924057127499
0.231995 3.3753478946655 73.5656587283234
0.232495 3.3826225081155 73.7270197956265
0.232995 3.3898971215655 73.7436488166695
0.233495 3.3971717350155 73.6759949058553
0.233995 3.4044463484655 73.9475512327789
0.234495 3.4117209619155 73.9381324715793
0.234995 3.4189955753655 73.8318457533619
0.235495 3.4262701888155 73.9052330570294
0.235995 3.4335448022655 73.9807372608541
0.236495 3.4408194157155 74.2399611314025
0.236995 3.4480940291655 73.9652532051538
0.237495 3.4553686426155 74.1780389488813
0.237995 3.4626432560655 74.2835319167283
0.238495 3.4699178695155 74.2722850372825
0.238995 3.4771924829655 74.442332347514
0.239495 3.4844670964155 74.3881409162264
0.239995 3.4917417098655 74.4444533806703
0.240495 3.4990163233155 74.7600588571566
0.240995 3.5062909367655 74.6811741996533
0.241495 3.5135655502155 74.5762547063084
0.241995 3.5208401636655 74.8552770901187
0.242495 3.5281147771155 74.8514011557901
0.242995 3.5353893905655 74.7285749263367
0.243495 3.5426640040155 75.0097790629705
0.243995 3.5499386174655 75.0705870830911
0.244495 3.5572132309155 75.1209671190336
0.244995 3.5644878443655 75.1167612971015
0.245495 3.5717624578155 75.4017805236014
0.245995 3.5790370712655 75.2991194887883
0.246495 3.5863116847155 75.3518054110001
0.246995 3.5935862981655 75.4719046449053
0.247495 3.6008609116155 75.6823245495528
0.247995 3.6081355250655 75.4598011335049
0.248495 3.6154101385155 75.700454203414
0.248995 3.6226847519655 75.7934673332217
0.249495 3.6299593654155 75.8158397947708
0.249995 3.6372339788655 75.6688301664241
0.250495 3.6445085923155 76.032881156759
0.250995 3.6517832057655 76.1789429405957
0.251495 3.6590578192155 75.8300866869012
0.251995 3.6663324326655 76.184832439068
0.252495 3.6736070461155 76.3301918842457
0.252995 3.6808816595655 76.3410359076098
0.253495 3.6881562730155 76.1982585955205
0.253995 3.6954308864655 76.3208550562159
0.254495 3.7027054999155 76.470830922265
0.254995 3.7099801133655 76.241743493284
0.255495 3.7172547268155 76.5345677562194
0.255995 3.7245293402655 76.5124224244418
0.256495 3.7318039537155 76.6138553660903
0.256995 3.7390785671655 76.8131930176463
0.257495 3.7463531806155 76.5496323600665
0.257995 3.7536277940655 76.6646548474447
0.258495 3.7609024075155 76.9043229312962
0.258995 3.7681770209655 77.0210520300726
0.259495 3.7754516344155 77.128940314979
0.259995 3.7827262478655 76.9988089339536
0.260495 3.7900008613155 77.3948202458204
0.260995 3.7972754747655 77.0583814287813
0.261495 3.8045500882155 77.2514984672693
0.261995 3.8118247016655 77.2691895712291
0.262495 3.8190993151155 77.5548396036873
0.262995 3.8263739285655 77.7560708637629
0.263495 3.8336485420155 77.3376073456172
0.263995 3.8409231554655 77.7447329170715
0.264495 3.8481977689155 77.5943423349115
0.264995 3.8554723823655 77.510738032672
0.265495 3.8627469958155 77.8982349810514
0.265995 3.8700216092655 78.1350481046543
0.266495 3.8772962227155 78.1191759397246
0.266995 3.8845708361655 78.2633554597519
0.267495 3.8918454496155 77.7730755972883
0.267995 3.8991200630655 78.3192714452215
0.268495 3.9063946765155 78.2246743077845
0.268995 3.9136692899655 78.1706351860536
0.269495 3.9209439034155 78.4752271107318
0.269995 3.9282185168655 78.4050768075155
0.270495 3.9354931303155 78.6657418277348
0.270995 3.9427677437655 78.7425122434373
0.271495 3.9500423572155 79.0878465689737
0.271995 3.9573169706655 78.9372618860274
0.272495 3.9645915841155 78.9031140539405
0.272995 3.9718661975655 79.3373654463271
0.273495 3.9791408110155 78.7920516836844
0.273995 3.9864154244655 78.8595655563067
0.274495 3.9936900379155 79.3054511894621
0.274995 4.0009646513655 79.2383563214308
0.275495 4.0082392648155 79.3777084804405
0.275995 4.0155138782655 79.5722058652312
0.276495 4.0227884917155 79.7379657558849
0.276995 4.0300631051655 79.8361841300265
0.277495 4.0373377186155 80.1254906831962
0.277995 4.0446123320655 80.0648879846859
0.278495 4.0518869455155 80.0054800759251
0.278995 4.0591615589655 80.1306753283578
0.279495 4.0664361724155 80.6181448161525
0.279995 4.0737107858655 79.975608268298
0.280495 4.0809853993155 80.1719271760009
0.280995 4.0882600127655 80.5553885186675
0.281495 4.0955346262155 80.5493445048205
0.281995 4.1028092396655 81.124245947023
0.282495 4.1100838531155 80.8371634263342
0.282995 4.1173584665655 80.757157405421
0.283495 4.1246330800155 80.747683219361
0.283995 4.1319076934655 81.1610609163192
0.284495 4.1391823069155 80.9645844974531
0.284995 4.1464569203655 81.2217460137703
0.285495 4.1537315338155 81.1234947856726
0.285995 4.1610061472655 81.1838246206129
0.286495 4.1682807607155 81.8176730671745
0.286995 4.1755553741655 81.8646161523563
0.287495 4.1828299876155 81.6714860165165
0.287995 4.1901046010655 82.1359076907347
0.288495 4.1973792145155 81.8679244651731
0.288995 4.2046538279655 82.2435402699856
0.289495 4.2119284414155 82.1631989556354
0.289995 4.2192030548655 82.5148343829009
0.290495 4.2264776683155 82.5627947029142
0.290995 4.2337522817655 82.5642423273652
0.291495 4.2410268952155 82.6353343757051
0.291995 4.2483015086655 82.5089620141372
0.292495 4.2555761221155 83.0865152674932
0.292995 4.2628507355655 82.567523050957
0.293495 4.2701253490155 83.3258027193267
0.293995 4.2773999624655 83.4614896863174
0.294495 4.2846745759155 82.9190371217286
0.294995 4.2919491893655 83.7410529535028
0.295495 4.2992238028155 83.7888316516545
0.295995 4.3064984162655 84.0024921392662
0.296495 4.3137730297155 84.1111606620483
0.296995 4.3210476431655 84.0371600414147
0.297495 4.3283222566155 84.3546387475304
0.297995 4.3355968700655 83.9529084389252
0.298495 4.3428714835155 84.261034320073
0.298995 4.3501460969655 84.8153595982241
0.299495 4.3574207104155 84.8453045631709
0.299995 4.3646953238655 84.8911857877964
0.300495 4.3719699373155 85.0413087032632
0.300995 4.3792445507655 85.1251957323532
0.301495 4.3865191642155 86.0525372330603
0.301995 4.3937937776655 85.2817953352321
0.302495 4.4010683911155 85.1785553679363
0.302995 4.4083430045655 85.8448765877884
0.303495 4.4156176180155 85.8595582398172
0.303995 4.4228922314655 86.342776729827
0.304495 4.4301668449155 86.2630879342944
0.304995 4.4374414583655 86.5509792226196
0.305495 4.4447160718155 87.0884409995728
0.305995 4.4519906852655 87.271953372432
0.306495 4.4592652987155 86.9884987847086
0.306995 4.4665399121655 87.2874010851148
0.307495 4.4738145256155 87.4477470855079
0.307995 4.4810891390655 87.5731668609828
0.308495 4.4883637525155 88.0566248656289
0.308995 4.4956383659655 87.8799612391699
0.309495 4.5029129794155 88.6199182248102
0.309995 4.5101875928655 87.9479795711188
0.310495 4.5174622063155 89.0213877615514
0.310995 4.5247368197655 88.7665300183097
0.311495 4.5320114332155 88.647466226136
0.311995 4.5392860466655 89.7445781351364
0.312495 4.5465606601155 89.6734275588924
0.312995 4.5538352735655 89.7062790196195
0.313495 4.5611098870155 89.537882875612
0.313995 4.5683845004655 90.3798342564036
0.314495 4.5756591139155 90.4025031525969
0.314995 4.5829337273655 90.6695731823335
0.315495 4.5902083408155 90.5345953382473
0.315995 4.5974829542655 91.0367613164579
0.316495 4.6047575677155 91.0777140933035
0.316995 4.6120321811655 91.0871617081808
0.317495 4.6193067946155 91.8424459180524
0.317995 4.6265814080655 92.8047301689978
0.318495 4.6338560215155 91.6892647170232
0.318995 4.6411306349655 92.4915665472656
0.319495 4.6484052484155 92.6357019281935
0.319995 4.6556798618655 93.2921787393371
0.320495 4.6629544753155 93.059746151593
0.320995 4.6702290887655 93.3679344798044
0.321495 4.6775037022155 94.247451929056
0.321995 4.6847783156655 94.0739176261449
0.322495 4.6920529291155 94.4294063442982
0.322995 4.6993275425655 94.6011978952559
0.323495 4.7066021560155 94.884991392592
0.323995 4.7138767694655 95.4545506319913
0.324495 4.7211513829155 95.4416464973262
0.324995 4.7284259963655 96.1229908642106
0.325495 4.7357006098155 95.507111014951
0.325995 4.7429752232655 96.1807382207236
0.326495 4.7502498367155 96.6005141216276
0.326995 4.7575244501655 97.3735398915951
0.327495 4.7647990636155 96.992692007304
0.327995 4.7720736770655 97.9242094275542
0.328495 4.7793482905155 97.7498087890848
0.328995 4.7866229039655 98.266143743783
0.329495 4.7938975174155 98.3698089616379
0.329995 4.8011721308655 98.5584013328771
0.330495 4.8084467443155 99.3278568901593
0.330995 4.8157213577655 99.1702245710743
0.331495 4.8229959712155 99.8464247356301
0.331995 4.8302705846655 100.213464367375
0.332495 4.8375451981155 100.621224767821
0.332995 4.8448198115655 101.587211545411
0.333495 4.8520944250155 101.320708522421
0.333995 4.8593690384655 101.178333557684
0.334495 4.8666436519155 101.625105665424
0.334995 4.8739182653655 102.501065025918
0.335495 4.8811928788155 102.236667645797
0.335995 4.8884674922655 103.106493046529
0.336495 4.8957421057155 102.668231760705
0.336995 4.9030167191655 103.425994909296
0.337495 4.9102913326155 103.621224896668
0.337995 4.9175659460655 103.410200791528
0.338495 4.9248405595155 105.426812698375
0.338995 4.9321151729655 104.300340426347
0.339495 4.9393897864155 105.39371032093
0.339995 4.9466643998655 106.111411377529
0.340495 4.9539390133155 105.652678441133
0.340995 4.9612136267655 106.464879644652
0.341495 4.9684882402155 105.871903259001
0.341995 4.9757628536655 107.426415689269
0.342495 4.9830374671155 107.289517167455
0.342995 4.9903120805655 107.677365570451
0.343495 4.9975866940155 108.049219978518
0.343995 5.0048613074655 108.221727882769
0.344495 5.0121359209155 109.484750866597
0.344995 5.0194105343655 109.452914082339
0.345495 5.0266851478155 109.30039145287
0.345995 5.0339597612655 110.059926942381
0.346495 5.0412343747155 109.904629833558
0.346995 5.0485089881655 110.996925966191
0.347495 5.0557836016155 110.573470882276
0.347995 5.0630582150655 111.562934143672
0.348495 5.0703328285155 111.817117925622
0.348995 5.0776074419655 112.586430805867
0.349495 5.0848820554155 113.101809508154
0.349995 5.0921566688655 113.083766632741
0.350495 5.0994312823155 113.11597290839
0.350995 5.1067058957655 114.374610286001
0.351495 5.1139805092155 114.306361710506
0.351995 5.1212551226655 114.785247733054
0.352495 5.1285297361155 115.406957449189
0.352995 5.1358043495655 114.824883374575
0.353495 5.1430789630155 116.073154108765
0.353995 5.1503535764655 115.870707064109
0.354495 5.1576281899155 116.969728433679
0.354995 5.1649028033655 117.041620065743
0.355495 5.1721774168155 117.742534309632
0.355995 5.1794520302655 118.025977948343
0.356495 5.1867266437155 117.979362956475
0.356995 5.1940012571655 119.556590484536
0.357495 5.2012758706155 118.962077727661
0.357995 5.2085504840655 119.603285692367
0.358495 5.2158250975155 120.476464346597
0.358995 5.2230997109655 120.387725004673
0.359495 5.2303743244155 120.988846192995
0.359995 5.2376489378655 121.924021672531
0.360495 5.2449235513155 121.61395656722
0.360995 5.2521981647655 122.609586173254
0.361495 5.2594727782155 122.42140159562
0.361995 5.2667473916655 123.632493406698
0.362495 5.2740220051155 123.032787215319
0.362995 5.2812966185655 123.275917312559
0.363495 5.2885712320155 124.804805215025
0.363995 5.2958458454655 125.236781116973
0.364495 5.3031204589155 125.362630893336
0.364995 5.3103950723655 125.981449588003
0.365495 5.3176696858155 126.132897955387
0.365995 5.3249442992655 127.481453044836
0.366495 5.3322189127155 127.175320784929
0.366995 5.3394935261655 127.294171300367
0.367495 5.3467681396155 128.496584584855
0.367995 5.3540427530655 128.696201991202
0.368495 5.3613173665155 128.969261779938
0.368995 5.3685919799655 129.550113783407
0.369495 5.3758665934155 130.265018671745
0.369995 5.3831412068655 130.835686587584
0.370495 5.3904158203155 131.116568786176
0.370995 5.3976904337655 131.153174141957
0.371495 5.4049650472155 131.944483218555
0.371995 5.4122396606655 132.381238708873
0.372495 5.4195142741155 133.129748168001
0.372995 5.4267888875655 133.736033876662
0.373495 5.4340635010155 134.421856519749
0.373995 5.4413381144655 134.381160015143
0.374495 5.4486127279155 135.187357297057
0.374995 5.4558873413655 135.58300277687
0.375495 5.4631619548155 136.618011985542
0.375995 5.4704365682655 137.225990267451
0.376495 5.4777111817155 138.197177200529
0.376995 5.4849857951655 137.867671655344
0.377495 5.4922604086155 138.406272023867
0.377995 5.4995350220655 139.398309201625
0.378495 5.5068096355155 139.837070999974
0.378995 5.5140842489655 140.19479703383
0.379495 5.5213588624155 140.747554053379
0.379995 5.5286334758655 141.489393992434
0.380495 5.5359080893155 141.723789224068
0.380995 5.5431827027655 142.800535861004
0.381495 5.5504573162155 143.181686808768
0.381995 5.5577319296655 144.01635356172
0.382495 5.5650065431155 144.712335296595
0.382995 5.5722811565655 145.294316252552
0.383495 5.5795557700155 145.653126773271
0.383995 5.5868303834655 146.476919096272
0.384495 5.5941049969155 146.6458411804
0.384995 5.6013796103655 147.940831535132
0.385495 5.6086542238155 147.999942944606
0.385995 5.6159288372655 148.674128521125
0.386495 5.6232034507155 148.537103562492
0.386995 5.6304780641655 149.262370710841
0.387495 5.6377526776155 150.2193460095
0.387995 5.6450272910655 147.932611779181
0.388495 5.6523019045155 135.697859079911
0.388995 5.6595765179655 109.669708800126
0.389495 5.6668511314155 80.41168358993
0.389995 5.6741257448655 61.5881089377557
0.390495 5.6814003583155 50.5121954815053
0.390995 5.6886749717655 44.401852085705
0.391495 5.6959495852155 39.1419274426579
0.391995 5.7032241986655 33.3496671257746
0.392495 5.7104988121155 28.3926931274674
0.392995 5.7177734255655 23.709215084547
0.393495 5.7250480390155 17.7055744108142
0.393995 5.7323226524655 11.1890069734881
0.394495 5.7395972659155 3.93077033882382
0.394995 5.7468718793655 -2.80973998513069
0.395495 5.7541464928155 -8.4805909055805
0.395995 5.7614211062655 -13.3033659508176
0.396495 5.7686957197155 -17.2437781155098
0.396995 5.7759703331655 -17.3339656591439
0.397495 5.7832449466155 -10.925643326089
0.397995 5.7905195600655 -2.10803613228147
0.398495 5.7977941735155 3.39779024502245
0.398995 5.8050687869655 6.20330032374242
0.399495 5.8123434004155 8.42853379929316
0.399995 5.8196180138655 10.4996142416496
0.400495 5.8268926273155 10.3078660948875
0.400995 5.8341672407655 8.62730721050335
0.401495 5.8414418542155 4.81643636694571
0.401995 5.8487164676655 1.81939926423434
0.402495 5.8559910811155 -1.30302383838233
0.402995 5.8632656945655 -3.55288202843717
0.403495 5.8705403080155 -5.52020075619909
0.403995 5.8778149214655 -6.99818365543761
0.404495 5.8850895349155 -6.73064971164018
0.404995 5.8923641483655 -3.89519269575448
0.405495 5.8996387618155 -2.10353807197616
0.405995 5.9069133752655 -1.09626687643155
0.406495 5.9141879887155 -0.380393354189752
0.406995 5.9214626021655 0.286835313634546
0.407495 5.9287372156155 0.721582984634082
0.407995 5.9360118290655 1.5354727902968
0.408495 5.9432864425155 1.7822869111753
0.408995 5.9505610559655 2.0659457050076
0.409495 5.9578356694155 1.32255507874622
0.409995 5.9651102828655 0.97244329282147
0.410495 5.9723848963155 0.547088579658744
0.410995 5.9796595097655 0.520788171567237
0.411495 5.9869341232155 -0.463477354370691
0.411995 5.9942087366655 -0.509650981475086
0.412495 6.0014833501155 -1.44301486818122
0.412995 6.0087579635655 -1.14570964016756
0.413495 6.0160325770155 -1.00561926847211
0.413995 6.0233071904655 -0.577962238121939
0.414495 6.0305818039155 -0.482096647792037
0.414995 6.0378564173655 0.234771075424288
0.415495 6.0451310308155 0.371488793246922
0.415995 6.0524056442655 1.12201511628245
0.416495 6.0596802577155 0.859605969734143
0.416995 6.0669548711655 0.689578882282165
0.417495 6.0742294846155 0.216451263206711
0.417995 6.0815040980655 0.0931059366507905
0.418495 6.0887787115155 0.0653118184935525
0.418995 6.0960533249655 -0.343765095868182
0.419495 6.1033279384155 -0.383408911631373
0.419995 6.1106025518655 -0.288891731301921
0.420495 6.1178771653155 -0.201937072858345
0.420995 6.1251517787655 -0.130205037870176
0.421495 6.1324263922155 0.130101541795232
0.421995 6.1397010056655 0.272769184068504
0.422495 6.1469756191155 0.324554492953907
0.422995 6.1542502325655 0.0944077425208113
0.423495 6.1615248460155 -0.106367271934352
0.423995 6.1687994594655 -0.138968526479357
0.424495 6.1760740729155 0.0651838018451317
0.424995 6.1833486863655 -0.0445432534903905
0.425495 6.1906232998155 -0.247774685889914
0.425995 6.1978979132655 -0.426645859718927
0.426495 6.2051725267155 -0.337576358761801
0.426995 6.2124471401655 -0.231672815426258
0.427495 6.2197217536155 0.197664641044668
0.427995 6.2269963670655 -0.0620086799197879
0.428495 6.2342709805155 0.236502765022904
0.428995 6.2415455939655 0.451075519722456
0.429495 6.2488202074155 0.409625875258392
0.429995 6.2560948208655 0.942715934801211
0.430495 6.2633694343155 0.42446292077363
0.430995 6.2706440477655 0.190918554615067
0.431495 6.2779186612155 0.116198653401238
0.431995 6.2851932746655 -0.277665281983172
0.432495 6.2924678881155 -0.28683619765707
0.432995 6.2997425015655 -0.629930467866179
0.433495 6.3070171150155 -0.624025118839272
0.433995 6.3142917284655 -0.719412500007916
0.434495 6.3215663419155 -0.458546572555262
0.434995 6.3288409553655 -0.394592404538198
0.435495 6.3361155688155 -0.215979217696999
0.435995 6.3433901822655 0.717188693861099
0.436495 6.3506647957155 0.635960039430939
0.436995 6.3579394091655 0.934387974582858
0.437495 6.3652140226155 0.51305986281274
0.437995 6.3724886360655 0.625256801820546
0.438495 6.3797632495155 0.21767823771831
0.438995 6.3870378629655 -0.48090483587756
0.439495 6.3943124764155 -0.580827601828682
0.439995 6.4015870898655 -0.981253992530035
0.440495 6.4088617033155 -0.636181604386842
0.440995 6.4161363167655 -0.560138719810055
0.441495 6.4234109302155 -0.422103063788657
0.441995 6.4306855436655 -0.0438636396457285
0.442495 6.4379601571155 0.547841352052061
0.442995 6.4452347705655 0.873167160139005
0.443495 6.4525093840155 1.00179342052152
0.443995 6.4597839974655 0.675539833820493
0.444495 6.4670586109155 0.718006423392074
0.444995 6.4743332243655 0.30231689135515
0.445495 6.4816078378155 0.0556521454428098
0.445995 6.4888824512655 -0.504806951380955
0.446495 6.4961570647155 -0.757100004575652
0.446995 6.5034316781655 -0.883426208251504
0.447495 6.5107062916155 -0.8685679287071
0.447995 6.5179809050655 -0.854588469458216
0.448495 6.5252555185155 -0.362204022296497
0.448995 6.5325301319655 0.162283196391539
0.449495 6.5398047454155 0.248546016953109
0.449995 6.5470793588655 0.74989475451024
0.450495 6.5543539723155 0.573040879254602
0.450995 6.5616285857655 0.678859001840158
0.451495 6.5689031992155 0.690228712959739
0.451995 6.5761778126655 0.339425754983888
0.452495 6.5834524261155 0.208759198090925
0.452995 6.5907270395655 -0.469936000503861
0.453495 6.5980016530155 -0.529351556742442
0.453995 6.6052762664655 -0.578332488925807
0.454495 6.6125508799155 -0.680602656316244
0.454995 6.6198254933655 -0.284352717273449
0.455495 6.6271001068155 -0.372038378902269
0.455995 6.6343747202655 0.190043033156596
0.456495 6.6416493337155 0.28978623977313
0.456995 6.6489239471655 0.620477073297991
0.457495 6.6561985606155 0.566482771716126
0.457995 6.6634731740655 0.245975974842961
0.458495 6.6707477875155 0.396445187853669
0.458995 6.6780224009655 0.0783514133633024
0.459495 6.6852970144155 -0.0431147813570504
0.459995 6.6925716278655 -0.486952638673875
0.460495 6.6998462413155 -0.331874080695145
0.460995 6.7071208547655 -0.412659380645608
0.461495 6.7143954682155 -0.368615971172964
0.461995 6.7216700816655 -0.241556659501511
0.462495 6.7289446951155 -0.548175734478889
0.462995 6.7362193085655 0.120673681481516
0.463495 6.7434939220155 0.312213717820977
0.463995 6.7507685354655 0.442496340389032
0.464495 6.7580431489155 0.39225872021731
0.464995 6.7653177623655 0.277630660077882
0.465495 6.7725923758155 0.368694093494524
0.465995 6.7798669892655 0.2978073373671
0.466495 6.7871416027155 0.0861566545543868
0.466995 6.7944162161655 -0.373601893071107
0.467495 6.8016908296155 -0.485921392504375
0.467995 6.8089654430655 -0.50849461918268
0.468495 6.8162400565155 -0.487883887675935
0.468995 6.8235146699655 -0.199829409816558
0.469495 6.8307892834155 -0.103239750205268
0.469995 6.8380638968655 0.273411349221362
0.470495 6.8453385103155 0.356270956717441
0.470995 6.8526131237655 0.254946570906699
0.471495 6.8598877372155 0.41534796969795
0.471995 6.8671623506655 0.294359721873587
0.472495 6.8744369641155 0.306983612876811
0.472995 6.8817115775655 -0.136145241644369
0.473495 6.8889861910155 -0.382793801583246
0.473995 6.8962608044655 -0.424371539854829
0.474495 6.9035354179155 -0.518697034415665
0.474995 6.9108100313655 -0.27821829559725
0.475495 6.9180846448155 -0.232709675635584
0.475995 6.9253592582655 -0.12388952516758
0.476495 6.9326338717155 0.122696253007245
0.476995 6.9399084851655 0.359485032620521
0.477495 6.9471830986155 0.648990961239841
0.477995 6.9544577120655 0.675902077255334
0.478495 6.9617323255155 0.246618502418391
0.478995 6.9690069389655 0.149199880303929
0.479495 6.9762815524155 0.0269284143182386
0.479995 6.9835561658655 -0.126627803774575
0.480495 6.9908307793155 -0.44595675940041
0.480995 6.9981053927655 -0.417417337221071
0.481495 7.0053800062155 -0.675337065842074
0.481995 7.0126546196655 -0.518248954467447
0.482495 7.0199292331155 -0.439812646299827
0.482995 7.0272038465655 -0.16348599834389
0.483495 7.0344784600155 0.00596896233693453
0.483995 7.0417530734655 0.0611711187756411
0.484495 7.0490276869155 0.388709397908667
0.484995 7.0563023003655 0.445854597995471
0.485495 7.0635769138155 0.687466793267376
0.485995 7.0708515272655 0.466415275602606
0.486495 7.0781261407155 0.440128292376876
0.486995 7.0854007541655 0.0481118292349607
0.487495 7.0926753676155 -0.100542703059393
0.487995 7.0999499810655 -0.208155058023329
0.488495 7.1072245945155 -0.33056026950991
0.488995 7.1144992079655 -0.491499961292768
0.489495 7.1217738214155 -0.500140348810033
0.489995 7.1290484348655 -0.485038787401494
0.490495 7.1363230483155 -0.218764324366851
0.490995 7.1435976617655 0.109194338633925
0.491495 7.1508722752155 0.309858381082749
0.491995 7.1581468886655 0.358397730350482
0.492495 7.1654215021155 0.65654290078288
0.492995 7.1726961155655 0.313393468371162
0.493495 7.1799707290155 0.327694984795859
0.493995 7.1872453424655 0.0958702763413063
0.494495 7.1945199559155 -0.145075261592881
0.494995 7.2017945693655 -0.443230543600359
0.495495 7.2090691828155 -0.554117580395667
0.495995 7.2163437962655 -0.40439135896625
0.496495 7.2236184097155 -0.437879382707809
0.496995 7.2308930231655 -0.193312725142737
0.497495 7.2381676366155 0.119433911159295
0.497995 7.2454422500655 0.403235347801081
0.498495 7.2527168635155 0.458632936430735
0.498995 7.2599914769655 0.643992421572756
0.499495 7.2672660904155 0.36136591469542
0.499995 7.2745407038655 0.362859919606944
0.500495 7.2818153173155 0.12872120103146
0.500995 7.2890899307655 -0.138177659451008
0.501495 7.2963645442155 -0.273754902494168
0.501995 7.3036391576655 -0.537872656159686
0.502495 7.3109137711155 -0.477469312169083
0.502995 7.3181883845655 -0.475322564841323
0.503495 7.3254629980155 -0.453169787987806
0.503995 7.3327376114655 -0.318876489022812
0.504495 7.3400122249155 0.0921614838966231
0.504995 7.3472868383655 0.387847466709081
0.505495 7.3545614518155 0.345634242244372
0.505995 7.3618360652655 0.640683105461627
0.506495 7.3691106787155 0.398541034391352
0.506995 7.3763852921655 0.456174467926747
0.507495 7.3836599056155 0.172164630056339
0.507995 7.3909345190655 -0.113025902878977
0.508495 7.3982091325155 -0.250564727822693
0.508995 7.4054837459655 -0.353053935605255
0.509495 7.4127583594155 -0.468125618004376
0.509995 7.4200329728655 -0.542668825039349
0.510495 7.4273075863155 -0.566214543281355
0.510995 7.4345821997655 -0.162414215706453
0.511495 7.4418568132155 0.103702620222842
0.511995 7.4491314266655 0.500938915348141
0.512495 7.4564060401155 0.361787334848643
0.512995 7.4636806535655 0.352812097929119
0.513495 7.4709552670155 0.709031010636428
0.513995 7.4782298804655 0.564921784168531
0.514495 7.4855044939155 0.252432478420312
0.514995 7.4927791073655 -0.0072478002453179
0.515495 7.5000537208155 -0.360234100783544
0.515995 7.5073283342655 -0.347816405346148
0.516495 7.5146029477155 -0.581082697093299
0.516995 7.5218775611655 -0.508212946732868
0.517495 7.5291521746155 -0.677253961313661
0.517995 7.5364267880655 -0.368799640255895
0.518495 7.5437014015155 -0.0333551920633987
0.518995 7.5509760149655 0.243855446554351
0.519495 7.5582506284155 0.386820863081697
0.519995 7.5655252418655 0.638018445920272
0.520495 7.5727998553155 0.667024312487096
0.520995 7.5800744687655 0.429898596728039
0.521495 7.5873490822155 0.507604891844069
0.521995 7.5946236956655 0.19310857624809
0.522495 7.6018983091155 -0.041000025901894
0.522995 7.6091729225655 -0.31871893743654
0.523495 7.6164475360155 -0.662486773629319
0.523995 7.6237221494655 -0.574944325838951
0.524495 7.6309967629155 -0.833774288900535
0.524995 7.6382713763655 -0.370118304531184
0.525495 7.6455459898155 -0.435182263720435
0.525995 7.6528206032655 0.158867812189263
0.526495 7.6600952167155 0.25466312721942
0.526995 7.6673698301655 0.293787845855243
0.527495 7.6746444436155 0.622838722535287
0.527995 7.6819190570655 0.564241357931467
0.528495 7.6891936705155 0.629734691062099
0.528995 7.6964682839655 0.204000348296713
0.529495 7.7037428974155 0.166355845638851
0.529995 7.7110175108655 -0.211531980910166
0.530495 7.7182921243155 -0.0739336360256728
0.530995 7.7255667377655 -0.42184850344821
0.531495 7.7328413512155 -0.505644329462447
0.531995 7.7401159646655 -0.432886871951639
0.532495 7.7473905781155 -0.362601088537012
0.532995 7.7546651915655 -0.0927080539187354
0.533495 7.7619398050155 0.022246403574944
0.533995 7.7692144184655 0.0874088169549744
0.534495 7.7764890319155 0.258802534070155
0.534995 7.7837636453655 0.346878233581631
0.535495 7.7910382588155 0.593755194280106
0.535995 7.7983128722655 0.254203546222965
0.536495 7.8055874857155 0.149488895382486
0.536995 7.8128620991655 -0.0660692664692236
0.537495 7.8201367126155 -0.127084988904619
0.537995 7.8274113260655 -0.220221897812339
0.538495 7.8346859395155 -0.182861109857257
0.538995 7.8419605529655 -0.18056021729437
0.539495 7.8492351664155 -0.254014670024981
0.539995 7.8565097798655 -0.204778399140104
0.540495 7.8637843933155 -0.183775886768634
0.540995 7.8710590067655 -0.0972526713382962
0.541495 7.8783336202155 0.299936094906244
0.541995 7.8856082336655 0.16133993363208
0.542495 7.8928828471155 0.250671715689034
0.542995 7.9001574605655 0.146149501238962
0.543495 7.9074320740155 -0.0479643097424176
0.543995 7.9147066874655 0.277483506163262
0.544495 7.9219813009155 0.1267197939215
0.544995 7.9292559143655 -0.112374602636052
0.545495 7.9365305278155 -0.0362270944968952
0.545995 7.9438051412655 -0.270945185098054
0.546495 7.9510797547155 0.0106252130952518
0.546995 7.9583543681655 -0.201156729536519
0.547495 7.9656289816155 -0.19037630040051
0.547995 7.9729035950655 -0.336655092795042
0.548495 7.9801782085155 0.162887180184066
0.548995 7.9874528219655 -0.115642475551331
0.549495 7.9947274354155 0.0666439172925988
0.549995 8.0020020488655 0.144901461375467
0.550495 8.0092766623155 0.0839968797291855
0.550995 8.0165512757655 0.128791629518515
0.551495 8.0238258892155 0.0876517778327748
0.551995 8.0311005026655 0.147845830480577
0.552495 8.0383751161155 -0.126005688069396
0.552995 8.0456497295655 0.0102660722855872
0.553495 8.0529243430155 -0.14174951683209
0.553995 8.0601989564655 -0.250662428868817
0.554495 8.0674735699155 -0.0672031991459727
0.554995 8.0747481833655 -0.160859805844108
0.555495 8.0820227968155 -0.0438916141709472
0.555995 8.0892974102655 0.0321384506694295
0.556495 8.0965720237155 -2.56613539796837e-05
0.556995 8.1038466371655 0.181840391724236
0.557495 8.1111212506155 0.368411372455006
0.557995 8.1183958640655 0.453405207778562
0.558495 8.1256704775155 0.169547804472545
0.558995 8.1329450909655 0.048665195550514
0.559495 8.1402197044155 0.0892296961417845
0.559995 8.1474943178655 -0.0471092085246861
0.560495 8.1547689313155 -0.0687167705667634
0.560995 8.1620435447655 -0.437770193988458
0.561495 8.1693181582155 -0.374627979133194
0.561995 8.1765927716655 -0.35885952603517
0.562495 8.1838673851155 -0.021773490722971
0.562995 8.1911419985655 -0.0805297481202308
0.563495 8.1984166120155 -0.0680308950924963
0.563995 8.2056912254655 0.102407321452429
0.564495 8.2129658389155 0.376147172465918
0.564995 8.2202404523655 0.394821874614186
0.565495 8.2275150658155 0.447134274584044
0.565995 8.2347896792655 0.233616893961182
0.566495 8.2420642927155 0.103597976111536
0.566995 8.2493389061655 -0.044728816596637
0.567495 8.2566135196155 -0.124493686342003
0.567995 8.2638881330655 -0.450748407352393
0.568495 8.2711627465155 -0.347952291315613
0.568995 8.2784373599655 -0.417168346260657
0.569495 8.2857119734155 -0.254945166881492
0.569995 8.2929865868655 -0.312178049546672
0.570495 8.3002612003155 0.129022275296529
0.570995 8.3075358137655 0.0795492725161936
0.571495 8.3148104272155 0.383601788168544
0.571995 8.3220850406655 0.533610871976188
0.572495 8.3293596541155 0.409621939262982
0.572995 8.3366342675655 0.247818576099894
0.573495 8.3439088810155 0.235328322378026
0.573995 8.3511834944655 -0.1681772988817
0.574495 8.3584581079155 -0.184292133827903
0.574995 8.3657327213655 -0.394118742088547
0.575495 8.3730073348155 -0.511694030479054
0.575995 8.3802819482655 -0.185922166732855
0.576495 8.3875565617155 -0.484296862104622
0.576995 8.3948311751655 -0.0338068014843716
0.577495 8.4021057886155 0.0198123380205581
0.577995 8.4093804020655 0.209540827205512
0.578495 8.4166550155155 0.404135027371738
0.578995 8.4239296289655 0.431632226484252
0.579495 8.4312042424155 0.198157229119844
0.579995 8.4384788558655 0.158276097939362
0.580495 8.4457534693155 0.163376820226816
0.580995 8.4530280827655 -0.168929012808327
0.581495 8.4603026962155 -0.287450990577335
0.581995 8.4675773096655 -0.286219127479354
0.582495 8.4748519231155 -0.314746992039287
0.582995 8.4821265365655 -0.376385482275421
0.583495 8.4894011500155 -0.143398261517038
0.583995 8.4966757634655 0.0774075277166658
0.584495 8.5039503769155 0.014932802190491
0.584995 8.5112249903655 0.366481566658699
0.585495 8.5184996038155 0.364980235975295
0.585995 8.5257742172655 0.438746134877512
0.586495 8.5330488307155 0.399163454594887
0.586995 8.5403234441655 0.30045266321367
0.587495 8.5475980576155 0.0528732731160433
0.587995 8.5548726710655 -0.225790614837094
0.588495 8.5621472845155 -0.233348566447747
0.588995 8.5694218979655 -0.554070610041987
0.589495 8.5766965114155 -0.386406012408976
0.589995 8.5839711248655 -0.511290301413048
0.590495 8.5912457383155 -0.270330880549085
0.590995 8.5985203517655 0.135983560565338
0.591495 8.6057949652155 -0.0613686858037389
0.591995 8.6130695786655 0.24313388244874
0.592495 8.6203441921155 0.46296466667507
0.592995 8.6276188055655 0.508550533532701
0.593495 8.6348934190155 0.594321644930734
0.593995 8.6421680324655 0.228976755269285
0.594495 8.6494426459155 0.0807387623272415
0.594995 8.6567172593655 -0.178754118600586
0.595495 8.6639918728155 -0.389531182484153
0.595995 8.6712664862655 -0.550526406895831
0.596495 8.6785410997155 -0.597587722727431
0.596995 8.6858157131655 -0.500375639915747
0.597495 8.6930903266155 -0.0803706084435924
0.597995 8.7003649400655 -0.0119841479931234
0.598495 8.7076395535155 0.287207441467613
0.598995 8.7149141669655 0.248257122306469
0.599495 8.7221887804155 0.69751758041862
0.599995 8.7294633938655 0.605984527009917
0.600495 8.7367380073155 0.668433178700102
0.600995 8.7440126207655 0.192647188345739
0.601495 8.7512872342155 0.0274609007572752
0.601995 8.7585618476655 -0.170233334481114
0.602495 8.7658364611155 -0.166548275345305
0.602995 8.7731110745655 -0.550458110089947
