# Fix print output for fix Step
0 0 0.393095480577753
0.000495000000000098 0.00240062243850048 1.0518525828554
0.000994999999999958 0.0048254935884998 1.18453396734979
0.00149500000000011 0.00725036473850054 1.55658075233741
0.00199499999999997 0.00967523588849986 2.14766732377235
0.00249500000000012 0.0121001070385006 1.91903066152565
0.00299499999999998 0.0145249781884999 2.64620271732076
0.00349500000000014 0.0169498493385007 2.86336742012672
0.003995 0.0193747204885 3.16014492592181
0.00449499999999986 0.0217995916384993 3.5097036857902
0.00499500000000001 0.0242244627885 3.59577165012733
0.00549499999999987 0.0266493339384994 4.22685524142193
0.00599500000000002 0.0290742050885001 4.47115297745365
0.00649499999999988 0.0314990762384994 4.65255321281733
0.00699500000000003 0.0339239473885002 4.89145767830485
0.00749499999999989 0.0363488185384995 5.46140088760712
0.00799500000000004 0.0387736896885002 5.26172739220455
0.0084949999999999 0.0411985608384995 5.91825735687202
0.00899500000000006 0.0436234319885003 6.07157866462033
0.00949499999999992 0.0460483031384996 6.06888249352278
0.00999500000000007 0.0484731742885003 7.05962301474593
0.0104949999999999 0.0508980454384996 6.94687260427343
0.0109950000000001 0.0533229165885004 7.01592835299342
0.0114949999999999 0.0557477877384997 7.64367763660793
0.0119950000000001 0.0581726588885004 8.07232904204803
0.012495 0.0605975300384998 7.95996645792791
0.0129950000000001 0.0630224011885005 8.10628618036845
0.013495 0.0654472723384998 9.06501437241794
0.0139950000000001 0.0678721434885006 9.05730855304795
0.014495 0.0702970146384999 9.18124991525
0.0149950000000001 0.0727218857885006 9.60428788972235
0.015495 0.0751467569385 9.87658429557465
0.015995 0.0775716280885 10.4841460817001
0.016495 0.0799964992385 10.0291145423145
0.0169949999999999 0.0824213703884993 10.472086188024
0.017495 0.0848462415385001 11.1659618330729
0.0179949999999999 0.0872711126884994 11.2442290791311
0.018495 0.0896959838385001 11.3801142930832
0.0189949999999999 0.0921208549884995 11.6574885483968
0.019495 0.0945457261385002 12.4251672798455
0.0199949999999999 0.0969705972884995 12.2508120906143
0.0204950000000001 0.0993954684385003 12.5676241305278
0.0209949999999999 0.1018203395885 12.7537911388837
0.0214950000000001 0.1042452107385 13.2494138302127
0.0219949999999999 0.1066700818885 13.5926507522527
0.0224950000000001 0.1090949530385 13.6036692939101
0.0229949999999999 0.1115198241885 13.8086206432753
0.0234950000000001 0.1139446953385 14.0142227570576
0.0239949999999999 0.1163695664885 14.2745640797126
0.0244950000000001 0.1187944376385 14.9535249939519
0.024995 0.1212193087885 15.0305941029921
0.0254950000000001 0.123644179938501 15.3426064401561
0.025995 0.1260690510885 15.4276669068406
0.0264950000000001 0.128493922238501 15.6638006999439
0.026995 0.1309187933885 16.1518550832248
0.0274950000000001 0.133343664538501 16.3501195470138
0.027995 0.1357685356885 16.8570619893457
0.028495 0.1381934068385 17.0158989630112
0.028995 0.1406182779885 17.2770512196338
0.0294949999999999 0.143043149138499 17.2812169169763
0.029995 0.1454680202885 17.2403614599073
0.0304949999999999 0.147892891438499 17.7242166675472
0.030995 0.1503177625885 18.0598137211763
0.0314949999999999 0.152742633738499 18.5422210009726
0.031995 0.1551675048885 18.7804688541268
0.0324949999999999 0.1575923760385 18.7466620905396
0.0329950000000001 0.1600172471885 19.0414784716366
0.0334949999999999 0.1624421183385 19.1698546228904
0.0339950000000001 0.1648669894885 19.8234898713558
0.0344949999999999 0.1672918606385 20.1125798380139
0.0349950000000001 0.1697167317885 20.3588429591365
0.0354949999999999 0.1721416029385 20.7170504084273
0.0359950000000001 0.1745664740885 20.7676972670882
0.036495 0.1769913452385 20.8778117076884
0.0369950000000001 0.179416216388501 21.0689962456414
0.037495 0.1818410875385 21.0706182393046
0.0379950000000001 0.184265958688501 21.4494832464683
0.038495 0.1866908298385 21.5602190580367
0.0389950000000001 0.189115700988501 22.1926782243229
0.039495 0.1915405721385 22.2396956719132
0.039995 0.1939654432885 22.7354298115135
0.040495 0.1963903144385 23.0542075023027
0.0409949999999999 0.198815185588499 23.1952207561828
0.041495 0.2012400567385 23.4547561027015
0.0419949999999999 0.203664927888499 23.5822653416771
0.042495 0.2060897990385 23.8016204916428
0.0429949999999999 0.208514670188499 24.0885235904257
0.043495 0.2109395413385 24.0641463480322
0.0439949999999999 0.2133644124885 24.5789300059036
0.0444950000000001 0.2157892836385 24.3516856421643
0.0449949999999999 0.2182141547885 24.75293315583
0.0454950000000001 0.2206390259385 25.3045191264252
0.0459949999999999 0.2230638970885 25.5161120971614
0.0464950000000001 0.2254887682385 25.9046821872453
0.0469949999999999 0.2279136393885 26.1110996100661
0.0474950000000001 0.2303385105385 26.3097954818482
0.0479949999999999 0.2327633816885 26.7374277771104
0.0484950000000001 0.2351882528385 26.8550791969038
0.048995 0.2376131239885 27.264789222239
0.0494950000000001 0.240037995138501 27.1964703392981
0.049995 0.2424628662885 27.5160530758702
0.0504950000000001 0.244887737438501 27.7672728993128
0.050995 0.2473126085885 27.8383166357347
0.0514950000000001 0.249737479738501 28.1211491090073
0.051995 0.2521623508885 28.1616881602931
0.052495 0.2545872220385 28.6145416344652
0.052995 0.2570120931885 28.6932084862648
0.053495 0.2594369643385 28.8310992652515
0.053995 0.2618618354885 29.2710648133452
0.0544949999999999 0.264286706638499 29.2319667530108
0.054995 0.2667115777885 29.4963231100976
0.0554949999999999 0.269136448938499 29.7134320064943
0.0559950000000001 0.2715613200885 30.0115080890689
0.0564949999999999 0.2739861912385 30.2389246332941
0.0569950000000001 0.2764110623885 30.4086638779707
0.0574949999999999 0.2788359335385 30.7999930214859
0.0579950000000001 0.2812608046885 31.0046842595216
0.0584949999999999 0.2836856758385 31.2688551888758
0.0589950000000001 0.2861105469885 31.6549757447812
0.0594949999999999 0.2885354181385 31.7832093665534
0.0599950000000001 0.2909602892885 32.1543846794427
0.060495 0.2933851604385 32.2052523389468
0.0609950000000001 0.2958100315885 32.4857894794598
0.061495 0.2982349027385 32.7853266022427
0.0619950000000001 0.300659773888501 32.7861057019748
0.062495 0.3030846450385 33.21799094323
0.0629950000000001 0.305509516188501 33.2918502090075
0.063495 0.3079343873385 33.6094554438978
0.063995 0.3103592584885 33.898312447237
0.064495 0.3127841296385 33.7573180817125
0.064995 0.3152090007885 34.2363039615579
0.065495 0.3176338719385 34.2434314754508
0.0659949999999999 0.320058743088499 34.5400942352782
0.066495 0.3224836142385 34.8292182949122
0.0669949999999999 0.324908485388499 34.8216528742709
0.067495 0.3273333565385 35.1668330676388
0.0679949999999999 0.329758227688499 35.2352052977388
0.0684950000000001 0.3321830988385 35.5305861625714
0.0689949999999999 0.3346079699885 35.7877770507758
0.0694950000000001 0.3370328411385 35.8152716213999
0.0699949999999999 0.3394577122885 36.2103107475054
0.0704950000000001 0.3418825834385 36.2493901305314
0.0709949999999999 0.3443074545885 36.5333440438097
0.0714950000000001 0.3467323257385 36.5201434115049
0.0719949999999999 0.3491571968885 36.8292065134224
0.0724950000000001 0.351582068038501 37.1790733547289
0.072995 0.3540069391885 37.1501089417409
0.0734950000000001 0.356431810338501 37.5009159849441
0.073995 0.3588566814885 37.7117905954209
0.0744950000000001 0.361281552638501 37.7929596261381
0.074995 0.3637064237885 38.3821154411614
0.0754950000000001 0.366131294938501 38.3173079939053
0.075995 0.3685561660885 38.7070232103127
0.076495 0.3709810372385 38.8746630057632
0.076995 0.3734059083885 38.97341104763
0.0774949999999999 0.375830779538499 39.3502103074487
0.077995 0.3782556506885 39.2958167387134
0.0784949999999999 0.380680521838499 39.5149873627082
0.078995 0.3831053929885 39.6086658638429
0.0794949999999999 0.3855302641385 39.8208585811702
0.0799950000000001 0.3879551352885 40.3104208405079
0.0804949999999999 0.3903800064385 40.3415534317147
0.0809950000000001 0.3928048775885 40.532909997501
0.0814949999999999 0.3952297487385 40.8049268238327
0.0819950000000001 0.3976546198885 40.8688907883417
0.0824949999999999 0.4000794910385 41.0963099699759
0.0829950000000001 0.4025043621885 41.2138085521072
0.0834949999999999 0.4049292333385 41.6652468521688
0.0839950000000001 0.4073541044885 41.6531487956538
0.084495 0.4097789756385 41.8792348728509
0.0849950000000001 0.412203846788501 42.108731365035
0.085495 0.4146287179385 42.028279413486
0.0859950000000001 0.417053589088501 42.4081690479265
0.086495 0.4194784602385 42.5733251055815
0.0869950000000001 0.421903331388501 42.8204330853659
0.087495 0.4243282025385 43.0339514636567
0.0879950000000002 0.426753073688501 43.0361623913995
0.088495 0.4291779448385 43.3737491416872
0.088995 0.4316028159885 43.3693233287619
0.089495 0.4340276871385 43.5458183645038
0.089995 0.4364525582885 43.8911167399108
0.090495 0.4388774294385 44.0763201519274
0.0909949999999999 0.441302300588499 44.4430603661844
0.091495 0.4437271717385 44.3556339488027
0.0919949999999999 0.4461520428885 44.6493613825731
0.0924950000000001 0.4485769140385 44.6659234230566
0.0929949999999999 0.4510017851885 44.8255607838872
0.0934950000000001 0.4534266563385 45.2541389434875
0.0939949999999999 0.4558515274885 45.3918546337266
0.0944950000000001 0.4582763986385 45.5745504148155
0.0949949999999999 0.4607012697885 45.6853801012095
0.0954950000000001 0.4631261409385 45.7018258150097
0.095995 0.4655510120885 46.011903122337
0.0964950000000001 0.4679758832385 46.2182287978671
0.096995 0.4704007543885 46.4334066616182
0.0974950000000001 0.472825625538501 46.7675759437836
0.097995 0.4752504966885 46.5190986523237
0.0984950000000001 0.477675367838501 46.7069591895736
0.098995 0.4801002389885 46.9839926896672
0.0994950000000001 0.482525110138501 47.205147400127
0.099995 0.4849499812885 47.517443968899
0.100495 0.4873748524385 47.5715601733481
0.100995 0.4897997235885 47.6609495967399
0.101495 0.4922245947385 47.7120604795039
0.101995 0.4946494658885 48.1876161954834
0.102495 0.497074337038499 48.3645625227671
0.102995 0.4994992081885 48.3592590954255
0.103495 0.501924079338499 48.3977505372117
0.103995 0.5043489504885 48.6879963671672
0.104495 0.5067738216385 48.9873924015543
0.104995 0.5091986927885 49.0889240849966
0.105495 0.5116235639385 49.1854318791405
0.105995 0.5140484350885 49.2210123039565
0.106495 0.5164733062385 49.6045469666805
0.106995 0.5188981773885 49.7328871464664
0.107495 0.5213230485385 49.8497495089897
0.107995 0.5237479196885 49.8067693910878
0.108495 0.5261727908385 50.0641292710143
0.108995 0.528597661988501 50.4282678643342
0.109495 0.5310225331385 50.4934802243787
0.109995 0.533447404288501 50.5723287023691
0.110495 0.5358722754385 50.57374281786
0.110995 0.538297146588501 50.8810856498568
0.111495 0.5407220177385 51.0685763662263
0.111995 0.543146888888501 51.2185174444877
0.112495 0.5455717600385 51.4040128695428
0.112995 0.5479966311885 51.5850347913066
0.113495 0.5504215023385 51.6815042282602
0.113995 0.552846373488499 51.796669592719
0.114495 0.5552712446385 52.0316084302859
0.114995 0.5576961157885 52.1454510277202
0.115495 0.5601209869385 52.3366794734456
0.115995 0.5625458580885 52.6040760664092
0.116495 0.5649707292385 52.6758733980084
0.116995 0.5673956003885 52.7026788767548
0.117495 0.5698204715385 52.9443566866263
0.117995 0.5722453426885 53.1250155488638
0.118495 0.5746702138385 53.2829383429563
0.118995 0.5770950849885 53.3182171334282
0.119495 0.5795199561385 53.5335777683293
0.119995 0.5819448272885 53.5819343539206
0.120495 0.584369698438501 53.7301824175212
0.120995 0.5867945695885 53.9880822820918
0.121495 0.589219440738501 53.9132230768774
0.121995 0.5916443118885 54.1065854859144
0.122495 0.594069183038501 54.3677579225155
0.122995 0.5964940541885 54.418896084072
0.123495 0.598918925338501 54.7271196057152
0.123995 0.6013437964885 54.743581561576
0.124495 0.6037686676385 54.838221560167
0.124995 0.6061935387885 55.0637769944765
0.125495 0.608618409938499 55.211208586574
0.125995 0.6110432810885 55.3736628996241
0.126495 0.6134681522385 55.4061077035945
0.126995 0.6158930233885 55.6221084695024
0.127495 0.6183178945385 55.6658441280174
0.127995 0.6207427656885 55.6898010519533
0.128495 0.6231676368385 55.99560575338
0.128995 0.6255925079885 56.1326271479956
0.129495 0.6280173791385 56.2289445647138
0.129995 0.6304422502885 56.5747690347612
0.130495 0.6328671214385 56.595353349526
0.130995 0.6352919925885 56.637445107596
0.131495 0.6377168637385 56.6949344967973
0.131995 0.6401417348885 56.9128753781438
0.132495 0.6425666060385 57.092955685977
0.132995 0.644991477188501 57.2470863907261
0.133495 0.6474163483385 57.3630845680065
0.133995 0.649841219488501 57.3220501119214
0.134495 0.6522660906385 57.5471152994819
0.134995 0.654690961788501 57.8677929883144
0.135495 0.6571158329385 57.7609199778053
0.135995 0.659540704088501 57.9677627302022
0.136495 0.6619655752385 57.8518275500249
0.136995 0.6643904463885 58.2088313072371
0.137495 0.6668153175385 58.344044649328
0.137995 0.6692401886885 58.322486925212
0.138495 0.6716650598385 58.6598103600638
0.138995 0.674089930988499 58.7359172016733
0.139495 0.6765148021385 58.680499503596
0.139995 0.6789396732885 58.9663564081332
0.140495 0.6813645444385 58.8665270517855
0.140995 0.6837894155885 59.2712344739669
0.141495 0.6862142867385 59.2392872573052
0.141995 0.6886391578885 59.4609680247802
0.142495 0.6910640290385 59.5906668048767
0.142995 0.6934889001885 59.5142899260121
0.143495 0.6959137713385 59.7799716583153
0.143995 0.6983386424885 59.7863622170886
0.144495 0.700763513638501 60.0179544696784
0.144995 0.7031883847885 60.0664645490457
0.145495 0.705613255938501 60.1764935172522
0.145995 0.7080381270885 60.3557578610729
0.146495 0.710462998238501 60.4353370083515
0.146995 0.7128878693885 60.4485840870149
0.147495 0.7153127405385 60.5877272987545
0.147995 0.7177376116885 60.7508487550722
0.148495 0.7201624828385 60.8708082543322
0.148995 0.7225873539885 61.1236285827394
0.149495 0.7250122251385 60.9210534803906
0.149995 0.7274370962885 61.0422269070881
0.150495 0.729861967438499 61.3996756077447
0.150995 0.7322868385885 61.341397924316
0.151495 0.7347117097385 61.623292975001
0.151995 0.7371365808885 61.5195385768241
0.152495 0.7395614520385 61.8599937541713
0.152995 0.7419863231885 61.8851424973433
0.153495 0.7444111943385 61.8102721793178
0.153995 0.7468360654885 62.1391644625545
0.154495 0.7492609366385 62.1078201841461
0.154995 0.7516858077885 62.296267932636
0.155495 0.7541106789385 62.3561791000549
0.155995 0.7565355500885 62.5442335514051
0.156495 0.7589604212385 62.4444326344522
0.156995 0.761385292388501 62.8002465143238
0.157495 0.7638101635385 62.542788985012
0.157995 0.766235034688501 63.0374726107005
0.158495 0.7686599058385 62.8934857513617
0.158995 0.771084776988501 63.0974679064228
0.159495 0.7735096481385 63.1337784149993
0.159995 0.7759345192885 63.2015692200656
0.160495 0.7783593904385 63.2827052159544
0.160995 0.7807842615885 63.3490869908964
0.161495 0.7832091327385 63.4313762298306
0.161995 0.7856340038885 63.6768127102773
0.162495 0.7880588750385 63.7255650400814
0.162995 0.7904837461885 63.7657340942773
0.163495 0.7929086173385 63.9033270713796
0.163995 0.795333488488499 64.0174543506299
0.164495 0.7977583596385 64.0756902529727
0.164995 0.8001832307885 64.1817653095861
0.165495 0.8026081019385 64.2521793044103
0.165995 0.8050329730885 64.3315146207732
0.166495 0.8074578442385 64.5101554958282
0.166995 0.8098827153885 64.7001597102556
0.167495 0.8123075865385 64.6750157272008
0.167995 0.8147324576885 64.7838815154575
0.168495 0.817157328838501 64.7382847538633
0.168995 0.8195821999885 64.8877170585512
0.169495 0.822007071138501 65.0514997833408
0.169995 0.8244319422885 65.0467555991226
0.170495 0.826856813438501 65.2700076033954
0.170995 0.8292816845885 65.2004209595376
0.171495 0.831706555738501 65.4007471468986
0.171995 0.8341314268885 65.3411441474555
0.172495 0.836556298038501 65.5651248063834
0.172995 0.8389811691885 65.5411341517022
0.173495 0.8414060403385 65.8287014444199
0.173995 0.8438309114885 65.7652449578852
0.174495 0.8462557826385 65.7681116535004
0.174995 0.8486806537885 65.9283289416078
0.175495 0.8511055249385 65.8639986109888
0.175995 0.8535303960885 66.0849446903285
0.176495 0.8559552672385 66.2198670271033
0.176995 0.8583801383885 66.2286024999895
0.177495 0.8608050095385 66.4080796184492
0.177995 0.8632298806885 66.3102612490378
0.178495 0.8656547518385 66.6393739067297
0.178995 0.8680796229885 66.5676764159571
0.179495 0.8705044941385 66.7620601307796
0.179995 0.872929365288501 66.6466439854048
0.180495 0.8753542364385 66.8095991889195
0.180995 0.877779107588501 66.824906983629
0.181495 0.8802039787385 66.9634533464962
0.181995 0.882628849888501 67.0123573679087
0.182495 0.8850537210385 67.2210837055114
0.182995 0.887478592188501 66.9915558362138
0.183495 0.8899034633385 67.3883311963093
0.183995 0.8923283344885 67.1665732346271
0.184495 0.8947532056385 67.5091240438963
0.184995 0.8971780767885 67.4290468627077
0.185495 0.8996029479385 67.6861638995379
0.185995 0.9020278190885 67.6918489542115
0.186495 0.9044526902385 67.6095695433968
0.186995 0.9068775613885 67.8325649593425
0.187495 0.9093024325385 67.8572361525807
0.187995 0.9117273036885 68.1531164014358
0.188495 0.9141521748385 68.0374018102575
0.188995 0.9165770459885 68.1396268876371
0.189495 0.9190019171385 68.2888081624658
0.189995 0.9214267882885 68.1590335407111
0.190495 0.9238516594385 68.4152591995669
0.190995 0.9262765305885 68.3743895403134
0.191495 0.9287014017385 68.3388649419161
0.191995 0.9311262728885 68.5797390898788
0.192495 0.9335511440385 68.7196345029792
0.192995 0.9359760151885 68.5834122155304
0.193495 0.938400886338501 68.8934842162678
0.193995 0.9408257574885 68.7170420453357
0.194495 0.943250628638501 68.9159210416426
0.194995 0.9456754997885 69.1181165793119
0.195495 0.948100370938501 69.1778326233444
0.195995 0.9505252420885 68.9552685208612
0.196495 0.952950113238501 69.2069556645277
0.196995 0.9553749843885 69.1457339849793
0.197495 0.9577998555385 69.1197178166034
0.197995 0.9602247266885 69.5135955427594
0.198495 0.9626495978385 69.3356123770469
0.198995 0.9650744689885 69.5008510503376
0.199495 0.9674993401385 69.5369665275271
0.199995 0.9699242112885 69.607362929717
0.200495 0.9723490824385 69.6305935574008
0.200995 0.9747739535885 69.6925057060821
0.201495 0.9771988247385 69.7538806123786
0.201995 0.9796236958885 69.9847540995064
0.202495 0.9820485670385 69.9689026230519
0.202995 0.9844734381885 69.8015268213056
0.203495 0.9868983093385 70.1943693847175
0.203995 0.989323180488501 70.1626908510896
0.204495 0.9917480516385 69.9463877599848
0.204995 0.994172922788501 70.2455494899575
0.205495 0.9965977939385 70.3327327995724
0.205995 0.999022665088501 70.1844159803741
0.206495 1.0014475362385 70.2775128582879
0.206995 1.0038724073885 70.6827782082782
0.207495 1.0062972785385 70.4860694172879
0.207995 1.0087221496885 70.6731975771424
0.208495 1.0111470208385 70.5867262527192
0.208995 1.0135718919885 70.858293402084
0.209495 1.0159967631385 70.8743571686313
0.209995 1.0184216342885 70.8048316782925
0.210495 1.0208465054385 70.8948086092562
0.210995 1.0232713765885 71.032393005344
0.211495 1.0256962477385 71.1419610557917
0.211995 1.0281211188885 71.3335858794068
0.212495 1.0305459900385 71.2619330667389
0.212995 1.0329708611885 71.1809725066698
0.213495 1.0353957323385 71.4052569800134
0.213995 1.0378206034885 71.5085824436306
0.214495 1.0402454746385 71.4423078917749
0.214995 1.0426703457885 71.5993645205164
0.215495 1.0450952169385 71.5823528018701
0.215995 1.0475200880885 71.6436840597469
0.216495 1.0499449592385 71.6298789037074
0.216995 1.0523698303885 71.8445342844726
0.217495 1.0547947015385 71.7371151496216
0.217995 1.0572195726885 71.8942898216152
0.218495 1.0596444438385 71.9521525241125
0.218995 1.0620693149885 71.957431634071
0.219495 1.0644941861385 72.1150083237766
0.219995 1.0669190572885 71.979029795532
0.220495 1.0693439284385 72.2221203819744
0.220995 1.0717687995885 72.2640022312041
0.221495 1.0741936707385 72.3123885282266
0.221995 1.0766185418885 72.3936606247346
0.222495 1.0790434130385 72.498076374263
0.222995 1.0814682841885 72.4576522414267
0.223495 1.0838931553385 72.3771742124478
0.223995 1.0863180264885 72.5670564800275
0.224495 1.0887428976385 72.6702424460436
0.224995 1.0911677687885 72.573550993103
0.225495 1.0935926399385 72.6379699862644
0.225995 1.0960175110885 72.9918868692709
0.226495 1.0984423822385 72.927023465871
0.226995 1.1008672533885 72.6207842075646
0.227495 1.1032921245385 73.1827326539171
0.227995 1.1057169956885 73.363031516256
0.228495 1.1081418668385 72.9349401515431
0.228995 1.1105667379885 73.11597693567
0.229495 1.1129916091385 73.1564568401775
0.229995 1.1154164802885 73.4670729433885
0.230495 1.1178413514385 73.5422909444668
0.230995 1.1202662225885 73.386475717026
0.231495 1.1226910937385 73.363121004302
0.231995 1.1251159648885 73.384345852064
0.232495 1.1275408360385 73.5923076084512
0.232995 1.1299657071885 74.1487580819983
0.233495 1.1323905783385 73.750415455511
0.233995 1.1348154494885 73.5283016224202
0.234495 1.1372403206385 73.9202644518356
0.234995 1.1396651917885 73.9868124688504
0.235495 1.1420900629385 73.9264208379248
0.235995 1.1445149340885 73.7154938663856
0.236495 1.1469398052385 73.990795948575
0.236995 1.1493646763885 74.5856664912566
0.237495 1.1517895475385 74.0655813338477
0.237995 1.1542144186885 74.5213228097607
0.238495 1.1566392898385 74.32713015628
0.238995 1.1590641609885 74.8781266667686
0.239495 1.1614890321385 74.3208592608611
0.239995 1.1639139032885 74.7139881423242
0.240495 1.1663387744385 74.6501164733517
0.240995 1.1687636455885 74.8637724260687
0.241495 1.1711885167385 74.4637149849793
0.241995 1.1736133878885 74.9218693395074
0.242495 1.1760382590385 74.8819153575288
0.242995 1.1784631301885 75.4121663751563
0.243495 1.1808880013385 74.9268744674674
0.243995 1.1833128724885 74.8447397076668
0.244495 1.1857377436385 75.1183463912887
0.244995 1.1881626147885 75.1695588850663
0.245495 1.1905874859385 75.0486441752504
0.245995 1.1930123570885 75.4265753156614
0.246495 1.1954372282385 75.5647698453382
0.246995 1.1978620993885 75.8929770628818
0.247495 1.2002869705385 75.6763900598266
0.247995 1.2027118416885 75.4650362006852
0.248495 1.2051367128385 75.744094128355
0.248995 1.2075615839885 76.2841428873145
0.249495 1.2099864551385 76.0963583776949
0.249995 1.2124113262885 75.7726889507857
0.250495 1.2148361974385 75.865051956803
0.250995 1.2172610685885 75.8403072467449
0.251495 1.2196859397385 76.1294520620897
0.251995 1.2221108108885 75.6335324289424
0.252495 1.2245356820385 76.2666483650274
0.252995 1.2269605531885 76.1192054793421
0.253495 1.2293854243385 76.4670845901748
0.253995 1.2318102954885 76.131381623023
0.254495 1.2342351666385 76.3154013172847
0.254995 1.2366600377885 76.4889954697905
0.255495 1.2390849089385 76.5445575391517
0.255995 1.2415097800885 76.6463141810848
0.256495 1.2439346512385 76.6177098769592
0.256995 1.2463595223885 76.5661939408853
0.257495 1.2487843935385 76.9292154395797
0.257995 1.2512092646885 76.9735679814117
0.258495 1.2536341358385 77.278162226949
0.258995 1.2560590069885 77.3236355252569
0.259495 1.2584838781385 76.711572504689
0.259995 1.2609087492885 76.8117795431778
0.260495 1.2633336204385 76.9085898070218
0.260995 1.2657584915885 77.0188108838422
0.261495 1.2681833627385 77.8286815055029
0.261995 1.2706082338885 77.4128110086094
0.262495 1.2730331050385 77.3617061376006
0.262995 1.2754579761885 77.309687270166
0.263495 1.2778828473385 78.1039297260045
0.263995 1.2803077184885 77.9853191661298
0.264495 1.2827325896385 77.6891386732565
0.264995 1.2851574607885 77.4480075183968
0.265495 1.2875823319385 77.8379139582948
0.265995 1.2900072030885 78.0106318317115
0.266495 1.2924320742385 78.0112385203291
0.266995 1.2948569453885 78.2873634346789
0.267495 1.2972818165385 78.395559756324
0.267995 1.2997066876885 78.1896981002266
0.268495 1.3021315588385 78.4155783799488
0.268995 1.3045564299885 78.3772421168916
0.269495 1.3069813011385 78.4365518653021
0.269995 1.3094061722885 78.6030795713986
0.270495 1.3118310434385 78.8542477227018
0.270995 1.3142559145885 79.1387744253675
0.271495 1.3166807857385 78.9070804403
0.271995 1.3191056568885 78.7844174211462
0.272495 1.3215305280385 78.9649879475577
0.272995 1.3239553991885 78.9210787137669
0.273495 1.3263802703385 79.1107788341669
0.273995 1.3288051414885 79.5013874340737
0.274495 1.3312300126385 79.7764991546999
0.274995 1.3336548837885 79.9669235949292
0.275495 1.3360797549385 79.8585873239373
0.275995 1.3385046260885 79.8424347043468
0.276495 1.3409294972385 79.7344471239947
0.276995 1.3433543683885 79.5219906624885
0.277495 1.3457792395385 80.0138630725895
0.277995 1.3482041106885 79.6704432404633
0.278495 1.3506289818385 80.1750850615875
0.278995 1.3530538529885 79.8401576251794
0.279495 1.3554787241385 80.3923126477878
0.279995 1.3579035952885 80.5811827377877
0.280495 1.3603284664385 80.291643208497
0.280995 1.3627533375885 80.5428265114447
0.281495 1.3651782087385 80.2406208957531
0.281995 1.3676030798885 81.0028874830857
0.282495 1.3700279510385 80.9396294857698
0.282995 1.3724528221885 80.6198579817667
0.283495 1.3748776933385 81.2687277132182
0.283995 1.3773025644885 81.5650612965528
0.284495 1.3797274356385 81.2643025905972
0.284995 1.3821523067885 81.0995485821238
0.285495 1.3845771779385 81.2024882072636
0.285995 1.3870020490885 81.4137476558803
0.286495 1.3894269202385 81.134968647702
0.286995 1.3918517913885 80.8896134560077
0.287495 1.3942766625385 81.5491437562808
0.287995 1.3967015336885 81.8543420864071
0.288495 1.3991264048385 81.6068520970462
0.288995 1.4015512759885 81.9804781809226
0.289495 1.4039761471385 81.9451929249963
0.289995 1.4064010182885 82.266617557342
0.290495 1.4088258894385 81.4710454722837
0.290995 1.4112507605885 82.8590051015485
0.291495 1.4136756317385 82.1329791838527
0.291995 1.4161005028885 83.0152364280216
0.292495 1.4185253740385 82.9251066151864
0.292995 1.4209502451885 82.8088050484348
0.293495 1.4233751163385 83.2582218812655
0.293995 1.4257999874885 83.1396513381328
0.294495 1.4282248586385 83.6040709060703
0.294995 1.4306497297885 83.429471577221
0.295495 1.4330746009385 82.9133934716567
0.295995 1.4354994720885 83.8457856870612
0.296495 1.4379243432385 83.6692650624203
0.296995 1.4403492143885 84.0049312526257
0.297495 1.4427740855385 84.7380291012021
0.297995 1.4451989566885 84.4929240755653
0.298495 1.4476238278385 84.7480386530233
0.298995 1.4500486989885 84.3828294528268
0.299495 1.4524735701385 83.7260445917698
0.299995 1.4548984412885 85.2133117429117
0.300495 1.4573233124385 85.3585858397375
0.300995 1.4597481835885 85.2866578457131
0.301495 1.4621730547385 85.0149662446202
0.301995 1.4645979258885 85.179276270818
0.302495 1.4670227970385 85.9441486080929
0.302995 1.4694476681885 85.8221937418103
0.303495 1.4718725393385 86.4176547321966
0.303995 1.4742974104885 86.2079066191291
0.304495 1.4767222816385 86.3389409567765
0.304995 1.4791471527885 86.1267311049167
0.305495 1.4815720239385 87.0061003674192
0.305995 1.4839968950885 86.9537952792608
0.306495 1.4864217662385 87.8070400755695
0.306995 1.4888466373885 87.2290699804834
0.307495 1.4912715085385 87.2670766593205
0.307995 1.4936963796885 87.8033589688153
0.308495 1.4961212508385 87.967027148265
0.308995 1.4985461219885 88.0801470364362
0.309495 1.5009709931385 88.356630830527
0.309995 1.5033958642885 87.8961260239901
0.310495 1.5058207354385 89.2431387329292
0.310995 1.5082456065885 89.045466531244
0.311495 1.5106704777385 88.8118487457972
0.311995 1.5130953488885 89.501294034078
0.312495 1.5155202200385 89.5407481098958
0.312995 1.5179450911885 89.2616283684742
0.313495 1.5203699623385 90.9771880437643
0.313995 1.5227948334885 89.9515368335612
0.314495 1.5252197046385 90.2977652210939
0.314995 1.5276445757885 90.4668858963088
0.315495 1.5300694469385 90.3156161479958
0.315995 1.5324943180885 90.5948702532828
0.316495 1.5349191892385 91.571519651074
0.316995 1.5373440603885 91.1294016489062
0.317495 1.5397689315385 92.3424559328561
0.317995 1.5421938026885 91.2263073355249
0.318495 1.5446186738385 92.9530446117373
0.318995 1.5470435449885 92.8062092842015
0.319495 1.5494684161385 92.2880821614484
0.319995 1.5518932872885 93.1271728010861
0.320495 1.5543181584385 93.0433979260383
0.320995 1.5567430295885 93.9840616889183
0.321495 1.5591679007385 93.9107236477026
0.321995 1.5615927718885 93.6638171821431
0.322495 1.5640176430385 94.3084515922213
0.322995 1.5664425141885 94.2552380867013
0.323495 1.5688673853385 95.7144555780437
0.323995 1.5712922564885 94.2764473908251
0.324495 1.5737171276385 95.6401829190137
0.324995 1.5761419987885 95.5046407654827
0.325495 1.5785668699385 94.9597826507808
0.325995 1.5809917410885 95.85831156389
0.326495 1.5834166122385 97.2856291804744
0.326995 1.5858414833885 96.3226197737136
0.327495 1.5882663545385 97.9080433270624
0.327995 1.5906912256885 96.6451569171759
0.328495 1.5931160968385 97.8265755389007
0.328995 1.5955409679885 97.5633936776545
0.329495 1.5979658391385 98.0329655811142
0.329995 1.6003907102885 99.2549798358008
0.330495 1.6028155814385 97.6327196628671
0.330995 1.6052404525885 99.2042316677392
0.331495 1.6076653237385 100.158673382179
0.331995 1.6100901948885 100.286250548586
0.332495 1.6125150660385 100.148516035101
0.332995 1.6149399371885 100.586385585222
0.333495 1.6173648083385 100.920335619758
0.333995 1.6197896794885 101.782502684697
0.334495 1.6222145506385 101.721403091907
0.334995 1.6246394217885 102.058170469111
0.335495 1.6270642929385 101.552098427253
0.335995 1.6294891640885 102.591858612023
0.336495 1.6319140352385 103.305118023542
0.336995 1.6343389063885 103.461604428826
0.337495 1.6367637775385 103.483830541603
0.337995 1.6391886486885 103.591761370757
0.338495 1.6416135198385 104.963146568514
0.338995 1.6440383909885 105.385762129086
0.339495 1.6464632621385 104.527247155028
0.339995 1.6488881332885 106.884665171202
0.340495 1.6513130044385 104.964400938506
0.340995 1.6537378755885 106.450776508218
0.341495 1.6561627467385 106.638312934482
0.341995 1.6585876178885 107.637583532913
0.342495 1.6610124890385 107.188244638793
0.342995 1.6634373601885 107.713052181726
0.343495 1.6658622313385 108.779196479942
0.343995 1.6682871024885 107.09345891204
0.344495 1.6707119736385 109.3392218029
0.344995 1.6731368447885 108.675441142468
0.345495 1.6755617159385 109.777958870015
0.345995 1.6779865870885 109.952911372211
0.346495 1.6804114582385 110.439825543678
0.346995 1.6828363293885 111.029046818974
0.347495 1.6852612005385 110.608624265817
0.347995 1.6876860716885 112.691537746281
0.348495 1.6901109428385 111.602903134404
0.348995 1.6925358139885 111.622386650659
0.349495 1.6949606851385 113.05072184605
0.349995 1.6973855562885 112.958600433268
0.350495 1.6998104274385 114.405917501475
0.350995 1.7022352985885 113.488883976543
0.351495 1.7046601697385 115.726136203352
0.351995 1.7070850408885 115.417797510177
0.352495 1.7095099120385 114.031668882522
0.352995 1.7119347831885 115.546936505173
0.353495 1.7143596543385 115.959458078647
0.353995 1.7167845254885 115.898285295046
0.354495 1.7192093966385 117.125215995949
0.354995 1.7216342677885 117.285474567483
0.355495 1.7240591389385 117.088583750075
0.355995 1.7264840100885 117.413829015055
0.356495 1.7289088812385 118.769634593404
0.356995 1.7313337523885 119.016694772742
0.357495 1.7337586235385 118.93206887944
0.357995 1.7361834946885 120.392718261869
0.358495 1.7386083658385 120.231194041099
0.358995 1.7410332369885 119.635216818474
0.359495 1.7434581081385 121.619492596279
0.359995 1.7458829792885 121.424378932032
0.360495 1.7483078504385 120.74920053773
0.360995 1.7507327215885 122.320684944916
0.361495 1.7531575927385 123.514126522543
0.361995 1.7555824638885 122.905368939068
0.362495 1.7580073350385 123.182627306604
0.362995 1.7604322061885 125.021343173962
0.363495 1.7628570773385 124.117630906368
0.363995 1.7652819484885 124.73438055567
0.364495 1.7677068196385 125.222150383477
0.364995 1.7701316907885 125.712093799712
0.365495 1.7725565619385 127.164821756333
0.365995 1.7749814330885 127.275248716941
0.366495 1.7774063042385 126.924162247369
0.366995 1.7798311753885 127.925368864221
0.367495 1.7822560465385 127.664330149943
0.367995 1.7846809176885 128.770832151412
0.368495 1.7871057888385 130.049797161773
0.368995 1.7895306599885 130.205176848586
0.369495 1.7919555311385 129.850400302389
0.369995 1.7943804022885 130.91021039517
0.370495 1.7968052734385 131.120792348996
0.370995 1.7992301445885 131.595230590942
0.371495 1.8016550157385 131.773063729218
0.371995 1.8040798868885 132.831512276858
0.372495 1.8065047580385 133.679239168807
0.372995 1.8089296291885 134.086247458995
0.373495 1.8113545003385 133.583084443657
0.373995 1.8137793714885 135.174168825943
0.374495 1.8162042426385 134.814411368679
0.374995 1.8186291137885 137.447335414771
0.375495 1.8210539849385 137.923876370368
0.375995 1.8234788560885 137.635623611379
0.376495 1.8259037272385 138.547208080136
0.376995 1.8283285983885 139.238853632167
0.377495 1.8307534695385 138.601741449171
0.377995 1.8331783406885 138.852283145569
0.378495 1.8356032118385 138.311954859262
0.378995 1.8380280829885 140.276880431603
0.379495 1.8404529541385 141.580754267391
0.379995 1.8428778252885 141.026211881521
0.380495 1.8453026964385 141.996426802692
0.380995 1.8477275675885 142.657864214519
0.381495 1.8501524387385 142.870652558798
0.381995 1.8525773098885 143.448742536147
0.382495 1.8550021810385 144.178523457451
0.382995 1.8574270521885 144.990826999749
0.383495 1.8598519233385 145.549981351418
0.383995 1.8622767944885 146.034236220524
0.384495 1.8647016656385 146.647714722075
0.384995 1.8671265367885 147.228957385648
0.385495 1.8695514079385 148.390848780137
0.385995 1.8719762790885 148.496779089207
0.386495 1.8744011502385 149.258537095142
0.386995 1.8768260213885 148.928256438832
0.387495 1.8792508925385 150.603816763459
0.387995 1.8816757636885 151.101703627851
0.388495 1.8841006348385 152.558465878128
0.388995 1.8865255059885 152.330343723915
0.389495 1.8889503771385 153.182949527298
0.389995 1.8913752482885 154.490546423193
0.390495 1.8938001194385 155.217823370971
0.390995 1.8962249905885 154.866770974015
0.391495 1.8986498617385 155.143992981398
0.391995 1.9010747328885 155.103470969756
0.392495 1.9034996040385 156.410362976855
0.392995 1.9059244751885 156.994873288346
0.393495 1.9083493463385 158.630700520577
0.393995 1.9107742174885 158.477418175187
0.394495 1.9131990886385 160.148304093073
0.394995 1.9156239597885 158.550737219883
0.395495 1.9180488309385 133.460234741454
0.395995 1.9204737020885 94.6691623070436
0.396495 1.9228985732385 48.2985887152384
0.396995 1.9253234443885 18.0155047888438
0.397495 1.9277483155385 -0.903625048577058
0.397995 1.9301731866885 -5.9647387797059
0.398495 1.9325980578385 3.40515967898771
0.398995 1.9350229289885 9.46620784070078
0.399495 1.9374478001385 5.96445616754264
0.399995 1.9398726712885 -0.13296536035978
0.400495 1.9422975424385 0.231416528295448
0.400995 1.9447224135885 6.19205955686061
0.401495 1.9471472847385 7.46878378106276
0.401995 1.9495721558885 3.21450959664422
0.402495 1.9519970270385 0.831947898146265
0.402995 1.9544218981885 2.26746769935004
0.403495 1.9568467693385 5.09996438513262
0.403995 1.9592716404885 5.27650737819389
0.404495 1.9616965116385 2.8448217697031
0.404995 1.9641213827885 1.63513370710158
0.405495 1.9665462539385 3.41583769154514
0.405995 1.9689711250885 4.54568370708793
0.406495 1.9713959962385 3.96160212101288
0.406995 1.9738208673885 2.31520231077691
0.407495 1.9762457385385 1.87936223820439
0.407995 1.9786706096885 3.36932358536748
0.408495 1.9810954808385 4.34884525674294
0.408995 1.9835203519885 3.27411599925054
0.409495 1.9859452231385 2.95097264661386
0.409995 1.9883700942885 3.04837657961091
0.410495 1.9907949654385 4.76041903201789
0.410995 1.9932198365885 4.41302255227183
0.411495 1.9956447077385 3.51566032134976
0.411995 1.9980695788885 2.51825816192549
0.412495 2.0004944500385 3.61307164404078
0.412995 2.0029193211885 4.84303644635766
0.413495 2.0053441923385 3.65455852762912
0.413995 2.0077690634885 3.29944243308503
0.414495 2.0101939346385 3.52609778003252
0.414995 2.0126188057885 3.89335048594861
0.415495 2.0150436769385 3.96208324795217
0.415995 2.0174685480885 3.65746586393646
0.416495 2.0198934192385 4.1526357456135
0.416995 2.0223182903885 4.0528995808569
0.417495 2.0247431615385 4.79460089265963
0.417995 2.0271680326885 3.48233622200441
0.418495 2.0295929038385 4.31915188831628
0.418995 2.0320177749885 3.86530885815199
0.419495 2.0344426461385 4.08942994719005
0.419995 2.0368675172885 4.40450236459206
0.420495 2.0392923884385 3.70348696537532
0.420995 2.0417172595885 3.47622768652372
0.421495 2.0441421307385 4.05369230931461
0.421995 2.0465670018885 3.82506388915184
0.422495 2.0489918730385 3.97273119502936
0.422995 2.0514167441885 3.63526208020241
0.423495 2.0538416153385 4.06474435219859
0.423995 2.0562664864885 4.0533478471602
0.424495 2.0586913576385 3.81894197516877
0.424995 2.0611162287885 3.30580440853243
0.425495 2.0635410999385 3.76669683087275
0.425995 2.0659659710885 4.91200197844127
0.426495 2.0683908422385 3.64111041611434
0.426995 2.0708157133885 3.19496470054621
0.427495 2.0732405845385 3.54483338300667
0.427995 2.0756654556885 4.44165720818421
0.428495 2.0780903268385 4.12931961370611
0.428995 2.0805151979885 3.32363846820616
0.429495 2.0829400691385 3.36458222101047
0.429995 2.0853649402885 4.08998136394979
0.430495 2.0877898114385 4.81880044129265
0.430995 2.0902146825885 4.22197372385953
0.431495 2.0926395537385 3.77849584271542
0.431995 2.0950644248885 2.99877157355829
0.432495 2.0974892960385 4.17559640740575
0.432995 2.0999141671885 4.47558983764613
0.433495 2.1023390383385 4.67714073105955
0.433995 2.1047639094885 3.68553056521782
0.434495 2.1071887806385 3.5833943096271
0.434995 2.1096136517885 4.43413951738324
0.435495 2.1120385229385 4.61768136070751
0.435995 2.1144633940885 3.94220681302016
0.436495 2.1168882652385 4.24339492551217
0.436995 2.1193131363885 4.38876832285353
0.437495 2.1217380075385 4.87444166901428
0.437995 2.1241628786885 4.77701697597452
0.438495 2.1265877498385 4.58574227062874
0.438995 2.1290126209885 4.70818381630988
0.439495 2.1314374921385 4.67250192199627
0.439995 2.1338623632885 4.85152416548325
0.440495 2.1362872344385 4.93630937207165
0.440995 2.1387121055885 4.97233615307848
0.441495 2.1411369767385 4.89342650477619
0.441995 2.1435618478885 5.2866289750657
0.442495 2.1459867190385 5.14379438305939
0.442995 2.1484115901885 4.72532822184173
0.443495 2.1508364613385 4.44780263130041
0.443995 2.1532613324885 5.022023666935
0.444495 2.1556862036385 4.90954705671452
0.444995 2.1581110747885 4.52896705126003
0.445495 2.1605359459385 3.85373160220551
0.445995 2.1629608170885 4.73009302254836
0.446495 2.1653856882385 4.22607816133849
0.446995 2.1678105593885 5.01525234496306
0.447495 2.1702354305385 4.93299867767571
0.447995 2.1726603016885 4.64678648191261
0.448495 2.1750851728385 4.61877294803678
0.448995 2.1775100439885 4.74191147582528
0.449495 2.1799349151385 4.58088814096881
0.449995 2.1823597862885 4.60855764724139
0.450495 2.1847846574385 5.17254111599143
0.450995 2.1872095285885 5.32736716360222
0.451495 2.1896343997385 4.83811249264962
0.451995 2.1920592708885 5.18886917541312
0.452495 2.1944841420385 5.42083655287993
0.452995 2.1969090131885 5.5832886628533
0.453495 2.1993338843385 5.64943455207022
0.453995 2.2017587554885 5.64279282911285
0.454495 2.2041836266385 5.58554421394508
0.454995 2.2066084977885 5.42186368500141
0.455495 2.2090333689385 5.87099595382105
0.455995 2.2114582400885 5.747629294832
0.456495 2.2138831112385 5.67925695487082
0.456995 2.2163079823885 5.79144078669507
0.457495 2.2187328535385 5.72034569745273
0.457995 2.2211577246885 6.13346855066024
0.458495 2.2235825958385 6.16750768079148
0.458995 2.2260074669885 6.0127106444135
0.459495 2.2284323381385 5.7383463596822
0.459995 2.2308572092885 5.96431194764924
0.460495 2.2332820804385 5.91337890915124
0.460995 2.2357069515885 6.07768847849364
0.461495 2.2381318227385 6.50517202942068
0.461995 2.2405566938885 6.12227723690633
0.462495 2.2429815650385 5.75882074741385
0.462995 2.2454064361885 5.57096028449047
0.463495 2.2478313073385 5.96661893377807
0.463995 2.2502561784885 6.1015753252346
0.464495 2.2526810496385 5.87597898260023
0.464995 2.2551059207885 6.31609297117253
0.465495 2.2575307919385 5.56623719069083
0.465995 2.2599556630885 5.9542147114099
0.466495 2.2623805342385 5.99426052638724
0.466995 2.2648054053885 6.31234591270097
0.467495 2.2672302765385 6.21227594865532
0.467995 2.2696551476885 6.21530645500637
0.468495 2.2720800188385 6.58284939716191
0.468995 2.2745048899885 6.62667007190172
0.469495 2.2769297611385 6.45428379099697
0.469995 2.2793546322885 6.32332231183667
0.470495 2.2817795034385 6.67722010712474
0.470995 2.2842043745885 7.12253930485617
0.471495 2.2866292457385 6.71754046743052
0.471995 2.2890541168885 6.66691949960361
0.472495 2.2914789880385 6.5811145572253
0.472995 2.2939038591885 7.06251081035245
0.473495 2.2963287303385 7.47607847749696
0.473995 2.2987536014885 7.06069621169275
0.474495 2.3011784726385 6.75291346016014
0.474995 2.3036033437885 7.01793858701156
0.475495 2.3060282149385 7.20598484476283
0.475995 2.3084530860885 7.15684601972018
0.476495 2.3108779572385 6.75682062912963
0.476995 2.3133028283885 7.33803401666008
0.477495 2.3157276995385 7.08807131592212
0.477995 2.3181525706885 7.54698181277936
0.478495 2.3205774418385 7.21642977018447
0.478995 2.3230023129885 7.06606168995701
0.479495 2.3254271841385 7.623950888231
0.479995 2.3278520552885 7.04246456762984
0.480495 2.3302769264385 7.33928798248313
0.480995 2.3327017975885 7.16262458708061
0.481495 2.3351266687385 7.46294392440075
0.481995 2.3375515398885 7.55581366168857
0.482495 2.3399764110385 7.3447007826578
0.482995 2.3424012821885 6.99342111699166
0.483495 2.3448261533385 7.49928742771245
0.483995 2.3472510244885 7.76279960834782
0.484495 2.3496758956385 7.57186319376671
0.484995 2.3521007667885 7.7726633687715
0.485495 2.3545256379385 8.05089327693083
0.485995 2.3569505090885 7.91019743339633
0.486495 2.3593753802385 8.09012136457733
0.486995 2.3618002513885 7.72503386806619
0.487495 2.3642251225385 8.26006193949664
0.487995 2.3666499936885 7.78088725508166
0.488495 2.3690748648385 7.90976118164533
0.488995 2.3714997359885 8.17494525139943
0.489495 2.3739246071385 8.66194257519259
0.489995 2.3763494782885 8.61313085686251
0.490495 2.3787743494385 7.61091652350186
0.490995 2.3811992205885 8.22024653895614
0.491495 2.3836240917385 8.63360401590394
0.491995 2.3860489628885 8.37474835621857
0.492495 2.3884738340385 8.49987177321709
0.492995 2.3908987051885 8.29663510027549
0.493495 2.3933235763385 8.80896317277833
0.493995 2.3957484474885 8.89220500156314
0.494495 2.3981733186385 8.76302018900843
0.494995 2.4005981897885 8.12797181205472
0.495495 2.4030230609385 8.33165491822057
0.495995 2.4054479320885 9.01697130240974
0.496495 2.4078728032385 8.57226051070385
0.496995 2.4102976743885 8.79727096762082
0.497495 2.4127225455385 7.60387557968987
0.497995 2.4151474166885 4.82652421144606
0.498495 2.4175722878385 3.61506499251976
0.498995 2.4199971589885 4.02599366042201
0.499495 2.4224220301385 5.03669566184897
0.499995 2.4248469012885 5.28213084617095
0.500495 2.4272717724385 3.64228498106388
0.500995 2.4296966435885 3.27372484823081
0.501495 2.4321215147385 4.26424108760999
0.501995 2.4345463858885 4.33577419899881
0.502495 2.4369712570385 4.1780591790431
0.502995 2.4393961281885 2.86087107082775
0.503495 2.4418209993385 3.4266489470612
0.503995 2.4442458704885 4.38888929187374
0.504495 2.4466707416385 4.00517208797077
0.504995 2.4490956127885 3.6320063106872
0.505495 2.4515204839385 2.74991448099327
0.505995 2.4539453550885 4.07273258981983
0.506495 2.4563702262385 4.26218636290909
0.506995 2.4587950973885 4.18576074789328
0.507495 2.4612199685385 3.61270337132992
0.507995 2.4636448396885 2.87799106412946
0.508495 2.4660697108385 4.44105136420045
0.508995 2.4684945819885 4.44560997184335
0.509495 2.4709194531385 3.40103767685625
0.509995 2.4733443242885 3.14710926344432
0.510495 2.4757691954385 3.66025209035637
0.510995 2.4781940665885 4.39252444814892
0.511495 2.4806189377385 3.83231688765684
0.511995 2.4830438088885 3.78837075816128
0.512495 2.4854686800385 3.89965467761692
0.512995 2.4878935511885 4.16786148334754
0.513495 2.4903184223385 4.3058919562348
0.513995 2.4927432934885 3.90622407620539
0.514495 2.4951681646385 3.7187710462851
0.514995 2.4975930357885 3.25976408108388
0.515495 2.5000179069385 4.35300988719392
0.515995 2.5024427780885 4.10377883236371
0.516495 2.5048676492385 4.18337017264633
0.516995 2.5072925203885 3.99971898126443
0.517495 2.5097173915385 3.82255195416691
0.517995 2.5121422626885 3.71736442557369
0.518495 2.5145671338385 3.89675988418783
0.518995 2.5169920049885 3.90998292821787
0.519495 2.5194168761385 3.88961129876593
0.519995 2.5218417472885 4.22443965838106
0.520495 2.5242666184385 3.82062222176693
0.520995 2.5266914895885 3.80487078828846
0.521495 2.5291163607385 4.03585060133801
0.521995 2.5315412318885 4.35240763422051
0.522495 2.5339661030385 3.61735268285988
0.522995 2.5363909741885 3.94760805448574
0.523495 2.5388158453385 4.5970027436003
0.523995 2.5412407164885 4.60140382481988
0.524495 2.5436655876385 4.01692088241893
0.524995 2.5460904587885 3.57980606378982
0.525495 2.5485153299385 4.54248795935224
0.525995 2.5509402010885 4.50109035647251
0.526495 2.5533650722385 4.51431087714423
0.526995 2.5557899433885 3.74282577959524
0.527495 2.5582148145385 3.93914031997906
0.527995 2.5606396856885 4.77946009724334
0.528495 2.5630645568385 4.46755989768034
0.528995 2.5654894279885 3.78815573797078
0.529495 2.5679142991385 4.12739020368809
0.529995 2.5703391702885 3.88978064171825
0.530495 2.5727640414385 4.93660000324883
0.530995 2.5751889125885 4.45983202967765
0.531495 2.5776137837385 4.48948574138381
0.531995 2.5800386548885 4.74342681975736
0.532495 2.5824635260385 4.40581058089027
0.532995 2.5848883971885 4.61605192209482
0.533495 2.5873132683385 4.77967543844536
0.533995 2.5897381394885 4.97069251833318
0.534495 2.5921630106385 4.53178322880809
0.534995 2.5945878817885 4.61674471878752
0.535495 2.5970127529385 4.52981502202166
0.535995 2.5994376240885 4.68784236033751
0.536495 2.6018624952385 5.2628187624304
0.536995 2.6042873663885 4.675731363739
0.537495 2.6067122375385 4.86299954660109
0.537995 2.6091371086885 4.51873494395925
0.538495 2.6115619798385 4.42657957239096
0.538995 2.6139868509885 5.15887185407202
0.539495 2.6164117221385 5.31619438692725
0.539995 2.6188365932885 4.99152634908043
0.540495 2.6212614644385 4.54156927328262
0.540995 2.6236863355885 5.03609717326388
0.541495 2.6261112067385 5.313717526914
0.541995 2.6285360778885 5.36386925530574
0.542495 2.6309609490385 5.41616038690247
0.542995 2.6333858201885 4.58053409518811
0.543495 2.6358106913385 5.2045697879149
0.543995 2.6382355624885 5.23136388386575
0.544495 2.6406604336385 5.35950216639616
0.544995 2.6430853047885 5.17765205368688
0.545495 2.6455101759385 5.41140364509326
0.545995 2.6479350470885 5.82000604336303
0.546495 2.6503599182385 5.40760307774686
0.546995 2.6527847893885 5.61711323005021
0.547495 2.6552096605385 5.25762599711104
0.547995 2.6576345316885 5.53858842833721
0.548495 2.6600594028385 5.85038124288594
0.548995 2.6624842739885 5.47328316136047
0.549495 2.6649091451385 5.66156433890684
0.549995 2.6673340162885 4.86305024453091
0.550495 2.6697588874385 6.07644258660018
0.550995 2.6721837585885 6.09752169208738
0.551495 2.6746086297385 5.93792360778924
0.551995 2.6770335008885 6.00499964411963
0.552495 2.6794583720385 5.62630236825921
0.552995 2.6818832431885 5.7757172959358
0.553495 2.6843081143385 6.378500301543
0.553995 2.6867329854885 6.20037525668648
0.554495 2.6891578566385 5.54658022021765
0.554995 2.6915827277885 5.73421291939865
0.555495 2.6940075989385 6.14958962590381
0.555995 2.6964324700885 6.24285880934363
0.556495 2.6988573412385 5.99437261749458
0.556995 2.7012822123885 6.17644147082549
0.557495 2.7037070835385 6.21366096768823
0.557995 2.7061319546885 6.25305413345135
0.558495 2.7085568258385 6.43469970807152
0.558995 2.7109816969885 6.05263520942228
0.559495 2.7134065681385 6.18229071072501
0.559995 2.7158314392885 6.20915355434372
0.560495 2.7182563104385 6.52622961772817
0.560995 2.7206811815885 6.39866965340736
0.561495 2.7231060527385 6.26221256634564
0.561995 2.7255309238885 6.2977309278732
0.562495 2.7279557950385 6.73837553470153
0.562995 2.7303806661885 7.01521097939624
0.563495 2.7328055373385 6.56006893878277
0.563995 2.7352304084885 7.10763590623845
0.564495 2.7376552796385 6.73786232381716
0.564995 2.7400801507885 7.19203899640852
0.565495 2.7425050219385 6.84340586452579
0.565995 2.7449298930885 6.96606511345512
0.566495 2.7473547642385 6.70036402474217
0.566995 2.7497796353885 7.31583810897255
0.567495 2.7522045065385 6.89355662990136
0.567995 2.7546293776885 6.57230398178884
0.568495 2.7570542488385 6.83774297903044
0.568995 2.7594791199885 6.89508567052792
0.569495 2.7619039911385 7.23514260610791
0.569995 2.7643288622885 7.30981595959762
0.570495 2.7667537334385 7.30922015602023
0.570995 2.7691786045885 7.36950421388098
0.571495 2.7716034757385 7.57331092497429
0.571995 2.7740283468885 7.12640691883677
0.572495 2.7764532180385 7.15743736474268
0.572995 2.7788780891885 7.00038016150617
0.573495 2.7813029603385 7.0769640822253
0.573995 2.7837278314885 7.07115447771636
0.574495 2.7861527026385 7.71232856097159
0.574995 2.7885775737885 7.68882292546484
0.575495 2.7910024449385 7.62704242895797
0.575995 2.7934273160885 7.47134808664587
0.576495 2.7958521872385 7.58023535800844
0.576995 2.7982770583885 7.26000055564027
0.577495 2.8007019295385 7.47670795257737
0.577995 2.8031268006885 7.72758365703103
0.578495 2.8055516718385 7.83136816990059
0.578995 2.8079765429885 7.58922327252227
0.579495 2.8104014141385 7.80425314800214
0.579995 2.8128262852885 7.56880979623627
0.580495 2.8152511564385 8.07447434795321
0.580995 2.8176760275885 7.62235892041644
0.581495 2.8201008987385 8.79683797460644
0.581995 2.8225257698885 8.31971453428457
0.582495 2.8249506410385 7.69268325776421
0.582995 2.8273755121885 7.76036074546036
0.583495 2.8298003833385 8.06831507010461
0.583995 2.8322252544885 8.17689710770586
0.584495 2.8346501256385 8.29906627719501
0.584995 2.8370749967885 8.40218192258289
0.585495 2.8394998679385 8.02128477814106
0.585995 2.8419247390885 8.29263994283627
0.586495 2.8443496102385 7.84983244428738
0.586995 2.8467744813885 7.87248158772615
0.587495 2.8491993525385 8.50086335762568
0.587995 2.8516242236885 8.44234531080899
0.588495 2.8540490948385 8.55661700691656
0.588995 2.8564739659885 7.85430869414895
0.589495 2.8588988371385 7.94787289108857
0.589995 2.8613237082885 8.69342107324234
0.590495 2.8637485794385 9.19642473118857
0.590995 2.8661734505885 8.9484748821801
0.591495 2.8685983217385 8.01219925796095
0.591995 2.8710231928885 8.20508702411306
0.592495 2.8734480640385 8.78984350227635
0.592995 2.8758729351885 9.0850305896372
0.593495 2.8782978063385 8.30734909539091
0.593995 2.8807226774885 7.63960380220998
0.594495 2.8831475486385 1.28346825060555
0.594995 2.8855724197885 -2.45463083435568
0.595495 2.8879972909385 -2.63724619703037
0.595995 2.8904221620885 0.270441156954566
0.596495 2.8928470332385 1.76794719360103
0.596995 2.8952719043885 0.383405888383984
0.597495 2.8976967755385 -1.02519766709494
0.597995 2.9001216466885 -0.549697279640876
0.598495 2.9025465178385 0.647130997393828
0.598995 2.9049713889885 0.328318946931243
0.599495 2.9073962601385 -0.642205029773108
0.599995 2.9098211312885 -0.174676068611388
0.600495 2.9122460024385 0.906703267664461
0.600995 2.9146708735885 0.657217726913369
0.601495 2.9170957447385 -0.66453723548888
0.601995 2.9195206158885 -1.42488758089436
0.602495 2.9219454870385 0.0130273503307916
0.602995 2.9243703581885 0.784255745139337
0.603495 2.9267952293385 0.485295195587193
0.603995 2.9292201004885 -0.774098183719695
0.604495 2.9316449716385 -0.870074333481895
0.604995 2.9340698427885 0.36477501050172
0.605495 2.9364947139385 0.539229637154062
0.605995 2.9389195850885 0.597057882816528
0.606495 2.9413444562385 -0.219699372635413
0.606995 2.9437693273885 -0.460805617991599
0.607495 2.9461941985385 0.256308179471245
0.607995 2.9486190696885 0.412097487823151
0.608495 2.9510439408385 -0.251427774642392
0.608995 2.9534688119885 -0.565333496117529
0.609495 2.9558936831385 0.266267901954812
0.609995 2.9583185542885 0.371302737696562
0.610495 2.9607434254385 -0.0544718892643086
0.610995 2.9631682965885 -0.863888963812494
0.611495 2.9655931677385 -0.56365524548113
0.611995 2.9680180388885 0.604959506337384
0.612495 2.9704429100385 0.804512923073443
0.612995 2.9728677811885 -0.132089738021808
0.613495 2.9752926523385 -0.643296070096669
0.613995 2.9777175234885 -0.0369640268953904
0.614495 2.9801423946385 0.511066381756898
0.614995 2.9825672657885 -0.039627710119514
0.615495 2.9849921369385 0.13415850078179
0.615995 2.9874170080885 -0.348920257603718
0.616495 2.9898418792385 0.191405514723108
0.616995 2.9922667503885 -0.0550649050516737
0.617495 2.9946916215385 0.375058019144618
0.617995 2.9971164926885 -0.309127575568527
0.618495 2.9995413638385 0.303838790419066
0.618995 3.0019662349885 -0.010237760532689
0.619495 3.0043911061385 -0.0547477125850608
0.619995 3.0068159772885 -7.53733835082843e-05
0.620495 3.0092408484385 -0.598211385631934
0.620995 3.0116657195885 0.240104041354264
0.621495 3.0140905907385 0.199675814980809
0.621995 3.0165154618885 0.29723286125398
0.622495 3.0189403330385 -0.220606965577939
0.622995 3.0213652041885 -0.369751407776988
0.623495 3.0237900753385 0.233985942484426
0.623995 3.0262149464885 0.0302722983358275
0.624495 3.0286398176385 0.086714150291295
0.624995 3.0310646887885 0.066575063751945
0.625495 3.0334895599385 -0.266315517185635
0.625995 3.0359144310885 0.50051424004956
0.626495 3.0383393022385 -0.276878809427286
0.626995 3.0407641733885 0.309609047673624
0.627495 3.0431890445385 -0.406491591988711
0.627995 3.0456139156885 0.0125010768041206
0.628495 3.0480387868385 0.476616170439557
0.628995 3.0504636579885 -0.0242787736456665
0.629495 3.0528885291385 -0.0928302273939485
0.629995 3.0553134002885 -0.302246000710842
0.630495 3.0577382714385 0.173652884740092
0.630995 3.0601631425885 0.070061640780767
0.631495 3.0625880137385 -0.137272397313583
0.631995 3.0650128848885 -0.189636629620822
0.632495 3.0674377560385 -0.460155730545961
0.632995 3.0698626271885 0.624483623410893
0.633495 3.0722874983385 -0.238908507175935
0.633995 3.0747123694885 0.276063640201599
0.634495 3.0771372406385 -0.40446340033988
0.634995 3.0795621117885 0.251250147853523
0.635495 3.0819869829385 -0.0129454474403512
0.635995 3.0844118540885 -0.121768998244621
0.636495 3.0868367252385 0.033166894047813
0.636995 3.0892615963885 -0.364817131069772
0.637495 3.0916864675385 -0.029190821139098
0.637995 3.0941113386885 -0.218123899753624
0.638495 3.0965362098385 0.528440930788225
0.638995 3.0989610809885 0.0373153795123376
0.639495 3.1013859521385 -0.293620809559456
0.639995 3.1038108232885 -0.637900038742426
0.640495 3.1062356944385 0.134491409002634
0.640995 3.1086605655885 0.488106864681879
0.641495 3.1110854367385 0.114594353258845
0.641995 3.1135103078885 -0.00853911202426196
0.642495 3.1159351790385 -0.372995680461006
0.642995 3.1183600501885 0.11516120363887
0.643495 3.1207849213385 0.280085034669214
0.643995 3.1232097924885 0.0583262719903476
0.644495 3.1256346636385 -0.138837034088805
0.644995 3.1280595347885 -0.421972064413536
0.645495 3.1304844059385 0.31033322148072
0.645995 3.1329092770885 0.226429344800396
0.646495 3.1353341482385 -0.00358547882534012
0.646995 3.1377590193885 -0.199246765400783
0.647495 3.1401838905385 -0.121538332980018
0.647995 3.1426087616885 0.167999414739619
0.648495 3.1450336328385 0.16424436117431
0.648995 3.1474585039885 -0.073567518166545
0.649495 3.1498833751385 0.046294296762975
0.649995 3.1523082462885 0.103283230498468
0.650495 3.1547331174385 0.46195501798699
0.650995 3.1571579885885 -0.322224341547935
0.651495 3.1595828597385 0.208610361718554
0.651995 3.1620077308885 -0.397851203888544
0.652495 3.1644326020385 -0.374224138587399
0.652995 3.1668574731885 0.189137870024104
0.653495 3.1692823443385 0.132501309964276
0.653995 3.1717072154885 0.216632970817909
0.654495 3.1741320866385 -0.301676165302564
0.654995 3.1765569577885 -0.405052542443621
0.655495 3.1789818289385 0.197085488406564
0.655995 3.1814067000885 0.148520489137556
0.656495 3.1838315712385 0.193267355637714
0.656995 3.1862564423885 -0.296718510337747
0.657495 3.1886813135385 -0.347663531667768
0.657995 3.1911061846885 0.0333464245777637
0.658495 3.1935310558385 0.197048600161464
0.658995 3.1959559269885 0.435620672667375
0.659495 3.1983807981385 -0.22018897380883
0.659995 3.2008056692885 -0.213177736896213
0.660495 3.2032305404385 -0.556286110171549
0.660995 3.2056554115885 0.524355141689363
0.661495 3.2080802827385 -0.155889646812111
0.661995 3.2105051538885 -0.158664429138982
0.662495 3.2129300250385 -0.0947833199647483
0.662995 3.2153548961885 0.145183553675376
0.663495 3.2177797673385 0.482988630306491
0.663995 3.2202046384885 -0.198102842303185
0.664495 3.2226295096385 0.219670634114705
0.664995 3.2250543807885 -0.0467089637444803
0.665495 3.2274792519385 -0.0359568187571387
0.665995 3.2299041230885 -0.149760120994748
0.666495 3.2323289942385 0.276508407424991
0.666995 3.2347538653885 0.355600703652808
0.667495 3.2371787365385 -0.327037541936982
0.667995 3.2396036076885 -0.0883681877449616
