# Fix print output for fix Step
0 0 -0.538037277951094
0.000494999999999903 0.00720186731549859 2.04649164908238
0.000995000000000056 0.0144764807655008 0.195215273989575
0.00149500000000001 0.0217510942155002 2.64554486045107
0.00199499999999997 0.0290257076654996 0.890960906418773
0.00249499999999993 0.0363003211154989 2.46291498859803
0.00299499999999988 0.0435749345654983 3.48430904464637
0.00349499999999984 0.0508495480154977 1.21716233522475
0.003995 0.0581241614654999 4.1472433838399
0.00449499999999995 0.0653987749154993 1.82912517757289
0.00499499999999991 0.0726733883654987 5.00924116583198
0.00549500000000006 0.0799480018155009 2.65821346980291
0.00599500000000002 0.0872226152655003 4.72274775674379
0.00649499999999998 0.0944972287154997 3.84621562684733
0.00699499999999993 0.101771842165499 5.13610126584532
0.00749499999999989 0.109046455615498 4.77665091142237
0.00799499999999985 0.116321069065498 4.57476045392664
0.00849499999999981 0.123595682515497 6.47606448487652
0.00899499999999996 0.130870295965499 4.48461461635502
0.00949499999999992 0.138144909415499 7.1584647183776
0.00999500000000007 0.145419522865501 4.78274294881548
0.010495 0.1526941363155 7.64700955314145
0.010995 0.1599687497655 5.53698804710914
0.0114949999999999 0.167243363215499 7.7462777045614
0.0119949999999999 0.174517976665499 6.5884062700543
0.0124949999999999 0.181792590115498 7.68687616114446
0.0129949999999998 0.189067203565497 7.14806021943188
0.013495 0.196341817015499 7.69504839717421
0.0139949999999999 0.203616430465499 8.646758622502
0.0144950000000001 0.210891043915501 7.50173879425533
0.014995 0.2181656573655 9.36988347338871
0.015495 0.2254402708155 7.97633296677377
0.0159949999999999 0.232714884265499 9.93615334751417
0.0164949999999999 0.239989497715499 8.47256386253846
0.0169949999999999 0.247264111165498 10.1286022891762
0.0174949999999998 0.254538724615497 9.62531469802997
0.017995 0.2618133380655 10.0840849165088
0.0184949999999999 0.269087951515499 10.3893048848544
0.0189950000000001 0.276362564965501 10.0370222737473
0.019495 0.283637178415501 11.1684569190107
0.019995 0.2909117918655 10.3228107114917
0.020495 0.298186405315499 11.8743763605241
0.0209949999999999 0.305461018765499 10.8046191655481
0.0214949999999999 0.312735632215498 12.3172356534065
0.0219949999999998 0.320010245665497 11.4080988650432
0.022495 0.3272848591155 12.3165354766571
0.0229949999999999 0.334559472565499 12.2542071768975
0.0234949999999999 0.341834086015498 12.3313848769245
0.023995 0.349108699465501 13.0351929990419
0.024495 0.3563833129155 12.598124063864
0.024995 0.363657926365499 13.7756324085554
0.0254949999999999 0.370932539815499 12.8165965840571
0.0259949999999999 0.378207153265498 14.0311629136008
0.0264949999999998 0.385481766715498 13.3286826607405
0.026995 0.3927563801655 14.7233325463319
0.0274949999999999 0.400030993615499 14.0094898478975
0.0279949999999999 0.407305607065499 14.3961105927136
0.0284950000000001 0.414580220515501 14.5144832019049
0.028995 0.4218548339655 14.9418463633891
0.029495 0.4291294474155 15.7451343943946
0.0299949999999999 0.436404060865499 15.3165073300791
0.0304949999999999 0.443678674315498 16.152423434833
0.0309949999999998 0.450953287765498 15.2723650788935
0.031495 0.4582279012155 16.6254602235855
0.0319949999999999 0.465502514665499 15.902331547764
0.0324949999999999 0.472777128115499 16.8991100132969
0.0329950000000001 0.480051741565501 16.5709586320263
0.033495 0.4873263550155 17.0084987932095
0.033995 0.4946009684655 17.1485891750839
0.0344949999999999 0.501875581915499 17.1677575243567
0.0349949999999999 0.509150195365498 17.8600064360495
0.0354949999999998 0.516424808815498 17.4437320040741
0.0359949999999998 0.523699422265497 18.3682084913617
0.036495 0.530974035715499 17.9306311689683
0.0369949999999999 0.538248649165499 18.7488229753282
0.0374950000000001 0.545523262615501 18.5131054518124
0.037995 0.5527978760655 18.890964007302
0.038495 0.5600724895155 18.8042045056042
0.0389949999999999 0.567347102965499 19.2184409257373
0.0394949999999999 0.574621716415498 19.5392685729982
0.0399949999999999 0.581896329865498 19.4921079213733
0.0404949999999998 0.589170943315497 20.2309850600015
0.040995 0.596445556765499 19.6706421219597
0.0414949999999999 0.603720170215499 20.8293683472547
0.0419950000000001 0.610994783665501 20.1747648332277
0.042495 0.6182693971155 20.9817494782128
0.042995 0.6255440105655 20.7852810581272
0.0434949999999999 0.632818624015499 21.2337538038764
0.0439949999999999 0.640093237465499 21.0330880321916
0.0444949999999999 0.647367850915498 21.6131559803183
0.0449949999999998 0.654642464365497 21.692068091588
0.045495 0.661917077815499 21.7592772926786
0.0459949999999999 0.669191691265499 22.5019041106367
0.0464950000000001 0.676466304715501 22.1597481876126
0.046995 0.683740918165501 22.8244105801187
0.047495 0.6910155316155 22.6611306691337
0.0479949999999999 0.698290145065499 23.0651088131705
0.0484949999999999 0.705564758515499 23.222509650634
0.0489949999999999 0.712839371965498 23.3815774827779
0.0494949999999998 0.720113985415497 23.2384547774052
0.049995 0.7273885988655 23.7541874509646
0.0504949999999999 0.734663212315499 23.9919098046564
0.0509949999999999 0.741937825765498 23.9624491275866
0.051495 0.749212439215501 24.4510993690756
0.051995 0.7564870526655 24.5406407224937
0.052495 0.763761666115499 24.6936497269652
0.0529949999999999 0.771036279565499 24.9627129031194
0.0534949999999999 0.778310893015498 25.0914781256715
0.0539949999999998 0.785585506465498 25.2741240017042
0.054495 0.7928601199155 25.2377195755003
0.0549949999999999 0.800134733365499 25.7248658987624
0.0554949999999999 0.807409346815498 25.9546224104397
0.0559950000000001 0.814683960265501 26.0566664018127
0.056495 0.8219585737155 25.8760541876871
0.056995 0.829233187165499 26.3642764103506
0.0574949999999999 0.836507800615499 26.6837868955549
0.0579949999999999 0.843782414065498 26.8625489866695
0.0584949999999998 0.851057027515498 26.9547025474264
0.0589949999999998 0.858331640965497 26.9697373468832
0.0594949999999999 0.865606254415499 27.4352738152556
0.0599949999999999 0.872880867865499 27.5707450783297
0.0604950000000001 0.880155481315501 27.8340479783505
0.060995 0.8874300947655 28.0387217698162
0.061495 0.8947047082155 28.044172439806
0.0619949999999999 0.901979321665499 28.3165949050998
0.0624949999999999 0.909253935115498 28.6705113594058
0.0629949999999998 0.916528548565498 28.6395783183804
0.0634949999999998 0.923803162015497 28.8040519057628
0.063995 0.931077775465499 29.1666417380857
0.0644949999999999 0.938352388915499 29.3761531183694
0.0649950000000001 0.945627002365501 29.6143362984548
0.065495 0.9529016158155 29.4903868050916
0.065995 0.9601762292655 29.960315183036
0.0664949999999999 0.967450842715499 29.962887762539
0.0669949999999999 0.974725456165498 30.1944632032042
0.0674949999999998 0.982000069615498 30.3046716267965
0.0679949999999998 0.989274683065497 30.5036684014947
0.068495 0.996549296515499 30.5339480099841
0.0689949999999999 1.0038239099655 30.8442335598858
0.0694950000000001 1.0110985234155 30.9726831948362
0.069995 1.0183731368655 30.9324430165938
0.070495 1.0256477503155 31.5621919953899
0.0709949999999999 1.0329223637655 31.6105199555516
0.0714949999999999 1.0401969772155 31.8485043820433
0.0719949999999999 1.0474715906655 31.8082633796638
0.0724949999999998 1.0547462041155 32.1235962353559
0.072995 1.0620208175655 32.2820741979213
0.0734949999999999 1.0692954310155 32.4858610199129
0.0739950000000001 1.0765700444655 32.7076390745165
0.074495 1.0838446579155 32.822463752087
0.074995 1.0911192713655 33.232401025302
0.075495 1.0983938848155 32.9050456471676
0.0759949999999999 1.1056684982655 33.557525886601
0.0764949999999999 1.1129431117155 33.3348531613189
0.0769949999999998 1.1202177251655 33.9497137993713
0.077495 1.1274923386155 33.6148617831343
0.0779949999999999 1.1347669520655 34.2733117920783
0.0784949999999999 1.1420415655155 33.9109445907274
0.078995 1.1493161789655 34.5669783902316
0.079495 1.1565907924155 34.5047221097909
0.079995 1.1638654058655 34.5567444980299
0.0804949999999999 1.1711400193155 34.8504267679749
0.0809949999999999 1.1784146327655 34.7597573366457
0.0814949999999998 1.1856892462155 35.3063433713339
0.081995 1.1929638596655 35.1919798272454
0.0824949999999999 1.2002384731155 35.5177162479756
0.0829949999999999 1.2075130865655 35.6162780961007
0.083495 1.2147877000155 36.0678803257815
0.083995 1.2220623134655 35.911421152549
0.084495 1.2293369269155 36.2853789145289
0.0849949999999999 1.2366115403655 36.2516712600502
0.0854949999999999 1.2438861538155 36.4338815180091
0.0859949999999998 1.2511607672655 36.761089298437
0.0864949999999998 1.2584353807155 36.6816492645552
0.0869949999999999 1.2657099941655 37.1455726064541
0.0874949999999999 1.2729846076155 37.0285382429267
0.087995 1.2802592210655 37.2526302688083
0.088495 1.2875338345155 37.5757066848261
0.088995 1.2948084479655 37.6606517474233
0.0894949999999999 1.3020830614155 37.7199898699125
0.0899949999999999 1.3093576748655 37.6989394497769
0.0904949999999998 1.3166322883155 37.9900875014795
0.090995 1.3239069017655 38.0492342450489
0.091495 1.3311815152155 38.4275674851466
0.0919949999999999 1.3384561286655 38.4569850527045
0.0924950000000001 1.3457307421155 38.9465369411583
0.092995 1.3530053555655 38.6277536786391
0.093495 1.3602799690155 38.8684394850641
0.0939949999999999 1.3675545824655 38.9821519238442
0.0944949999999999 1.3748291959155 39.0810219246198
0.0949949999999998 1.3821038093655 39.6475896963693
0.0954949999999998 1.3893784228155 39.5821908188787
0.095995 1.3966530362655 39.7016547449196
0.0964949999999999 1.4039276497155 39.7511605273023
0.0969950000000001 1.4112022631655 40.1093649959568
0.097495 1.4184768766155 40.1342629549829
0.097995 1.4257514900655 40.2463199823647
0.0984949999999999 1.4330261035155 40.3489969892748
0.0989949999999999 1.4403007169655 40.528747799261
0.0994949999999998 1.4475753304155 40.8567183359043
0.0999949999999998 1.4548499438655 40.957610324032
0.100495 1.4621245573155 40.9646953734827
0.100995 1.4693991707655 40.8959437899281
0.101495 1.4766737842155 41.4380028763532
0.101995 1.4839483976655 41.5649084016857
0.102495 1.4912230111155 41.5526689840823
0.102995 1.4984976245655 41.6857594960925
0.103495 1.5057722380155 41.7772714924269
0.103995 1.5130468514655 41.9413547058256
0.104495 1.5203214649155 42.2308893378159
0.104995 1.5275960783655 42.3763519034354
0.105495 1.5348706918155 42.3552102931136
0.105995 1.5421453052655 42.6398080490593
0.106495 1.5494199187155 42.6879855615341
0.106995 1.5566945321655 42.8879447411401
0.107495 1.5639691456155 43.0492049658065
0.107995 1.5712437590655 43.0271240244036
0.108495 1.5785183725155 43.2060493147681
0.108995 1.5857929859655 43.3171142316565
0.109495 1.5930675994155 43.5002589187958
0.109995 1.6003422128655 43.6422648522475
0.110495 1.6076168263155 43.7622008192842
0.110995 1.6148914397655 43.759487442579
0.111495 1.6221660532155 44.154089953105
0.111995 1.6294406666655 44.203066082855
0.112495 1.6367152801155 44.2914327642366
0.112995 1.6439898935655 44.4249621371486
0.113495 1.6512645070155 44.5970670086791
0.113995 1.6585391204655 44.8512215813509
0.114495 1.6658137339155 44.7645845767866
0.114995 1.6730883473655 45.0474518225152
0.115495 1.6803629608155 44.8773142644308
0.115995 1.6876375742655 45.2510853173485
0.116495 1.6949121877155 45.2740939729235
0.116995 1.7021868011655 45.5069087969952
0.117495 1.7094614146155 45.5220477682617
0.117995 1.7167360280655 45.5608580777536
0.118495 1.7240106415155 45.8765477432794
0.118995 1.7312852549655 45.9854153691869
0.119495 1.7385598684155 46.1862532395267
0.119995 1.7458344818655 46.0926234722589
0.120495 1.7531090953155 46.3980027579406
0.120995 1.7603837087655 46.3844951361348
0.121495 1.7676583222155 46.7660019714172
0.121995 1.7749329356655 46.5792522781245
0.122495 1.7822075491155 46.7323593933834
0.122995 1.7894821625655 46.910341997587
0.123495 1.7967567760155 47.0435024810277
0.123995 1.8040313894655 47.2570292041155
0.124495 1.8113060029155 47.2258908622577
0.124995 1.8185806163655 47.5375093521659
0.125495 1.8258552298155 47.5064379031595
0.125995 1.8331298432655 47.7945098436586
0.126495 1.8404044567155 47.6416528055962
0.126995 1.8476790701655 47.8674123061976
0.127495 1.8549536836155 47.9623132279858
0.127995 1.8622282970655 48.0450095287108
0.128495 1.8695029105155 48.2633986662286
0.128995 1.8767775239655 48.3233670300013
0.129495 1.8840521374155 48.4637564363198
0.129995 1.8913267508655 48.3935941486895
0.130495 1.8986013643155 48.7824880802026
0.130995 1.9058759777655 48.7556610921293
0.131495 1.9131505912155 48.9083972285166
0.131995 1.9204252046655 48.9263963442406
0.132495 1.9276998181155 49.209577078209
0.132995 1.9349744315655 49.2002299568567
0.133495 1.9422490450155 49.204675489726
0.133995 1.9495236584655 49.4396468461976
0.134495 1.9567982719155 49.5908133385195
0.134995 1.9640728853655 49.8309552496844
0.135495 1.9713474988155 49.7009098514396
0.135995 1.9786221122655 49.9367251018983
0.136495 1.9858967257155 49.8862512995838
0.136995 1.9931713391655 50.006452872859
0.137495 2.0004459526155 50.0941996078662
0.137995 2.0077205660655 50.2936998945847
0.138495 2.0149951795155 50.4672870916015
0.138995 2.0222697929655 50.5793293277707
0.139495 2.0295444064155 50.6818273922908
0.139995 2.0368190198655 50.5292015110586
0.140495 2.0440936333155 50.9276503483589
0.140995 2.0513682467655 51.087493758158
0.141495 2.0586428602155 51.0076798635216
0.141995 2.0659174736655 51.031460107978
0.142495 2.0731920871155 51.2505779789198
0.142995 2.0804667005655 51.6145543151483
0.143495 2.0877413140155 51.3341463923682
0.143995 2.0950159274655 51.5751618661262
0.144495 2.1022905409155 51.6140846359542
0.144995 2.1095651543655 51.8246039339199
0.145495 2.1168397678155 51.7089609017424
0.145995 2.1241143812655 51.9710638334191
0.146495 2.1313889947155 52.005262780845
0.146995 2.1386636081655 52.2123185147707
0.147495 2.1459382216155 52.1639952084862
0.147995 2.1532128350655 52.2301253127037
0.148495 2.1604874485155 52.4153275195222
0.148995 2.1677620619655 52.625854526254
0.149495 2.1750366754155 52.6305804255988
0.149995 2.1823112888655 52.6826653911851
0.150495 2.1895859023155 52.821773798295
0.150995 2.1968605157655 52.756643569669
0.151495 2.2041351292155 52.9172527321653
0.151995 2.2114097426655 53.1000432069774
0.152495 2.2186843561155 53.143403584342
0.152995 2.2259589695655 53.2809062911501
0.153495 2.2332335830155 53.4017656395819
0.153995 2.2405081964655 53.4747548271286
0.154495 2.2477828099155 53.4285205175422
0.154995 2.2550574233655 53.6104187828397
0.155495 2.2623320368155 53.7780193857233
0.155995 2.2696066502655 53.7310715278226
0.156495 2.2768812637155 53.8890568406656
0.156995 2.2841558771655 53.893127723087
0.157495 2.2914304906155 54.1021776431328
0.157995 2.2987051040655 54.1830308974643
0.158495 2.3059797175155 54.227593107981
0.158995 2.3132543309655 54.2879904048528
0.159495 2.3205289444155 54.3427832293779
0.159995 2.3278035578655 54.6331566779426
0.160495 2.3350781713155 54.5903332392531
0.160995 2.3423527847655 54.6301106728303
0.161495 2.3496273982155 54.7444662184963
0.161995 2.3569020116655 54.8944631079955
0.162495 2.3641766251155 54.9377739555253
0.162995 2.3714512385655 54.9107693563971
0.163495 2.3787258520155 55.0849895063337
0.163995 2.3860004654655 55.1362983511232
0.164495 2.3932750789155 55.1589527667274
0.164995 2.4005496923655 55.2734471923755
0.165495 2.4078243058155 55.4177160135775
0.165995 2.4150989192655 55.4417891207231
0.166495 2.4223735327155 55.4415926831733
0.166995 2.4296481461655 55.4953537199312
0.167495 2.4369227596155 55.7612962071297
0.167995 2.4441973730655 55.8425123329053
0.168495 2.4514719865155 55.7823707138679
0.168995 2.4587465999655 55.8344855412885
0.169495 2.4660212134155 56.0071746551882
0.169995 2.4732958268655 56.0427939242816
0.170495 2.4805704403155 56.0260663101967
0.170995 2.4878450537655 56.1297242212257
0.171495 2.4951196672155 56.3881574376751
0.171995 2.5023942806655 56.3985989235164
0.172495 2.5096688941155 56.5517801558223
0.172995 2.5169435075655 56.4458184846464
0.173495 2.5242181210155 56.615468490739
0.173995 2.5314927344655 56.5961485938769
0.174495 2.5387673479155 56.7480368004031
0.174995 2.5460419613655 56.7666433022742
0.175495 2.5533165748155 56.8599697458009
0.175995 2.5605911882655 57.0147001781147
0.176495 2.5678658017155 57.0325121877115
0.176995 2.5751404151655 57.0054998730756
0.177495 2.5824150286155 57.1614745640718
0.177995 2.5896896420655 57.2122527152324
0.178495 2.5969642555155 57.1831296271121
0.178995 2.6042388689655 57.2232459314807
0.179495 2.6115134824155 57.4661661079398
0.179995 2.6187880958655 57.4735387079377
0.180495 2.6260627093155 57.5395184473639
0.180995 2.6333373227655 57.5846331787764
0.181495 2.6406119362155 57.7538840908158
0.181995 2.6478865496655 57.7237743936503
0.182495 2.6551611631155 57.7549460260632
0.182995 2.6624357765655 57.7518319747967
0.183495 2.6697103900155 57.8903190390849
0.183995 2.6769850034655 58.1000438249209
0.184495 2.6842596169155 57.9968438464335
0.184995 2.6915342303655 58.0195574346505
0.185495 2.6988088438155 58.1609210788801
0.185995 2.7060834572655 58.2829018445672
0.186495 2.7133580707155 58.2922014542858
0.186995 2.7206326841655 58.3340172296022
0.187495 2.7279072976155 58.3591386701047
0.187995 2.7351819110655 58.6305518254904
0.188495 2.7424565245155 58.4148754199898
0.188995 2.7497311379655 58.5681246939213
0.189495 2.7570057514155 58.6325615830935
0.189995 2.7642803648655 58.7839448152793
0.190495 2.7715549783155 58.7555005776649
0.190995 2.7788295917655 58.7993923290156
0.191495 2.7861042052155 58.895031493177
0.191995 2.7933788186655 58.9323523337395
0.192495 2.8006534321155 59.048879653395
0.192995 2.8079280455655 59.0297010159606
0.193495 2.8152026590155 59.3142129947957
0.193995 2.8224772724655 59.0803639345378
0.194495 2.8297518859155 59.3618341811561
0.194995 2.8370264993655 59.3025144377106
0.195495 2.8443011128155 59.5763527681344
0.195995 2.8515757262655 59.4020644058024
0.196495 2.8588503397155 59.4844552467527
0.196995 2.8661249531655 59.638558922358
0.197495 2.8733995666155 59.6444981137452
0.197995 2.8806741800655 59.6964021593566
0.198495 2.8879487935155 59.698773633865
0.198995 2.8952234069655 59.8845622348649
0.199495 2.9024980204155 59.8527132762231
0.199995 2.9097726338655 60.0114190854938
0.200495 2.9170472473155 59.8363015893113
0.200995 2.9243218607655 60.0734179231818
0.201495 2.9315964742155 60.1444631753418
0.201995 2.9388710876655 60.1909390192196
0.202495 2.9461457011155 60.1975790038729
0.202995 2.9534203145655 60.171020238225
0.203495 2.9606949280155 60.2632718378538
0.203995 2.9679695414655 60.380509543956
0.204495 2.9752441549155 60.3812498031433
0.204995 2.9825187683655 60.3822759683639
0.205495 2.9897933818155 60.6464975421775
0.205995 2.9970679952655 60.7474466846271
0.206495 3.0043426087155 60.4377926033371
0.206995 3.0116172221655 60.6418087951918
0.207495 3.0188918356155 60.6678769940746
0.207995 3.0261664490655 60.8487561765773
0.208495 3.0334410625155 60.7908065128176
0.208995 3.0407156759655 60.9327256589556
0.209495 3.0479902894155 60.9015560743061
0.209995 3.0552649028655 60.9760264603872
0.210495 3.0625395163155 61.1634035364662
0.210995 3.0698141297655 61.0057583007961
0.211495 3.0770887432155 61.0743367959463
0.211995 3.0843633566655 61.1925779350442
0.212495 3.0916379701155 61.4247304793793
0.212995 3.0989125835655 61.2269784078567
0.213495 3.1061871970155 61.3917845140945
0.213995 3.1134618104655 61.3658284253894
0.214495 3.1207364239155 61.6103740331016
0.214995 3.1280110373655 61.3629348283731
0.215495 3.1352856508155 61.6182490517008
0.215995 3.1425602642655 61.601339198487
0.216495 3.1498348777155 61.7422483119862
0.216995 3.1571094911655 61.5680384653194
0.217495 3.1643841046155 61.8429356534529
0.217995 3.1716587180655 61.8966236734353
0.218495 3.1789333315155 61.774619320649
0.218995 3.1862079449655 61.8658956523478
0.219495 3.1934825584155 61.8558211844321
0.219995 3.2007571718655 62.1612866185314
0.220495 3.2080317853155 61.9349638856218
0.220995 3.2153063987655 62.2095948119422
0.221495 3.2225810122155 62.003305702483
0.221995 3.2298556256655 62.2438684527684
0.222495 3.2371302391155 62.1599448142255
0.222995 3.2444048525655 62.4880087901364
0.223495 3.2516794660155 62.3401887839719
0.223995 3.2589540794655 62.4039740003044
0.224495 3.2662286929155 62.4111843434443
0.224995 3.2735033063655 62.608534872356
0.225495 3.2807779198155 62.6109818871879
0.225995 3.2880525332655 62.3883105054272
0.226495 3.2953271467155 62.7294323154349
0.226995 3.3026017601655 62.7488474207969
0.227495 3.3098763736155 62.8381946278917
0.227995 3.3171509870655 62.7416997239646
0.228495 3.3244256005155 62.9269628011035
0.228995 3.3317002139655 62.9571988668056
0.229495 3.3389748274155 63.021033762993
0.229995 3.3462494408655 63.1403063674343
0.230495 3.3535240543155 62.8935893272871
0.230995 3.3607986677655 63.1491852722435
0.231495 3.3680732812155 63.0100771760088
0.231995 3.3753478946655 63.4442293184524
0.232495 3.3826225081155 63.3335924200693
0.232995 3.3898971215655 63.3507107246458
0.233495 3.3971717350155 63.2132007627283
0.233995 3.4044463484655 63.4504808131576
0.234495 3.4117209619155 63.6862418485533
0.234995 3.4189955753655 63.397315543189
0.235495 3.4262701888155 63.5914527150935
0.235995 3.4335448022655 63.5522016409394
0.236495 3.4408194157155 63.7785982544395
0.236995 3.4480940291655 63.7190749656616
0.237495 3.4553686426155 63.7412669414077
0.237995 3.4626432560655 63.7345720823861
0.238495 3.4699178695155 64.1001824552268
0.238995 3.4771924829655 64.2358041418217
0.239495 3.4844670964155 63.8714323861024
0.239995 3.4917417098655 64.0000837089258
0.240495 3.4990163233155 63.9496793699326
0.240995 3.5062909367655 64.2809655681701
0.241495 3.5135655502155 63.9173375558832
0.241995 3.5208401636655 64.1504091705202
0.242495 3.5281147771155 64.3857024308563
0.242995 3.5353893905655 64.4565884693095
0.243495 3.5426640040155 64.500023825602
0.243995 3.5499386174655 64.2870939457806
0.244495 3.5572132309155 64.4773982254361
0.244995 3.5644878443655 64.3571680965922
0.245495 3.5717624578155 64.6179986543534
0.245995 3.5790370712655 64.6841355459585
0.246495 3.5863116847155 64.88550133185
0.246995 3.5935862981655 64.8175083410017
0.247495 3.6008609116155 65.0391212680058
0.247995 3.6081355250655 64.8545249877163
0.248495 3.6154101385155 65.061017303698
0.248995 3.6226847519655 64.888801436936
0.249495 3.6299593654155 65.0972338388052
0.249995 3.6372339788655 65.2791566292171
0.250495 3.6445085923155 65.1750475659856
0.250995 3.6517832057655 65.2186740304752
0.251495 3.6590578192155 65.2947254832451
0.251995 3.6663324326655 65.4051699130086
0.252495 3.6736070461155 65.3579761479066
0.252995 3.6808816595655 65.4687349642676
0.253495 3.6881562730155 65.256668960188
0.253995 3.6954308864655 65.6454937565361
0.254495 3.7027054999155 65.780657011259
0.254995 3.7099801133655 65.7095072260398
0.255495 3.7172547268155 65.5881883401174
0.255995 3.7245293402655 65.6285402854876
0.256495 3.7318039537155 66.067796284351
0.256995 3.7390785671655 65.8961556902188
0.257495 3.7463531806155 65.8478756569437
0.257995 3.7536277940655 65.8601184247493
0.258495 3.7609024075155 65.8768797834704
0.258995 3.7681770209655 66.1643367540821
0.259495 3.7754516344155 66.122023102316
0.259995 3.7827262478655 66.1635565172708
0.260495 3.7900008613155 66.1210928617448
0.260995 3.7972754747655 66.3605072284169
0.261495 3.8045500882155 66.3613734739075
0.261995 3.8118247016655 66.4912330469198
0.262495 3.8190993151155 66.5489446605574
0.262995 3.8263739285655 66.784120550287
0.263495 3.8336485420155 66.8429465101076
0.263995 3.8409231554655 66.5842710193531
0.264495 3.8481977689155 66.6124303476973
0.264995 3.8554723823655 66.686837947415
0.265495 3.8627469958155 66.8698174395964
0.265995 3.8700216092655 67.1243805438053
0.266495 3.8772962227155 66.7413471574848
0.266995 3.8845708361655 67.0814839084671
0.267495 3.8918454496155 67.0680165149765
0.267995 3.8991200630655 67.3309087928076
0.268495 3.9063946765155 67.074332799559
0.268995 3.9136692899655 67.4974064400373
0.269495 3.9209439034155 67.605816548461
0.269995 3.9282185168655 67.3011547058742
0.270495 3.9354931303155 67.4179959810832
0.270995 3.9427677437655 67.7416784243073
0.271495 3.9500423572155 67.7060850568588
0.271995 3.9573169706655 67.6056842755883
0.272495 3.9645915841155 67.894619005203
0.272995 3.9718661975655 67.9295363496996
0.273495 3.9791408110155 67.774241352341
0.273995 3.9864154244655 68.2200421852498
0.274495 3.9936900379155 68.1455249375363
0.274995 4.0009646513655 67.9490861881581
0.275495 4.0082392648155 68.0366273583325
0.275995 4.0155138782655 68.5199996448291
0.276495 4.0227884917155 68.3949450700124
0.276995 4.0300631051655 68.1536826472472
0.277495 4.0373377186155 68.7844625065026
0.277995 4.0446123320655 68.7405370085568
0.278495 4.0518869455155 68.9548412060507
0.278995 4.0591615589655 68.9220057353988
0.279495 4.0664361724155 68.6503671903212
0.279995 4.0737107858655 69.1569336570295
0.280495 4.0809853993155 69.3659578912949
0.280995 4.0882600127655 68.8889978009765
0.281495 4.0955346262155 68.9110429327379
0.281995 4.1028092396655 69.8271103357153
0.282495 4.1100838531155 69.360520205857
0.282995 4.1173584665655 69.1529992268094
0.283495 4.1246330800155 69.5521933235955
0.283995 4.1319076934655 69.5563340353163
0.284495 4.1391823069155 69.8042618864352
0.284995 4.1464569203655 69.9926355723229
0.285495 4.1537315338155 69.995958753333
0.285995 4.1610061472655 69.7505406704921
0.286495 4.1682807607155 69.8376857360714
0.286995 4.1755553741655 70.5136384601503
0.287495 4.1828299876155 70.27923071285
0.287995 4.1901046010655 70.2164753663787
0.288495 4.1973792145155 70.6610385766229
0.288995 4.2046538279655 70.3114529855947
0.289495 4.2119284414155 71.2664203215897
0.289995 4.2192030548655 70.8493894504659
0.290495 4.2264776683155 70.5104033178118
0.290995 4.2337522817655 70.7769900239008
0.291495 4.2410268952155 70.9889861218565
0.291995 4.2483015086655 71.0199563339888
0.292495 4.2555761221155 71.2423206200693
0.292995 4.2628507355655 71.28995161163
0.293495 4.2701253490155 71.3428497271162
0.293995 4.2773999624655 71.6829084407917
0.294495 4.2846745759155 71.7847323397981
0.294995 4.2919491893655 71.8625421895983
0.295495 4.2992238028155 71.8909106676109
0.295995 4.3064984162655 72.0353559718679
0.296495 4.3137730297155 72.236652144094
0.296995 4.3210476431655 72.2112369086594
0.297495 4.3283222566155 72.0365895994271
0.297995 4.3355968700655 72.372235017706
0.298495 4.3428714835155 73.1219980476832
0.298995 4.3501460969655 72.5709674625845
0.299495 4.3574207104155 73.0357642430037
0.299995 4.3646953238655 73.0238592933162
0.300495 4.3719699373155 73.1498144131918
0.300995 4.3792445507655 73.2883468390234
0.301495 4.3865191642155 73.6811964103131
0.301995 4.3937937776655 73.638416597508
0.302495 4.4010683911155 73.6667890785348
0.302995 4.4083430045655 73.8166431581963
0.303495 4.4156176180155 74.0910881054066
0.303995 4.4228922314655 74.3692532388759
0.304495 4.4301668449155 74.1119967128609
0.304995 4.4374414583655 74.1539074664034
0.305495 4.4447160718155 74.4302604036046
0.305995 4.4519906852655 74.4791753387944
0.306495 4.4592652987155 74.9714130949365
0.306995 4.4665399121655 74.8244275950973
0.307495 4.4738145256155 74.9743576703453
0.307995 4.4810891390655 75.5686547238017
0.308495 4.4883637525155 75.3032948063497
0.308995 4.4956383659655 76.0968419032456
0.309495 4.5029129794155 75.8446704672529
0.309995 4.5101875928655 75.699794246083
0.310495 4.5174622063155 76.4550210668832
0.310995 4.5247368197655 76.1664254898352
0.311495 4.5320114332155 76.5214256184831
0.311995 4.5392860466655 77.1379628476088
0.312495 4.5465606601155 77.1680013180618
0.312995 4.5538352735655 77.1139081577295
0.313495 4.5611098870155 77.2566608973575
0.313995 4.5683845004655 77.7967716262343
0.314495 4.5756591139155 77.248238282798
0.314995 4.5829337273655 78.0166709250782
0.315495 4.5902083408155 77.9969679955739
0.315995 4.5974829542655 78.1609810649195
0.316495 4.6047575677155 78.5962564742996
0.316995 4.6120321811655 78.3375113188815
0.317495 4.6193067946155 78.8994211756654
0.317995 4.6265814080655 79.3509462256046
0.318495 4.6338560215155 79.3417695941874
0.318995 4.6411306349655 79.6987991945101
0.319495 4.6484052484155 80.0851423236843
0.319995 4.6556798618655 79.865275514218
0.320495 4.6629544753155 80.1874904736449
0.320995 4.6702290887655 80.3097917812232
0.321495 4.6775037022155 80.7570143583767
0.321995 4.6847783156655 80.8878516957664
0.322495 4.6920529291155 81.1352480049979
0.322995 4.6993275425655 81.0935921541713
0.323495 4.7066021560155 81.5633504899174
0.323995 4.7138767694655 81.8075079582584
0.324495 4.7211513829155 82.5928751797291
0.324995 4.7284259963655 82.2087350473951
0.325495 4.7357006098155 82.3380514268888
0.325995 4.7429752232655 82.6642769596933
0.326495 4.7502498367155 83.0867123855998
0.326995 4.7575244501655 83.3380119167052
0.327495 4.7647990636155 83.6195222883441
0.327995 4.7720736770655 83.7724437124927
0.328495 4.7793482905155 84.1284767969322
0.328995 4.7866229039655 84.4571570163356
0.329495 4.7938975174155 84.6445485429997
0.329995 4.8011721308655 84.7339467858275
0.330495 4.8084467443155 85.0074569066473
0.330995 4.8157213577655 85.3281251224155
0.331495 4.8229959712155 85.6500912336706
0.331995 4.8302705846655 85.7554025531777
0.332495 4.8375451981155 86.5039600507831
0.332995 4.8448198115655 86.0052480502915
0.333495 4.8520944250155 87.1634399891977
0.333995 4.8593690384655 86.8686660286046
0.334495 4.8666436519155 87.4084480902258
0.334995 4.8739182653655 87.6535721925996
0.335495 4.8811928788155 88.118549640776
0.335995 4.8884674922655 88.0566380528361
0.336495 4.8957421057155 88.6191966229075
0.336995 4.9030167191655 88.8338648465473
0.337495 4.9102913326155 89.6253217658118
0.337995 4.9175659460655 89.3412042403288
0.338495 4.9248405595155 89.8908728003589
0.338995 4.9321151729655 90.306858206886
0.339495 4.9393897864155 90.5496549976793
0.339995 4.9466643998655 90.3355911754467
0.340495 4.9539390133155 90.9554824773443
0.340995 4.9612136267655 91.7500342012064
0.341495 4.9684882402155 91.4957193518133
0.341995 4.9757628536655 92.3033127400473
0.342495 4.9830374671155 92.4039257037021
0.342995 4.9903120805655 92.1075082605242
0.343495 4.9975866940155 92.7935978539155
0.343995 5.0048613074655 92.8761170284078
0.344495 5.0121359209155 93.5808183787626
0.344995 5.0194105343655 93.7028317312244
0.345495 5.0266851478155 94.3507980347191
0.345995 5.0339597612655 94.0047683518301
0.346495 5.0412343747155 94.6126550219839
0.346995 5.0485089881655 95.1820068584874
0.347495 5.0557836016155 95.6156860556237
0.347995 5.0630582150655 95.7407820836627
0.348495 5.0703328285155 96.3900541739487
0.348995 5.0776074419655 96.3694945325601
0.349495 5.0848820554155 96.665929490401
0.349995 5.0921566688655 96.6595017534719
0.350495 5.0994312823155 97.2819294594791
0.350995 5.1067058957655 97.6483682903769
0.351495 5.1139805092155 97.5539326298878
0.351995 5.1212551226655 98.1549354028919
0.352495 5.1285297361155 99.252757516676
0.352995 5.1358043495655 98.9808364713883
0.353495 5.1430789630155 99.7371953659826
0.353995 5.1503535764655 99.3820474704736
0.354495 5.1576281899155 100.356391129569
0.354995 5.1649028033655 100.653279110363
0.355495 5.1721774168155 100.655750644086
0.355995 5.1794520302655 100.919616058611
0.356495 5.1867266437155 101.700882124142
0.356995 5.1940012571655 101.99713863314
0.357495 5.2012758706155 102.251162867434
0.357995 5.2085504840655 102.629294554496
0.358495 5.2158250975155 102.822349268511
0.358995 5.2230997109655 103.800457955717
0.359495 5.2303743244155 103.53273234759
0.359995 5.2376489378655 104.231932191077
0.360495 5.2449235513155 104.645389423031
0.360995 5.2521981647655 104.879142220005
0.361495 5.2594727782155 105.373467803831
0.361995 5.2667473916655 105.141956050447
0.362495 5.2740220051155 105.780962360592
0.362995 5.2812966185655 106.363172354125
0.363495 5.2885712320155 106.988286233935
0.363995 5.2958458454655 106.846119038419
0.364495 5.3031204589155 107.26647293804
0.364995 5.3103950723655 108.150995811034
0.365495 5.3176696858155 108.355929942
0.365995 5.3249442992655 107.931113230697
0.366495 5.3322189127155 108.386194587992
0.366995 5.3394935261655 109.302579041622
0.367495 5.3467681396155 109.938179448637
0.367995 5.3540427530655 110.155810489438
0.368495 5.3613173665155 110.683885115903
0.368995 5.3685919799655 111.464251648755
0.369495 5.3758665934155 112.10359940121
0.369995 5.3831412068655 112.05936591908
0.370495 5.3904158203155 112.881241021696
0.370995 5.3976904337655 112.9806398666
0.371495 5.4049650472155 112.835872057033
0.371995 5.4122396606655 113.597762933233
0.372495 5.4195142741155 114.385825884979
0.372995 5.4267888875655 114.757357600278
0.373495 5.4340635010155 114.708076975189
0.373995 5.4413381144655 115.56840816172
0.374495 5.4486127279155 115.719366289458
0.374995 5.4558873413655 116.375720086976
0.375495 5.4631619548155 117.034191254615
0.375995 5.4704365682655 117.775413993103
0.376495 5.4777111817155 117.917135551367
0.376995 5.4849857951655 118.156256657119
0.377495 5.4922604086155 118.444590003131
0.377995 5.4995350220655 119.143933289216
0.378495 5.5068096355155 119.547590309981
0.378995 5.5140842489655 120.203713122612
0.379495 5.5213588624155 120.499286438671
0.379995 5.5286334758655 121.271219124951
0.380495 5.5359080893155 121.437482454305
0.380995 5.5431827027655 122.433958603406
0.381495 5.5504573162155 122.63420700774
0.381995 5.5577319296655 122.668803839432
0.382495 5.5650065431155 123.633467024665
0.382995 5.5722811565655 123.876877391256
0.383495 5.5795557700155 124.143599848492
0.383995 5.5868303834655 124.85427835483
0.384495 5.5941049969155 126.248637564484
0.384995 5.6013796103655 126.56520963654
0.385495 5.6086542238155 127.035582761579
0.385995 5.6159288372655 127.487419032717
0.386495 5.6232034507155 125.293605437496
0.386995 5.6304780641655 117.089828195768
0.387495 5.6377526776155 98.6287432598986
0.387995 5.6450272910655 72.1838637289973
0.388495 5.6523019045155 52.798038959549
0.388995 5.6595765179655 42.5441912943073
0.389495 5.6668511314155 36.7178407915612
0.389995 5.6741257448655 31.6853692494227
0.390495 5.6814003583155 27.3205791477783
0.390995 5.6886749717655 22.2455521285281
0.391495 5.6959495852155 17.1899558307913
0.391995 5.7032241986655 11.1486991232543
0.392495 5.7104988121155 4.56639488359149
0.392995 5.7177734255655 -2.0929598369897
0.393495 5.7250480390155 -6.6508570944786
0.393995 5.7323226524655 -10.2119599977828
0.394495 5.7395972659155 -12.1927191784114
0.394995 5.7468718793655 -10.454179252588
0.395495 5.7541464928155 -5.76154185694961
0.395995 5.7614211062655 -2.81451258941039
0.396495 5.7686957197155 -0.235087581330085
0.396995 5.7759703331655 1.36078734516657
0.397495 5.7832449466155 2.82575430930322
0.397995 5.7905195600655 3.66101904675652
0.398495 5.7977941735155 3.89780186593814
0.398995 5.8050687869655 3.38426060265881
0.399495 5.8123434004155 2.07373107534087
0.399995 5.8196180138655 0.673200952628918
0.400495 5.8268926273155 -0.355457014272457
0.400995 5.8341672407655 -1.92200048554041
0.401495 5.8414418542155 -2.52672177003427
0.401995 5.8487164676655 -3.18465075741675
0.402495 5.8559910811155 -3.1285644857211
0.402995 5.8632656945655 -1.86778565417134
0.403495 5.8705403080155 -0.347745265208853
0.403995 5.8778149214655 0.289471187168993
0.404495 5.8850895349155 0.883570086928305
0.404995 5.8923641483655 1.57156278329772
0.405495 5.8996387618155 1.80630245456748
0.405995 5.9069133752655 1.69567306027475
0.406495 5.9141879887155 1.11404581082715
0.406995 5.9214626021655 0.691505731697025
0.407495 5.9287372156155 -0.171150162541357
0.407995 5.9360118290655 -0.330981960991128
0.408495 5.9432864425155 -0.487916007987751
0.408995 5.9505610559655 -1.09294622268113
0.409495 5.9578356694155 -0.982307021172718
0.409995 5.9651102828655 -0.93147808655263
0.410495 5.9723848963155 -0.541480863456068
0.410995 5.9796595097655 -0.0502424250839104
0.411495 5.9869341232155 -0.0540295600902419
0.411995 5.9942087366655 0.365279980702415
0.412495 6.0014833501155 0.578288770525955
0.412995 6.0087579635655 0.543014906689827
0.413495 6.0160325770155 0.597281661750949
0.413995 6.0233071904655 0.0352675086322741
0.414495 6.0305818039155 0.0878503780177661
0.414995 6.0378564173655 0.0365701190684025
0.415495 6.0451310308155 -0.0298235433419386
0.415995 6.0524056442655 -0.409605135960813
0.416495 6.0596802577155 -0.267179969542334
0.416995 6.0669548711655 -0.311339362802593
0.417495 6.0742294846155 -0.268857657029813
0.417995 6.0815040980655 -0.374465883590986
0.418495 6.0887787115155 -0.366294513685651
0.418995 6.0960533249655 -0.0444764892056997
0.419495 6.1033279384155 -0.0539288283795171
0.419995 6.1106025518655 -0.0270157539422348
0.420495 6.1178771653155 0.0294094478708502
0.420995 6.1251517787655 -0.176187146473659
0.421495 6.1324263922155 0.0651776176006035
0.421995 6.1397010056655 0.259443040302177
0.422495 6.1469756191155 0.353736457959756
0.422995 6.1542502325655 0.315200029370362
0.423495 6.1615248460155 -0.194078503326569
0.423995 6.1687994594655 -0.186096001969699
0.424495 6.1760740729155 -0.338422862859016
0.424995 6.1833486863655 -0.307930979075457
0.425495 6.1906232998155 -0.197813467024748
0.425995 6.1978979132655 -0.333456952440073
0.426495 6.2051725267155 -0.607992916255835
0.426995 6.2124471401655 -0.408328384650766
0.427495 6.2197217536155 -0.233916454357486
0.427995 6.2269963670655 0.346813767148088
0.428495 6.2342709805155 0.410509175914388
0.428995 6.2415455939655 0.114628279166275
0.429495 6.2488202074155 0.402356276361808
0.429995 6.2560948208655 0.239994064909881
0.430495 6.2633694343155 0.14206004471686
0.430995 6.2706440477655 -0.12723843511679
0.431495 6.2779186612155 -0.373005707454571
0.431995 6.2851932746655 -0.401304697050213
0.432495 6.2924678881155 -0.616205853417585
0.432995 6.2997425015655 -0.486328199268929
0.433495 6.3070171150155 -0.414802722254911
0.433995 6.3142917284655 -0.225609770726615
0.434495 6.3215663419155 0.12794335580554
0.434995 6.3288409553655 0.272170473544299
0.435495 6.3361155688155 0.527867946956476
0.435995 6.3433901822655 0.508150195010147
0.436495 6.3506647957155 0.610743009051621
0.436995 6.3579394091655 0.634055212858379
0.437495 6.3652140226155 0.205830232446124
0.437995 6.3724886360655 0.106677138649593
0.438495 6.3797632495155 -0.0936558027213112
0.438995 6.3870378629655 -0.472185500447718
0.439495 6.3943124764155 -0.729301939157916
0.439995 6.4015870898655 -0.603830683264863
0.440495 6.4088617033155 -0.526722112290858
0.440995 6.4161363167655 -0.0636719534509577
0.441495 6.4234109302155 -0.165455141907117
0.441995 6.4306855436655 -0.016378783911684
0.442495 6.4379601571155 0.171492067199462
0.442995 6.4452347705655 0.582714141675954
0.443495 6.4525093840155 0.392859688590422
0.443995 6.4597839974655 0.5742187472353
0.444495 6.4670586109155 0.205113101118845
0.444995 6.4743332243655 0.197527665524957
0.445495 6.4816078378155 -0.132258596459195
0.445995 6.4888824512655 -0.530631400291571
0.446495 6.4961570647155 -0.288047905059884
0.446995 6.5034316781655 -0.505592762447919
0.447495 6.5107062916155 -0.137788204761418
0.447995 6.5179809050655 0.025433791043987
0.448495 6.5252555185155 0.0237035359141527
0.448995 6.5325301319655 0.185401176164206
0.449495 6.5398047454155 0.323261948909911
0.449995 6.5470793588655 0.522216828791209
0.450495 6.5543539723155 0.392537230620655
0.450995 6.5616285857655 0.149389125346002
0.451495 6.5689031992155 -0.12873424421672
0.451995 6.5761778126655 -0.13288149603294
0.452495 6.5834524261155 -0.364396793218283
0.452995 6.5907270395655 -0.329467889699536
0.453495 6.5980016530155 -0.471869951449303
0.453995 6.6052762664655 -0.450245008209745
0.454495 6.6125508799155 -0.254603556978422
0.454995 6.6198254933655 0.0718540685674342
0.455495 6.6271001068155 0.236660825609666
0.455995 6.6343747202655 0.203761847518165
0.456495 6.6416493337155 0.467198538234493
0.456995 6.6489239471655 0.717856106394197
0.457495 6.6561985606155 0.677824868766825
0.457995 6.6634731740655 0.258761021884736
0.458495 6.6707477875155 0.150997731605692
0.458995 6.6780224009655 0.00732048810731223
0.459495 6.6852970144155 0.0617130269496076
0.459995 6.6925716278655 -0.296754074813936
0.460495 6.6998462413155 -0.542597691840966
0.460995 6.7071208547655 -0.526567436879277
0.461495 6.7143954682155 -0.380181840526768
0.461995 6.7216700816655 -0.161553258242447
0.462495 6.7289446951155 -0.074658363319544
0.462995 6.7362193085655 -0.147633871910886
0.463495 6.7434939220155 0.145109949443788
0.463995 6.7507685354655 0.337162297263542
0.464495 6.7580431489155 0.346879937342041
0.464995 6.7653177623655 0.259682307468276
0.465495 6.7725923758155 0.316622930043433
0.465995 6.7798669892655 0.191341696392317
0.466495 6.7871416027155 0.0121852229057977
0.466995 6.7944162161655 -0.326516650331222
0.467495 6.8016908296155 -0.522337899636175
0.467995 6.8089654430655 -0.221507799756998
0.468495 6.8162400565155 -0.216172771609599
0.468995 6.8235146699655 -0.211719843518353
0.469495 6.8307892834155 -0.0563656802694496
0.469995 6.8380638968655 -0.167119005859121
0.470495 6.8453385103155 0.21124919766716
0.470995 6.8526131237655 0.265734657718439
0.471495 6.8598877372155 0.238584367109394
0.471995 6.8671623506655 0.0488006921805514
0.472495 6.8744369641155 -0.0333039441331263
0.472995 6.8817115775655 0.158821153489423
0.473495 6.8889861910155 -0.13949957006934
0.473995 6.8962608044655 -0.0461446594424968
0.474495 6.9035354179155 -0.28459002048769
0.474995 6.9108100313655 -0.128233900953765
0.475495 6.9180846448155 -0.0526035456062153
0.475995 6.9253592582655 0.34595954698883
0.476495 6.9326338717155 0.122559473300588
0.476995 6.9399084851655 0.160748791517209
0.477495 6.9471830986155 0.131448327183838
0.477995 6.9544577120655 0.371412174968486
0.478495 6.9617323255155 0.180465825346089
0.478995 6.9690069389655 0.0844055896718041
0.479495 6.9762815524155 0.0594462719377114
0.479995 6.9835561658655 -0.0462988549914074
0.480495 6.9908307793155 -0.192377063971316
0.480995 6.9981053927655 0.0423572198951398
0.481495 7.0053800062155 -0.168230425453303
0.481995 7.0126546196655 -0.172569256288864
0.482495 7.0199292331155 0.05432843468787
0.482995 7.0272038465655 0.032862252420476
0.483495 7.0344784600155 0.113020563471802
0.483995 7.0417530734655 0.065802504712358
0.484495 7.0490276869155 0.0824538198956821
0.484995 7.0563023003655 0.34848647582223
0.485495 7.0635769138155 -0.173330977848754
0.485995 7.0708515272655 -0.103764319097155
0.486495 7.0781261407155 -0.0497929216920515
0.486995 7.0854007541655 -0.0990775871441946
0.487495 7.0926753676155 -0.115218997615459
0.487995 7.0999499810655 -0.257654673493417
0.488495 7.1072245945155 -0.181154513496857
0.488995 7.1144992079655 -0.146627006490403
0.489495 7.1217738214155 0.103424627994788
0.489995 7.1290484348655 0.0668902959077294
0.490495 7.1363230483155 0.269238273857245
0.490995 7.1435976617655 0.0425103220747267
0.491495 7.1508722752155 0.157867030170467
0.491995 7.1581468886655 0.20835607837573
0.492495 7.1654215021155 0.120076174400463
0.492995 7.1726961155655 0.120687410822173
0.493495 7.1799707290155 0.0441532622968652
0.493995 7.1872453424655 -0.0295550847599538
0.494495 7.1945199559155 -0.253634381789474
0.494995 7.2017945693655 -0.048251002256976
0.495495 7.2090691828155 -0.132087627972986
0.495995 7.2163437962655 0.00741611786322131
0.496495 7.2236184097155 -0.463535239159574
0.496995 7.2308930231655 -0.0593544771529927
0.497495 7.2381676366155 0.0881467497943976
0.497995 7.2454422500655 -0.146205197619209
0.498495 7.2527168635155 -0.151062508983133
0.498995 7.2599914769655 -0.0857143151086846
0.499495 7.2672660904155 0.240912128515979
0.499995 7.2745407038655 0.222176549522143
