# Fix print output for fix Step
0 0 1.27784322370304
0.000494999999999968 0.0216056019464986 1.41708762520989
0.000994999999999925 0.0434294422964967 -2.70353227514166
0.00149499999999988 0.0652532826464949 0.559605692032556
0.00199499999999997 0.0870771229964987 -1.07740827898242
0.00249500000000006 0.108900963346503 4.18326606638787
0.00299500000000002 0.130724803696501 4.52054903218244
0.00349499999999997 0.152548644046499 5.48060796865698
0.00399499999999993 0.174372484396497 1.32047564391533
0.00449499999999989 0.196196324746495 1.96569059414885
0.00499499999999997 0.218020165096499 2.18229138306653
0.00549500000000006 0.239844005446503 3.13444519227646
0.00599500000000002 0.261667845796501 6.09450557605292
0.00649499999999998 0.283491686146499 5.39168845483033
0.00699499999999993 0.305315526496497 4.61271684256426
0.00749499999999989 0.327139366846495 4.82014079591321
0.00799499999999998 0.348963207196499 6.09859214178119
0.00849500000000007 0.370787047546503 6.89807088910634
0.00899500000000002 0.392610887896501 7.00316864684043
0.00949499999999998 0.414434728246499 7.15117737135308
0.00999499999999994 0.436258568596497 6.30667234288121
0.0104949999999999 0.458082408946495 7.14139139635169
0.010995 0.479906249296499 6.803516110293
0.0114950000000001 0.501730089646503 7.21447471706538
0.011995 0.523553929996501 8.15336776027048
0.012495 0.545377770346499 8.20023490958948
0.0129949999999999 0.567201610696497 9.0478556984395
0.0134949999999999 0.589025451046496 9.42738767359417
0.013995 0.610849291396499 9.67332234497424
0.0144950000000001 0.632673131746503 9.55452888715184
0.014995 0.654496972096501 9.85856389955575
0.015495 0.6763208124465 10.0797694153958
0.0159949999999999 0.698144652796498 9.96593783617342
0.0164949999999999 0.719968493146496 10.3739595887743
0.016995 0.7417923334965 10.2718162469236
0.0174950000000001 0.763616173846503 11.359039597338
0.017995 0.785440014196502 11.2199328571736
0.018495 0.8072638545465 11.9963711490309
0.0189949999999999 0.829087694896498 12.0830134702438
0.0194949999999999 0.850911535246496 12.4825712905432
0.019995 0.8727353755965 12.6068515528244
0.0204950000000001 0.894559215946504 12.5949694665066
0.020995 0.916383056296502 13.0219752452937
0.021495 0.9382068966465 12.8897046579084
0.021995 0.960030736996498 13.4101726804033
0.0224949999999999 0.981854577346496 13.4513804320589
0.022995 1.0036784176965 13.9346841389443
0.0234950000000001 1.0255022580465 14.4422197867263
0.023995 1.0473260983965 14.5283534966079
0.024495 1.0691499387465 15.0740460117264
0.024995 1.0909737790965 15.1292071430306
0.0254949999999999 1.1127976194465 15.4727033001825
0.0259949999999999 1.13462145979649 15.2190332725193
0.0264950000000001 1.1564453001465 15.546591470643
0.026995 1.1782691404965 15.9276673525209
0.027495 1.2000929808465 16.2745382990765
0.027995 1.2219168211965 16.4727558568859
0.0284949999999999 1.2437406615465 16.7757041945334
0.0289949999999999 1.26556450189649 17.1942382593033
0.0294950000000001 1.2873883422465 17.0795757655731
0.0299950000000001 1.3092121825965 17.6022924502736
0.030495 1.3310360229465 17.8545238049261
0.030995 1.3528598632965 18.1655276869028
0.0314949999999999 1.3746837036465 18.3623987087525
0.0319949999999999 1.39650754399649 18.2589018964008
0.0324950000000001 1.4183313843465 18.6590744194752
0.0329950000000001 1.4401552246965 19.0754464024316
0.033495 1.4619790650465 19.315847350023
0.033995 1.4838029053965 19.6110168184795
0.0344949999999999 1.5056267457465 19.9079220347879
0.0349949999999999 1.5274505860965 20.0370290165064
0.035495 1.5492744264465 20.1027689127035
0.0359950000000001 1.5710982667965 20.4260231800263
0.036495 1.5929221071465 20.637343697291
0.036995 1.6147459474965 21.076732913263
0.0374949999999999 1.6365697878465 21.1794152671974
0.0379949999999999 1.6583936281965 21.4371326244333
0.038495 1.6802174685465 21.5233122405814
0.0389950000000001 1.7020413088965 22.0056264340155
0.039495 1.7238651492465 22.3070758901522
0.039995 1.7456889895965 22.3888866837268
0.0404949999999999 1.7675128299465 22.8457471054145
0.0409949999999999 1.7893366702965 22.7495766318736
0.041495 1.8111605106465 23.0893098185533
0.0419950000000001 1.8329843509965 23.2967278158245
0.042495 1.8548081913465 23.6965801736666
0.042995 1.8766320316965 23.8828327656665
0.0434949999999999 1.8984558720465 24.1123243168687
0.0439949999999999 1.9202797123965 24.4407291423684
0.044495 1.9421035527465 24.3924785000895
0.0449950000000001 1.9639273930965 24.7346134624071
0.045495 1.9857512334465 25.2171996276671
0.045995 2.0075750737965 25.2637386959115
0.0464949999999999 2.0293989141465 25.391844654863
0.0469949999999999 2.0512227544965 25.5868389925354
0.047495 2.0730465948465 25.9648181973102
0.0479950000000001 2.0948704351965 26.1970923217669
0.048495 2.1166942755465 26.500945834455
0.048995 2.1385181158965 26.7416414700446
0.0494949999999999 2.1603419562465 27.0319662085709
0.0499949999999999 2.1821657965965 27.2777160197234
0.0504949999999999 2.20398963694649 27.2286978808196
0.0509950000000001 2.2258134772965 27.6096982857631
0.051495 2.2476373176465 27.6592366113692
0.051995 2.2694611579965 28.1148754054795
0.052495 2.2912849983465 28.2055157401209
0.0529949999999999 2.3131088386965 28.5236028029798
0.053495 2.3349326790465 28.6324319752522
0.0539950000000001 2.3567565193965 28.9302219411933
0.054495 2.3785803597465 29.3568738843987
0.054995 2.4004042000965 29.4275786079729
0.055495 2.4222280404465 29.6806979122176
0.0559949999999999 2.4440518807965 29.7968608534952
0.0564949999999999 2.46587572114649 29.9965276764932
0.0569950000000001 2.4876995614965 30.1820745853305
0.057495 2.5095234018465 30.3077533353864
0.057995 2.5313472421965 30.7471317399092
0.058495 2.5531710825465 30.7965835689857
0.0589949999999999 2.5749949228965 31.1684781868657
0.0594949999999999 2.59681876324649 31.2667539368473
0.0599950000000001 2.6186426035965 31.6654356170804
0.060495 2.6404664439465 31.8198815388924
0.060995 2.6622902842965 31.9834673447494
0.061495 2.6841141246465 32.1501765009809
0.0619949999999999 2.7059379649965 32.5320708263026
0.0624949999999999 2.72776180534649 32.591878791852
0.062995 2.7495856456965 32.8885865331747
0.0634950000000001 2.7714094860465 33.0464315699688
0.063995 2.7932333263965 33.198741847027
0.064495 2.8150571667465 33.3980985792643
0.0649949999999999 2.8368810070965 33.8155098193861
0.0654949999999999 2.8587048474465 33.9122131724832
0.065995 2.8805286877965 34.2301762545758
0.0664950000000001 2.9023525281465 34.3945993789747
0.066995 2.9241763684965 34.656809966277
0.067495 2.9460002088465 34.6078988771425
0.0679949999999999 2.9678240491965 35.1370454676579
0.0684949999999999 2.9896478895465 35.2937294631131
0.068995 3.0114717298965 35.5888941343252
0.0694950000000001 3.0332955702465 35.5731454096445
0.069995 3.0551194105965 35.8952996743533
0.070495 3.0769432509465 36.0104706370258
0.0709949999999999 3.0987670912965 36.207139887835
0.0714949999999999 3.1205909316465 36.508584695808
0.071995 3.1424147719965 36.8465661193911
0.0724950000000001 3.1642386123465 36.9215542987264
0.072995 3.1860624526965 37.2005587068188
0.073495 3.2078862930465 37.2371092418982
0.0739949999999999 3.2297101333965 37.4910920177789
0.0744949999999999 3.2515339737465 37.5145460721763
0.074995 3.2733578140965 37.9480761299126
0.0754950000000001 3.2951816544465 38.0469162092196
0.075995 3.3170054947965 38.241883803618
0.076495 3.3388293351465 38.3466823400874
0.0769949999999999 3.3606531754965 38.7393736834208
0.0774949999999999 3.3824770158465 38.8233580487206
0.077995 3.4043008561965 39.1906776275499
0.0784950000000001 3.4261246965465 39.3822469966479
0.078995 3.4479485368965 39.440826819812
0.079495 3.4697723772465 39.692941603207
0.079995 3.4915962175965 40.0896781530743
0.0804949999999999 3.5134200579465 40.0058269877245
0.0809949999999999 3.53524389829649 40.2972440628777
0.0814950000000001 3.5570677386465 40.4704308555995
0.081995 3.5788915789965 40.7508202080061
0.082495 3.6007154193465 40.761786677766
0.082995 3.6225392596965 41.0644192639591
0.0834949999999999 3.6443631000465 41.3171361919668
0.083995 3.6661869403965 41.5582165664415
0.0844950000000001 3.6880107807465 41.50570929126
0.084995 3.7098346210965 41.819487931747
0.085495 3.7316584614465 42.0246375006137
0.085995 3.7534823017965 42.3309394906553
0.0864949999999999 3.7753061421465 42.3174317005786
0.0869949999999999 3.79712998249649 42.5522763851025
0.0874950000000001 3.8189538228465 42.7687428267482
0.087995 3.8407776631965 42.9658576462127
0.088495 3.8626015035465 43.0693042998366
0.088995 3.8844253438965 43.3498719283837
0.0894949999999999 3.9062491842465 43.4254371650311
0.089995 3.9280730245965 43.8083170513058
0.0904950000000001 3.9498968649465 43.8353863188977
0.090995 3.9717207052965 44.1912925858295
0.091495 3.9935445456465 44.2041388365919
0.091995 4.0153683859965 44.2992550595224
0.0924949999999999 4.0371922263465 44.5129390796104
0.0929949999999999 4.0590160666965 44.6551077052309
0.0934950000000001 4.0808399070465 44.9947449210269
0.0939950000000001 4.1026637473965 45.2448061583386
0.094495 4.1244875877465 45.2068999332744
0.094995 4.1463114280965 45.4589627739142
0.0954949999999999 4.1681352684465 45.5681897189933
0.0959949999999999 4.1899591087965 45.9777898499792
0.0964950000000001 4.2117829491465 45.9220417820186
0.0969950000000001 4.2336067894965 46.1366473213021
0.097495 4.2554306298465 46.2941610112158
0.097995 4.2772544701965 46.6271704037126
0.0984949999999999 4.2990783105465 46.8511001347584
0.0989949999999999 4.3209021508965 46.8803154312475
0.0994950000000001 4.34272599124651 46.9590811697785
0.0999950000000001 4.3645498315965 47.1995404280953
0.100495 4.3863736719465 47.4532197520842
0.100995 4.4081975122965 47.5795735911809
0.101495 4.4300213526465 47.7753759144206
0.101995 4.4518451929965 47.9402176530534
0.102495 4.4736690333465 48.1261045838607
0.102995 4.4954928736965 48.1072124398582
0.103495 4.5173167140465 48.3494015896735
0.103995 4.5391405543965 48.6020119125728
0.104495 4.5609643947465 48.8716050906573
0.104995 4.5827882350965 48.8974557270428
0.105495 4.6046120754465 49.0779631185206
0.105995 4.6264359157965 49.1473359355966
0.106495 4.6482597561465 49.3966227205827
0.106995 4.6700835964965 49.5097163740811
0.107495 4.6919074368465 49.8010484019931
0.107995 4.7137312771965 49.7182881002537
0.108495 4.7355551175465 50.0741975981212
0.108995 4.7573789578965 50.1005530684302
0.109495 4.7792027982465 50.5076964140274
0.109995 4.8010266385965 50.4112853587996
0.110495 4.8228504789465 50.654111678618
0.110995 4.8446743192965 50.7601372146735
0.111495 4.86649815964649 51.029073729805
0.111995 4.8883219999965 51.0177294772728
0.112495 4.9101458403465 51.163649603635
0.112995 4.9319696806965 51.5690653869659
0.113495 4.9537935210465 51.7476545188913
0.113995 4.9756173613965 51.7445655951205
0.114495 4.9974412017465 51.9410681136114
0.114995 5.0192650420965 52.1833714108361
0.115495 5.0410888824465 52.2424554904037
0.115995 5.0629127227965 52.2478180538629
0.116495 5.0847365631465 52.4411459749214
0.116995 5.1065604034965 52.6990698825528
0.117495 5.12838424384649 52.9204532894977
0.117995 5.1502080841965 53.032765135108
0.118495 5.1720319245465 52.9834776540465
0.118995 5.1938557648965 53.3301565619531
0.119495 5.2156796052465 53.430264730413
0.119995 5.2375034455965 53.5900190547211
0.120495 5.2593272859465 53.5901456922368
0.120995 5.2811511262965 53.8148544336873
0.121495 5.3029749666465 54.034914002582
0.121995 5.3247988069965 54.2151744336385
0.122495 5.3466226473465 54.2442624527069
0.122995 5.3684464876965 54.3988099057643
0.123495 5.39027032804649 54.5802281991395
0.123995 5.4120941683965 54.8363877019455
0.124495 5.4339180087465 54.9136310278558
0.124995 5.4557418490965 54.8144478022625
0.125495 5.4775656894465 55.1463861231528
0.125995 5.4993895297965 55.260455478894
0.126495 5.5212133701465 55.4428994195738
0.126995 5.5430372104965 55.5453012851182
0.127495 5.5648610508465 55.7163082914707
0.127995 5.5866848911965 55.7773268181213
0.128495 5.6085087315465 55.9980588307804
0.128995 5.6303325718965 56.0702058527456
0.129495 5.6521564122465 56.0767163084565
0.129995 5.6739802525965 56.4488063791824
0.130495 5.6958040929465 56.5660021926589
0.130995 5.7176279332965 56.569895006911
0.131495 5.7394517736465 56.7674753272615
0.131995 5.7612756139965 56.9777064961976
0.132495 5.7830994543465 57.0028896105696
0.132995 5.8049232946965 57.2073298466068
0.133495 5.8267471350465 57.326451941543
0.133995 5.8485709753965 57.340654867833
0.134495 5.8703948157465 57.4530477674486
0.134995 5.8922186560965 57.7941165090625
0.135495 5.9140424964465 57.7554643247908
0.135995 5.9358663367965 57.8397043515158
0.136495 5.9576901771465 58.1655544721365
0.136995 5.9795140174965 58.1892990925809
0.137495 6.0013378578465 58.3361396260528
0.137995 6.0231616981965 58.3483201947507
0.138495 6.0449855385465 58.518991888683
0.138995 6.0668093788965 58.6638942055059
0.139495 6.0886332192465 58.8947010294413
0.139995 6.1104570595965 58.9789013707044
0.140495 6.1322808999465 59.1057803349698
0.140995 6.1541047402965 59.1036575667433
0.141495 6.1759285806465 59.3486822832356
0.141995 6.1977524209965 59.4878515735628
0.142495 6.2195762613465 59.5925727249997
0.142995 6.2414001016965 59.7556127888642
0.143495 6.2632239420465 59.7074419005093
0.143995 6.2850477823965 59.914257917618
0.144495 6.3068716227465 59.9132723549038
0.144995 6.3286954630965 60.16691831575
0.145495 6.3505193034465 60.1339662496179
0.145995 6.3723431437965 60.3862054117072
0.146495 6.3941669841465 60.4257766463704
0.146995 6.4159908244965 60.6102325894946
0.147495 6.4378146648465 60.7349586597629
0.147995 6.45963850519649 60.7745757852784
0.148495 6.4814623455465 60.9422118253418
0.148995 6.5032861858965 60.946726660836
0.149495 6.5251100262465 61.1059668419909
0.149995 6.5469338665965 61.2185270048426
0.150495 6.5687577069465 61.37277700446
0.150995 6.5905815472965 61.4840351036811
0.151495 6.6124053876465 61.6887377166502
0.151995 6.6342292279965 61.7477393145722
0.152495 6.6560530683465 61.7675380488085
0.152995 6.6778769086965 61.9164063588024
0.153495 6.6997007490465 62.0358248239094
0.153995 6.72152458939649 62.1132229207705
0.154495 6.7433484297465 62.2682454694427
0.154995 6.7651722700965 62.2494647488793
0.155495 6.7869961104465 62.4142715686662
0.155995 6.8088199507965 62.5775391235165
0.156495 6.8306437911465 62.6368249523675
0.156995 6.8524676314965 62.7699615220172
0.157495 6.8742914718465 62.8402504576924
0.157995 6.8961153121965 63.0041673591931
0.158495 6.9179391525465 62.9769487842669
0.158995 6.9397629928965 63.1096700035665
0.159495 6.9615868332465 63.3307836663024
0.159995 6.9834106735965 63.3785787873274
0.160495 7.0052345139465 63.4376188218702
0.160995 7.0270583542965 63.5856976105834
0.161495 7.0488821946465 63.7589827645531
0.161995 7.0707060349965 63.7903487608328
0.162495 7.0925298753465 63.7961085789895
0.162995 7.1143537156965 63.9583160434898
0.163495 7.1361775560465 64.0497447091189
0.163995 7.1580013963965 64.2805948040538
0.164495 7.1798252367465 64.2481659967721
0.164995 7.2016490770965 64.3317480974276
0.165495 7.2234729174465 64.3567852794789
0.165995 7.2452967577965 64.62858359687
0.166495 7.26712059814651 64.6017738123888
0.166995 7.2889444384965 64.6801867682373
0.167495 7.3107682788465 64.8112170003359
0.167995 7.3325921191965 64.9961362684895
0.168495 7.3544159595465 65.1081350950273
0.168995 7.3762397998965 64.9251451438075
0.169495 7.39806364024651 65.1827971695766
0.169995 7.4198874805965 65.2846508336496
0.170495 7.4417113209465 65.4825499323451
0.170995 7.4635351612965 65.3566769476153
0.171495 7.4853590016465 65.529056889548
0.171995 7.5071828419965 65.632362157137
0.172495 7.52900668234651 65.7478548781396
0.172995 7.5508305226965 65.9077770413726
0.173495 7.5726543630465 65.7691473431731
0.173995 7.5944782033965 65.994178333959
0.174495 7.6163020437465 66.0174245842853
0.174995 7.6381258840965 66.3459845752943
0.175495 7.65994972444651 66.1856444250545
0.175995 7.6817735647965 66.3586034487617
0.176495 7.7035974051465 66.3044458147856
0.176995 7.7254212454965 66.5343211428636
0.177495 7.7472450858465 66.5699414498717
0.177995 7.7690689261965 66.6378027775593
0.178495 7.79089276654649 66.7434190025541
0.178995 7.8127166068965 66.7814994295051
0.179495 7.8345404472465 66.9461350172081
0.179995 7.8563642875965 66.8790988397333
0.180495 7.8781881279465 67.0476115684264
0.180995 7.9000119682965 67.1003640388448
0.181495 7.92183580864651 67.4007282714059
0.181995 7.9436596489965 67.2358047919722
0.182495 7.9654834893465 67.43221157742
0.182995 7.9873073296965 67.4465283495972
0.183495 8.0091311700465 67.6077592710492
0.183995 8.0309550103965 67.6727865352832
0.184495 8.0527788507465 67.6182738575696
0.184995 8.0746026910965 67.8393343052702
0.185495 8.0964265314465 67.8675036889174
0.185995 8.1182503717965 68.0004446050141
0.186495 8.1400742121465 67.8743688206491
0.186995 8.1618980524965 68.1035621785077
0.187495 8.18372189284651 68.1510004758778
0.187995 8.20554573319651 68.2689976692598
0.188495 8.2273695735465 68.3097138089414
0.188995 8.2491934138965 68.2822529923259
0.189495 8.2710172542465 68.4303780740184
0.189995 8.2928410945965 68.5231740755593
0.190495 8.3146649349465 68.6623338525299
0.190995 8.33648877529651 68.6281179251386
0.191495 8.3583126156465 68.7783137755369
0.191995 8.3801364559965 68.7293074175175
0.192495 8.4019602963465 68.8591049422203
0.192995 8.4237841366965 68.9817392015658
0.193495 8.4456079770465 68.9815354549955
0.193995 8.46743181739651 69.016927680658
0.194495 8.4892556577465 69.1265761097831
0.194995 8.5110794980965 69.3137789332239
0.195495 8.5329033384465 69.231284469991
0.195995 8.5547271787965 69.2919299776946
0.196495 8.5765510191465 69.4393728554427
0.196995 8.59837485949651 69.5359787146792
0.197495 8.6201986998465 69.5120674901848
0.197995 8.6420225401965 69.6081582891654
0.198495 8.6638463805465 69.6586799608878
0.198995 8.6856702208965 69.7127488573158
0.199495 8.7074940612465 69.8694168298673
0.199995 8.72931790159651 69.826164019977
0.200495 8.7511417419465 69.9044386692142
0.200995 8.7729655822965 70.0837990983131
0.201495 8.7947894226465 70.1268364074293
0.201995 8.8166132629965 70.1890616426176
0.202495 8.8384371033465 70.1753869495786
0.202995 8.86026094369651 70.2793262918671
0.203495 8.8820847840465 70.3459248890907
0.203995 8.9039086243965 70.4855175682804
0.204495 8.9257324647465 70.4397553408118
0.204995 8.9475563050965 70.5820198450566
0.205495 8.9693801454465 70.5901842357683
0.205995 8.99120398579651 70.6438868613109
0.206495 9.0130278261465 70.7251655010737
0.206995 9.0348516664965 70.8542467302912
0.207495 9.0566755068465 70.8759542134661
0.207995 9.0784993471965 70.8531107109763
0.208495 9.1003231875465 70.9982735776692
0.208995 9.12214702789649 71.0614919436662
0.209495 9.1439708682465 71.0967315740479
0.209995 9.1657947085965 71.1931384221669
0.210495 9.1876185489465 71.118325082413
0.210995 9.2094423892965 71.2767582459353
0.211495 9.2312662296465 71.3671055919828
0.211995 9.25309006999651 71.3903666086124
0.212495 9.2749139103465 71.3485466014227
0.212995 9.2967377506965 71.5069817364658
0.213495 9.3185615910465 71.6297866102
0.213995 9.3403854313965 71.6665732832249
0.214495 9.3622092717465 71.718431208194
0.214995 9.38403311209649 71.6987320779586
0.215495 9.4058569524465 71.9191722410594
0.215995 9.4276807927965 71.9071095423647
0.216495 9.4495046331465 71.9431330289801
0.216995 9.4713284734965 71.9677943779077
0.217495 9.4931523138465 72.0880272423281
0.217995 9.51497615419651 72.156497337489
0.218495 9.5367999945465 72.2361498305042
0.218995 9.5586238348965 72.0852707584846
0.219495 9.5804476752465 72.2929963885194
0.219995 9.6022715155965 72.309994476813
0.220495 9.6240953559465 72.3464101392462
0.220995 9.64591919629649 72.4948573158168
0.221495 9.6677430366465 72.6524357571987
0.221995 9.6895668769965 72.6327084130488
0.222495 9.7113907173465 72.6494635595925
0.222995 9.7332145576965 72.8116361016034
0.223495 9.7550383980465 72.7891064657109
0.223995 9.77686223839649 72.9553783486387
0.224495 9.7986860787465 72.8365072658795
0.224995 9.8205099190965 73.050688532746
0.225495 9.8423337594465 73.0293637554002
0.225995 9.8641575997965 73.1376150391412
0.226495 9.8859814401465 73.1989239687832
0.226995 9.9078052804965 73.1830619631792
0.227495 9.9296291208465 73.273276498465
0.227995 9.9514529611965 73.2620642484604
0.228495 9.9732768015465 73.2852239091098
0.228995 9.9951006418965 73.3803687240448
0.229495 10.0169244822465 73.4777383490321
0.229995 10.0387483225965 73.4488331399056
0.230495 10.0605721629465 73.5757224851009
0.230995 10.0823960032965 73.5565164818404
0.231495 10.1042198436465 73.669142096744
0.231995 10.1260436839965 73.7737817551226
0.232495 10.1478675243465 73.7928727594695
0.232995 10.1696913646965 73.8518511498333
0.233495 10.1915152050465 73.9312393753874
0.233995 10.2133390453965 74.0245938382571
0.234495 10.2351628857465 73.9312226678588
0.234995 10.2569867260965 74.165236079806
0.235495 10.2788105664465 74.1113976135516
0.235995 10.3006344067965 74.3078188902515
0.236495 10.3224582471465 74.2089923466854
0.236995 10.3442820874965 74.2421817193953
0.237495 10.3661059278465 74.3131330311285
0.237995 10.3879297681965 74.5823028716889
0.238495 10.4097536085465 74.5208813945922
0.238995 10.4315774488965 74.4611874568412
0.239495 10.4534012892465 74.6250514116656
0.239995 10.4752251295965 74.8065656076033
0.240495 10.4970489699465 74.7162067873703
0.240995 10.5188728102965 74.7971529575926
0.241495 10.5406966506465 74.9394342336757
0.241995 10.5625204909965 74.9512959080857
0.242495 10.5843443313465 75.0246986580201
0.242995 10.6061681716965 74.9432833188702
0.243495 10.6279920120465 75.0160455272699
0.243995 10.6498158523965 75.1694801144951
0.244495 10.6716396927465 75.2408142784497
0.244995 10.6934635330965 75.185256243379
0.245495 10.7152873734465 75.4079475880159
0.245995 10.7371112137965 75.3772285797977
0.246495 10.7589350541465 75.4624390238286
0.246995 10.7807588944965 75.4911939548932
0.247495 10.8025827348465 75.6250939693896
0.247995 10.8244065751965 75.7006519774295
0.248495 10.8462304155465 75.5763648470406
0.248995 10.8680542558965 75.8853364707749
0.249495 10.8898780962465 75.8868875088075
0.249995 10.9117019365965 75.9019274038695
0.250495 10.9335257769465 75.7703181704721
0.250995 10.9553496172965 76.0943224035576
0.251495 10.9771734576465 76.1320635449219
0.251995 10.9989972979965 76.189397249181
0.252495 11.0208211383465 76.0387645585633
0.252995 11.0426449786965 76.2245434695458
0.253495 11.0644688190465 76.413790316989
0.253995 11.0862926593965 76.1980671730309
0.254495 11.1081164997465 76.5287002098753
0.254995 11.1299403400965 76.5871239994585
0.255495 11.1517641804465 76.9461716485337
0.255995 11.1735880207965 76.488778144541
0.256495 11.1954118611465 76.7362790919492
0.256995 11.2172357014965 76.8828856794538
0.257495 11.2390595418465 77.0100219344236
0.257995 11.2608833821965 77.0256981893037
0.258495 11.2827072225465 76.9654019756925
0.258995 11.3045310628965 77.0905097654798
0.259495 11.3263549032465 77.2506980365965
0.259995 11.3481787435965 77.2566501593549
0.260495 11.3700025839465 77.1204067681879
0.260995 11.3918264242965 77.4611195496009
0.261495 11.4136502646465 77.4198587534837
0.261995 11.4354741049965 77.6445328306889
0.262495 11.4572979453465 77.3661784104074
0.262995 11.4791217856965 77.480759180524
0.263495 11.5009456260465 77.6992494891678
0.263995 11.5227694663965 77.5871116617394
0.264495 11.5445933067465 77.7663943542299
0.264995 11.5664171470965 77.8252670564986
0.265495 11.5882409874465 78.2437758476663
0.265995 11.6100648277965 77.9102465609441
0.266495 11.6318886681465 78.06606332604
0.266995 11.6537125084965 78.0023682540575
0.267495 11.6755363488465 78.1927796627331
0.267995 11.6973601891965 78.3617190741226
0.268495 11.7191840295465 78.4832595430179
0.268995 11.7410078698965 78.6304937924384
0.269495 11.7628317102465 78.438710251715
0.269995 11.7846555505965 78.8612118339393
0.270495 11.8064793909465 78.7531124026657
0.270995 11.8283032312965 78.8332721435455
0.271495 11.8501270716465 79.0390198920475
0.271995 11.8719509119965 79.0800298273754
0.272495 11.8937747523465 79.1406935233808
0.272995 11.9155985926965 79.1376638225275
0.273495 11.9374224330465 79.2411996815049
0.273995 11.9592462733965 79.2367369365058
0.274495 11.9810701137465 79.4649673896328
0.274995 12.0028939540965 79.6181956366886
0.275495 12.0247177944465 79.4578303675993
0.275995 12.0465416347965 79.609761540189
0.276495 12.0683654751465 79.6804421192117
0.276995 12.0901893154965 79.5661028651418
0.277495 12.1120131558465 79.800510992279
0.277995 12.1338369961965 79.8777374512842
0.278495 12.1556608365465 80.2274261425706
0.278995 12.1774846768965 80.1353080724252
0.279495 12.1993085172465 80.4075449238339
0.279995 12.2211323575965 80.3250077000635
0.280495 12.2429561979465 80.5304673020556
0.280995 12.2647800382965 80.643329100727
0.281495 12.2866038786465 80.7305193874988
0.281995 12.3084277189965 80.6933734757797
0.282495 12.3302515593465 80.7819413186967
0.282995 12.3520753996965 80.9087671512246
0.283495 12.3738992400465 80.8942607387429
0.283995 12.3957230803965 81.1191018347171
0.284495 12.4175469207465 81.2618480732448
0.284995 12.4393707610965 81.5227251193272
0.285495 12.4611946014465 81.6296015924098
0.285995 12.4830184417965 81.4558122226963
0.286495 12.5048422821465 81.4591898073205
0.286995 12.5266661224965 81.8112033274328
0.287495 12.5484899628465 81.9325781033145
0.287995 12.5703138031965 81.9769020313803
0.288495 12.5921376435465 82.1245840478919
0.288995 12.6139614838965 82.2018611037281
0.289495 12.6357853242465 82.3656127848856
0.289995 12.6576091645965 82.5105539480782
0.290495 12.6794330049465 82.3844157727661
0.290995 12.7012568452965 82.6304771572108
0.291495 12.7230806856465 83.0898544071978
0.291995 12.7449045259965 82.6114096169456
0.292495 12.7667283663465 83.3617824895076
0.292995 12.7885522066965 83.0584847804316
0.293495 12.8103760470465 83.3847690531874
0.293995 12.8321998873965 83.5176220611007
0.294495 12.8540237277465 83.6773418662361
0.294995 12.8758475680965 83.9234151646646
0.295495 12.8976714084465 83.8775301615655
0.295995 12.9194952487965 83.9486839406838
0.296495 12.9413190891465 84.1881132133778
0.296995 12.9631429294965 84.1611028306188
0.297495 12.9849667698465 84.510381483235
0.297995 13.0067906101965 84.515410485313
0.298495 13.0286144505465 84.6294897932356
0.298995 13.0504382908965 84.9269630688836
0.299495 13.0722621312465 85.1966516623728
0.299995 13.0940859715965 85.1392197858108
0.300495 13.1159098119465 85.4761882995369
0.300995 13.1377336522965 85.7262537017641
0.301495 13.1595574926465 85.7005084212628
0.301995 13.1813813329965 85.7743751430198
0.302495 13.2032051733465 86.1729643978565
0.302995 13.2250290136965 86.1062000746107
0.303495 13.2468528540465 86.5106129777047
0.303995 13.2686766943965 86.2835586053043
0.304495 13.2905005347465 86.7080845641224
0.304995 13.3123243750965 87.0777039980301
0.305495 13.3341482154465 87.0279286827296
0.305995 13.3559720557965 87.1017718056951
0.306495 13.3777958961465 87.4569638690128
0.306995 13.3996197364965 87.7122793629993
0.307495 13.4214435768465 87.7207410011284
0.307995 13.4432674171965 87.8848417648647
0.308495 13.4650912575465 88.3162768571523
0.308995 13.4869150978965 88.3455797676481
0.309495 13.5087389382465 88.4826971992307
0.309995 13.5305627785965 88.7161143717042
0.310495 13.5523866189465 88.9259182297053
0.310995 13.5742104592965 89.2165379056061
0.311495 13.5960342996465 89.5875150260484
0.311995 13.6178581399965 89.3461886386176
0.312495 13.6396819803465 89.6570908839969
0.312995 13.6615058206965 89.945545944597
0.313495 13.6833296610465 90.5604442643322
0.313995 13.7051535013965 90.5079841524103
0.314495 13.7269773417465 90.4810439344611
0.314995 13.7488011820965 90.9542595263442
0.315495 13.7706250224465 91.1046806537051
0.315995 13.7924488627965 91.1802752692184
0.316495 13.8142727031465 91.453575785333
0.316995 13.8360965434965 91.7002587158164
0.317495 13.8579203838465 92.1135386786618
0.317995 13.8797442241965 92.3883261061076
0.318495 13.9015680645465 92.4847293914872
0.318995 13.9233919048965 92.8468786430327
0.319495 13.9452157452465 93.080962123547
0.319995 13.9670395855965 93.3642712706485
0.320495 13.9888634259465 93.6144561374392
0.320995 14.0106872662965 93.7842271964978
0.321495 14.0325111066465 94.038330636247
0.321995 14.0543349469965 94.4617800703138
0.322495 14.0761587873465 94.5586020914535
0.322995 14.0979826276965 94.7080780675456
0.323495 14.1198064680465 95.238695859832
0.323995 14.1416303083965 95.1950449832298
0.324495 14.1634541487465 95.6094395637402
0.324995 14.1852779890965 95.7415595353304
0.325495 14.2071018294465 96.3428768972348
0.325995 14.2289256697965 96.5158912714631
0.326495 14.2507495101465 97.1625925016559
0.326995 14.2725733504965 97.3459938179238
0.327495 14.2943971908465 97.6495404541135
0.327995 14.3162210311965 98.1098332898178
0.328495 14.3380448715465 98.2727140459753
0.328995 14.3598687118965 98.3458547554644
0.329495 14.3816925522465 98.536767328425
0.329995 14.4035163925965 98.9425768239524
0.330495 14.4253402329465 99.5471606863847
0.330995 14.4471640732965 99.6145378798411
0.331495 14.4689879136465 99.630798127139
0.331995 14.4908117539965 99.9574882097165
0.332495 14.5126355943465 100.795686226621
0.332995 14.5344594346965 100.812380895109
0.333495 14.5562832750465 101.375081332038
0.333995 14.5781071153965 101.366135044445
0.334495 14.5999309557465 101.734513836067
0.334995 14.6217547960965 102.03793800915
0.335495 14.6435786364465 102.164263116734
0.335995 14.6654024767965 102.845633643691
0.336495 14.6872263171465 103.295301702523
0.336995 14.7090501574965 103.526289340212
0.337495 14.7308739978465 103.594114161377
0.337995 14.7526978381965 104.242027104002
0.338495 14.7745216785465 104.589442630341
0.338995 14.7963455188965 105.020300223008
0.339495 14.8181693592465 105.331067398287
0.339995 14.8399931995965 105.512258774462
0.340495 14.8618170399465 106.171485097602
0.340995 14.8836408802965 106.465853751658
0.341495 14.9054647206465 106.347100686559
0.341995 14.9272885609965 107.14580592839
0.342495 14.9491124013465 106.956619535844
0.342995 14.9709362416965 107.771307738608
0.343495 14.9927600820465 107.892725627511
0.343995 15.0145839223965 108.324275477179
0.344495 15.0364077627465 108.908125759309
0.344995 15.0582316030965 109.123639207163
0.345495 15.0800554434465 109.604581861326
0.345995 15.1018792837965 109.749277601489
0.346495 15.1237031241465 110.072210330747
0.346995 15.1455269644965 110.568551484861
0.347495 15.1673508048465 110.878503824777
0.347995 15.1891746451965 111.608310142027
0.348495 15.2109984855465 111.372229720422
0.348995 15.2328223258965 112.324269317699
0.349495 15.2546461662465 113.132101306051
0.349995 15.2764700065965 112.45014066055
0.350495 15.2982938469465 113.475815896322
0.350995 15.3201176872965 113.196189055733
0.351495 15.3419415276465 114.01574446364
0.351995 15.3637653679965 114.501807623392
0.352495 15.3855892083465 114.671376541921
0.352995 15.4074130486965 114.956457768847
0.353495 15.4292368890465 115.546402682332
0.353995 15.4510607293965 116.018344514461
0.354495 15.4728845697465 116.672267363582
0.354995 15.4947084100965 116.697847430674
0.355495 15.5165322504465 117.314754957742
0.355995 15.5383560907965 117.873321162136
0.356495 15.5601799311465 117.960012492571
0.356995 15.5820037714965 118.451818654692
0.357495 15.6038276118465 118.903575031058
0.357995 15.6256514521965 119.701675842915
0.358495 15.6474752925465 119.765649422093
0.358995 15.6692991328965 120.29699831954
0.359495 15.6911229732465 120.705949291611
0.359995 15.7129468135965 120.89328059872
0.360495 15.7347706539465 121.719933444361
0.360995 15.7565944942965 122.125738864929
0.361495 15.7784183346465 122.599392403238
0.361995 15.8002421749965 123.273145257155
0.362495 15.8220660153465 123.20082664438
0.362995 15.8438898556965 123.950036294206
0.363495 15.8657136960465 124.539690541991
0.363995 15.8875375363965 124.502110495744
0.364495 15.9093613767465 125.270242878334
0.364995 15.9311852170965 125.335855173999
0.365495 15.9530090574465 126.231868763939
0.365995 15.9748328977965 126.472960179776
0.366495 15.9966567381465 126.884351487285
0.366995 16.0184805784965 127.576485226824
0.367495 16.0403044188465 127.565395006223
0.367995 16.0621282591965 128.91483285434
0.368495 16.0839520995465 128.825771213271
0.368995 16.1057759398965 129.146572592317
0.369495 16.1275997802465 130.262460601468
0.369995 16.1494236205965 129.945490117903
0.370495 16.1712474609465 130.961753290732
0.370995 16.1930713012965 131.69855063758
0.371495 16.2148951416465 131.938486373338
0.371995 16.2367189819965 132.19912995355
0.372495 16.2585428223465 132.224439698254
0.372995 16.2803666626965 132.918462688076
0.373495 16.3021905030465 133.986308729824
0.373995 16.3240143433965 134.792141925872
0.374495 16.3458381837465 135.227137256621
0.374995 16.3676620240965 135.074677375052
0.375495 16.3894858644465 136.159907309582
0.375995 16.4113097047965 136.834563137584
0.376495 16.4331335451465 137.517736757981
0.376995 16.4549573854965 137.486353958032
0.377495 16.4767812258465 138.100017222795
0.377995 16.4986050661965 138.541032662051
0.378495 16.5204289065465 139.376701242948
0.378995 16.5422527468965 139.860362465441
0.379495 16.5640765872465 140.829170361201
0.379995 16.5859004275965 141.052362050064
0.380495 16.6077242679465 141.548743524749
0.380995 16.6295481082965 142.119998887341
0.381495 16.6513719486465 142.9280201424
0.381995 16.6731957889965 143.818433932774
0.382495 16.6950196293465 144.565669661363
0.382995 16.7168434696965 145.002613964623
0.383495 16.7386673100465 140.725496294197
0.383995 16.7604911503965 126.443576984988
0.384495 16.7823149907465 106.563805005707
0.384995 16.8041388310965 84.9828472647314
0.385495 16.8259626714465 68.5097462421715
0.385995 16.8477865117965 58.4564212205621
0.386495 16.8696103521465 49.770565479935
0.386995 16.8914341924965 42.7708418332092
0.387495 16.9132580328465 36.6370256176194
0.387995 16.9350818731965 30.732252744672
0.388495 16.9569057135465 25.9899851380839
0.388995 16.9787295538965 21.2065826962432
0.389495 17.0005533942465 17.7967303941066
0.389995 17.0223772345965 16.4427585012952
0.390495 17.0442010749465 16.0629555829877
0.390995 17.0660249152965 15.5791614705231
0.391495 17.0878487556465 15.1062762137271
0.391995 17.1096725959965 14.207444302448
0.392495 17.1314964363465 12.8440611325843
0.392995 17.1533202766965 10.7884601065787
0.393495 17.1751441170465 8.22319837973331
0.393995 17.1969679573965 5.16519599392278
0.394495 17.2187917977465 1.65347115894586
0.394995 17.2406156380965 -2.35512160207479
0.395495 17.2624394784465 -7.40390438795689
0.395995 17.2842633187965 -11.7732422657892
0.396495 17.3060871591465 -15.2761993246394
0.396995 17.3279109994965 -14.8839408717005
0.397495 17.3497348398465 -10.10004786004
0.397995 17.3715586801965 -5.56054439309038
0.398495 17.3933825205465 -5.65552675166085
0.398995 17.4152063608965 -5.63314616564714
0.399495 17.4370302012465 -4.88774981835723
0.399995 17.4588540415965 -4.17758009618465
0.400495 17.4806778819465 -3.54939577262572
0.400995 17.5025017222965 -2.69424735056259
0.401495 17.5243255626465 -2.45276491024511
0.401995 17.5461494029965 -2.1748147057639
0.402495 17.5679732433465 -2.58749326642886
0.402995 17.5897970836965 -3.35184769362834
0.403495 17.6116209240465 -3.79620766513585
0.403995 17.6334447643965 -3.91168364278349
0.404495 17.6552686047465 -3.30040032221178
0.404995 17.6770924450965 -2.59440067247974
0.405495 17.6989162854465 -1.12707812128533
0.405995 17.7207401257965 -0.393698574867755
0.406495 17.7425639661465 -0.216435045547187
0.406995 17.7643878064965 0.314296387416286
0.407495 17.7862116468465 0.340810109712974
0.407995 17.8080354871965 -0.13425721390989
0.408495 17.8298593275465 -0.645054389282275
0.408995 17.8516831678965 -0.981539160341057
0.409495 17.8735070082465 -0.596007488031289
0.409995 17.8953308485965 0.168942955216478
0.410495 17.9171546889465 1.0047019233047
0.410995 17.9389785292965 1.96134996521459
0.411495 17.9608023696465 3.24905726370974
0.411995 17.9826262099965 3.69573169014822
0.412495 18.0044500503465 4.33790528326206
0.412995 18.0262738906965 4.30720818256013
0.413495 18.0480977310465 4.19558498177605
0.413995 18.0699215713965 3.75109433874209
0.414495 18.0917454117465 3.19723166313036
0.414995 18.1135692520965 2.50691900246284
0.415495 18.1353930924465 1.16796208812539
0.415995 18.1572169327965 0.265271764801542
0.416495 18.1790407731465 -1.11792042813456
0.416995 18.2008646134965 -1.92283383315278
0.417495 18.2226884538465 -2.78119559434287
0.417995 18.2445122941965 -3.43170499252617
0.418495 18.2663361345465 -3.78830177356687
0.418995 18.2881599748965 -3.53362604736384
0.419495 18.3099838152465 -3.00317640028863
0.419995 18.3318076555965 -2.18310667064398
0.420495 18.3536314959465 -1.64420499022547
0.420995 18.3754553362965 -1.05334406700736
0.421495 18.3972791766465 -0.850586793646359
0.421995 18.4191030169965 -0.13061691913957
0.422495 18.4409268573465 0.106003721219341
0.422995 18.4627506976965 0.477239373521277
0.423495 18.4845745380465 0.97867491075664
0.423995 18.5063983783965 1.50638510558189
0.424495 18.5282222187465 1.98543108465513
0.424995 18.5500460590965 2.22849944763259
0.425495 18.5718698994465 2.73526878688602
0.425995 18.5936937397965 2.79467077124397
0.426495 18.6155175801465 2.88481963411034
0.426995 18.6373414204965 2.82439720158394
0.427495 18.6591652608465 2.57222200933633
0.427995 18.6809891011965 1.78868059250844
0.428495 18.7028129415465 1.26758141498079
0.428995 18.7246367818965 0.416677935695833
0.429495 18.7464606222465 -0.376198857362502
0.429995 18.7682844625965 -1.40058442315459
0.430495 18.7901083029465 -2.11021750112233
0.430995 18.8119321432965 -2.60605681133217
0.431495 18.8337559836465 -3.08429473746141
0.431995 18.8555798239965 -2.93277340752255
0.432495 18.8774036643465 -2.91358506146602
0.432995 18.8992275046965 -2.46029665878994
0.433495 18.9210513450465 -1.9567741744007
0.433995 18.9428751853965 -1.22975404263477
0.434495 18.9646990257465 -0.54509889771766
0.434995 18.9865228660965 -0.188215805474781
0.435495 19.0083467064465 0.44722566773798
0.435995 19.0301705467965 0.537016160373133
0.436495 19.0519943871465 0.88187685518473
0.436995 19.0738182274965 1.28700251186863
0.437495 19.0956420678465 1.78207396386354
0.437995 19.1174659081965 1.84814509074628
0.438495 19.1392897485465 2.09585089151639
0.438995 19.1611135888965 2.28385190509801
0.439495 19.1829374292465 2.27106139017854
0.439995 19.2047612695965 2.05692137742382
0.440495 19.2265851099465 1.53683222464455
0.440995 19.2484089502965 1.13938898397686
0.441495 19.2702327906465 0.508412280133152
0.441995 19.2920566309965 0.0669039772419802
0.442495 19.3138804713465 -0.546715522041942
0.442995 19.3357043116965 -1.43105231907654
0.443495 19.3575281520465 -1.93869451561474
0.443995 19.3793519923965 -2.43175355080707
0.444495 19.4011758327465 -2.58710034074225
0.444995 19.4229996730965 -2.83926807447016
0.445495 19.4448235134465 -2.75456089532436
0.445995 19.4666473537965 -2.05802018072901
0.446495 19.4884711941465 -1.43831159471077
0.446995 19.5102950344965 -0.661903230157301
0.447495 19.5321188748465 -0.372451242795092
0.447995 19.5539427151965 0.333554147185238
0.448495 19.5757665555465 0.59863521511742
0.448995 19.5975903958965 1.02290746015283
0.449495 19.6194142362465 1.44806748489941
0.449995 19.6412380765965 1.52594981704824
0.450495 19.6630619169465 1.93251106518461
0.450995 19.6848857572965 2.13994056378732
0.451495 19.7067095976465 2.26440164803859
0.451995 19.7285334379965 2.10325484153339
0.452495 19.7503572783465 1.97154400731008
0.452995 19.7721811186965 1.64244504178269
0.453495 19.7940049590465 1.2519403838018
0.453995 19.8158287993965 0.794022446110226
0.454495 19.8376526397465 0.13883826528512
0.454995 19.8594764800965 -0.564264294004102
0.455495 19.8813003204465 -1.2407914055855
0.455995 19.9031241607965 -1.66406718638986
0.456495 19.9249480011465 -2.16021702520324
0.456995 19.9467718414965 -2.48369811186434
0.457495 19.9685956818465 -2.57799215901372
0.457995 19.9904195221965 -2.27315578496731
0.458495 20.0122433625465 -1.99225641819042
0.458995 20.0340672028965 -1.22799486581777
0.459495 20.0558910432465 -0.836971668914966
0.459995 20.0777148835965 -0.517441416763065
0.460495 20.0995387239465 0.148290004652349
0.460995 20.1213625642965 0.741424613986112
0.461495 20.1431864046465 1.21374386211379
0.461995 20.1650102449965 1.10070338371633
0.462495 20.1868340853465 1.59353180294941
0.462995 20.2086579256965 1.90925101267122
0.463495 20.2304817660465 1.85827986574288
0.463995 20.2523056063965 1.67261175256362
0.464495 20.2741294467465 1.5022462469188
0.464995 20.2959532870965 1.48770885584266
0.465495 20.3177771274465 1.05459285635852
0.465995 20.3396009677965 0.817776759208416
0.466495 20.3614248081465 0.49675896359616
0.466995 20.3832486484965 0.180568512317354
0.467495 20.4050724888465 -0.346039246712468
0.467995 20.4268963291965 -0.895480129517588
0.468495 20.4487201695465 -1.20240200506242
0.468995 20.4705440098965 -1.62002206124079
0.469495 20.4923678502465 -2.00191881603525
0.469995 20.5141916905965 -1.9877333478091
0.470495 20.5360155309465 -1.98027029499303
0.470995 20.5578393712965 -1.71749139561676
0.471495 20.5796632116465 -1.35404865539649
0.471995 20.6014870519965 -0.867008808572067
0.472495 20.6233108923465 -0.4108589642599
0.472995 20.6451347326965 -0.114671873246158
0.473495 20.6669585730465 0.394323679930253
0.473995 20.6887824133965 0.764720383806095
0.474495 20.7106062537465 1.2044577661356
0.474995 20.7324300940965 1.44971683974775
0.475495 20.7542539344465 1.62921291917737
0.475995 20.7760777747965 1.75749113127607
0.476495 20.7979016151465 1.59508769968141
0.476995 20.8197254554965 1.26971333201939
0.477495 20.8415492958465 1.21717592546692
0.477995 20.8633731361965 0.979313625061959
0.478495 20.8851969765465 0.680334322176014
0.478995 20.9070208168965 0.355071388299617
0.479495 20.9288446572465 0.174445364712167
0.479995 20.9506684975965 -0.0969770347875103
0.480495 20.9724923379465 -0.283630515749495
0.480995 20.9943161782965 -0.719313043874924
0.481495 21.0161400186465 -1.09357510273288
0.481995 21.0379638589965 -1.47481943410168
0.482495 21.0597876993465 -1.56102600261652
0.482995 21.0816115396965 -1.67660589135516
0.483495 21.1034353800465 -1.66062501811792
0.483995 21.1252592203965 -1.54852651376819
0.484495 21.1470830607465 -1.11577960239318
0.484995 21.1689069010965 -0.709561033972006
0.485495 21.1907307414465 -0.411821735457958
0.485995 21.2125545817965 -0.0155220788210523
0.486495 21.2343784221465 0.522287297746573
0.486995 21.2562022624965 1.09805683045126
0.487495 21.2780261028465 1.35881281528271
0.487995 21.2998499431965 1.4997867316
0.488495 21.3216737835465 1.58396522956818
0.488995 21.3434976238965 1.57721948373519
0.489495 21.3653214642465 1.38427479550787
0.489995 21.3871453045965 1.08909834527889
0.490495 21.4089691449465 0.668843531577714
0.490995 21.4307929852965 0.5393107669038
0.491495 21.4526168256465 0.0355461650696971
0.491995 21.4744406659965 -0.0108205141428
0.492495 21.4962645063465 -0.288714484369225
0.492995 21.5180883466965 -0.534070293258521
0.493495 21.5399121870465 -0.762555514686315
0.493995 21.5617360273965 -0.84559510734928
0.494495 21.5835598677465 -1.00841116748334
0.494995 21.6053837080965 -1.34392133799958
0.495495 21.6272075484465 -1.16435080329643
0.495995 21.6490313887965 -1.1223937288793
0.496495 21.6708552291465 -1.00813179359179
0.496995 21.6926790694965 -0.866500147171881
0.497495 21.7145029098465 -0.561351286833377
0.497995 21.7363267501965 -0.0924382289516922
0.498495 21.7581505905465 0.0166595579441158
0.498995 21.7799744308965 0.285730536589967
0.499495 21.8017982712465 0.79313499906189
0.499995 21.8236221115965 1.24309139173079
0.500495 21.8454459519465 1.32702075760484
0.500995 21.8672697922965 1.32602908236682
0.501495 21.8890936326465 1.2917953721721
0.501995 21.9109174729965 1.15990621374206
0.502495 21.9327413133465 0.926471611040504
0.502995 21.9545651536965 0.537686505015486
0.503495 21.9763889940465 0.229055646498769
0.503995 21.9982128343965 -0.140757140086104
0.504495 22.0200366747465 -0.36961178455405
0.504995 22.0418605150965 -0.538703200713853
0.505495 22.0636843554465 -0.596209782976781
0.505995 22.0855081957965 -0.913565782216116
0.506495 22.1073320361465 -0.944271189318614
0.506995 22.1291558764965 -1.16895747272144
0.507495 22.1509797168465 -0.798610606345919
0.507995 22.1728035571965 -0.885153740654856
0.508495 22.1946273975465 -0.706469526915572
0.508995 22.2164512378965 -0.52326794010672
0.509495 22.2382750782465 -0.338465776090455
0.509995 22.2600989185965 -0.0475577836785212
0.510495 22.2819227589465 -0.148953318898552
0.510995 22.3037465992965 0.143153557140475
0.511495 22.3255704396465 0.139782458564666
0.511995 22.3473942799965 0.589579325423918
0.512495 22.3692181203465 0.832934479527595
0.512995 22.3910419606965 0.90462819749737
0.513495 22.4128658010465 1.01722952993669
0.513995 22.4346896413965 0.979819561883913
0.514495 22.4565134817465 1.0893714776231
0.514995 22.4783373220965 0.689657063094337
0.515495 22.5001611624465 0.401152297558158
0.515995 22.5219850027965 0.257640619967119
0.516495 22.5438088431465 -0.0692235963815298
0.516995 22.5656326834965 -0.278609654196582
0.517495 22.5874565238465 -0.417630009131589
0.517995 22.6092803641965 -0.604246304506134
0.518495 22.6311042045465 -0.870937580635446
0.518995 22.6529280448965 -0.857100361243759
0.519495 22.6747518852465 -0.911991881902011
0.519995 22.6965757255965 -0.803789373909195
0.520495 22.7183995659465 -0.918940260918509
0.520995 22.7402234062965 -0.484797128046625
0.521495 22.7620472466465 -0.404302988757074
0.521995 22.7838710869965 -0.0590489629967358
0.522495 22.8056949273465 -0.0964784889308236
0.522995 22.8275187676965 0.0401830529958246
0.523495 22.8493426080465 -0.0752286040624944
0.523995 22.8711664483965 0.184003078214191
0.524495 22.8929902887465 0.206619728823279
0.524995 22.9148141290965 0.489954787514528
0.525495 22.9366379694465 0.802586395105223
0.525995 22.9584618097965 0.814176022474815
0.526495 22.9802856501465 0.762124632568608
0.526995 23.0021094904965 0.603006419238268
0.527495 23.0239333308465 0.604038036504061
0.527995 23.0457571711965 0.376702513701733
0.528495 23.0675810115465 0.327267945149771
0.528995 23.0894048518965 -0.0300609668844972
0.529495 23.1112286922465 0.198256430398473
0.529995 23.1330525325965 -0.0986323471322589
0.530495 23.1548763729465 -0.220332039092489
0.530995 23.1767002132965 -0.60630595444352
0.531495 23.1985240536465 -0.790311508479386
0.531995 23.2203478939965 -0.873450725382398
0.532495 23.2421717343465 -0.763969412541939
