# Fix print output for fix Step
-1.45150655377699e-16 -1.13686837721616e-14 -1.00146675427591
0.000494999999999819 0.0387700520715839 0.35527549500718
0.000994999999999917 0.0779317208307816 0.425906206817645
0.00149499999999987 0.117093389589968 0.305438511797219
0.00199499999999982 0.156255058349154 1.36383913187299
0.00249499999999992 0.195416727108352 1.07767572045415
0.00299499999999988 0.234578395867538 1.39023269642124
0.00349499999999983 0.273740064626725 2.20141962492729
0.00399499999999993 0.312901733385922 1.744758197197
0.00449499999999988 0.352063402145109 2.55114669026787
0.00499499999999983 0.391225070904295 2.89872016958446
0.00549499999999993 0.430386739663493 2.77027714780108
0.00599499999999988 0.469548408422679 3.57415058061802
0.00649499999999984 0.508710077181865 3.60835056709123
0.00699499999999994 0.547871745941063 3.82571081007106
0.00749499999999989 0.58703341470025 4.47215675281382
0.00799499999999984 0.626195083459436 4.31015487242689
0.00849499999999994 0.665356752218634 4.97076290030525
0.0089949999999999 0.70451842097782 5.0983851223229
0.00949499999999985 0.743680089737006 5.28386349263795
0.00999499999999995 0.782841758496204 5.84131094506032
0.0104949999999999 0.82200342725539 5.94512342148975
0.0109949999999999 0.861165096014577 6.24863128295237
0.011495 0.900326764773774 6.56503173314064
0.0119949999999999 0.939488433532961 6.79272110451402
0.0124949999999999 0.978650102292147 7.18225936382037
0.012995 1.01781177105134 7.28521122738584
0.0134949999999999 1.05697343981053 7.7771635062243
0.0139949999999999 1.09613510856972 7.93048386893211
0.014495 1.13529677732892 8.1702134453864
0.0149949999999999 1.1744584460881 8.63853846977773
0.0154949999999999 1.21362011484729 8.62400316429289
0.015995 1.25278178360649 9.13611599601612
0.0164949999999999 1.29194345236567 9.37167644082228
0.0169949999999999 1.33110512112486 9.57481936954937
0.017495 1.37026678988406 9.93085644612681
0.0179949999999999 1.40942845864324 10.0308539246489
0.0184949999999999 1.44859012740243 10.4872562799738
0.018995 1.48775179616163 10.6672104660425
0.0194949999999999 1.52691346492081 10.8139356484864
0.0199949999999999 1.56607513368 11.3180511289046
0.020495 1.6052368024392 11.3714210944744
0.0209949999999998 1.64439847119837 11.8177608534791
0.0214949999999999 1.68356013995757 11.9027029065708
0.021995 1.72272180871677 12.1424981824687
0.0224949999999998 1.76188347747594 12.6954717099358
0.0229949999999999 1.80104514623514 12.6213564730742
0.023495 1.84020681499434 13.0638980592344
0.0239949999999998 1.87936848375351 13.2849239252614
0.0244949999999999 1.91853015251271 13.3472905758965
0.024995 1.95769182127191 13.9040922206155
0.0254949999999998 1.99685349003108 13.9942331279338
0.0259949999999999 2.03601515879028 14.3084595379904
0.0264949999999999 2.07517682754947 14.6165854808475
0.0269949999999998 2.11433849630865 14.6513649822402
0.0274949999999999 2.15350016506785 15.1734847790421
0.0279949999999999 2.19266183382704 15.2652290187711
0.0284949999999998 2.23182350258622 15.5176528133014
0.0289949999999999 2.27098517134542 15.9090008421237
0.0294949999999999 2.31014684010461 15.9871344521988
0.0299949999999998 2.34930850886379 16.4572404437923
0.0304949999999999 2.38847017762299 16.6033183028896
0.0309949999999999 2.42763184638218 16.8466242090185
0.0314949999999998 2.46679351514136 17.1113447679554
0.0319949999999999 2.50595518390056 17.1485018455523
0.0324949999999999 2.54511685265975 17.581549500524
0.0329949999999998 2.58427852141893 17.7457861517951
0.0334949999999999 2.62344019017813 18.0162386193445
0.0339949999999999 2.66260185893732 18.3896838445068
0.0344949999999998 2.70176352769651 18.5351684278607
0.0349949999999999 2.7409251964557 18.8404271375715
0.0354949999999999 2.78008686521489 19.0499212733353
0.0359949999999998 2.81924853397408 19.3246124450939
0.0364949999999999 2.85841020273327 19.5070545015892
0.0369949999999999 2.89757187149246 19.7090976503303
0.0374949999999998 2.93673354025165 19.9945987761242
0.0379949999999999 2.97589520901084 20.0965571199991
0.0384949999999999 3.01505687777003 20.4470362231637
0.0389949999999998 3.05421854652922 20.6595336517236
0.0394949999999999 3.09338021528841 20.8595756423064
0.0399949999999999 3.1325418840476 21.1673363845808
0.0404949999999999 3.17170355280679 21.3337591140635
0.040995 3.21086522156598 21.6554472745857
0.0414949999999999 3.25002689032517 21.887179344264
0.0419949999999999 3.28918855908436 22.0605782592058
0.042495 3.32835022784356 22.4057378097649
0.0429949999999999 3.36751189660274 22.5338475943734
0.0434949999999999 3.40667356536193 22.8336515569844
0.043995 3.44583523412113 23.0733354937793
0.0444949999999999 3.48499690288031 23.1787865630102
0.0449949999999999 3.5241585716395 23.5495419832486
0.045495 3.5633202403987 23.6239575645958
0.0459949999999999 3.60248190915788 23.8936326555961
0.0464949999999999 3.64164357791707 24.1938916089356
0.046995 3.68080524667627 24.2621351373373
0.0474949999999999 3.71996691543545 24.5865638202835
0.0479949999999999 3.75912858419464 24.7334957293409
0.048495 3.79829025295384 24.9809703345116
0.0489949999999999 3.83745192171302 25.2887810148238
0.0494949999999999 3.87661359047221 25.4389167811418
0.049995 3.91577525923141 25.7394087341545
0.0504949999999998 3.95493692799058 25.8400922240873
0.0509949999999999 3.99409859674978 26.122168499412
0.051495 4.03326026550898 26.4172548226828
0.0519949999999998 4.07242193426815 26.5167754006575
0.0524949999999999 4.11158360302735 26.8880720106062
0.052995 4.15074527178655 26.9681115698323
0.0534949999999998 4.18990694054572 27.2056139003189
0.0539949999999999 4.22906860930492 27.4694935439132
0.054495 4.26823027806412 27.6437919177198
0.0549949999999998 4.30739194682329 27.9156978872968
0.0554949999999999 4.34655361558249 28.0301610390909
0.0559949999999999 4.38571528434168 28.3008729908438
0.0564949999999998 4.42487695310086 28.5303830063994
0.0569949999999999 4.46403862186006 28.6377960962643
0.0574949999999999 4.50320029061925 28.9628220262894
0.0579949999999998 4.54236195937843 29.0791645809873
0.0584949999999999 4.58152362813763 29.2891404459422
0.0589949999999999 4.62068529689682 29.5319086879133
0.0594949999999998 4.659846965656 29.7011438049023
0.0599949999999999 4.6990086344152 30.0257540927524
0.0604949999999999 4.73817030317439 30.1944248690558
0.0609949999999998 4.77733197193357 30.4269325962544
0.0614949999999999 4.81649364069277 30.6833481697969
0.0619949999999999 4.85565530945196 30.8413231456362
0.0624949999999998 4.89481697821114 31.1607646404231
0.0629949999999999 4.93397864697034 31.2820504692554
0.0634949999999999 4.97314031572953 31.5609761276829
0.0639949999999998 5.01230198448872 31.8296698174006
0.0644949999999999 5.05146365324791 31.9413179061939
0.0649949999999999 5.0906253220071 32.2273690491137
0.0654949999999998 5.12978699076629 32.3513473035369
0.0659949999999999 5.16894865952548 32.5711428686723
0.0664949999999999 5.20811032828467 32.7956044840806
0.0669949999999998 5.24727199704386 32.9692895299856
0.0674949999999999 5.28643366580305 33.1559401937394
0.0679949999999999 5.32559533456224 33.4118975648424
0.0684949999999998 5.36475700332143 33.5400452988135
0.0689949999999999 5.40391867208062 33.8335440589604
0.0694949999999999 5.44308034083981 33.9743014963679
0.0699949999999998 5.482242009599 34.1258498050126
0.0704949999999999 5.52140367835819 34.3461962341833
0.0709949999999999 5.56056534711738 34.4208558425352
0.0714949999999999 5.59972701587657 34.71242732764
0.071995 5.63888868463576 34.8759823824323
0.0724949999999999 5.67805035339495 35.0722133548957
0.0729949999999999 5.71721202215414 35.3708472952648
0.073495 5.75637369091334 35.4656654534056
0.0739949999999999 5.79553535967252 35.7174111788076
0.0744949999999999 5.83469702843171 35.9121939747346
0.074995 5.87385869719091 36.0443969019131
0.0754949999999999 5.91302036595009 36.3442886390749
0.0759949999999999 5.95218203470928 36.4440613653718
0.076495 5.99134370346848 36.668269868156
0.0769949999999998 6.03050537222765 36.9359697497138
0.0774949999999999 6.06966704098685 37.022479189914
0.077995 6.10882870974605 37.2920612203087
0.0784949999999998 6.14799037850522 37.4622708528863
0.0789949999999999 6.18715204726442 37.6013535591609
0.079495 6.22631371602362 37.8456600312767
0.0799949999999998 6.26547538478279 37.939422048471
0.0804949999999999 6.30463705354199 38.2305785132733
0.080995 6.34379872230119 38.3766150515481
0.0814949999999998 6.38296039106036 38.5146238016678
0.0819949999999999 6.42212205981956 38.7105529682577
0.0824949999999998 6.46128372857875 38.8718140646252
0.0829949999999998 6.50044539733793 39.074160483087
0.0834949999999999 6.53960706609713 39.2707818308831
0.083995 6.57876873485633 39.4946665621474
0.0844949999999998 6.6179304036155 39.6773540417798
0.0849949999999999 6.6570920723747 39.8025157845782
0.0854949999999999 6.69625374113389 39.9800922766181
0.0859949999999998 6.73541540989307 40.0878537681011
0.0864949999999999 6.77457707865227 40.3260743986892
0.086995 6.81373874741147 40.5692284759847
0.0874949999999998 6.85290041617064 40.7779399144133
0.0879949999999999 6.89206208492984 40.9517211800477
0.0884949999999999 6.93122375368903 41.0299232942072
0.0889949999999998 6.97038542244821 41.1643698097091
0.0894949999999999 7.00954709120741 41.3289011530709
0.0899949999999999 7.0487087599666 41.5518887855989
0.0904949999999998 7.08787042872578 41.7969017075146
0.0909949999999999 7.12703209748498 41.973109522574
0.0914949999999999 7.16619376624417 42.12231283664
0.0919949999999998 7.20535543500336 42.2298871247322
0.0924949999999999 7.24451710376255 42.4409089416526
0.0929949999999999 7.28367877252174 42.6836710514223
0.0934949999999998 7.32284044128093 42.8090826096298
0.0939949999999999 7.36200211004012 42.9891324383362
0.0944949999999999 7.40116377879931 43.0855554869597
0.0949949999999998 7.4403254475585 43.3020040395757
0.0954949999999999 7.47948711631769 43.4779394418651
0.0959949999999999 7.51864878507688 43.6374246967319
0.0964949999999998 7.55781045383607 43.7941546466953
0.0969949999999999 7.59697212259526 43.8879832525486
0.0974949999999999 7.63613379135445 44.1210279075561
0.0979949999999998 7.67529546011364 44.304077600047
0.0984949999999999 7.71445712887283 44.4689132347505
0.0989949999999999 7.75361879763202 44.6137568730641
0.0994949999999998 7.79278046639121 44.727589890259
0.099995 7.8319421351504 44.9654966945185
0.100495 7.87110380390959 45.106328465418
0.100995 7.91026547266878 45.2718815253038
0.101495 7.94942714142798 45.4092292968991
0.101995 7.98858881018716 45.5601107653544
0.102495 8.02775047894635 45.7868419349317
0.102995 8.06691214770555 45.8918272836214
0.103495 8.10607381646473 46.0510697136692
0.103995 8.14523548522392 46.2183380676999
0.104495 8.18439715398312 46.3725646065409
0.104995 8.2235588227423 46.5790161413435
0.105495 8.26272049150149 46.623185308159
0.105995 8.30188216026069 46.80897236957
0.106495 8.34104382901987 46.9987478158363
0.106995 8.38020549777906 47.1715911533791
0.107495 8.41936716653826 47.2847986941898
0.107995 8.45852883529743 47.4076521339318
0.108495 8.49769050405663 47.6302836487425
0.108995 8.53685217281583 47.7372075362862
0.109495 8.576013841575 47.9023125452513
0.109995 8.6151755103342 48.0690677617721
0.110495 8.6543371790934 48.2161506332696
0.110995 8.69349884785257 48.3401446643259
0.111495 8.73266051661177 48.4357728871441
0.111995 8.77182218537096 48.6807844035767
0.112495 8.81098385413014 48.7878166833342
0.112995 8.85014552288934 48.8783527052699
0.113495 8.88930719164854 49.1173494189985
0.113995 8.92846886040771 49.2162780732519
0.114495 8.96763052916691 49.3698589233655
0.114995 9.0067921979261 49.4845579429363
0.115495 9.04595386668528 49.6765068837237
0.115995 9.08511553544448 49.7950080102646
0.116495 9.12427720420368 49.9003122287652
0.116995 9.16343887296285 50.1125300226109
0.117495 9.20260054172205 50.2243351807115
0.117995 9.24176221048124 50.367344068615
0.118495 9.28092387924042 50.4937479939549
0.118995 9.32008554799962 50.6306535909215
0.119495 9.35924721675881 50.8076830683654
0.119995 9.39840888551799 50.8482240337986
0.120495 9.43757055427719 51.0805847610657
0.120995 9.47673222303638 51.2381231991645
0.121495 9.51589389179557 51.3198478902173
0.121995 9.55505556055476 51.4762076049307
0.122495 9.59421722931395 51.6241011355596
0.122995 9.63337889807314 51.7674168397255
0.123495 9.67254056683233 51.8124233230995
0.123995 9.71170223559152 52.0335848596827
0.124495 9.75086390435071 52.119736876825
0.124995 9.7900255731099 52.2843871092844
0.125495 9.82918724186909 52.4059254510499
0.125995 9.86834891062828 52.4992843456538
0.126495 9.90751057938747 52.6982485509995
0.126995 9.94667224814666 52.7455105957823
0.127495 9.98583391690585 52.9071532546382
0.127995 10.024995585665 53.0456423838485
0.128495 10.0641572544242 53.1781979752504
0.128995 10.1033189231834 53.2876174583551
0.129495 10.1424805919426 53.4316396078257
0.129995 10.1816422607018 53.5867664600527
0.130495 10.220803929461 53.6669663205436
0.130995 10.2599655982202 53.8250466636864
0.131495 10.2991272669794 53.9139658645646
0.131995 10.3382889357386 54.0437077179615
0.132495 10.3774506044978 54.1954569778426
0.132995 10.4166122732569 54.3025591170973
0.133495 10.4557739420161 54.4420823458645
0.133995 10.4949356107753 54.531032100132
0.134495 10.5340972795345 54.6117781727484
0.134995 10.5732589482937 54.8107410522738
0.135495 10.6124206170529 54.8992577031083
0.135995 10.6515822858121 55.049402146105
0.136495 10.6907439545713 55.1521415245924
0.136995 10.7299056233305 55.2734307445836
0.137495 10.7690672920896 55.3924982461574
0.137995 10.8082289608488 55.4943349950009
0.138495 10.847390629608 55.6389586408161
0.138995 10.8865522983672 55.7319939146356
0.139495 10.9257139671264 55.8768622361435
0.139995 10.9648756358856 55.9532336801228
0.140495 11.0040373046448 56.0685416036024
0.140995 11.043198973404 56.2174477030149
0.141495 11.0823606421632 56.2998597814558
0.141995 11.1215223109224 56.4258510459445
0.142495 11.1606839796816 56.5846313970334
0.142995 11.1998456484407 56.6600434725199
0.143495 11.2390073171999 56.7144193304969
0.143995 11.2781689859591 56.8785258005413
0.144495 11.3173306547183 56.9779566778494
0.144995 11.3564923234775 57.042489770656
0.145495 11.3956539922367 57.2394364967054
0.145995 11.4348156609959 57.2856048205041
0.146495 11.4739773297551 57.4355821100059
0.146995 11.5131389985143 57.5083830257089
0.147495 11.5523006672734 57.6263712891287
0.147995 11.5914623360326 57.7453976733941
0.148495 11.6306240047918 57.8246400916078
0.148995 11.669785673551 57.9608577557991
0.149495 11.7089473423102 58.0536405617828
0.149995 11.7481090110694 58.1397728094946
0.150495 11.7872706798286 58.2568684160393
0.150995 11.8264323485878 58.3239908240071
0.151495 11.865594017347 58.4550714099475
0.151995 11.9047556861062 58.513203349545
0.152495 11.9439173548653 58.7124761540136
0.152995 11.9830790236245 58.7556973571866
0.153495 12.0222406923837 58.8864583269452
0.153995 12.0614023611429 58.9551665414046
0.154495 12.1005640299021 59.0731761317149
0.154995 12.1397256986613 59.1544999104821
0.155495 12.1788873674205 59.2525020867288
0.155995 12.2180490361797 59.3474423091845
0.156495 12.2572107049389 59.4423883626963
0.156995 12.2963723736981 59.5682475334914
0.157495 12.3355340424573 59.6314530915552
0.157995 12.3746957112164 59.7578344614751
0.158495 12.4138573799756 59.8301724250043
0.158995 12.4530190487348 59.9713820297004
0.159495 12.492180717494 60.0201288546046
0.159995 12.5313423862532 60.1420631218396
0.160495 12.5705040550124 60.2103622244981
0.160995 12.6096657237716 60.3304042561942
0.161495 12.6488273925308 60.4308416080251
0.161995 12.68798906129 60.5003601246213
0.162495 12.7271507300492 60.6202830827872
0.162995 12.7663123988083 60.672999362634
0.163495 12.8054740675675 60.7723320058939
0.163995 12.8446357363267 60.8821277153781
0.164495 12.8837974050859 60.9556952645814
0.164995 12.9229590738451 61.0482820913352
0.165495 12.9621207426043 61.1496689402812
0.165995 13.0012824113635 61.2375649455983
0.166495 13.0404440801227 61.3222040673271
0.166995 13.0796057488819 61.3633975270644
0.167495 13.118767417641 61.5138166501384
0.167995 13.1579290864002 61.5322313721116
0.168495 13.1970907551594 61.6857791871048
0.168995 13.2362524239186 61.7215439784349
0.169495 13.2754140926778 61.8169384230201
0.169995 13.314575761437 61.9276886642798
0.170495 13.3537374301962 61.9768898142266
0.170995 13.3928990989554 62.080826237254
0.171495 13.4320607677146 62.1428061524175
0.171995 13.4712224364738 62.2586615111635
0.172495 13.510384105233 62.3396606449398
0.172995 13.5495457739921 62.3697963451238
0.173495 13.5887074427513 62.4902708460094
0.173995 13.6278691115105 62.5155101280301
0.174495 13.6670307802697 62.7001511817283
0.174995 13.7061924490289 62.7552142136104
0.175495 13.7453541177881 62.8292990258741
0.175995 13.7845157865473 62.9177463303654
0.176495 13.8236774553065 62.967580097346
0.176995 13.8628391240657 63.0838713372642
0.177495 13.9020007928248 63.1497710846076
0.177995 13.941162461584 63.1749740959484
0.178495 13.9803241303432 63.3046480106223
0.178995 14.0194857991024 63.3624384562628
0.179495 14.0586474678616 63.4376420230163
0.179995 14.0978091366208 63.5260679955169
0.180495 14.13697080538 63.5650783396399
0.180995 14.1761324741392 63.6553663505435
0.181495 14.2152941428984 63.7557060829473
0.181995 14.2544558116576 63.8324153725155
0.182495 14.2936174804168 63.9000369539207
0.182995 14.3327791491759 64.0141666202472
0.183495 14.3719408179351 64.0348364659966
0.183995 14.4111024866943 64.0989969918625
0.184495 14.4502641554535 64.1468239376597
0.184995 14.4894258242127 64.2910094983102
0.185495 14.5285874929719 64.3185465751943
0.185995 14.5677491617311 64.3917579312888
0.186495 14.6069108304903 64.5042975536874
0.186995 14.6460724992495 64.5197929662026
0.187495 14.6852341680087 64.6214245148851
0.187995 14.7243958367678 64.6854521947632
0.188495 14.763557505527 64.7429191328633
0.188995 14.8027191742862 64.8568301313446
0.189495 14.8418808430454 64.8629121829496
0.189995 14.8810425118046 64.9636353635397
0.190495 14.9202041805638 65.0699069351057
0.190995 14.959365849323 65.0776462162338
0.191495 14.9985275180822 65.1695312278017
0.191995 15.0376891868414 65.1964389535939
0.192495 15.0768508556005 65.2806041666513
0.192995 15.1160125243597 65.413835251864
0.193495 15.1551741931189 65.4423207593994
0.193995 15.1943358618781 65.5123706088713
0.194495 15.2334975306373 65.6028076128591
0.194995 15.2726591993965 65.6169757017728
0.195495 15.3118208681557 65.7153134043252
0.195995 15.3509825369149 65.8395332329384
0.196495 15.3901442056741 65.8187194657713
0.196995 15.4293058744333 65.9305069291296
0.197495 15.4684675431925 65.9766186620571
0.197995 15.5076292119516 66.0157867899169
0.198495 15.5467908807108 66.1207623983735
0.198995 15.58595254947 66.2105496612453
0.199495 15.6251142182292 66.2500057746289
0.199995 15.6642758869884 66.294387523018
0.200495 15.7034375557476 66.3463763278367
0.200995 15.7425992245068 66.4769871266032
0.201495 15.781760893266 66.5021337944142
0.201995 15.8209225620252 66.5066759204729
0.202495 15.8600842307843 66.5747281570978
0.202995 15.8992458995435 66.6996966814947
0.203495 15.9384075683027 66.7686586034969
0.203995 15.9775692370619 66.7731842951677
0.204495 16.0167309058211 66.8987803799294
0.204995 16.0558925745803 66.9880362287813
0.205495 16.0950542433395 66.9846448321025
0.205995 16.1342159120987 67.0710489383433
0.206495 16.1733775808579 67.1827368078581
0.206995 16.2125392496171 67.1753115313909
0.207495 16.2517009183763 67.2081674984873
0.207995 16.2908625871355 67.3328137073866
0.208495 16.3300242558946 67.3748064441265
0.208995 16.3691859246538 67.4620034717888
0.209495 16.408347593413 67.5149134044384
0.209995 16.4475092621722 67.5258662476904
0.210495 16.4866709309314 67.6287427277671
0.210995 16.5258325996906 67.6133240911922
0.211495 16.5649942684498 67.6810707714706
0.211995 16.604155937209 67.8116990616469
0.212495 16.6433176059682 67.8166638246622
0.212995 16.6824792747273 67.8446962640007
0.213495 16.7216409434865 67.929616656405
0.213995 16.7608026122457 68.0464104729728
0.214495 16.7999642810049 68.0957061514536
0.214995 16.8391259497641 68.1353182754347
0.215495 16.8782876185233 68.2064781271974
0.215995 16.9174492872825 68.2451330543079
0.216495 16.9566109560417 68.3266607233
0.216995 16.9957726248009 68.3776893325066
0.217495 17.03493429356 68.4954389872058
0.217995 17.0740959623192 68.5396527531089
0.218495 17.1132576310784 68.6275067700801
0.218995 17.1524192998376 68.6545950836599
0.219495 17.1915809685968 68.6824747083747
0.219995 17.230742637356 68.7466986814287
0.220495 17.2699043061152 68.8154238434206
0.220995 17.3090659748744 68.8645143991196
0.221495 17.3482276436336 68.9395883947342
0.221995 17.3873893123928 68.9192789338845
0.222495 17.426550981152 69.0584421559042
0.222995 17.4657126499111 69.0892417612522
0.223495 17.5048743186703 69.1854555066476
0.223995 17.5440359874295 69.2444540289363
0.224495 17.5831976561887 69.2290049828317
0.224995 17.6223593249479 69.3480369425065
0.225495 17.6615209937071 69.461380973918
0.225995 17.7006826624663 69.4590570214266
0.226495 17.7398443312255 69.5224599592142
0.226995 17.7790059999847 69.5379640753051
0.227495 17.8181676687438 69.6289702220704
0.227995 17.857329337503 69.6894263013761
0.228495 17.8964910062622 69.7254927929462
0.228995 17.9356526750214 69.8647566700033
0.229495 17.9748143437806 69.9317553150413
0.229995 18.0139760125398 69.8487512034167
0.230495 18.053137681299 69.9432146088653
0.230995 18.0922993500582 70.0885527237539
0.231495 18.1314610188174 70.0286982325239
0.231995 18.1706226875766 70.0720210058992
0.232495 18.2097843563358 70.1141253325993
0.232995 18.2489460250949 70.2705583246607
0.233495 18.2881076938541 70.2655065119465
0.233995 18.3272693626133 70.4443474662293
0.234495 18.3664310313725 70.546855371505
0.234995 18.4055927001317 70.5449016904943
0.235495 18.4447543688909 70.4983614302679
0.235995 18.4839160376501 70.5799668259863
0.236495 18.5230777064093 70.6093544235162
0.236995 18.5622393751685 70.8017827398131
0.237495 18.6014010439277 70.7365852346116
0.237995 18.6405627126868 70.9089879566015
0.238495 18.679724381446 70.928117428384
0.238995 18.7188860502052 70.9682804295728
0.239495 18.7580477189644 70.9856303139073
0.239995 18.7972093877236 71.0873255293819
0.240495 18.8363710564828 71.1653643968654
0.240995 18.875532725242 71.2293258690074
0.241495 18.9146943940012 71.327960924583
0.241995 18.9538560627604 71.3174497555429
0.242495 18.9930177315195 71.3762889420995
0.242995 19.0321794002787 71.4661649062855
0.243495 19.0713410690379 71.5623457524163
0.243995 19.1105027377971 71.5578352223654
0.244495 19.1496644065563 71.6969998268042
0.244995 19.1888260753155 71.611671746728
0.245495 19.2279877440747 71.6746557932644
0.245995 19.2671494128339 71.8342227147405
0.246495 19.3063110815931 71.9767935903275
0.246995 19.3454727503523 71.9919265945176
0.247495 19.3846344191115 71.9693359876315
0.247995 19.4237960878706 72.069212288898
0.248495 19.4629577566298 72.2081182747449
0.248995 19.502119425389 72.2149667160498
0.249495 19.5412810941482 72.2087269390816
0.249995 19.5804427629074 72.3263257176202
0.250495 19.6196044316666 72.3703961682102
0.250995 19.6587661004258 72.3418626104623
0.251495 19.697927769185 72.6630397312529
0.251995 19.7370894379442 72.578024710193
0.252495 19.7762511067034 72.6784770158065
0.252995 19.8154127754625 72.7240171150543
0.253495 19.8545744442217 72.7965756627941
0.253995 19.8937361129809 72.8139480065324
0.254495 19.9328977817401 72.8757130299431
0.254995 19.9720594504993 72.8554584818241
0.255495 20.0112211192585 73.0058248424102
0.255995 20.0503827880177 73.080263924396
0.256495 20.0895444567769 73.0157696141525
0.256995 20.1287061255361 73.2060504030438
0.257495 20.1678677942953 73.2292490031132
0.257995 20.2070294630544 73.3311305840369
0.258495 20.2461911318136 73.4498298316036
0.258995 20.2853528005728 73.4944231741139
0.259495 20.324514469332 73.6337429921676
0.259995 20.3636761380912 73.6574078628336
0.260495 20.4028378068504 73.6375919926962
0.260995 20.4419994756096 73.7534857445169
0.261495 20.4811611443688 73.720384115127
0.261995 20.520322813128 73.8965477668639
0.262495 20.5594844818871 73.9732541007961
0.262995 20.5986461506463 74.0562289492119
0.263495 20.6378078194055 74.0348620785041
0.263995 20.6769694881647 74.1555348527306
0.264495 20.7161311569239 74.1532810321404
0.264995 20.7552928256831 74.3433241871984
0.265495 20.7944544944423 74.4366475334213
0.265995 20.8336161632015 74.4350450668358
0.266495 20.8727778319607 74.4506181265912
0.266995 20.9119395007199 74.5875293125121
0.267495 20.951101169479 74.6727345690642
0.267995 20.9902628382382 74.8019630066803
0.268495 21.0294245069974 74.8247570491247
0.268995 21.0685861757566 74.8081842990434
0.269495 21.1077478445158 74.9896981256436
0.269995 21.146909513275 75.0344807180421
0.270495 21.1860711820342 75.3095013383822
0.270995 21.2252328507934 75.3495787651861
0.271495 21.2643945195526 75.2954329614942
0.271995 21.3035561883118 75.2689834473629
0.272495 21.342717857071 75.591339705466
0.272995 21.3818795258301 75.4454284945525
0.273495 21.4210411945893 75.4450711601049
0.273995 21.4602028633485 75.6670570897362
0.274495 21.4993645321077 75.5599930118656
0.274995 21.5385262008669 75.9199557213176
0.275495 21.5776878696261 75.9945004808192
0.275995 21.6168495383853 76.0511151340328
0.276495 21.6560112071445 75.9402247656153
0.276995 21.6951728759037 76.1067016406286
0.277495 21.7343345446628 76.2687155648214
0.277995 21.773496213422 76.2784505846432
0.278495 21.8126578821812 76.3810679658043
0.278995 21.8518195509404 76.4234670858841
0.279495 21.8909812196996 76.6507079996412
0.279995 21.9301428884588 76.7403558223016
0.280495 21.969304557218 76.8354700814366
0.280995 22.0084662259772 76.9431685063873
0.281495 22.0476278947364 77.0538750811231
0.281995 22.0867895634956 77.0750971386111
0.282495 22.1259512322547 77.1995421438529
0.282995 22.1651129010139 77.4111945507524
0.283495 22.2042745697731 77.4409087725594
0.283995 22.2434362385323 77.4529295971012
0.284495 22.2825979072915 77.5523976395986
0.284995 22.3217595760507 77.7382272025236
0.285495 22.3609212448099 77.5866100430726
0.285995 22.4000829135691 77.8821182863701
0.286495 22.4392445823283 77.9462471524799
0.286995 22.4784062510875 78.0154067667552
0.287495 22.5175679198467 78.1948560810057
0.287995 22.5567295886058 78.1972680069028
0.288495 22.595891257365 78.585073144893
0.288995 22.6350529261242 78.4099103835584
0.289495 22.6742145948834 78.5947804373574
0.289995 22.7133762636426 78.705620407182
0.290495 22.7525379324018 78.7150397698086
0.290995 22.791699601161 78.7774562778455
0.291495 22.8308612699202 78.7344635604929
0.291995 22.8700229386794 78.97097980525
0.292495 22.9091846074385 79.174918966196
0.292995 22.9483462761977 79.4014292159913
0.293495 22.9875079449569 79.5550728761003
0.293995 23.0266696137161 79.5538245997287
0.294495 23.0658312824753 79.7718678449417
0.294995 23.1049929512345 79.6859186150193
0.295495 23.1441546199937 79.8973060933736
0.295995 23.1833162887529 80.1338074583638
0.296495 23.2224779575121 80.0402057903307
0.296995 23.2616396262713 80.4597802326999
0.297495 23.3008012950305 80.3898806528994
0.297995 23.3399629637896 80.4622983018401
0.298495 23.3791246325488 80.7359529071885
0.298995 23.418286301308 80.7999049670863
0.299495 23.4574479700672 80.9959314641879
0.299995 23.4966096388264 81.2559045023573
0.300495 23.5357713075856 81.2104310159948
0.300995 23.5749329763448 81.4201004636141
0.301495 23.614094645104 81.5600249817447
0.301995 23.6532563138632 81.7782850325723
0.302495 23.6924179826224 81.6124539047494
0.302995 23.7315796513815 82.0879056933666
0.303495 23.7707413201407 82.3105075360648
0.303995 23.8099029888999 82.5809581714623
0.304495 23.8490646576591 82.6117954498042
0.304995 23.8882263264183 82.889406211226
0.305495 23.9273879951775 82.8208226214029
0.305995 23.9665496639367 83.0349986751542
0.306495 24.0057113326959 83.1208363652066
0.306995 24.0448730014551 83.3895924547599
0.307495 24.0840346702143 83.7642755721229
0.307995 24.1231963389734 83.6503352342439
0.308495 24.1623580077326 83.8933101291646
0.308995 24.2015196764918 84.4166594132617
0.309495 24.240681345251 84.2513486499539
0.309995 24.2798430140102 84.6566217153507
0.310495 24.3190046827694 84.4862374647174
0.310995 24.3581663515286 84.9762370348314
0.311495 24.3973280202878 84.7806837317909
0.311995 24.436489689047 85.3829227978154
0.312495 24.4756513578061 85.3814155234852
0.312995 24.5148130265653 85.7222994116516
0.313495 24.5539746953245 86.183069198916
0.313995 24.5931363640837 86.2967412656761
0.314495 24.6322980328429 86.5593679232603
0.314995 24.6714597016021 86.4624766261692
0.315495 24.7106213703613 86.9349230859734
0.315995 24.7497830391205 86.8575221085413
0.316495 24.7889447078797 87.2797257362636
0.316995 24.8281063766389 87.3922392009443
0.317495 24.8672680453981 87.5178521050105
0.317995 24.9064297141572 87.8646491974021
0.318495 24.9455913829164 88.4199852012972
0.318995 24.9847530516756 88.2288829109307
0.319495 25.0239147204348 88.7150894920777
0.319995 25.063076389194 88.6370415835425
0.320495 25.1022380579532 89.2646301736368
0.320995 25.1413997267124 89.4902933114998
0.321495 25.1805613954716 89.4301150751772
0.321995 25.2197230642308 90.0751040065328
0.322495 25.25888473299 89.9371084575805
0.322995 25.2980464017491 90.5293289429934
0.323495 25.3372080705083 90.404102873685
0.323995 25.3763697392675 90.813043378344
0.324495 25.4155314080267 91.4633289543283
0.324995 25.4546930767859 91.4250488602779
0.325495 25.4938547455451 91.7970188208152
0.325995 25.5330164143043 91.8709487726453
0.326495 25.5721780830635 92.3988874007849
0.326995 25.6113397518227 92.4866990664438
0.327495 25.6505014205819 93.0218673075793
0.327995 25.689663089341 93.1442856719623
0.328495 25.7288247581002 93.4498105169082
0.328995 25.7679864268594 93.8404804314529
0.329495 25.8071480956186 94.0807168262612
0.329995 25.8463097643778 94.4779561000372
0.330495 25.885471433137 94.6864518071377
0.330995 25.9246331018962 95.0507915747071
0.331495 25.9637947706554 95.104450662269
0.331995 26.0029564394146 95.4037184870217
0.332495 26.0421181081737 95.9919605270697
0.332995 26.0812797769329 96.3707631063436
0.333495 26.1204414456921 96.4912421363585
0.333995 26.1596031144513 97.0900764611091
0.334495 26.1987647832105 97.0165131422679
0.334995 26.2379264519697 97.5897750533214
0.335495 26.2770881207289 97.727487874617
0.335995 26.3162497894881 98.0932250999139
0.336495 26.3554114582473 98.5042644503551
0.336995 26.3945731270065 98.6788991925452
0.337495 26.4337347957656 99.0750532629558
0.337995 26.4728964645248 99.43393831481
0.338495 26.512058133284 99.9497234296561
0.338995 26.5512198020432 100.046008423861
0.339495 26.5903814708024 100.404742215311
0.339995 26.6295431395616 100.87305944316
0.340495 26.6687048083208 101.227393748168
0.340995 26.70786647708 101.382920324139
0.341495 26.7470281458392 101.869870261909
0.341995 26.7861898145984 101.965977960204
0.342495 26.8253514833576 102.34972694428
0.342995 26.8645131521167 102.826790475547
0.343495 26.9036748208759 103.136377461338
0.343995 26.9428364896351 103.426156965166
0.344495 26.9819981583943 103.960691441725
0.344995 27.0211598271535 104.078379860867
0.345495 27.0603214959127 104.882133867336
0.345995 27.0994831646719 104.785874390486
0.346495 27.1386448334311 105.478408020575
0.346995 27.1778065021903 106.027636286156
0.347495 27.2169681709494 106.199820371433
0.347995 27.2561298397086 106.330099766245
0.348495 27.2952915084678 106.913918676678
0.348995 27.334453177227 106.912600359874
0.349495 27.3736148459862 107.634592862681
0.349995 27.4127765147454 108.049793568447
0.350495 27.4519381835046 108.328295637619
0.350995 27.4910998522638 108.792950150352
0.351495 27.530261521023 109.185809390686
0.351995 27.5694231897822 109.230902215841
0.352495 27.6085848585413 110.077141639282
0.352995 27.6477465273005 109.85550434348
0.353495 27.6869081960597 110.503666621285
0.353995 27.7260698648189 111.005377342246
0.354495 27.7652315335781 111.301800868121
0.354995 27.8043932023373 111.630375748054
0.355495 27.8435548710965 112.425109488065
0.355995 27.8827165398557 112.243078845456
0.356495 27.9218782086149 113.056917168372
0.356995 27.9610398773741 113.60376633748
0.357495 28.0002015461333 113.68357057641
0.357995 28.0393632148924 113.814411050019
0.358495 28.0785248836516 114.459092109259
0.358995 28.1176865524108 115.228624852872
0.359495 28.15684822117 115.378631670608
0.359995 28.1960098899292 115.63538627689
0.360495 28.2351715586884 116.424559730319
0.360995 28.2743332274476 116.703403317645
0.361495 28.3134948962068 117.288400690621
0.361995 28.352656564966 117.168661841844
0.362495 28.3918182337251 118.253925339845
0.362995 28.4309799024843 118.442654897787
0.363495 28.4701415712435 118.755020583849
0.363995 28.5093032400027 119.334267471102
0.364495 28.5484649087619 119.564371364363
0.364995 28.5876265775211 120.037397817432
0.365495 28.6267882462803 119.906529832766
0.365995 28.6659499150395 121.12123892553
0.366495 28.7051115837987 121.72804675344
0.366995 28.7442732525579 122.16921916603
0.367495 28.7834349213171 122.548992309143
0.367995 28.8225965900762 122.327805552279
0.368495 28.8617582588354 123.26815448725
0.368995 28.9009199275946 123.881202667033
0.369495 28.9400815963538 124.115757898966
0.369995 28.979243265113 125.058660413713
0.370495 29.0184049338722 124.807878771605
0.370995 29.0575666026314 125.619678914916
0.371495 29.0967282713906 126.166374898754
0.371995 29.1358899401498 126.487587128979
0.372495 29.175051608909 127.182764134484
0.372995 29.2142132776681 127.512815731668
0.373495 29.2533749464273 127.897016538155
0.373995 29.2925366151865 128.804806319624
0.374495 29.3316982839457 129.210509990414
0.374995 29.3708599527049 129.711723430078
0.375495 29.4100216214641 130.157429802284
0.375995 29.4491832902233 130.660512215294
0.376495 29.4883449589825 130.94630913426
0.376995 29.5275066277417 131.686681029653
0.377495 29.5666682965008 132.651892490982
0.377995 29.60582996526 133.04398136027
0.378495 29.6449916340192 133.726208106286
0.378995 29.6841533027784 133.92082848082
0.379495 29.7233149715376 134.487275099552
0.379995 29.7624766402968 134.938405797836
0.380495 29.801638309056 135.426757637801
0.380995 29.8407999778152 135.984048356553
0.381495 29.8799616465744 136.70179694646
0.381995 29.9191233153336 137.455364652439
0.382495 29.9582849840927 137.72454631267
0.382995 29.9974466528519 138.555018938529
0.383495 30.0366083216111 139.040952561793
0.383995 30.0757699903703 139.717179975284
0.384495 30.1149316591295 140.381069416447
0.384995 30.1540933278887 140.607077475762
0.385495 30.1932549966479 141.718161383418
0.385995 30.2324166654071 142.002974540409
0.386495 30.2715783341663 142.84088634379
0.386995 30.3107400029255 142.630625563036
0.387495 30.3499016716846 139.885369610078
0.387995 30.3890633404438 133.596045783954
0.388495 30.428225009203 128.564320176325
0.388995 30.4673866779622 123.745874697736
0.389495 30.5065483467214 119.732059042894
0.389995 30.5457100154806 116.024396379626
0.390495 30.5848716842398 112.551386408096
0.390995 30.624033352999 109.616982473358
0.391495 30.6631950217582 106.49076736416
0.391995 30.7023566905174 103.373673223458
0.392495 30.7415183592766 100.429050006848
0.392995 30.7806800280357 97.4173907534583
0.393495 30.8198416967949 94.6782651097091
0.393995 30.8590033655541 91.8077404410585
0.394495 30.8981650343133 89.1019908450694
0.394995 30.9373267030725 86.5509385403986
0.395495 30.9764883718317 84.1294594079806
0.395995 31.0156500405909 81.7969248927815
0.396495 31.0548117093501 79.546007815992
0.396995 31.0939733781093 77.4550407888076
0.397495 31.1331350468684 75.4226308524349
0.397995 31.1722967156276 73.3108853815698
0.398495 31.2114583843868 71.455101621392
0.398995 31.250620053146 69.6226045160226
0.399495 31.2897817219052 67.6961012811636
0.399995 31.3289433906644 65.935222531056
0.400495 31.3681050594236 64.2980038175526
0.400995 31.4072667281828 62.6773816939195
0.401495 31.446428396942 61.1471465561324
0.401995 31.4855900657012 59.6105156394319
0.402495 31.5247517344603 58.1966739381102
0.402995 31.5639134032195 56.8009976125495
0.403495 31.6030750719787 55.5009484025777
0.403995 31.6422367407379 54.2833730235571
0.404495 31.6813984094971 53.0951355462774
0.404995 31.7205600782563 51.9724279185028
0.405495 31.7597217470155 50.991578460775
0.405995 31.7988834157747 49.9973809317982
0.406495 31.8380450845339 49.1296357383974
0.406995 31.8772067532931 48.2805160480084
0.407495 31.9163684220523 47.4951218626669
0.407995 31.9555300908114 46.7688117578944
0.408495 31.9946917595706 46.079116382923
0.408995 32.0338534283298 45.4479965658738
0.409495 32.073015097089 44.8298201836803
0.409995 32.1121767658482 44.2527420573149
0.410495 32.1513384346074 43.6924937305152
0.410995 32.1905001033666 43.1517377336741
0.411495 32.2296617721258 42.6252677816633
0.411995 32.268823440885 42.1103206752773
0.412495 32.3079851096441 41.599550322207
0.412995 32.3471467784033 41.1045202338254
0.413495 32.3863084471625 40.623229966813
0.413995 32.4254701159217 40.1649728723999
0.414495 32.4646317846809 39.7023858530524
0.414995 32.5037934534401 39.2498522865558
0.415495 32.5429551221993 38.8040795093761
0.415995 32.5821167909585 38.3514892215535
0.416495 32.6212784597177 37.8977437028032
0.416995 32.6604401284768 37.4426710380301
0.417495 32.699601797236 36.9815998310852
0.417995 32.7387634659952 36.5263308893094
0.418495 32.7779251347544 36.0768612394408
0.418995 32.8170868035136 35.6392437188554
0.419495 32.8562484722728 35.2201151715046
0.419995 32.895410141032 34.8127637547648
0.420495 32.9345718097912 34.4105953577454
0.420995 32.9737334785504 34.0116237456276
0.421495 33.0128951473096 33.6152177675954
0.421995 33.0520568160688 33.224433508687
0.422495 33.091218484828 32.838701741028
0.422995 33.1303801535871 32.4509054195681
0.423495 33.1695418223463 32.0656174913702
0.423995 33.2087034911055 31.6838375740438
0.424495 33.2478651598647 31.3013703852642
0.424995 33.2870268286239 30.9234143169994
0.425495 33.3261884973831 30.5511536847254
0.425995 33.3653501661423 30.1672984338955
0.426495 33.4045118349015 29.73792032456
0.426995 33.4436735036606 29.2825636115925
0.427495 33.4828351724198 28.8147332303912
0.427995 33.521996841179 28.3129394318279
0.428495 33.5611585099382 27.7992531612192
0.428995 33.6003201786974 27.2541312891625
0.429495 33.6394818474566 26.6902814290677
0.429995 33.6786435162158 26.1117138561956
0.430495 33.717805184975 25.4995079403858
0.430995 33.7569668537342 24.8691582616206
0.431495 33.7961285224934 24.2209712557137
0.431995 33.8352901912526 23.5473103098687
0.432495 33.8744518600118 22.8471743438333
0.432995 33.9136135287709 22.1213813007324
0.433495 33.9527751975301 21.3727159686957
0.433995 33.9919368662893 20.5990535246218
0.434495 34.0310985350485 19.7986333111451
0.434995 34.0702602038077 18.9709860283487
0.435495 34.1094218725669 18.1140474964504
0.435995 34.1485835413261 17.2277000241465
0.436495 34.1877452100853 16.3109865378597
0.436995 34.2269068788445 15.36260437883
0.437495 34.2660685476037 14.3826412193259
0.437995 34.3052302163628 13.3688826914151
0.438495 34.344391885122 12.3270157257943
0.438995 34.3835535538812 11.3166988646629
0.439495 34.4227152226404 10.3619655270859
0.439995 34.4618768913996 9.40384196779985
0.440495 34.5010385601588 8.45420456442108
0.440995 34.540200228918 7.4982866796391
0.441495 34.5793618976772 6.53978103606313
0.441995 34.6185235664364 5.58134175914558
0.442495 34.6576852351956 4.6247165383564
0.442995 34.6968469039548 3.6650222276666
0.443495 34.7360085727139 2.6998337749859
0.443995 34.7751702414731 1.73366579903638
0.444495 34.8143319102323 0.771605568378211
0.444995 34.8534935789915 -0.195632363911835
0.445495 34.8926552477507 -1.17736334630042
0.445995 34.9318169165099 -2.22495082717744
0.446495 34.9709785852691 -3.32971089574191
0.446995 35.0101402540283 -4.49190753282938
0.447495 35.0493019227874 -5.7162093566295
0.447995 35.0884635915466 -6.99919489735573
0.448495 35.1276252603058 -8.3360125989779
0.448995 35.166786929065 -9.73060767362399
0.449495 35.2059485978242 -11.1769771868367
0.449995 35.2451102665834 -12.6821456620483
0.450495 35.2842719353426 -14.242623565405
0.450995 35.3234336041018 -15.8555210197706
0.451495 35.362595272861 -17.5173711565129
0.451995 35.4017569416202 -19.2221966222495
0.452495 35.4409186103793 -20.9674949502369
0.452995 35.4800802791385 -22.73635216193
0.453495 35.5192419478977 -24.5111556306841
0.453995 35.5584036166569 -26.2672760307215
0.454495 35.5975652854161 -27.9603726793373
0.454995 35.6367269541753 -29.5571308816481
0.455495 35.6758886229345 -30.9991173917111
0.455995 35.7150502916937 -32.1604287852112
0.456495 35.7542119604529 -28.1904726701378
0.456995 35.7933736292121 -22.213919075207
0.457495 35.8325352979713 -16.3285811183686
0.457995 35.8716969667305 -12.0035301995177
0.458495 35.9108586354896 -8.28000496503217
0.458995 35.9500203042488 -6.0655533173713
0.459495 35.989181973008 -5.04911645640099
0.459995 36.0283436417672 -4.24100875954818
0.460495 36.0675053105264 -4.19695774331969
0.460995 36.1066669792856 -3.84599512134974
0.461495 36.1458286480448 -3.15035187639681
0.461995 36.184990316804 -3.03956427510314
0.462495 36.2241519855631 -3.6919549091077
0.462995 36.2633136543223 -3.94226833095162
0.463495 36.3024753230815 -4.10353202996001
0.463995 36.3416369918407 -4.01742910416448
0.464495 36.3807986605999 -3.71275680861261
0.464995 36.4199603293591 -3.27107074451295
0.465495 36.4591219981183 -2.97907744202393
0.465995 36.4982836668775 -2.04103751177388
0.466495 36.5374453356367 -1.36184013872131
0.466995 36.5766070043959 -0.929136449694521
0.467495 36.615768673155 -0.281662493901772
0.467995 36.6549303419142 0.108223538037061
0.468495 36.6940920106734 0.515376077951611
0.468995 36.7332536794326 0.626198257921881
0.469495 36.7724153481918 0.281428438152973
0.469995 36.811577016951 0.176578359535949
0.470495 36.8507386857102 0.494982005239506
0.470995 36.8899003544694 0.806707851784479
0.471495 36.9290620232286 1.10236505586562
0.471995 36.9682236919878 1.42677698167945
0.472495 37.007385360747 1.26344323877435
0.472995 37.0465470295061 1.06606973935172
0.473495 37.0857086982653 0.887130371924114
0.473995 37.1248703670245 0.512934428199536
0.474495 37.1640320357837 0.0649079375101396
0.474995 37.2031937045429 -0.385302661305601
0.475495 37.2423553733021 -0.65618699111669
0.475995 37.2815170420613 -0.915663469204578
0.476495 37.3206787108205 -1.09231175454731
0.476995 37.3598403795796 -1.19973408083313
0.477495 37.3990020483388 -1.53582620397126
0.477995 37.438163717098 -1.61396959465029
0.478495 37.4773253858572 -1.90524622728985
0.478995 37.5164870546164 -1.95778621716125
0.479495 37.5556487233756 -1.96365892400768
0.479995 37.5948103921348 -1.9964514472538
0.480495 37.633972060894 -2.12842921516855
0.480995 37.6731337296532 -2.00652335504364
0.481495 37.7122953984124 -1.87818780281901
0.481995 37.7514570671716 -1.66925760966764
0.482495 37.7906187359307 -1.41404239608492
0.482995 37.8297804046899 -1.25976366964786
0.483495 37.8689420734491 -1.10895334909508
0.483995 37.9081037422083 -1.06626955046046
0.484495 37.9472654109675 -1.00077583913689
0.484995 37.9864270797267 -0.731419412923857
0.485495 38.0255887484859 -0.668128010210283
0.485995 38.0647504172451 -0.585340666422486
0.486495 38.1039120860043 -0.337227640168888
0.486995 38.1430737547635 -0.0871206322140728
0.487495 38.1822354235227 -0.0669037467535898
0.487995 38.2213970922818 -0.112762647762364
0.488495 38.260558761041 -0.24006171794786
0.488995 38.2997204298002 -0.29618161637437
0.489495 38.3388820985594 -0.160471938906088
0.489995 38.3780437673186 -0.220346575717042
0.490495 38.4172054360778 -0.406609228269048
0.490995 38.456367104837 -0.356945197996666
0.491495 38.4955287735962 -0.395314520280198
0.491995 38.5346904423553 -0.358307689247241
0.492495 38.5738521111145 -0.23194563892849
0.492995 38.6130137798737 -0.287539648450438
0.493495 38.6521754486329 0.0125829129067793
0.493995 38.6913371173921 0.0789560744075801
0.494495 38.7304987861513 0.227969627981523
0.494995 38.7696604549105 0.303661781357673
0.495495 38.8088221236697 0.450389423268718
0.495995 38.8479837924289 0.467794560691528
0.496495 38.8871454611881 0.701930938168422
0.496995 38.9263071299473 0.773587672268935
0.497495 38.9654687987065 0.837498870566203
0.497995 39.0046304674656 0.892444857343015
0.498495 39.0437921362248 0.906540198446315
0.498995 39.082953804984 0.988920613846052
0.499495 39.1221154737432 1.02708482110174
0.499995 39.1612771425024 1.19464963251477
