# Fix print output for fix Step
0 0 -0.754281935348873
0.000494999999999942 0.00216056017736435 2.34522285006022
0.000994999999999959 0.00434294419490442 -0.283423989816661
0.00149499999999998 0.00652532821244449 2.79499568834398
0.00199499999999999 0.00870771222998457 1.57144267058868
0.00249500000000001 0.0108900962475246 1.57395574888441
0.00299500000000003 0.0130724802650647 3.51836751017314
0.00349500000000004 0.0152548642826048 1.15497268521313
0.00399500000000006 0.0174372483001449 3.83779790539385
0.00449500000000008 0.0196196323176849 0.913804813043075
0.00499500000000009 0.021802016335225 5.14584505890703
0.00549500000000011 0.0239844003527651 1.61466694273444
0.00599500000000013 0.0261667843703052 4.52221792219637
0.00649500000000014 0.0283491683878452 3.21382931125883
0.00699500000000016 0.0305315524053853 3.82979994851813
0.00749500000000001 0.0327139364229247 4.37857840086693
0.00799500000000003 0.0348963204404647 3.58987091882898
0.00849500000000005 0.0370787044580048 5.80079141308331
0.0089949999999999 0.0392610884755442 3.43479969967198
0.00949499999999992 0.0414434724930842 6.66629703388151
0.00999499999999993 0.0436258565106243 3.5767652729962
0.010495 0.0458082405281644 6.34568955314972
0.010995 0.0479906245457045 4.78227389127549
0.011495 0.0501730085632445 6.16709240446437
0.011995 0.0523553925807846 5.50018085563835
0.012495 0.0545377765983247 5.84845605294704
0.012995 0.0567201606158648 7.05319192590637
0.0134950000000001 0.0589025446334048 5.621897663049
0.0139950000000001 0.0610849286509449 7.96110298928537
0.0144950000000001 0.063267312668485 5.83377298474824
0.0149950000000001 0.065449696686025 8.29214700443019
0.0154950000000001 0.0676320807035651 5.87296925498746
0.0159950000000001 0.0698144647211052 8.49720222140493
0.0164950000000002 0.0719968487386453 6.7165331633038
0.016995 0.0741792327561846 8.22337783158106
0.017495 0.0763616167737247 7.98676405736148
0.017995 0.0785440007912648 8.16406797375697
0.0184949999999999 0.0807263848088041 8.9776321139742
0.0189949999999999 0.0829087688263442 8.00707338260405
0.0194949999999999 0.0850911528438843 9.73473563819742
0.0199949999999999 0.0872735368614244 8.20994776056386
0.020495 0.0894559208789644 10.4632525400139
0.020995 0.0916383048965045 8.55467196400132
0.021495 0.0938206889140446 10.414575418472
0.021995 0.0960030729315847 9.34201807058433
0.022495 0.0981854569491247 10.3694716611461
0.022995 0.100367840966665 10.450444987364
0.0234950000000001 0.102550224984205 10.4578901176199
0.0239950000000001 0.104732609001745 10.5569409466113
0.0244950000000001 0.106914993019285 10.0679546472024
0.0249950000000001 0.109097377036825 11.8973717207993
0.0254950000000001 0.111279761054365 10.2265264921146
0.0259950000000001 0.113462145071905 11.9461774411007
0.026495 0.115644529089445 11.0334268058105
0.026995 0.117826913106985 11.7917370000078
0.027495 0.120009297124525 11.4129738561554
0.0279949999999999 0.122191681142064 12.3835433354194
0.0284949999999999 0.124374065159604 12.4608950717337
0.0289949999999999 0.126556449177144 12.0826492818688
0.0294949999999999 0.128738833194684 12.8905127174983
0.029995 0.130921217212224 12.4287774769649
0.030495 0.133103601229764 13.5776659044663
0.030995 0.135285985247305 12.6367874287361
0.031495 0.137468369264845 13.6510121590803
0.031995 0.139650753282385 13.1809513734215
0.032495 0.141833137299925 13.9789569225084
0.0329950000000001 0.144015521317465 13.6524490215306
0.0334950000000001 0.146197905335005 13.9523000733374
0.0339950000000001 0.148380289352545 14.3846285426787
0.0344950000000001 0.150562673370085 14.4426528751618
0.0349950000000001 0.152745057387625 14.5873866336908
0.0354950000000001 0.154927441405165 14.5020124242694
0.035995 0.157109825422705 15.3549811004217
0.036495 0.159292209440245 14.8037221377406
0.036995 0.161474593457785 15.5368535624936
0.037495 0.163656977475325 15.4221021140746
0.0379949999999999 0.165839361492864 15.2510037580173
0.0384949999999999 0.168021745510404 16.0614696015366
0.0389949999999999 0.170204129527944 16.1850393521785
0.0394949999999999 0.172386513545484 16.0615465485766
0.039995 0.174568897563024 15.7615911740571
0.040495 0.176751281580565 16.7913472246528
0.040995 0.178933665598105 16.6416181043356
0.041495 0.181116049615645 16.9324079946851
0.041995 0.183298433633185 16.9089191478474
0.042495 0.185480817650725 16.9227650783359
0.0429950000000001 0.187663201668265 17.2459679142713
0.0434950000000001 0.189845585685805 17.6183734024713
0.0439950000000001 0.192027969703345 17.4566532290355
0.0444950000000001 0.194210353720885 17.6698501175125
0.0449950000000001 0.196392737738425 18.3189433208298
0.0454950000000001 0.198575121755965 18.1420722168659
0.045995 0.200757505773505 18.568811269048
0.046495 0.202939889791045 18.4840341037185
0.046995 0.205122273808585 18.6631504358265
0.0474949999999999 0.207304657826124 18.428243552302
0.0479949999999999 0.209487041843664 18.7992956178813
0.0484949999999999 0.211669425861204 19.2943358006808
0.0489949999999999 0.213851809878744 18.9385565245142
0.049495 0.216034193896284 19.2734902934081
0.049995 0.218216577913824 19.4585957248519
0.050495 0.220398961931365 19.7870323325138
0.050995 0.222581345948905 19.9959974679789
0.051495 0.224763729966445 20.0132874911728
0.051995 0.226946113983985 20.0484753586485
0.0524950000000001 0.229128498001525 20.4486744219201
0.0529950000000001 0.231310882019065 20.9134486255911
0.0534950000000001 0.233493266036605 20.6222825878341
0.0539950000000001 0.235675650054145 21.0056369424315
0.0544950000000001 0.237858034071685 21.2989747467553
0.0549950000000001 0.240040418089225 21.1620700739545
0.055495 0.242222802106765 21.2486500958341
0.055995 0.244405186124305 21.4832538383758
0.056495 0.246587570141845 21.8153258338439
0.0569949999999999 0.248769954159384 21.6697190590887
0.0574949999999999 0.250952338176924 22.1575018106961
0.0579949999999999 0.253134722194464 22.3087588486249
0.0584949999999999 0.255317106212004 22.5738792040497
0.058995 0.257499490229544 22.7445746616777
0.059495 0.259681874247084 22.590790300808
0.059995 0.261864258264625 22.8915245407067
0.060495 0.264046642282165 22.8259033948009
0.060995 0.266229026299705 23.1909554702733
0.061495 0.268411410317245 23.3041061959665
0.0619950000000001 0.270593794334785 23.7129596310931
0.0624950000000001 0.272776178352325 23.5400763282927
0.0629950000000001 0.274958562369865 23.8528994214082
0.0634950000000001 0.277140946387405 23.9230618794508
0.0639950000000001 0.279323330404945 24.1105837943194
0.0644950000000001 0.281505714422485 24.3403722785383
0.064995 0.283688098440025 24.3749401106422
0.065495 0.285870482457565 24.5666600570686
0.065995 0.288052866475105 24.2220905628064
0.066495 0.290235250492645 24.7151204658303
0.0669949999999999 0.292417634510184 24.7998186692204
0.0674949999999999 0.294600018527724 25.4045193234552
0.0679949999999999 0.296782402545264 25.029393580487
0.0684949999999999 0.298964786562804 25.4556022763773
0.068995 0.301147170580344 25.5832929906784
0.069495 0.303329554597885 25.4508525381357
0.069995 0.305511938615425 26.0368510328278
0.070495 0.307694322632965 26.0195229066327
0.070995 0.309876706650505 26.2675823351765
0.071495 0.312059090668045 26.0790191934855
0.0719950000000001 0.314241474685585 26.6794955802386
0.0724950000000001 0.316423858703125 26.1256086677335
0.0729950000000001 0.318606242720665 26.7060840371333
0.0734950000000001 0.320788626738205 26.7658686777138
0.0739950000000001 0.322971010755745 26.848723163735
0.074495 0.325153394773285 26.9697858326485
0.074995 0.327335778790825 27.3897742146313
0.075495 0.329518162808365 27.4551999436023
0.075995 0.331700546825905 27.0000536565623
0.0764949999999999 0.333882930843444 27.9080477558635
0.0769949999999999 0.336065314860984 27.5158492894245
0.0774949999999999 0.338247698878524 28.0453700968262
0.0779949999999999 0.340430082896064 27.9760154907985
0.078495 0.342612466913604 28.5319404875432
0.078995 0.344794850931144 28.3122631707378
0.079495 0.346977234948685 28.841289767267
0.079995 0.349159618966225 28.922151238335
0.080495 0.351342002983765 28.8343885053567
0.080995 0.353524387001305 29.1219771018034
0.0814950000000001 0.355706771018845 29.0059401264319
0.0819950000000001 0.357889155036385 29.4455900552947
0.0824950000000001 0.360071539053925 28.9567876052533
0.0829950000000001 0.362253923071465 29.7541911312752
0.0834950000000001 0.364436307089005 29.2723821871578
0.083995 0.366618691106544 30.1720045925429
0.084495 0.368801075124085 29.7918292466122
0.084995 0.370983459141625 29.926859663271
0.085495 0.373165843159165 30.2081918566114
0.0859949999999999 0.375348227176704 30.2707755709803
0.0864949999999999 0.377530611194244 30.4759448883936
0.0869949999999999 0.379712995211784 30.0743037040913
0.0874949999999999 0.381895379229324 30.7542074320115
0.0879949999999999 0.384077763246864 30.7009354509813
0.088495 0.386260147264404 30.9436193176115
0.088995 0.388442531281945 30.8148481490761
0.089495 0.390624915299485 31.3759287443736
0.089995 0.392807299317025 31.1991407251253
0.090495 0.394989683334565 31.4920606878256
0.090995 0.397172067352105 31.685457835187
0.0914950000000001 0.399354451369645 31.5690714028999
0.0919950000000001 0.401536835387185 31.7128553313937
0.0924950000000001 0.403719219404725 31.9186671680018
0.0929950000000001 0.405901603422265 32.2732338954527
0.093495 0.408083987439804 31.9755023758836
0.093995 0.410266371457345 32.2135819668372
0.094495 0.412448755474885 32.3316570125175
0.094995 0.414631139492425 32.6682368105949
0.0954949999999999 0.416813523509964 32.6274280522413
0.0959949999999999 0.418995907527504 32.6939703377677
0.0964949999999999 0.421178291545044 32.7612299562979
0.0969949999999999 0.423360675562584 32.9821233994877
0.0974949999999999 0.425543059580124 33.4900759847735
0.097995 0.427725443597664 33.3789391853782
0.098495 0.429907827615205 33.3641607527281
0.098995 0.432090211632745 33.4396311732592
0.099495 0.434272595650285 33.6459417558866
0.099995 0.436454979667825 33.5893596067755
0.100495 0.438637363685365 33.8974580888255
0.100995 0.440819747702905 33.8672575215012
0.101495 0.443002131720445 34.1614070697022
0.101995 0.445184515737985 34.3538562191975
0.102495 0.447366899755525 34.220854942081
0.102995 0.449549283773064 34.7387899530376
0.103495 0.451731667790605 34.7162622929582
0.103995 0.453914051808145 34.8453544374805
0.104495 0.456096435825685 34.8305251004034
0.104995 0.458278819843225 35.0679093123449
0.105495 0.460461203860764 35.3923920091734
0.105995 0.462643587878304 35.1975286805099
0.106495 0.464825971895844 35.0447950890651
0.106995 0.467008355913384 35.2492607677695
0.107495 0.469190739930924 35.617380857588
0.107995 0.471373123948464 35.4514936629476
0.108495 0.473555507966005 35.6994650693015
0.108995 0.475737891983545 35.9007715831867
0.109495 0.477920276001085 35.8754085850304
0.109995 0.480102660018625 35.9670100550317
0.110495 0.482285044036165 36.151422950212
0.110995 0.484467428053705 36.1914643051054
0.111495 0.486649812071245 36.0796890344825
0.111995 0.488832196088785 36.5610980644274
0.112495 0.491014580106324 36.6671531539606
0.112995 0.493196964123865 36.7143842283628
0.113495 0.495379348141405 36.772640417141
0.113995 0.497561732158945 36.7554156642029
0.114495 0.499744116176485 37.1912916656865
0.114995 0.501926500194024 37.2409175873188
0.115495 0.504108884211564 37.2919771027474
0.115995 0.506291268229104 37.2422135010466
0.116495 0.508473652246644 37.6497186839721
0.116995 0.510656036264184 37.6993344330614
0.117495 0.512838420281724 37.8754923253497
0.117995 0.515020804299265 37.7395271197958
0.118495 0.517203188316805 37.9663122143534
0.118995 0.519385572334345 38.0887699298165
0.119495 0.521567956351885 38.0520033757601
0.119995 0.523750340369425 38.0536770525108
0.120495 0.525932724386965 38.0327683179621
0.120995 0.528115108404505 38.6730464447384
0.121495 0.530297492422045 38.4569674485986
0.121995 0.532479876439585 38.5009212069242
0.122495 0.534662260457125 38.4497994536481
0.122995 0.536844644474665 38.99103059727
0.123495 0.539027028492205 38.912566232847
0.123995 0.541209412509745 38.7573467824982
0.124495 0.543391796527284 39.0063190890671
0.124995 0.545574180544824 39.2686846822019
0.125495 0.547756564562364 39.2251951035727
0.125995 0.549938948579904 39.0171893036641
0.126495 0.552121332597444 39.6735552340082
0.126995 0.554303716614984 39.660912459036
0.127495 0.556486100632524 39.7497993980357
0.127995 0.558668484650065 39.5380881979618
0.128495 0.560850868667605 39.9614599234917
0.128995 0.563033252685145 39.983062080951
0.129495 0.565215636702685 40.3310407240868
0.129995 0.567398020720225 40.1583915266625
0.130495 0.569580404737765 40.0927491723489
0.130995 0.571762788755305 40.3578244934979
0.131495 0.573945172772845 40.4898612243269
0.131995 0.576127556790385 40.4895611300813
0.132495 0.578309940807925 40.5810133416272
0.132995 0.580492324825465 40.9895589959925
0.133495 0.582674708843005 40.6426388033918
0.133995 0.584857092860545 40.8725740597237
0.134495 0.587039476878084 40.9287376122717
0.134995 0.589221860895624 41.144015381183
0.135495 0.591404244913164 40.8829501595981
0.135995 0.593586628930704 41.2629634727075
0.136495 0.595769012948244 41.3283710497882
0.136995 0.597951396965784 41.5088546037387
0.137495 0.600133780983324 41.6436125362604
0.137995 0.602316165000865 41.6137584670662
0.138495 0.604498549018405 41.7156840562439
0.138995 0.606680933035945 41.7637146156529
0.139495 0.608863317053485 41.9398614613036
0.139995 0.611045701071025 41.6334438624667
0.140495 0.613228085088565 42.0303417903068
0.140995 0.615410469106105 42.1383259041628
0.141495 0.617592853123645 42.2807267820679
0.141995 0.619775237141184 42.0379502819879
0.142495 0.621957621158725 42.4310786360805
0.142995 0.624140005176265 42.4050938430321
0.143495 0.626322389193805 42.6449407490042
0.143995 0.628504773211345 42.4477378610896
0.144495 0.630687157228884 42.7612818544724
0.144995 0.632869541246424 42.7697146388266
0.145495 0.635051925263964 42.6261873100341
0.145995 0.637234309281504 42.7820177671941
0.146495 0.639416693299044 42.8730839407428
0.146995 0.641599077316584 43.2132094807506
0.147495 0.643781461334125 43.1815101922878
0.147995 0.645963845351665 43.1948287357677
0.148495 0.648146229369205 43.0874189578256
0.148995 0.650328613386745 43.420531143397
0.149495 0.652510997404285 43.5099855100651
0.149995 0.654693381421825 43.6889652748844
0.150495 0.656875765439365 43.5306913303192
0.150995 0.659058149456905 43.8868608974993
0.151495 0.661240533474444 43.8676288092338
0.151995 0.663422917491985 43.6791592628152
0.152495 0.665605301509525 43.8084180943071
0.152995 0.667787685527065 44.2142715676476
0.153495 0.669970069544604 44.0642249141759
0.153995 0.672152453562144 43.9382610186297
0.154495 0.674334837579684 44.0776095096637
0.154995 0.676517221597224 44.0231633635926
0.155495 0.678699605614764 44.3887547878097
0.155995 0.680881989632304 44.2207836397175
0.156495 0.683064373649845 44.6563029800707
0.156995 0.685246757667385 44.4641083622403
0.157495 0.687429141684925 44.572474025405
0.157995 0.689611525702465 44.7641803174277
0.158495 0.691793909720005 44.8903519059539
0.158995 0.693976293737545 44.738085776021
0.159495 0.696158677755085 44.6843867415597
0.159995 0.698341061772625 45.1648622540945
0.160495 0.700523445790165 45.0868425917073
0.160995 0.702705829807704 45.3332432743354
0.161495 0.704888213825244 45.3030482877035
0.161995 0.707070597842785 45.4993614758666
0.162495 0.709252981860325 45.3735997550207
0.162995 0.711435365877865 45.4488275796694
0.163495 0.713617749895404 45.4881750093201
0.163995 0.715800133912944 45.5261849676838
0.164495 0.717982517930484 45.5021191954971
0.164995 0.720164901948024 45.6806590149838
0.165495 0.722347285965564 45.8178879273944
0.165995 0.724529669983104 45.7702508250389
0.166495 0.726712054000645 45.6606400316381
0.166995 0.728894438018185 45.9349795747129
0.167495 0.731076822035725 46.1228219716793
0.167995 0.733259206053265 46.1682211133019
0.168495 0.735441590070805 46.0004092757399
0.168995 0.737623974088345 46.0563426192612
0.169495 0.739806358105885 46.3685172421008
0.169995 0.741988742123425 46.4346359665445
0.170495 0.744171126140964 46.405419900029
0.170995 0.746353510158505 46.2596633681247
0.171495 0.748535894176044 46.3755111247735
0.171995 0.750718278193585 46.6215074096309
0.172495 0.752900662211125 46.6245817734823
0.172995 0.755083046228665 46.5496655207397
0.173495 0.757265430246204 46.7495617976757
0.173995 0.759447814263744 46.8655373934372
0.174495 0.761630198281284 46.8373979687845
0.174995 0.763812582298824 47.0374198644319
0.175495 0.765994966316364 47.0205001663424
0.175995 0.768177350333904 46.7816048502802
0.176495 0.770359734351445 47.2845933110867
0.176995 0.772542118368985 47.3387797250481
0.177495 0.774724502386525 47.2083024142712
0.177995 0.776906886404065 46.9739763516614
0.178495 0.779089270421605 47.183007748925
0.178995 0.781271654439145 47.3491081453015
0.179495 0.783454038456685 47.5572401119388
0.179995 0.785636422474224 47.5222040627581
0.180495 0.787818806491764 47.4482818367654
0.180995 0.790001190509305 47.4607493504618
0.181495 0.792183574526845 47.7480485915846
0.181995 0.794365958544385 47.8433025179571
0.182495 0.796548342561924 47.6824829503379
0.182995 0.798730726579464 47.7518786265338
0.183495 0.800913110597004 47.788742099881
0.183995 0.803095494614544 47.8834957011018
0.184495 0.805277878632084 48.0383231144193
0.184995 0.807460262649624 47.7786165722038
0.185495 0.809642646667164 47.9169688059224
0.185995 0.811825030684705 48.064635979806
0.186495 0.814007414702245 48.1981806504065
0.186995 0.816189798719785 48.2154497147412
0.187495 0.818372182737325 48.4608879160753
0.187995 0.820554566754865 48.246930460884
0.188495 0.822736950772405 48.4519574198633
0.188995 0.824919334789945 48.355838860343
0.189495 0.827101718807484 48.6420816296552
0.189995 0.829284102825025 48.5937190271513
0.190495 0.831466486842565 48.4429129106898
0.190995 0.833648870860105 48.7064324929777
0.191495 0.835831254877645 48.6729084253522
0.191995 0.838013638895185 48.7920937233364
0.192495 0.840196022912724 48.4765214063413
0.192995 0.842378406930264 48.6643554575833
0.193495 0.844560790947804 48.8336035293826
0.193995 0.846743174965344 49.1776662989907
0.194495 0.848925558982884 48.746941793794
0.194995 0.851107943000424 48.9363842171585
0.195495 0.853290327017964 48.8984578612424
0.195995 0.855472711035505 49.1847282234284
0.196495 0.857655095053045 49.1954235895404
0.196995 0.859837479070585 49.2331163032755
0.197495 0.862019863088125 49.2435095658453
0.197995 0.864202247105665 49.2683326443401
0.198495 0.866384631123205 49.4027450542791
0.198995 0.868567015140744 49.1893095215063
0.199495 0.870749399158285 49.7692785909707
0.199995 0.872931783175824 49.3984840071124
0.200495 0.875114167193365 49.8022365138795
0.200995 0.877296551210905 49.4471589184888
0.201495 0.879478935228445 49.7037926149768
0.201995 0.881661319245985 49.4475145191911
0.202495 0.883843703263524 49.5108517556072
0.202995 0.886026087281064 49.438475318903
0.203495 0.888208471298604 49.7374452425698
0.203995 0.890390855316144 50.0497285625828
0.204495 0.892573239333684 49.7902590774883
0.204995 0.894755623351224 50.0166409429903
0.205495 0.896938007368765 50.0046330490235
0.205995 0.899120391386305 50.3317299138229
0.206495 0.901302775403845 49.9964209506338
0.206995 0.903485159421385 50.129667198016
0.207495 0.905667543438925 50.2840865328458
0.207995 0.907849927456465 50.2844872864862
0.208495 0.910032311474005 50.3511947413244
0.208995 0.912214695491545 50.0400794359232
0.209495 0.914397079509084 50.3340709481662
0.209995 0.916579463526624 50.2499129486647
0.210495 0.918761847544165 50.5818863889455
0.210995 0.920944231561705 50.4546265714463
0.211495 0.923126615579244 50.5231168591437
0.211995 0.925308999596784 50.1698274266072
0.212495 0.927491383614324 50.6781248851139
0.212995 0.929673767631864 50.7809960809449
0.213495 0.931856151649404 50.7816274220446
0.213995 0.934038535666944 50.3661564736445
0.214495 0.936220919684484 50.679180983405
0.214995 0.938403303702025 50.8915280605874
0.215495 0.940585687719565 50.8054803089291
0.215995 0.942768071737105 50.8571877873783
0.216495 0.944950455754645 50.8238436826833
0.216995 0.947132839772185 51.2256674592601
0.217495 0.949315223789725 50.9687084206636
0.217995 0.951497607807264 51.0661788496246
0.218495 0.953679991824805 50.9520528833013
0.218995 0.955862375842344 51.3229489421057
0.219495 0.958044759859884 51.218171231302
0.219995 0.960227143877425 51.0963338244753
0.220495 0.962409527894965 51.0499350086785
0.220995 0.964591911912505 50.9884356563693
0.221495 0.966774295930044 51.6277595681085
0.221995 0.968956679947584 51.2314983107921
0.222495 0.971139063965124 51.4983127974176
0.222995 0.973321447982664 51.4000391008667
0.223495 0.975503832000204 51.6029379586672
0.223995 0.977686216017744 51.3608561800272
0.224495 0.979868600035285 51.5066464397049
0.224995 0.982050984052825 51.4711018693771
0.225495 0.984233368070365 51.7872049976091
0.225995 0.986415752087905 51.7621423310694
0.226495 0.988598136105445 51.6600847079634
0.226995 0.990780520122985 51.9497710323916
0.227495 0.992962904140525 51.6947059315947
0.227995 0.995145288158065 51.8826224848979
0.228495 0.997327672175604 51.7717406889245
0.228995 0.999510056193144 52.0984566340415
0.229495 1.00169244021068 51.8823506191504
0.229995 1.00387482422822 52.388546625498
0.230495 1.00605720824576 52.1731957727718
0.230995 1.0082395922633 52.3455300703957
0.231495 1.01042197628084 51.9337799141711
0.231995 1.01260436029838 52.2453542032104
0.232495 1.01478674431592 52.2129136072482
0.232995 1.01696912833346 52.0913407006193
0.233495 1.019151512351 52.2387283369351
0.233995 1.02133389636854 52.1628580063328
0.234495 1.02351628038608 52.5888375263004
0.234995 1.02569866440362 52.4052482865595
0.235495 1.02788104842116 52.5508391774722
0.235995 1.0300634324387 51.9339083789814
0.236495 1.03224581645624 52.8555222524056
0.236995 1.03442820047378 52.4424981953676
0.237495 1.03661058449132 52.5544917137231
0.237995 1.03879296850886 52.4336911209134
0.238495 1.04097535252641 52.9524200158909
0.238995 1.04315773654394 52.7647623712374
0.239495 1.04534012056148 52.7801259183393
0.239995 1.04752250457902 52.562136982224
0.240495 1.04970488859656 52.8079117924472
0.240995 1.0518872726141 53.0818021969407
0.241495 1.05406965663164 52.852689901698
0.241995 1.05625204064918 53.0645543485198
0.242495 1.05843442466672 52.7828778880579
0.242995 1.06061680868426 53.0708375199349
0.243495 1.0627991927018 53.0145784789007
0.243995 1.06498157671934 53.1143457597795
0.244495 1.06716396073688 53.1378511566501
0.244995 1.06934634475442 53.2231509914956
0.245495 1.07152872877196 53.4679092297455
0.245995 1.0737111127895 53.2632598860736
0.246495 1.07589349680704 53.3663654509833
0.246995 1.07807588082458 53.2648794768314
0.247495 1.08025826484212 53.6880801310377
0.247995 1.08244064885966 53.0685759352521
0.248495 1.0846230328772 53.4516800379522
0.248995 1.08680541689474 53.3404376616248
0.249495 1.08898780091228 53.7108554900914
0.249995 1.09117018492982 53.4642210905256
0.250495 1.09335256894736 53.3811086968249
0.250995 1.0955349529649 53.5663109710729
0.251495 1.09771733698244 53.8996375225664
0.251995 1.09989972099998 53.8494973212977
0.252495 1.10208210501752 53.7117845733827
0.252995 1.10426448903506 54.2770778977159
0.253495 1.1064468730526 53.9309074223628
0.253995 1.10862925707014 54.1040946171744
0.254495 1.11081164108768 53.7993378427135
0.254995 1.11299402510522 54.240820861487
0.255495 1.11517640912276 54.0059801829587
0.255995 1.1173587931403 54.299071920438
0.256495 1.11954117715784 54.1096525499909
0.256995 1.12172356117538 54.557434181971
0.257495 1.12390594519292 54.4682298884834
0.257995 1.12608832921046 54.0227775140508
0.258495 1.128270713228 54.5742922108587
0.258995 1.13045309724554 54.2455794145567
0.259495 1.13263548126308 54.9209063477207
0.259995 1.13481786528062 54.2431968740705
0.260495 1.13700024929816 54.6435905510332
0.260995 1.1391826333157 54.4202196173634
0.261495 1.14136501733324 54.7111273366273
0.261995 1.14354740135078 54.7497860167484
0.262495 1.14572978536832 54.7747425808475
0.262995 1.14791216938586 54.7257417301587
0.263495 1.1500945534034 55.0895911435719
0.263995 1.15227693742094 54.8919575259599
0.264495 1.15445932143848 55.1066176965418
0.264995 1.15664170545602 55.5074398522499
0.265495 1.15882408947356 54.7937606689466
0.265995 1.1610064734911 55.4374461977246
0.266495 1.16318885750864 55.2823654851351
0.266995 1.16537124152618 55.2401740490212
0.267495 1.16755362554372 54.9006803631641
0.267995 1.16973600956126 55.2801947564538
0.268495 1.1719183935788 55.4084397977841
0.268995 1.17410077759634 55.3360994446765
0.269495 1.17628316161388 55.5172829046994
0.269995 1.17846554563142 55.5737280776017
0.270495 1.18064792964896 55.5985956773067
0.270995 1.1828303136665 55.5662893817294
0.271495 1.18501269768404 55.9877493953121
0.271995 1.18719508170158 55.9646447284113
0.272495 1.18937746571912 56.2730871976116
0.272995 1.19155984973666 55.4664850554681
0.273495 1.1937422337542 55.9186228114844
0.273995 1.19592461777174 55.8532509111512
0.274495 1.19810700178928 56.2227028408309
0.274995 1.20028938580682 55.9177558909218
0.275495 1.20247176982436 56.2427378943109
0.275995 1.2046541538419 56.6141713053341
0.276495 1.20683653785945 56.7045133879778
0.276995 1.20901892187698 55.9825548773778
0.277495 1.21120130589452 56.3562021426312
0.277995 1.21338368991206 56.8100936803589
0.278495 1.2155660739296 56.7862730537697
0.278995 1.21774845794714 56.8768195615885
0.279495 1.21993084196468 56.5005084481371
0.279995 1.22211322598222 57.0061524742685
0.280495 1.22429560999976 56.5676930768684
0.280995 1.2264779940173 56.9881531789319
0.281495 1.22866037803484 56.9957612081529
0.281995 1.23084276205238 57.2093334997166
0.282495 1.23302514606992 57.1921208536886
0.282995 1.23520753008746 57.0601151935919
0.283495 1.237389914105 57.0730228758177
0.283995 1.23957229812254 57.2712986390741
0.284495 1.24175468214008 56.8972572162865
0.284995 1.24393706615762 57.0668611069629
0.285495 1.24611945017516 57.8003376035896
0.285995 1.24830183419271 57.6904424124941
0.286495 1.25048421821024 57.8240985477741
0.286995 1.25266660222778 57.6508950569719
0.287495 1.25484898624532 58.1906744777695
0.287995 1.25703137026286 57.8622988206475
0.288495 1.2592137542804 57.887120471966
0.288995 1.26139613829794 58.0751067306101
0.289495 1.26357852231548 57.8354968532837
0.289995 1.26576090633302 58.2056274975663
0.290495 1.26794329035056 57.8526344299127
0.290995 1.2701256743681 58.8895561784003
0.291495 1.27230805838564 58.9715154689522
0.291995 1.27449044240318 58.9913060056993
0.292495 1.27667282642072 58.2119617034576
0.292995 1.27885521043826 58.3108925074274
0.293495 1.2810375944558 59.1065772750254
0.293995 1.28321997847334 59.2005136675177
0.294495 1.28540236249088 59.7933286461388
0.294995 1.28758474650842 58.7969710708528
0.295495 1.28976713052597 59.0542127257169
0.295995 1.2919495145435 59.6542219153336
0.296495 1.29413189856104 59.6167732683614
0.296995 1.29631428257858 59.7402566009459
0.297495 1.29849666659612 59.8350094053712
0.297995 1.30067905061366 60.6403917563433
0.298495 1.3028614346312 59.9873283665863
0.298995 1.30504381864874 60.1046279710818
0.299495 1.30722620266628 60.2303514629232
0.299995 1.30940858668382 60.1132003904705
0.300495 1.31159097070136 60.2842729454816
0.300995 1.3137733547189 60.4937489703976
0.301495 1.31595573873644 60.7000439939122
0.301995 1.31813812275398 59.941704983077
0.302495 1.32032050677152 60.342378816407
0.302995 1.32250289078906 61.4635643556113
0.303495 1.3246852748066 60.6224683060527
0.303995 1.32686765882414 61.0827402214319
0.304495 1.32905004284168 61.225144445691
0.304995 1.33123242685922 61.7622458938107
0.305495 1.33341481087676 61.4083517460636
0.305995 1.33559719489431 61.6637159129388
0.306495 1.33777957891184 62.2265439091193
0.306995 1.33996196292938 61.9237610814365
0.307495 1.34214434694692 61.6984448723929
0.307995 1.34432673096446 62.7186720716765
0.308495 1.346509114982 62.428751365316
0.308995 1.34869149899954 62.7730050876551
0.309495 1.35087388301708 62.8664326690022
0.309995 1.35305626703462 62.7393287115969
0.310495 1.35523865105216 63.45024967741
0.310995 1.3574210350697 62.6629611892672
0.311495 1.35960341908724 63.5197155874024
0.311995 1.36178580310478 62.7710227181572
0.312495 1.36396818712232 64.3408981987485
0.312995 1.36615057113986 63.6324868687123
0.313495 1.3683329551574 63.6779937209487
0.313995 1.37051533917494 63.8107287699835
0.314495 1.37269772319248 64.6057729526405
0.314995 1.37488010721002 64.2316416774734
0.315495 1.37706249122757 64.5433179664983
0.315995 1.3792448752451 64.536870941237
0.316495 1.38142725926264 64.8015816211845
0.316995 1.38360964328018 66.0256465725795
0.317495 1.38579202729772 65.4358148041412
0.317995 1.38797441131526 65.4061973726314
0.318495 1.3901567953328 65.5982480150128
0.318995 1.39233917935034 65.3667395258235
0.319495 1.39452156336788 66.1714407750196
0.319995 1.39670394738542 65.705613167977
0.320495 1.39888633140296 65.8150270847015
0.320995 1.4010687154205 66.8612300214396
0.321495 1.40325109943804 66.8222540680894
0.321995 1.40543348345558 66.9471454674603
0.322495 1.40761586747312 67.9582936875566
0.322995 1.40979825149066 66.5667876979362
0.323495 1.4119806355082 67.380198712977
0.323995 1.41416301952574 68.1960522361335
0.324495 1.41634540354328 67.6141804684141
0.324995 1.41852778756082 68.0294516854833
0.325495 1.42071017157836 68.558238110892
0.325995 1.4228925555959 68.0321703061237
0.326495 1.42507493961344 67.9314335216679
0.326995 1.42725732363098 69.2822070997516
0.327495 1.42943970764852 68.5259453738096
0.327995 1.43162209166606 69.6539350608643
0.328495 1.4338044756836 69.9167958623095
0.328995 1.43598685970114 69.8213051929361
0.329495 1.43816924371868 70.2706006067316
0.329995 1.44035162773622 69.7309079038811
0.330495 1.44253401175376 70.2645967708039
0.330995 1.4447163957713 70.0760217015769
0.331495 1.44689877978884 70.5308634156719
0.331995 1.44908116380638 71.6446063807555
0.332495 1.45126354782392 70.6369109112632
0.332995 1.45344593184146 71.8516732492132
0.333495 1.455628315859 72.5676351265269
0.333995 1.45781069987654 71.8181526936557
0.334495 1.45999308389408 72.6290756551196
0.334995 1.46217546791162 72.8323293815318
0.335495 1.46435785192916 72.6213231518231
0.335995 1.4665402359467 73.0009947424827
0.336495 1.46872261996424 73.4503005837002
0.336995 1.47090500398178 73.3517925149577
0.337495 1.47308738799932 73.6989203612473
0.337995 1.47526977201686 74.0647165441875
0.338495 1.4774521560344 73.7561883984528
0.338995 1.47963454005194 74.2028560460193
0.339495 1.48181692406948 75.1902730530739
0.339995 1.48399930808702 75.329808422538
0.340495 1.48618169210456 74.9580491147106
0.340995 1.4883640761221 75.7027202260862
0.341495 1.49054646013964 75.5126365187581
0.341995 1.49272884415718 75.847147672239
0.342495 1.49491122817472 76.0570060939051
0.342995 1.49709361219226 76.6719426770169
0.343495 1.4992759962098 76.6918556789084
0.343995 1.50145838022734 77.2888866104632
0.344495 1.50364076424488 77.0721867354949
0.344995 1.50582314826242 77.4365535733457
0.345495 1.50800553227996 78.253874343513
0.345995 1.5101879162975 78.3349616024989
0.346495 1.51237030031504 78.0819009306375
0.346995 1.51455268433258 78.2862152167202
0.347495 1.51673506835012 78.7958488118822
0.347995 1.51891745236766 78.8500777518425
0.348495 1.5210998363852 79.4519746174139
0.348995 1.52328222040274 79.3962555211438
0.349495 1.52546460442028 80.047121132786
0.349995 1.52764698843782 80.4901481403048
0.350495 1.52982937245536 80.2547148510134
0.350995 1.5320117564729 81.0731678586811
0.351495 1.53419414049044 80.4680377219005
0.351995 1.53637652450798 81.7145314602755
0.352495 1.53855890852552 82.0177415033138
0.352995 1.54074129254306 81.4417241413206
0.353495 1.5429236765606 82.5973845125737
0.353995 1.54510606057814 82.5583723257528
0.354495 1.54728844459568 82.4951205534123
0.354995 1.54947082861322 82.8183022794219
0.355495 1.55165321263076 84.0951973148931
0.355995 1.5538355966483 83.2263547120527
0.356495 1.55601798066584 84.5413743187677
0.356995 1.55820036468338 83.8106355191779
0.357495 1.56038274870092 84.250212210493
0.357995 1.56256513271846 84.7193020520383
0.358495 1.564747516736 85.5593603290519
0.358995 1.56692990075354 85.5724437798731
0.359495 1.56911228477108 85.8445342876498
0.359995 1.57129466878862 86.2224045623473
0.360495 1.57347705280616 86.3349652325581
0.360995 1.5756594368237 86.3341707472503
0.361495 1.57784182084124 87.4516665277681
0.361995 1.58002420485878 86.8727954530899
0.362495 1.58220658887632 86.6229374185827
0.362995 1.58438897289386 88.6772215314597
0.363495 1.5865713569114 88.5061759600149
0.363995 1.58875374092894 88.2482082442465
0.364495 1.59093612494648 89.0459008095949
0.364995 1.59311850896402 88.7391868273353
0.365495 1.59530089298156 89.1039940863696
0.365995 1.5974832769991 90.4042169502144
0.366495 1.59966566101664 90.7246867980753
0.366995 1.60184804503418 90.7554029648979
0.367495 1.60403042905172 91.1398470672898
0.367995 1.60621281306926 91.1826191705877
0.368495 1.6083951970868 91.4949798538496
0.368995 1.61057758110434 91.8729750280939
0.369495 1.61275996512188 93.0133216106441
0.369995 1.61494234913942 93.3575777243368
0.370495 1.61712473315696 92.8037874409976
0.370995 1.6193071171745 93.4848431654381
0.371495 1.62148950119204 93.9174578734537
0.371995 1.62367188520958 94.0129807791809
0.372495 1.62585426922712 94.9750375025702
0.372995 1.62803665324466 94.5582036237447
0.373495 1.6302190372622 95.6058381263953
0.373995 1.63240142127974 95.6951600095321
0.374495 1.63458380529728 95.4371796399598
0.374995 1.63676618931482 96.124983104864
0.375495 1.63894857333236 97.2250606299155
0.375995 1.6411309573499 97.5764608033975
0.376495 1.64331334136744 97.9462458704047
0.376995 1.64549572538498 97.5884342062082
0.377495 1.64767810940252 98.5629945162912
0.377995 1.64986049342006 98.8044455607631
0.378495 1.6520428774376 99.7073079782372
0.378995 1.65422526145514 100.027524689857
0.379495 1.65640764547268 99.4559681890763
0.379995 1.65859002949022 100.783527485895
0.380495 1.66077241350776 100.802796481195
0.380995 1.6629547975253 101.238276997291
0.381495 1.66513718154284 101.700721977813
0.381995 1.66731956556038 102.407592993597
0.382495 1.66950194957792 102.531587662891
0.382995 1.67168433359546 101.963584948705
0.383495 1.673866717613 102.470255149896
0.383995 1.67604910163054 103.170252567213
0.384495 1.67823148564808 104.325889647827
0.384995 1.68041386966562 104.219287742529
0.385495 1.68259625368316 104.765397636621
0.385995 1.6847786377007 105.119131091554
0.386495 1.68696102171824 106.265265819675
0.386995 1.68914340573578 107.350789336152
0.387495 1.69132578975332 106.253073575342
0.387995 1.69350817377086 107.207968183247
0.388495 1.6956905577884 108.161038608801
0.388995 1.69787294180594 107.773123567317
0.389495 1.70005532582348 98.3305830883184
0.389995 1.70223770984102 76.659131293259
0.390495 1.70442009385856 50.9080400232434
0.390995 1.7066024778761 21.3752643302044
0.391495 1.70878486189364 5.89165456265377
0.391995 1.71096724591118 -1.54501621407482
0.392495 1.71314962992872 -3.37984320538186
0.392995 1.71533201394626 0.539906764833901
0.393495 1.7175143979638 1.56088990180611
0.393995 1.71969678198134 0.955536218828696
0.394495 1.72187916599888 -0.175433928441702
0.394995 1.72406155001642 0.222431926500374
0.395495 1.72624393403396 1.05155447337999
0.395995 1.7284263180515 -0.559556820617318
0.396495 1.73060870206904 -1.25381656982749
0.396995 1.73279108608658 0.993970329809124
0.397495 1.73497347010412 0.770892406145928
0.397995 1.73715585412166 -0.855918865809893
0.398495 1.7393382381392 -0.536758637000288
0.398995 1.74152062215674 0.813309073568274
0.399495 1.74370300617428 0.65805494535634
0.399995 1.74588539019182 0.240618295156327
0.400495 1.74806777420936 -0.0395204956151735
0.400995 1.7502501582269 -0.315060337670764
0.401495 1.75243254224444 -0.668021709927809
0.401995 1.75461492626199 0.472464465565327
0.402495 1.75679731027952 0.625220610380448
0.402995 1.75897969429706 -0.471185690338883
0.403495 1.7611620783146 0.0101224205135723
0.403995 1.76334446233214 -0.268888948583716
0.404495 1.76552684634968 -0.119645509534555
0.404995 1.76770923036722 0.633365498047308
0.405495 1.76989161438476 0.236606552583123
0.405995 1.7720739984023 0.105249283699845
0.406495 1.77425638241984 0.421928038665554
0.406995 1.77643876643738 -0.228299869812001
0.407495 1.77862115045492 0.599246663661386
0.407995 1.78080353447246 0.605333686875867
0.408495 1.78298591849 -0.230829878962916
0.408995 1.78516830250754 -0.13184273570362
0.409495 1.78735068652508 0.0484339824705071
0.409995 1.78953307054262 -0.313467890708249
0.410495 1.79171545456016 -0.0788314537471607
0.410995 1.7938978385777 -0.0566035646136235
0.411495 1.79608022259524 0.0685610043930315
0.411995 1.79826260661278 0.596671105386857
0.412495 1.80044499063032 0.447052366121376
0.412995 1.80262737464786 -0.172694731235431
0.413495 1.8048097586654 -0.272884482704258
0.413995 1.80699214268294 -0.197665964966695
0.414495 1.80917452670048 0.215421319669402
0.414995 1.81135691071802 0.00137426223704972
0.415495 1.81353929473556 -0.277281691276438
0.415995 1.8157216787531 0.115131612790595
0.416495 1.81790406277064 0.208606079829573
0.416995 1.82008644678818 0.359560543221448
0.417495 1.82226883080572 0.402873820343224
0.417995 1.82445121482326 -0.107891964966535
0.418495 1.8266335988408 0.285192618201701
0.418995 1.82881598285834 0.359435574580156
0.419495 1.83099836687588 -0.196820108340916
0.419995 1.83318075089342 0.109703707319346
0.420495 1.83536313491096 0.58451953570789
0.420995 1.8375455189285 0.0270568371526693
0.421495 1.83972790294604 0.174665137858441
0.421995 1.84191028696358 -0.306873409281751
0.422495 1.84409267098112 0.547350828700609
0.422995 1.84627505499866 0.182789861699462
0.423495 1.8484574390162 -0.252007679656338
0.423995 1.85063982303374 -0.0250118430332465
0.424495 1.85282220705128 0.184186384542875
0.424995 1.85500459106882 0.372002016823862
0.425495 1.85718697508636 -0.159413024447601
0.425995 1.8593693591039 0.521110783927205
0.426495 1.86155174312144 0.215759690523875
0.426995 1.86373412713898 0.249543420496511
0.427495 1.86591651115652 -0.195041263359806
0.427995 1.86809889517406 -0.293576619668207
0.428495 1.8702812791916 0.45032170773979
0.428995 1.87246366320914 -0.0976131966642178
0.429495 1.87464604722668 -0.0433764907620966
0.429995 1.87682843124422 0.350756632245256
0.430495 1.87901081526176 -0.0248217321321458
0.430995 1.8811931992793 -0.286945752509744
0.431495 1.88337558329685 0.463776295331504
0.431995 1.88555796731438 0.419263470459113
0.432495 1.88774035133192 0.41909325250966
0.432995 1.88992273534946 0.00279521404151998
0.433495 1.892105119367 -0.0151583728918435
0.433995 1.89428750338454 -0.178800966694865
0.434495 1.89646988740208 0.414230399209565
0.434995 1.89865227141962 0.2675191538729
0.435495 1.90083465543716 -0.0821059586354028
0.435995 1.90301703945471 -0.0888093277245257
0.436495 1.90519942347224 0.0440467840345655
0.436995 1.90738180748978 0.414915927188341
0.437495 1.90956419150732 -0.21891995060828
0.437995 1.91174657552486 -0.0985045309761819
0.438495 1.9139289595424 0.507683736817333
0.438995 1.91611134355994 0.332550055652311
0.439495 1.91829372757748 -0.145519456386481
0.439995 1.92047611159502 -0.219891889735812
0.440495 1.92265849561256 0.232579999721955
0.440995 1.9248408796301 0.0675624303686104
0.441495 1.92702326364764 0.141761090490833
0.441995 1.92920564766518 0.263309917465983
0.442495 1.93138803168272 0.412335070888114
0.442995 1.93357041570026 -0.0302727376537136
0.443495 1.9357527997178 0.104653838543582
0.443995 1.93793518373534 0.100009237176852
0.444495 1.94011756775288 -0.223141023808035
0.444995 1.94229995177042 0.449404870723821
0.445495 1.94448233578796 0.550312938691121
0.445995 1.9466647198055 0.224399902652886
0.446495 1.94884710382304 -0.32456769687939
0.446995 1.95102948784058 0.255840630146546
0.447495 1.95321187185812 0.000672981515827593
0.447995 1.95539425587566 0.316256089733349
0.448495 1.9575766398932 -0.206710417765325
0.448995 1.95975902391074 0.148715013959516
0.449495 1.96194140792828 0.387757006259792
0.449995 1.96412379194582 -0.0969099913856881
0.450495 1.96630617596336 -0.0722408184779948
0.450995 1.9684885599809 0.229380501305989
0.451495 1.97067094399844 -0.0127276686648257
0.451995 1.97285332801598 -0.317282154247583
0.452495 1.97503571203352 -0.0824264856773599
0.452995 1.97721809605106 0.280706085617786
0.453495 1.9794004800686 0.39838407329084
0.453995 1.98158286408614 -0.06583067247498
0.454495 1.98376524810368 0.267809120792723
0.454995 1.98594763212122 0.681236456713963
0.455495 1.98813001613876 0.0677491694969938
0.455995 1.9903124001563 0.100983872286411
0.456495 1.99249478417384 0.643207523883634
0.456995 1.99467716819138 0.517555389513683
0.457495 1.99685955220892 0.331915005297462
0.457995 1.99904193622646 0.339385373264863
0.458495 2.001224320244 0.405699983669702
0.458995 2.00340670426154 0.245720720094109
0.459495 2.00558908827908 0.0986907126323217
0.459995 2.00777147229662 0.0863083165859922
0.460495 2.00995385631416 0.0862710390366091
0.460995 2.0121362403317 0.240204447206511
0.461495 2.01431862434924 0.24331191567475
0.461995 2.01650100836678 0.11782735167258
0.462495 2.01868339238432 0.132898914586835
0.462995 2.02086577640186 0.388212410743061
0.463495 2.0230481604194 0.322316877848126
0.463995 2.02523054443694 0.331552067829229
0.464495 2.02741292845448 0.00525809457079428
0.464995 2.02959531247202 0.296419394083945
0.465495 2.03177769648956 0.640250674657289
0.465995 2.0339600805071 0.30076925245825
0.466495 2.03614246452464 0.371250686684273
0.466995 2.03832484854218 0.349684668155586
0.467495 2.04050723255972 0.42809471317135
0.467995 2.04268961657726 0.428152490777999
0.468495 2.0448720005948 -0.202951972142082
0.468995 2.04705438461234 0.765330765791116
0.469495 2.04923676862988 0.457879022713035
0.469995 2.05141915264743 0.414984831357991
0.470495 2.05360153666496 -0.257708510321889
0.470995 2.05578392068251 0.640212842301122
0.471495 2.05796630470004 0.568853740904761
0.471995 2.06014868871758 0.376350404820055
0.472495 2.06233107273512 0.2526795317542
0.472995 2.06451345675266 0.592421926487101
0.473495 2.0666958407702 0.756316981984346
0.473995 2.06887822478774 0.387589345732394
0.474495 2.07106060880528 0.468890394813888
0.474995 2.07324299282282 0.574855959241687
0.475495 2.07542537684036 0.228103710544442
0.475995 2.0776077608579 0.266926626195105
0.476495 2.07979014487544 0.548601464125237
0.476995 2.08197252889298 0.585409470784929
0.477495 2.08415491291052 0.340956972689885
0.477995 2.08633729692806 -0.16796774548026
0.478495 2.0885196809456 0.493957908656858
0.478995 2.09070206496314 0.718641095717705
0.479495 2.09288444898068 0.507708080320798
0.479995 2.09506683299822 0.479981596713739
0.480495 2.09724921701577 0.573172583011976
0.480995 2.0994316010333 0.250511148270545
0.481495 2.10161398505085 0.503890858247257
0.481995 2.10379636906838 0.537754963652119
0.482495 2.10597875308592 0.554547835310188
0.482995 2.10816113710346 0.427607606800245
0.483495 2.110343521121 0.310399487897151
0.483995 2.11252590513854 0.529805561919739
0.484495 2.11470828915608 0.440554093003992
0.484995 2.11689067317362 0.276565038025842
0.485495 2.11907305719116 0.206547230059
0.485995 2.1212554412087 0.557175176292373
0.486495 2.12343782522624 0.412064478201019
0.486995 2.12562020924378 0.229224985901708
0.487495 2.12780259326132 0.533119765682495
0.487995 2.12998497727886 0.682795783575207
0.488495 2.1321673612964 0.792527743676931
0.488995 2.13434974531395 0.125790864963487
0.489495 2.13653212933148 0.319594653039006
0.489995 2.13871451334902 0.73618353515007
0.490495 2.14089689736656 0.478423443405679
0.490995 2.14307928138411 0.653013103144257
0.491495 2.14526166540164 0.0350367444441703
0.491995 2.14744404941918 0.753790924994203
0.492495 2.14962643343672 0.537583171537946
0.492995 2.15180881745426 0.603184840961428
0.493495 2.1539912014718 0.473003115723377
0.493995 2.15617358548934 0.524839504894423
0.494495 2.15835596950688 0.59809547960508
0.494995 2.16053835352442 0.506104048013752
0.495495 2.16272073754196 0.824775638025598
0.495995 2.1649031215595 0.946968155658848
0.496495 2.16708550557704 0.47413979197282
0.496995 2.16926788959458 0.649134478213955
0.497495 2.17145027361212 0.62429870939506
0.497995 2.17363265762966 0.496852172919959
0.498495 2.1758150416472 0.632310804227679
0.498995 2.17799742566474 0.810524709132156
0.499495 2.18017980968229 0.381643030658412
0.499995 2.18236219369982 0.888053395762864
