# Fix print output for fix Step
0 0 -0.9961938344335
0.000494999999999924 0.0224458196203955 0.334038728058727
0.000994999999999957 0.0451183646915069 0.5038951720928
0.00149499999999999 0.0677909097626184 0.150039857741424
0.0019949999999999 0.0904634548337242 1.54162090219524
0.00249499999999993 0.113135999904836 0.958226830883978
0.00299499999999996 0.135808544975947 1.40535076802195
0.00349499999999999 0.158481090047059 2.20158005390235
0.0039949999999999 0.181153635118164 1.72827898144924
0.00449499999999993 0.203826180189276 2.53736078528689
0.00499499999999997 0.226498725260387 2.91654985567716
0.005495 0.249171270331499 2.75922692699444
0.00599499999999991 0.271843815402605 3.62471243491227
0.00649499999999994 0.294516360473716 3.46424798527248
0.00699499999999997 0.317188905544828 3.9200625853374
0.00749499999999988 0.339861450615933 4.35893640179282
0.00799499999999991 0.362533995687045 4.30961468435332
0.00849499999999994 0.385206540758156 4.98811651639445
0.00899499999999998 0.407879085829268 5.0943500665349
0.00949500000000001 0.430551630900379 5.32788193556207
0.00999499999999991 0.453224175971485 5.75602100333844
0.0104949999999999 0.475896721042597 5.81366817539183
0.010995 0.498569266113708 6.35774146492889
0.0114949999999999 0.521241811184814 6.50917902357302
0.0119949999999999 0.543914356255925 6.64626734554345
0.012495 0.566586901327037 7.3317971580676
0.012995 0.589259446398148 7.24886487289418
0.0134949999999999 0.611931991469254 7.60068107192617
0.0139949999999999 0.634604536540365 7.96781288984453
0.014495 0.657277081611477 8.24265658349059
0.014995 0.679949626682588 8.51689054679608
0.0154949999999999 0.702622171753694 8.67142173559971
0.0159949999999999 0.725294716824806 9.23919807027076
0.016495 0.747967261895917 9.37176877026068
0.016995 0.770639806967029 9.56969745199432
0.0174949999999999 0.793312352038134 9.86687934915693
0.0179949999999999 0.815984897109246 10.0303048003178
0.018495 0.838657442180357 10.5103468400189
0.018995 0.861329987251469 10.5689512998474
0.0194949999999999 0.884002532322575 10.8917281339274
0.0199949999999999 0.906675077393686 11.2970793997562
0.020495 0.929347622464798 11.3281808634964
0.020995 0.952020167535909 11.7724986734342
0.0214949999999999 0.974692712607015 11.9473361079785
0.0219949999999999 0.997365257678126 12.2571489381472
0.022495 1.02003780274924 12.7206484607128
0.022995 1.04271034782035 12.6970038224141
0.0234949999999999 1.06538289289146 13.1056454043704
0.0239949999999999 1.08805543796257 13.2975993929619
0.024495 1.11072798303368 13.3876174194571
0.0249949999999999 1.13340052810478 13.907223602291
0.0254949999999999 1.1560730731759 13.9828233647524
0.025995 1.17874561824701 14.493715870253
0.026495 1.20141816331812 14.6749728922483
0.0269949999999999 1.22409070838922 14.7134768331786
0.0274949999999999 1.24676325346034 15.1457821011519
0.027995 1.26943579853145 15.2133901448215
0.028495 1.29210834360256 15.6207957543156
0.0289949999999999 1.31478088867366 16.016975998283
0.0294949999999999 1.33745343374478 16.0821587341229
0.029995 1.36012597881589 16.4097442140967
0.030495 1.382798523887 16.5024218176198
0.0309949999999999 1.4054710689581 16.7018966136408
0.0314949999999999 1.42814361402922 17.0437978482024
0.031995 1.45081615910033 17.260653098688
0.032495 1.47348870417144 17.6887665967761
0.0329949999999999 1.49616124924254 17.8769901709689
0.0334949999999999 1.51883379431366 18.1606009759568
0.033995 1.54150633938477 18.4182736584986
0.034495 1.56417888445588 18.4800613322131
0.0349949999999999 1.58685142952698 18.7153115319656
0.0354949999999999 1.6095239745981 18.9354503594286
0.035995 1.63219651966921 19.2045910051778
0.036495 1.65486906474032 19.4798611416964
0.0369949999999999 1.67754160981142 19.7149039470887
0.0374949999999999 1.70021415488254 19.99072072843
0.037995 1.72288669995365 20.2775564675331
0.0384949999999999 1.74555924502475 20.5224248156989
0.0389949999999999 1.76823179009587 20.7257141189426
0.0394949999999999 1.79090433516698 20.9450416034129
0.039995 1.81357688023809 21.0532486943925
0.040495 1.8362494253092 21.3261675379758
0.0409949999999999 1.85892197038031 21.4917731088621
0.041495 1.88159451545142 21.6347336965774
0.041995 1.90426706052253 22.015205165901
0.0424949999999999 1.92693960559363 22.1478323859489
0.0429949999999999 1.94961215066475 22.4586540303485
0.043495 1.97228469573586 22.7990885950164
0.043995 1.99495724080697 22.9443322087927
0.0444949999999999 2.01762978587807 23.3361286995092
0.0449949999999999 2.04030233094919 23.4487520551029
0.045495 2.0629748760203 23.7293232352588
0.045995 2.08564742109141 24.0304159347444
0.0464949999999999 2.10831996616251 24.1799192213786
0.0469949999999999 2.13099251123363 24.4830835886107
0.047495 2.15366505630474 24.6899896080349
0.047995 2.17633760137585 24.9032063261735
0.0484949999999999 2.19901014644695 25.1223831982404
0.0489949999999999 2.22168269151807 25.3121680480324
0.049495 2.24435523658918 25.5265901559135
0.049995 2.26702778166029 25.6964900886471
0.0504949999999999 2.28970032673139 25.8937969886197
0.0509949999999999 2.31237287180251 26.1918094590514
0.051495 2.33504541687362 26.3379737083993
0.051995 2.35771796194473 26.6296243673505
0.0524949999999999 2.38039050701583 26.8778582873921
0.052995 2.40306305208695 27.0840912130594
0.053495 2.42573559715806 27.3363011643874
0.053995 2.44840814222917 27.4951099250851
0.0544949999999999 2.47108068730028 27.7378290097177
0.054995 2.49375323237139 27.9537975528724
0.055495 2.5164257774425 28.1623921852105
0.0559949999999999 2.5390983225136 28.4006475078548
0.0564949999999999 2.56177086758472 28.5748080654485
0.056995 2.58444341265583 28.8532711135617
0.057495 2.60711595772694 28.9866250192473
0.0579949999999999 2.62978850279804 29.2912123203782
0.0584949999999999 2.65246104786916 29.4990347532929
0.058995 2.67513359294027 29.6729443537073
0.059495 2.69780613801138 29.9546966755846
0.0599949999999999 2.72047868308248 30.0716667634715
0.0604949999999999 2.7431512281536 30.3569834721536
0.060995 2.76582377322471 30.5475408011867
0.061495 2.78849631829582 30.7193126239808
0.0619949999999999 2.81116886336692 30.9553499020368
0.0624949999999999 2.83384140843804 31.062791860179
0.062995 2.85651395350915 31.358523522888
0.063495 2.87918649858026 31.500222160986
0.0639949999999999 2.90185904365136 31.7133524924718
0.0644949999999999 2.92453158872248 31.9259237848799
0.064995 2.94720413379359 32.0785084908326
0.065495 2.9698766788647 32.4282642106234
0.0659949999999999 2.9925492239358 32.5214365144056
0.0664949999999999 3.01522176900692 32.7689331848228
0.066995 3.03789431407803 33.0399866798621
0.067495 3.06056685914914 33.1659329465313
0.0679949999999999 3.08323940422025 33.4725585377487
0.068495 3.10591194929136 33.5819314189248
0.068995 3.12858449436247 33.7300033987764
0.0694949999999999 3.15125703943357 33.9411699451127
0.0699949999999999 3.17392958450469 34.0034963952943
0.070495 3.1966021295758 34.3196646950194
0.070995 3.21927467464691 34.43770100017
0.071495 3.24194721971802 34.6527143327711
0.0719949999999999 3.26461976478913 34.9544625788439
0.072495 3.28729230986024 35.0734170633567
0.072995 3.30996485493135 35.3719185724579
0.073495 3.33263740000246 35.5409846816075
0.0739949999999999 3.35530994507357 35.7637564448146
0.074495 3.37798249014468 35.9946151821499
0.074995 3.40065503521579 36.0926559923767
0.0754949999999999 3.42332758028689 36.3635893343395
0.0759949999999999 3.44600012535801 36.487490945046
0.076495 3.46867267042912 36.6517061355842
0.076995 3.49134521550023 36.8949400104204
0.0774949999999999 3.51401776057133 37.0276049172541
0.0779949999999999 3.53669030564245 37.2880995242782
0.078495 3.55936285071356 37.3680067710249
0.078995 3.58203539578467 37.6310549460349
0.0794949999999999 3.60470794085577 37.8555670086738
0.0799949999999999 3.62738048592689 37.9633053515729
0.080495 3.650053030998 38.2635219235992
0.0809949999999999 3.6727255760691 38.3590918632117
0.0814949999999999 3.69539812114022 38.519334750503
0.081995 3.71807066621133 38.6740204046631
0.082495 3.74074321128244 38.8375176522644
0.082995 3.76341575635355 39.0926811238604
0.0834949999999999 3.78608830142466 39.2851948851215
0.083995 3.80876084649577 39.5027758864883
0.084495 3.83143339156688 39.7019889889075
0.084995 3.85410593663799 39.7816118846649
0.0854949999999999 3.8767784817091 39.956969746722
0.085995 3.89945102678021 40.1042466757958
0.086495 3.92212357185132 40.3247522841211
0.086995 3.94479611692243 40.5369445120224
0.0874949999999999 3.96746866199354 40.7473666781293
0.087995 3.99014120706465 40.9454337937753
0.088495 4.01281375213576 41.0421674648531
0.0889949999999999 4.03548629720686 41.1791578979985
0.0894949999999999 4.05815884227798 41.3301062522367
0.089995 4.08083138734909 41.5419869429089
0.090495 4.1035039324202 41.8060585262323
0.0909949999999999 4.1261764774913 41.9275567141607
0.0914949999999999 4.14884902256242 42.1605291947656
0.091995 4.17152156763353 42.1920837903592
0.092495 4.19419411270464 42.3965772720283
0.0929949999999999 4.21686665777574 42.5881241168544
0.0934949999999999 4.23953920284686 42.8223329232216
0.093995 4.26221174791797 43.000980794541
0.094495 4.28488429298908 43.0555938950293
0.0949949999999999 4.30755683806018 43.2486601852225
0.095495 4.3302293831313 43.4445632267208
0.095995 4.35290192820241 43.6839779752731
0.096495 4.37557447327352 43.824173429994
0.0969949999999999 4.39824701834462 43.8280934026195
0.097495 4.42091956341574 44.0698574926814
0.097995 4.44359210848685 44.3024050600334
0.098495 4.46626465355796 44.524409475544
0.0989949999999999 4.48893719862907 44.6061629098227
0.099495 4.51160974370018 44.6926937412182
0.099995 4.53428228877129 44.9094917179213
0.100495 4.55695483384239 45.1232952269976
0.100995 4.57962737891351 45.328704788998
0.101495 4.60229992398462 45.3726370997404
0.101995 4.62497246905573 45.5478960684424
0.102495 4.64764501412683 45.7846392535108
0.102995 4.67031755919795 45.9324965820415
0.103495 4.69299010426906 46.0784447759525
0.103995 4.71566264934017 46.1667753206221
0.104495 4.73833519441128 46.3510851458002
0.104995 4.76100773948239 46.5723200161955
0.105495 4.7836802845535 46.6859305120262
0.105995 4.80635282962461 46.794821323161
0.106495 4.82902537469572 46.9525687245479
0.106995 4.85169791976683 47.2247504256477
0.107495 4.87437046483794 47.3054803951857
0.107995 4.89704300990905 47.4014407661804
0.108495 4.91971555498016 47.6192750661595
0.108995 4.94238810005127 47.7463401013805
0.109495 4.96506064512238 47.8731468952318
0.109995 4.98773319019349 48.0046121610405
0.110495 5.0104057352646 48.2353665800217
0.110995 5.03307828033571 48.3598611868696
0.111495 5.05575082540682 48.4512241430801
0.111995 5.07842337047792 48.6365877748952
0.112495 5.10109591554904 48.8219427441801
0.112995 5.12376846062015 48.912464548573
0.113495 5.14644100569126 49.0571966253224
0.113995 5.16911355076236 49.2758180152528
0.114495 5.19178609583348 49.3397853213599
0.114995 5.21445864090459 49.4279619087675
0.115495 5.2371311859757 49.591908265352
0.115995 5.25980373104681 49.8297300802759
0.116495 5.28247627611792 49.930638924862
0.116995 5.30514882118903 50.0138700774946
0.117495 5.32782136626014 50.2614400498134
0.117995 5.35049391133124 50.4080261181812
0.118495 5.37316645640236 50.4177101462688
0.118995 5.39583900147347 50.6755098232117
0.119495 5.41851154654458 50.8153122325218
0.119995 5.44118409161568 50.8902948556828
0.120495 5.4638566366868 51.1106190476298
0.120995 5.48652918175791 51.2236734380455
0.121495 5.50920172682902 51.2838467271682
0.121995 5.53187427190012 51.4339876770619
0.122495 5.55454681697124 51.607765280055
0.122995 5.57721936204235 51.7117643428768
0.123495 5.59989190711346 51.8531954329905
0.123995 5.62256445218457 52.0043829472249
0.124495 5.64523699725568 52.0679027829298
0.124995 5.66790954232679 52.2444571995102
0.125495 5.6905820873979 52.4271288906434
0.125995 5.71325463246901 52.5040621889981
0.126495 5.73592717754012 52.6432515498471
0.126995 5.75859972261123 52.7511687590598
0.127495 5.78127226768234 52.8767136742977
0.127995 5.80394481275345 53.0524600145082
0.128495 5.82661735782456 53.2029127008158
0.128995 5.84928990289567 53.2807693593319
0.129495 5.87196244796678 53.4546025022418
0.129995 5.89463499303789 53.5304217274264
0.130495 5.917307538109 53.6148750362956
0.130995 5.93998008318011 53.885523321499
0.131495 5.96265262825121 53.9294703165921
0.131995 5.98532517332233 54.0498167236243
0.132495 6.00799771839344 54.1835176744105
0.132995 6.03067026346455 54.314299979923
0.133495 6.05334280853566 54.4174059132068
0.133995 6.07601535360677 54.5521348633575
0.134495 6.09868789867788 54.6759115830273
0.134995 6.12136044374898 54.792175267314
0.135495 6.1440329888201 54.8649054166308
0.135995 6.16670553389121 55.0257473340292
0.136495 6.18937807896232 55.1165427512828
0.136995 6.21205062403343 55.2679644534741
0.137495 6.23472316910454 55.3903733269653
0.137995 6.25739571417565 55.5284482760743
0.138495 6.28006825924676 55.5937227867237
0.138995 6.30274080431788 55.6650892798207
0.139495 6.32541334938898 55.8447825513768
0.139995 6.34808589446009 55.946988388631
0.140495 6.3707584395312 56.0894995345446
0.140995 6.39343098460231 56.1439771965573
0.141495 6.41610352967342 56.3199277065664
0.141995 6.43877607474453 56.4144167444044
0.142495 6.46144861981564 56.5222318958755
0.142995 6.48412116488674 56.6583713710601
0.143495 6.50679370995786 56.7180921159021
0.143995 6.52946625502897 56.9065786938857
0.144495 6.55213880010008 56.9497081479166
0.144995 6.57481134517119 57.103165436567
0.145495 6.5974838902423 57.1827565536451
0.145995 6.62015643531341 57.3306020412349
0.146495 6.64282898038451 57.4180720348745
0.146995 6.66550152545562 57.5534746438528
0.147495 6.68817407052674 57.6686679631722
0.147995 6.71084661559785 57.760418953287
0.148495 6.73351916066896 57.7993280580292
0.148995 6.75619170574007 57.8939658493253
0.149495 6.77886425081118 58.1041921864293
0.149995 6.80153679588228 58.1438242670821
0.150495 6.82420934095339 58.2783478135046
0.150995 6.84688188602451 58.4005797987834
0.151495 6.86955443109562 58.396365070087
0.151995 6.89222697616673 58.593588333604
0.152495 6.91489952123784 58.5880890951269
0.152995 6.93757206630895 58.8201404571632
0.153495 6.96024461138006 58.8586018280326
0.153995 6.98291715645117 59.0585192870678
0.154495 7.00558970152227 59.029007372016
0.154995 7.02826224659339 59.2013017245365
0.155495 7.0509347916645 59.2401281444247
0.155995 7.07360733673561 59.3773945174311
0.156495 7.09627988180672 59.4679464549605
0.156995 7.11895242687783 59.6410712527004
0.157495 7.14162497194894 59.6344692859767
0.157995 7.16429751702004 59.7801643437678
0.158495 7.18697006209115 59.8527845144267
0.158995 7.20964260716227 59.9939192059703
0.159495 7.23231515223338 60.0793884430656
0.159995 7.25498769730449 60.1772147680211
0.160495 7.2776602423756 60.2661748830896
0.160995 7.30033278744671 60.3365395286813
0.161495 7.32300533251782 60.4084515044713
0.161995 7.34567787758894 60.5109350567964
0.162495 7.36835042266003 60.6070030385577
0.162995 7.39102296773115 60.7094975951312
0.163495 7.41369551280226 60.7990668652584
0.163995 7.43636805787337 60.8303720828126
0.164495 7.45904060294448 60.9651295307858
0.164995 7.48171314801559 61.0322513028315
0.165495 7.5043856930867 61.175559624225
0.165995 7.5270582381578 61.2068460020327
0.166495 7.54973078322891 61.3816747033418
0.166995 7.57240332830003 61.3881005317864
0.167495 7.59507587337114 61.478800478219
0.167995 7.61774841844225 61.5918057015849
0.168495 7.64042096351336 61.66605374402
0.168995 7.66309350858447 61.7419221206257
0.169495 7.68576605365557 61.8542611685037
0.169995 7.70843859872668 61.9710448003497
0.170495 7.7311111437978 62.0048822675784
0.170995 7.75378368886891 62.1121035972816
0.171495 7.77645623394002 62.1084779036663
0.171995 7.79912877901113 62.2717815569511
0.172495 7.82180132408224 62.3213221580497
0.172995 7.84447386915335 62.4178008077161
0.173495 7.86714641422446 62.5330066439029
0.173995 7.88981895929556 62.5536707153711
0.174495 7.91249150436668 62.6561450435256
0.174995 7.93516404943779 62.7617392149293
0.175495 7.9578365945089 62.7956592375081
0.175995 7.98050913958001 62.9286281500452
0.176495 8.00318168465112 62.9648952771992
0.176995 8.02585422972223 63.0577114082221
0.177495 8.04852677479333 63.0987531924219
0.177995 8.07119931986444 63.2081271727538
0.178495 8.09387186493556 63.2567973660082
0.178995 8.11654441000667 63.3577661949578
0.179495 8.13921695507778 63.486589739589
0.179995 8.16188950014889 63.47081089494
0.180495 8.18456204522 63.6304286406542
0.180995 8.2072345902911 63.6402999602509
0.181495 8.22990713536221 63.7784657323751
0.181995 8.25257968043332 63.8257508318238
0.182495 8.27525222550444 63.9017926922771
0.182995 8.29792477057555 63.9823607268322
0.183495 8.32059731564666 64.1357316965096
0.183995 8.34326986071777 64.097044827733
0.184495 8.36594240578888 64.2449853031574
0.184995 8.38861495085999 64.251697680401
0.185495 8.4112874959311 64.3019903068115
0.185995 8.43396004100221 64.4626200110452
0.186495 8.45663258607332 64.4706559697642
0.186995 8.47930513114443 64.5571502934437
0.187495 8.50197767621554 64.7214920654594
0.187995 8.52465022128665 64.6377940986939
0.188495 8.54732276635776 64.8255395244719
0.188995 8.56999531142886 64.8576167373466
0.189495 8.59266785649998 64.8475019387174
0.189995 8.61534040157109 65.0383135794562
0.190495 8.6380129466422 65.0486077001867
0.190995 8.66068549171331 65.1112381091468
0.191495 8.68335803678442 65.2204747845704
0.191995 8.70603058185553 65.2512634414472
0.192495 8.72870312692664 65.2771563355337
0.192995 8.75137567199775 65.4063786234961
0.193495 8.77404821706886 65.400776225896
0.193995 8.79672076213997 65.5690828146608
0.194495 8.81939330721108 65.6817521314636
0.194995 8.84206585228219 65.6146449193831
0.195495 8.8647383973533 65.7843400111742
0.195995 8.88741094242441 65.7959862834321
0.196495 8.91008348749552 65.7700391701708
0.196995 8.93275603256662 65.909343285194
0.197495 8.95542857763774 65.9747988411115
0.197995 8.97810112270885 65.9839631296985
0.198495 9.00077366777996 66.1257830665426
0.198995 9.02344621285107 66.1474130399106
0.199495 9.04611875792218 66.2337499735296
0.199995 9.06879130299329 66.2439010382654
0.200495 9.09146384806439 66.3841893680689
0.200995 9.1141363931355 66.4305291684224
0.201495 9.13680893820662 66.500412740807
0.201995 9.15948148327773 66.5640224292911
0.202495 9.18215402834884 66.5700253502612
0.202995 9.20482657341995 66.7019682337962
0.203495 9.22749911849106 66.7772152258959
0.203995 9.25017166356217 66.8198947468705
0.204495 9.27284420863328 66.8604147177556
0.204995 9.29551675370439 66.9268164745457
0.205495 9.3181892987755 66.9881640013658
0.205995 9.34086184384661 67.0680303167152
0.206495 9.36353438891772 67.1483656942329
0.206995 9.38620693398883 67.1547665215812
0.207495 9.40887947905994 67.1973984520777
0.207995 9.43155202413105 67.3158321767704
0.208495 9.45422456920215 67.4235923501487
0.208995 9.47689711427327 67.4227948556759
0.209495 9.49956965934438 67.4380843193939
0.209995 9.52224220441549 67.4899709836143
0.210495 9.5449147494866 67.691695005935
0.210995 9.56758729455771 67.6291309120495
0.211495 9.59025983962882 67.6279659493147
0.211995 9.61293238469992 67.8190477994137
0.212495 9.63560492977103 67.8457541298507
0.212995 9.65827747484215 67.9260772061497
0.213495 9.68095001991326 67.888347760715
0.213995 9.70362256498437 68.0894666657749
0.214495 9.72629511005548 68.1661068967391
0.214995 9.74896765512659 68.1635698944816
0.215495 9.7716402001977 68.0832004224665
0.215995 9.79431274526882 68.3127363883392
0.216495 9.81698529033991 68.395661500222
0.216995 9.83965783541103 68.4408445456435
0.217495 9.86233038048214 68.5069343205714
0.217995 9.88500292555325 68.5319438947105
0.218495 9.90767547062436 68.578447768241
0.218995 9.93034801569547 68.6514155377334
0.219495 9.95302056076658 68.7318900385277
0.219995 9.97569310583768 68.7757315354761
0.220495 9.9983656509088 68.8315752687148
0.220995 10.0210381959799 68.9498421205896
0.221495 10.043710741051 69.000315790308
0.221995 10.0663832861221 68.9309080406093
0.222495 10.0890558311932 69.0581857441187
0.222995 10.1117283762644 69.071370688311
0.223495 10.1344009213355 69.2431971748638
0.223995 10.1570734664066 69.1913396604467
0.224495 10.1797460114777 69.2937779213112
0.224995 10.2024185565488 69.3793435532446
0.225495 10.2250911016199 69.2853594243167
0.225995 10.247763646691 69.3398315253498
0.226495 10.2704361917621 69.5318953089173
0.226995 10.2931087368332 69.5323894446061
0.227495 10.3157812819043 69.6632444697315
0.227995 10.3384538269754 69.7096632177989
0.228495 10.3611263720466 69.7212242378503
0.228995 10.3837989171177 69.7584568501403
0.229495 10.4064714621888 69.8368251138624
0.229995 10.4291440072599 69.8743502541222
0.230495 10.451816552331 69.8874631110647
0.230995 10.4744890974021 70.1136988080398
0.231495 10.4971616424732 70.215721261281
0.231995 10.5198341875443 70.1351483382093
0.232495 10.5425067326154 70.2561883352053
0.232995 10.5651792776865 70.3552944772857
0.233495 10.5878518227577 70.3537568570442
0.233995 10.6105243678288 70.2031666055736
0.234495 10.6331969128999 70.4607745510394
0.234995 10.655869457971 70.5321293710464
0.235495 10.6785420030421 70.4726855976521
0.235995 10.7012145481132 70.5969810292566
0.236495 10.7238870931843 70.689211118433
0.236995 10.7465596382554 70.6943861986183
0.237495 10.7692321833265 70.761872424323
0.237995 10.7919047283977 70.8761982130274
0.238495 10.8145772734688 70.8814906589895
0.238995 10.8372498185399 71.0549740886289
0.239495 10.859922363611 70.9539815680388
0.239995 10.8825949086821 71.0853905634439
0.240495 10.9052674537532 71.2641352381307
0.240995 10.9279399988243 71.2211945857938
0.241495 10.9506125438954 71.2723706350867
0.241995 10.9732850889665 71.4356246098086
0.242495 10.9959576340376 71.4343739563895
0.242995 11.0186301791087 71.4992398179237
0.243495 11.0413027241799 71.5255901617233
0.243995 11.063975269251 71.4924892210767
0.244495 11.0866478143221 71.552886866845
0.244995 11.1093203593932 71.822310941728
0.245495 11.1319929044643 71.7271722789741
0.245995 11.1546654495354 71.817708400456
0.246495 11.1773379946065 71.9779454452633
0.246995 11.2000105396776 72.0607695988269
0.247495 11.2226830847487 71.9449649042486
0.247995 11.2453556298198 72.0579835818078
0.248495 11.268028174891 71.9347928494373
0.248995 11.2907007199621 72.086183322456
0.249495 11.3133732650332 72.1503755777381
0.249995 11.3360458101043 72.2780837102662
0.250495 11.3587183551754 72.2344794995357
0.250995 11.3813909002465 72.3919512306434
0.251495 11.4040634453176 72.4531380405526
0.251995 11.4267359903887 72.3724096807901
0.252495 11.4494085354598 72.5069245459188
0.252995 11.472081080531 72.6360426898847
0.253495 11.4947536256021 72.6617550710696
0.253995 11.5174261706732 72.8660387563159
0.254495 11.5400987157443 72.8504820548358
0.254995 11.5627712608154 72.8945910544308
0.255495 11.5854438058865 72.942222723219
0.255995 11.6081163509576 73.1120352052821
0.256495 11.6307888960287 73.2129342790384
0.256995 11.6534614410998 73.1391066856558
0.257495 11.6761339861709 73.2955487192117
0.257995 11.698806531242 73.2510636450038
0.258495 11.7214790763132 73.448213529437
0.258995 11.7441516213843 73.4275138481699
0.259495 11.7668241664554 73.4871147138942
0.259995 11.7894967115265 73.7074708874383
0.260495 11.8121692565976 73.5878432440712
0.260995 11.8348418016687 73.9452020698143
0.261495 11.8575143467398 73.9962697456073
0.261995 11.8801868918109 73.8521625729826
0.262495 11.902859436882 74.1088357716234
0.262995 11.9255319819531 74.1045855924767
0.263495 11.9482045270243 73.9753858540335
0.263995 11.9708770720954 74.1518573616214
0.264495 11.9935496171665 74.0630802386829
0.264995 12.0162221622376 74.2171189018906
0.265495 12.0388947073087 74.4372234563883
0.265995 12.0615672523798 74.3167072457297
0.266495 12.0842397974509 74.7067996747475
0.266995 12.106912342522 74.3458457319135
0.267495 12.1295848875931 74.6662626190288
0.267995 12.1522574326642 74.808707588681
0.268495 12.1749299777354 74.7673299942391
0.268995 12.1976025228065 74.8984894406797
0.269495 12.2202750678776 74.9633737538811
0.269995 12.2429476129487 75.1885251661902
0.270495 12.2656201580198 74.9693722163066
0.270995 12.2882927030909 75.3035393189395
0.271495 12.310965248162 75.2538979072595
0.271995 12.3336377932331 75.303031928257
0.272495 12.3563103383042 75.442022928661
0.272995 12.3789828833753 75.5475471621887
0.273495 12.4016554284465 75.6380678911079
0.273995 12.4243279735176 75.6164098662911
0.274495 12.4470005185887 75.4725662290321
0.274995 12.4696730636598 75.7619475394044
0.275495 12.4923456087309 75.8827219515462
0.275995 12.515018153802 76.0084384257464
0.276495 12.5376906988731 76.228185138534
0.276995 12.5603632439442 76.1624440325352
0.277495 12.5830357890153 76.3562981632453
0.277995 12.6057083340865 76.4157909071085
0.278495 12.6283808791576 76.2444381953914
0.278995 12.6510534242287 76.5528114241017
0.279495 12.6737259692998 76.4589855795717
0.279995 12.6963985143709 76.7897228740226
0.280495 12.719071059442 76.8351518441416
0.280995 12.7417436045131 76.7641674429346
0.281495 12.7644161495842 76.9808826585467
0.281995 12.7870886946553 76.8003253636555
0.282495 12.8097612397264 76.9899819356109
0.282995 12.8324337847975 77.1440468773563
0.283495 12.8551063298687 77.2081401015646
0.283995 12.8777788749398 77.4733051939198
0.284495 12.9004514200109 77.705098043147
0.284995 12.923123965082 77.7775622255504
0.285495 12.9457965101531 77.8210163107826
0.285995 12.9684690552242 77.8878675389836
0.286495 12.9911416002953 77.4807454166389
0.286995 13.0138141453664 78.0969696066774
0.287495 13.0364866904375 77.9915725646504
0.287995 13.0591592355087 78.3803482956007
0.288495 13.0818317805798 78.2761296467728
0.288995 13.1045043256509 78.2533654346732
0.289495 13.127176870722 78.7574247378048
0.289995 13.1498494157931 78.5815950274312
0.290495 13.1725219608642 78.9141595592263
0.290995 13.1951945059353 79.1077412173822
0.291495 13.2178670510064 79.1776407360441
0.291995 13.2405395960775 79.0761406286965
0.292495 13.2632121411486 79.0562558610892
0.292995 13.2858846862198 79.3450857764773
0.293495 13.3085572312909 79.3498072542518
0.293995 13.331229776362 79.6614919577044
0.294495 13.3539023214331 79.9418163513756
0.294995 13.3765748665042 79.9499397646411
0.295495 13.3992474115753 79.877411471066
0.295995 13.4219199566464 80.2209618945539
0.296495 13.4445925017175 80.2643111589674
0.296995 13.4672650467886 80.4867126001559
0.297495 13.4899375918597 80.4745949877169
0.297995 13.5126101369308 80.533226461782
0.298495 13.535282682002 80.949434311066
0.298995 13.5579552270731 80.8372518606287
0.299495 13.5806277721442 81.0858806826684
0.299995 13.6033003172153 80.8064686044992
0.300495 13.6259728622864 81.5023022720227
0.300995 13.6486454073575 81.426373227125
0.301495 13.6713179524286 81.7131033864801
0.301995 13.6939904974997 82.0018248140393
0.302495 13.7166630425708 81.6456045788038
0.302995 13.7393355876419 82.5384640139575
0.303495 13.7620081327131 82.3190933485408
0.303995 13.7846806777842 82.5191348913179
0.304495 13.8073532228553 82.7002276510814
0.304995 13.8300257679264 82.7214871309317
0.305495 13.8526983129975 82.8779091322865
0.305995 13.8753708580686 82.8976239135192
0.306495 13.8980434031397 83.299876520045
0.306995 13.9207159482108 83.7462456334728
0.307495 13.9433884932819 83.2947014526918
0.307995 13.9660610383531 83.4608188432764
0.308495 13.9887335834242 83.7873041631603
0.308995 14.0114061284953 84.1210236703054
0.309495 14.0340786735664 84.2597127050209
0.309995 14.0567512186375 84.3801664308498
0.310495 14.0794237637086 84.8773309624217
0.310995 14.1020963087797 84.6621688054448
0.311495 14.1247688538508 85.2617493477113
0.311995 14.1474413989219 85.2223783836971
0.312495 14.170113943993 85.6293520199694
0.312995 14.1927864890641 85.8107272664863
0.313495 14.2154590341353 86.0354551332791
0.313995 14.2381315792064 86.3744955062194
0.314495 14.2608041242775 86.3048911899039
0.314995 14.2834766693486 86.6282747088665
0.315495 14.3061492144197 86.890956493273
0.315995 14.3288217594908 87.1362799894455
0.316495 14.3514943045619 87.4861359447347
0.316995 14.374166849633 87.540017572121
0.317495 14.3968393947041 87.848261788893
0.317995 14.4195119397752 88.1083327713083
0.318495 14.4421844848464 87.9071120483836
0.318995 14.4648570299175 88.4822876844567
0.319495 14.4875295749886 88.3445892221245
0.319995 14.5102021200597 88.9616744898329
0.320495 14.5328746651308 89.2816494782318
0.320995 14.5555472102019 89.1755418273074
0.321495 14.578219755273 89.4670380445994
0.321995 14.6008923003441 89.9092029288112
0.322495 14.6235648454152 90.1541737950156
0.322995 14.6462373904864 90.4430618054101
0.323495 14.6689099355575 90.7719067917656
0.323995 14.6915824806286 91.4782498875552
0.324495 14.7142550256997 91.0495578334614
0.324995 14.7369275707708 91.5913278821507
0.325495 14.7596001158419 91.7603770921636
0.325995 14.782272660913 91.8785037332552
0.326495 14.8049452059841 92.333967834918
0.326995 14.8276177510552 92.5598528977138
0.327495 14.8502902961263 93.1469152437918
0.327995 14.8729628411974 93.4159541485443
0.328495 14.8956353862686 93.3425350092767
0.328995 14.9183079313397 93.8220937253521
0.329495 14.9409804764108 93.8534513774104
0.329995 14.9636530214819 94.753326896606
0.330495 14.986325566553 94.4580969491924
0.330995 15.0089981116241 95.3956193952521
0.331495 15.0316706566952 95.1363267043612
0.331995 15.0543432017663 95.9786338823728
0.332495 15.0770157468374 95.8706738725016
0.332995 15.0996882919085 96.2831705423814
0.333495 15.1223608369797 96.2780932370188
0.333995 15.1450333820508 96.9972612606444
0.334495 15.1677059271219 97.343095378054
0.334995 15.190378472193 97.4028610325258
0.335495 15.2130510172641 97.83698935575
0.335995 15.2357235623352 97.7476957228601
0.336495 15.2583961074063 98.4153565448953
0.336995 15.2810686524774 98.8918034738629
0.337495 15.3037411975485 99.2067967034857
0.337995 15.3264137426196 99.5476433135812
0.338495 15.3490862876908 99.6849448083696
0.338995 15.3717588327619 99.9855445633095
0.339495 15.394431377833 100.693848635933
0.339995 15.4171039229041 100.391089533594
0.340495 15.4397764679752 101.685576209433
0.340995 15.4624490130463 101.295958347436
0.341495 15.4851215581174 101.492687351466
0.341995 15.5077941031885 102.259665551742
0.342495 15.5304666482596 102.391600930374
0.342995 15.5531391933308 103.734097090724
0.343495 15.5758117384019 102.86952113643
0.343995 15.598484283473 103.586610594308
0.344495 15.6211568285441 103.990623996096
0.344995 15.6438293736152 103.901424406508
0.345495 15.6665019186863 104.760185621125
0.345995 15.6891744637574 104.95955625255
0.346495 15.7118470088285 105.205667330195
0.346995 15.7345195538996 105.758221835453
0.347495 15.7571920989707 105.584010690483
0.347995 15.7798646440418 106.577156976567
0.348495 15.802537189113 106.471006315312
0.348995 15.8252097341841 107.383492421715
0.349495 15.8478822792552 107.527212525765
0.349995 15.8705548243263 107.811484247168
0.350495 15.8932273693974 108.297994329235
0.350995 15.9158999144685 108.458487049243
0.351495 15.9385724595396 108.87845755434
0.351995 15.9612450046107 109.240025390569
0.352495 15.9839175496818 109.610962325131
0.352995 16.0065900947529 109.758557389227
0.353495 16.0292626398241 110.535176606374
0.353995 16.0519351848952 111.26502247004
0.354495 16.0746077299663 111.000083061793
0.354995 16.0972802750374 111.466775679119
0.355495 16.1199528201085 112.213266714038
0.355995 16.1426253651796 112.134541039082
0.356495 16.1652979102507 112.88457327015
0.356995 16.1879704553218 113.3799473458
0.357495 16.2106430003929 113.747520508925
0.357995 16.233315545464 113.873176787285
0.358495 16.2559880905352 114.718895475521
0.358995 16.2786606356063 114.812829058266
0.359495 16.3013331806774 115.515231764696
0.359995 16.3240057257485 115.684310457527
0.360495 16.3466782708196 116.502580998379
0.360995 16.3693508158907 116.540180273461
0.361495 16.3920233609618 116.670575524215
0.361995 16.4146959060329 117.60872617237
0.362495 16.437368451104 117.879052105341
0.362995 16.4600409961752 118.654633136033
0.363495 16.4827135412463 118.359292390068
0.363995 16.5053860863174 119.385191623219
0.364495 16.5280586313885 119.555938562819
0.364995 16.5507311764596 119.405531181037
0.365495 16.5734037215307 120.977355592465
0.365995 16.5960762666018 120.823245509218
0.366495 16.6187488116729 121.267479664309
0.366995 16.641421356744 122.176061647215
0.367495 16.6640939018151 122.280793755232
0.367995 16.6867664468862 122.944467100082
0.368495 16.7094389919574 122.772767892156
0.368995 16.7321115370285 124.040475113042
0.369495 16.7547840820996 124.330273818684
0.369995 16.7774566271707 124.768825878962
0.370495 16.8001291722418 125.534904005645
0.370995 16.8228017173129 125.582437912187
0.371495 16.845474262384 126.246352199559
0.371995 16.8681468074551 126.608689073484
0.372495 16.8908193525262 127.370612612083
0.372995 16.9134918975973 127.505136726862
0.373495 16.9361644426685 127.642119368521
0.373995 16.9588369877396 128.413301303298
0.374495 16.9815095328107 128.780179878653
0.374995 17.0041820778818 129.830422851436
0.375495 17.0268546229529 130.423181968553
0.375995 17.049527168024 131.195873537035
0.376495 17.0721997130951 131.569942390808
0.376995 17.0948722581662 132.019851683254
0.377495 17.1175448032373 132.542164629605
0.377995 17.1402173483085 132.768787151286
0.378495 17.1628898933796 133.386789247775
0.378995 17.1855624384507 133.850945520573
0.379495 17.2082349835218 134.268569451951
0.379995 17.2309075285929 134.918262311427
0.380495 17.253580073664 135.37686976077
0.380995 17.2762526187351 136.148549198016
0.381495 17.2989251638062 136.729376142066
0.381995 17.3215977088773 137.743059358824
0.382495 17.3442702539484 138.066722117423
0.382995 17.3669427990195 138.663292690704
0.383495 17.3896153440907 139.364698699549
0.383995 17.4122878891618 139.69756754442
0.384495 17.4349604342329 140.422858346528
0.384995 17.457632979304 140.806457435704
0.385495 17.4803055243751 141.340192036626
0.385995 17.5029780694462 141.838169612663
0.386495 17.5256506145173 142.242176685254
0.386995 17.5483231595884 143.074551247782
0.387495 17.5709957046595 143.683919597675
0.387995 17.5936682497306 144.745113691676
0.388495 17.6163407948018 145.295029011552
0.388995 17.6390133398729 145.612300737829
0.389495 17.661685884944 145.963737988818
0.389995 17.6843584300151 140.988270517822
0.390495 17.7070309750862 125.437031764921
0.390995 17.7297035201573 106.256701955978
0.391495 17.7523760652284 91.2809904835843
0.391995 17.7750486102995 81.4922808178868
0.392495 17.7977211553706 73.2520011603854
0.392995 17.8203937004418 65.5677965554455
0.393495 17.8430662455129 57.9819627840188
0.393995 17.865738790584 50.5082055478076
0.394495 17.8884113356551 43.3791230318819
0.394995 17.9110838807262 39.2754801977553
0.395495 17.9337564257973 36.6988901537498
0.395995 17.9564289708684 35.1727512281805
0.396495 17.9791015159395 34.3343806832987
0.396995 18.0017740610106 33.7733905489982
0.397495 18.0244466060817 32.8011287663988
0.397995 18.0471191511528 31.3880613321986
0.398495 18.069791696224 29.8519823095351
0.398995 18.0924642412951 28.3259322090777
0.399495 18.1151367863662 26.761937848818
0.399995 18.1378093314373 25.2829218375112
0.400495 18.1604818765084 24.0274844560909
0.400995 18.1831544215795 22.965577379119
0.401495 18.2058269666506 22.0413291212745
0.401995 18.2284995117217 21.1910934091464
0.402495 18.2511720567928 20.3904647092491
0.402995 18.2738446018639 19.4454689597371
0.403495 18.2965171469351 18.2490722257408
0.403995 18.3191896920062 16.8343243038089
0.404495 18.3418622370773 15.2375450696446
0.404995 18.3645347821484 13.4818186715056
0.405495 18.3872073272195 11.5503940108779
0.405995 18.4098798722906 9.46879724238785
0.406495 18.4325524173617 7.25503413677823
0.406995 18.4552249624328 4.8897393477884
0.407495 18.4778975075039 2.35218705871365
0.407995 18.500570052575 -0.050971619669837
0.408495 18.5232425976462 -2.04207739319743
0.408995 18.5459151427173 -4.2962489998077
0.409495 18.5685876877884 -6.78872669164429
0.409995 18.5912602328595 -9.57930874230727
0.410495 18.6139327779306 -12.6178790085266
0.410995 18.6366053230017 -15.8622203461986
0.411495 18.6592778680728 -19.1997870792738
0.411995 18.6819504131439 -22.4766464712399
0.412495 18.704622958215 -25.0694533544295
0.412995 18.7272955032861 -21.9416804007683
0.413495 18.7499680483573 -16.2609098911465
0.413995 18.7726405934284 -10.5765657949131
0.414495 18.7953131384995 -4.41804150764051
0.414995 18.8179856835706 -2.10424267444664
0.415495 18.8406582286417 -0.14275309196869
0.415995 18.8633307737128 0.938405763811073
0.416495 18.8860033187839 0.88952752307752
0.416995 18.908675863855 0.167598406792857
0.417495 18.9313484089261 -0.765664825949897
0.417995 18.9540209539972 -1.69424837655157
0.418495 18.9766934990684 -2.8017194038015
0.418995 18.9993660441395 -3.05225426595544
0.419495 19.0220385892106 -3.15943865613434
0.419995 19.0447111342817 -2.51806161182354
0.420495 19.0673836793528 -1.72324211321836
0.420995 19.0900562244239 -0.563351416229245
0.421495 19.112728769495 0.831470610447439
0.421995 19.1354013145661 1.4518385255966
0.422495 19.1580738596372 1.8503453633452
0.422995 19.1807464047084 2.7545904189381
0.423495 19.2034189497795 3.33813375709186
0.423995 19.2260914948506 3.85083583495264
0.424495 19.2487640399217 4.37705190164566
0.424995 19.2714365849928 4.69304306000357
0.425495 19.2941091300639 4.5961686977809
0.425995 19.316781675135 4.91160156533376
0.426495 19.3394542202061 4.86372504700098
0.426995 19.3621267652772 4.8118918999916
0.427495 19.3847993103483 4.74253055648832
0.427995 19.4074718554195 4.43418681269981
0.428495 19.4301444004906 4.19609043942627
0.428995 19.4528169455617 3.53960714068915
0.429495 19.4754894906328 2.35658622131538
0.429995 19.4981620357039 1.28357669802589
0.430495 19.520834580775 0.0735163751446755
0.430995 19.5435071258461 -0.880209323258234
0.431495 19.5661796709172 -1.82432219670958
0.431995 19.5888522159883 -2.79170973679436
0.432495 19.6115247610594 -3.59757465340047
0.432995 19.6341973061305 -4.0030247063147
0.433495 19.6568698512017 -4.61256259933006
0.433995 19.6795423962728 -4.88725885425633
0.434495 19.7022149413439 -5.13742511140297
0.434995 19.724887486415 -5.22698631400826
0.435495 19.7475600314861 -5.51683778997514
0.435995 19.7702325765572 -5.68057109918649
0.436495 19.7929051216283 -5.27053616395559
0.436995 19.8155776666994 -4.48174385695047
0.437495 19.8382502117705 -3.47149343822471
0.437995 19.8609227568416 -2.16381463976189
0.438495 19.8835953019128 -1.07296884718855
0.438995 19.9062678469839 -0.0363536995590411
0.439495 19.928940392055 0.849513070008241
0.439995 19.9516129371261 1.69660919319542
0.440495 19.9742854821972 2.51080406864962
0.440995 19.9969580272683 3.36509590057446
0.441495 20.0196305723394 3.84504827908718
0.441995 20.0423031174105 4.1773332706604
0.442495 20.0649756624816 4.62278524360701
0.442995 20.0876482075528 4.74973663880934
0.443495 20.1103207526239 4.93231632493278
0.443995 20.132993297695 5.1534109908877
0.444495 20.1556658427661 5.04971967010515
0.444995 20.1783383878372 4.8562448990362
0.445495 20.2010109329083 4.2823489713582
0.445995 20.2236834779794 3.4223337539225
0.446495 20.2463560230505 2.41431422267277
0.446995 20.2690285681216 1.51276589902984
0.447495 20.2917011131927 0.593308978402538
0.447995 20.3143736582638 -0.188965627791484
0.448495 20.337046203335 -1.17999489633755
0.448995 20.3597187484061 -2.08359043893174
0.449495 20.3823912934772 -2.9679793809124
0.449995 20.4050638385483 -3.80539924028498
0.450495 20.4277363836194 -4.26398738246496
0.450995 20.4504089286905 -4.70154971487363
0.451495 20.4730814737616 -4.92518973116562
0.451995 20.4957540188327 -5.34016064147641
0.452495 20.5184265639038 -5.57410173335352
0.452995 20.5410991089749 -5.28455847051103
0.453495 20.5637716540461 -4.57825465317286
0.453995 20.5864441991172 -3.62416326772034
0.454495 20.6091167441883 -2.68589991621498
0.454995 20.6317892892594 -1.90612690620388
0.455495 20.6544618343305 -0.996269576587335
0.455995 20.6771343794016 -0.251330215242766
0.456495 20.6998069244727 0.696863672440355
0.456995 20.7224794695438 1.66468971514851
0.457495 20.7451520146149 2.3210107166982
0.457995 20.7678245596861 3.10778071766353
0.458495 20.7904971047572 3.60270884427448
0.458995 20.8131696498283 4.01993708707963
0.459495 20.8358421948994 4.18483756510667
0.459995 20.8585147399705 4.69748493026178
0.460495 20.8811872850416 4.74132403256257
0.460995 20.9038598301127 4.54816689523446
0.461495 20.9265323751838 4.28524538569518
0.461995 20.9492049202549 3.7272423294119
0.462495 20.971877465326 3.21655257169456
0.462995 20.9945500103972 2.48701522445312
0.463495 21.0172225554683 1.61896296742928
0.463995 21.0398951005394 1.15093950040919
0.464495 21.0625676456105 0.436603077832119
0.464995 21.0852401906816 -0.328121158034451
0.465495 21.1079127357527 -1.12013608120928
0.465995 21.1305852808238 -2.05991906236124
0.466495 21.1532578258949 -2.96474690209414
0.466995 21.175930370966 -3.50965141068913
0.467495 21.1986029160371 -4.05900783888314
0.467995 21.2212754611082 -4.3835632704169
0.468495 21.2439480061794 -4.82544504356403
0.468995 21.2666205512505 -4.76550083961875
0.469495 21.2892930963216 -4.2958118603596
0.469995 21.3119656413927 -3.85092019296349
0.470495 21.3346381864638 -3.26399918751337
0.470995 21.3573107315349 -2.66233158827275
0.471495 21.379983276606 -2.08784815868839
0.471995 21.4026558216771 -1.25998791324715
0.472495 21.4253283667482 -0.571519744825379
0.472995 21.4480009118193 0.306837662354592
0.473495 21.4706734568905 1.13755725128144
0.473995 21.4933460019616 2.07592461050963
0.474495 21.5160185470327 2.69079786535159
0.474995 21.5386910921038 3.2819688162528
0.475495 21.5613636371749 3.66913869319208
0.475995 21.584036182246 4.24155194508585
0.476495 21.6067087273171 4.48351795636398
0.476995 21.6293812723882 4.54483201120574
0.477495 21.6520538174593 4.15263607389039
0.477995 21.6747263625305 3.6995306495886
0.478495 21.6973989076016 3.14639932604968
0.478995 21.7200714526727 2.48171264891673
0.479495 21.7427439977438 1.99824186125613
0.479995 21.7654165428149 1.45683638541277
0.480495 21.788089087886 0.870975014643654
0.480995 21.8107616329571 0.246688738295579
0.481495 21.8334341780282 -0.428223291582363
0.481995 21.8561067230993 -1.39351872272954
0.482495 21.8787792681704 -2.17844275075095
0.482995 21.9014518132415 -2.82868776370064
0.483495 21.9241243583127 -3.48282821670508
0.483995 21.9467969033838 -3.87210693126574
0.484495 21.9694694484549 -4.35946964798565
0.484995 21.992141993526 -4.54675118357807
0.485495 22.0148145385971 -4.09838993898081
0.485995 22.0374870836682 -3.64657960469472
0.486495 22.0601596287393 -2.84471353600967
0.486995 22.0828321738104 -2.28201655846851
0.487495 22.1055047188815 -1.55722674338595
0.487995 22.1281772639526 -0.908570980907723
0.488495 22.1508498090238 -0.156798614393208
0.488995 22.1735223540949 0.277236118401043
0.489495 22.196194899166 1.00483433519093
0.489995 22.2188674442371 1.66018323769772
0.490495 22.2415399893082 2.26912414049625
0.490995 22.2642125343793 2.80771615711186
0.491495 22.2868850794504 3.14092473035897
0.491995 22.3095576245215 3.38608442938671
0.492495 22.3322301695926 3.82527876906389
0.492995 22.3549027146638 3.94006659054199
0.493495 22.3775752597349 3.68921760895465
0.493995 22.400247804806 3.37339821065633
0.494495 22.4229203498771 2.70494292686164
0.494995 22.4455928949482 2.19781510900418
0.495495 22.4682654400193 1.40644908143307
0.495995 22.4909379850904 0.731191965893687
0.496495 22.5136105301615 0.122272916307087
0.496995 22.5362830752326 -0.29485999679604
0.497495 22.5589556203037 -0.866306766245003
0.497995 22.5816281653748 -1.55149250342726
0.498495 22.604300710446 -2.03853975084391
0.498995 22.6269732555171 -2.68599826498087
0.499495 22.6496458005882 -3.08274457245344
0.499995 22.6723183456593 -3.45631140414167
