# Fix print output for fix Step
0 0 -0.749624854892182
0.000494999999999942 0.0108028008868217 2.21166081604762
0.000994999999999894 0.0217147209745207 -0.189294553064005
0.00149499999999998 0.0326266410622225 2.79192280749287
0.00199499999999993 0.0435385611499214 1.2924317879042
0.00249499999999988 0.0544504812376203 1.62999461710879
0.00299499999999996 0.0653624013253221 3.10281800139765
0.00349499999999991 0.0762743214130211 1.38042263100547
0.00399499999999999 0.0871862415007229 3.78573004261242
0.00449499999999995 0.0980981615884218 0.725460447047216
0.0049949999999999 0.109010081676121 5.12777103994527
0.00549499999999998 0.119922001763823 1.25535364004924
0.00599499999999993 0.130833921851521 4.89426475220089
0.00649500000000001 0.141745841939223 2.7816280534389
0.00699499999999996 0.152657762026922 4.16157764735701
0.00749499999999992 0.163569682114621 4.22646128930514
0.007995 0.174481602202323 3.90185142591168
0.00849499999999995 0.185393522290022 5.27083312623567
0.0089949999999999 0.196305442377721 3.50950451240533
0.00949499999999998 0.207217362465423 6.55327905595722
0.00999499999999994 0.218129282553122 3.59383186445509
0.0104949999999999 0.229041202640821 6.66299856296229
0.010995 0.239953122728522 4.39171159951155
0.0114949999999999 0.250865042816221 6.92278100699031
0.011995 0.261776962903923 5.20290904957983
0.012495 0.272688882991622 6.34145255693122
0.0129949999999999 0.283600803079321 6.58998920182013
0.013495 0.294512723167023 6.09453603050295
0.0139949999999999 0.305424643254722 7.4465912531464
0.0144949999999999 0.316336563342421 6.12856857874264
0.014995 0.327248483430122 8.21401276333188
0.0154949999999999 0.338160403517821 6.29042752179795
0.0159949999999999 0.34907232360552 8.67065960941222
0.016495 0.359984243693222 6.7900486194979
0.0169949999999999 0.370896163780921 8.65127477425997
0.017495 0.381808083868623 7.60320858735539
0.0179949999999999 0.392720003956322 8.7561824364579
0.0184949999999999 0.403631924044021 8.48541545809359
0.018995 0.414543844131723 8.70748560900674
0.0194949999999999 0.425455764219421 9.35191005783902
0.019995 0.436367684307123 8.71816843959194
0.020495 0.447279604394822 9.89504018558433
0.0209949999999999 0.458191524482521 8.82684332851217
0.0214949999999999 0.46910344457022 10.5414635324819
0.0219949999999999 0.480015364657922 9.14620999123589
0.0224949999999999 0.490927284745621 10.7206299900274
0.022995 0.501839204833323 9.73509377041436
0.0234949999999999 0.512751124921021 10.7310527478972
0.0239949999999999 0.523663045008721 10.4615857641087
0.024495 0.534574965096422 10.9722308082935
0.0249949999999999 0.545486885184121 11.1646911899814
0.025495 0.556398805271823 10.7697174907854
0.025995 0.567310725359522 11.6870373011799
0.0264949999999999 0.578222645447221 11.0523337222435
0.026995 0.589134565534923 12.2405745280918
0.0274949999999999 0.600046485622622 11.3769023779042
0.0279949999999999 0.610958405710321 12.3571287570857
0.028495 0.621870325798022 11.8557085593913
0.0289949999999999 0.632782245885721 12.9170502561412
0.0294949999999999 0.64369416597342 12.4359511434843
0.029995 0.654606086061122 12.8696902531744
0.0304949999999999 0.665518006148821 12.9327171876447
0.030995 0.676429926236523 13.1451342469781
0.0314949999999999 0.687341846324222 13.6041062442983
0.0319949999999999 0.698253766411921 13.1643868786056
0.032495 0.709165686499622 13.956503080083
0.0329949999999999 0.720077606587321 13.5487163482107
0.033495 0.730989526675023 14.3731329139529
0.033995 0.741901446762722 13.8388821691201
0.0344949999999999 0.752813366850421 14.7983080476549
0.0349949999999999 0.76372528693812 14.3895401094273
0.0354949999999999 0.774637207025822 14.903940312617
0.0359949999999999 0.785549127113521 14.9064409189185
0.036495 0.796461047201223 15.1485316896261
0.0369949999999999 0.807372967288921 15.3651648891589
0.0374949999999999 0.81828488737662 15.3435105060878
0.037995 0.829196807464322 15.7961556827684
0.0384949999999999 0.840108727552021 15.4978716723011
0.038995 0.851020647639723 16.162599084199
0.0394949999999999 0.861932567727422 15.9437794770438
0.0399949999999999 0.872844487815121 16.5619695657598
0.040495 0.883756407902823 16.2406719943123
0.0409949999999999 0.894668327990522 16.9229880626467
0.041495 0.905580248078223 16.8641121379504
0.041995 0.916492168165922 17.0435235052568
0.0424949999999999 0.927404088253621 17.2529436384502
0.0429949999999999 0.93831600834132 17.3150833254181
0.043495 0.949227928429022 17.6687036364433
0.0439949999999999 0.960139848516721 17.5480607855189
0.044495 0.971051768604423 18.1440432475947
0.0449949999999999 0.981963688692122 17.6282251314256
0.0454949999999999 0.992875608779821 18.2114811227662
0.045995 1.00378752886752 18.0467760701234
0.0464949999999999 1.01469944895522 18.6385031217214
0.046995 1.02561136904292 18.4975287230559
0.047495 1.03652328913062 19.1225862210277
0.0479949999999999 1.04743520921832 19.0942377010465
0.0484949999999999 1.05834712930602 19.1263909610791
0.0489949999999999 1.06925904939372 19.5576054911619
0.0494949999999999 1.08017096948142 19.5927216393975
0.049995 1.09108288956912 20.1047949762874
0.0504949999999999 1.10199480965682 19.5479720591432
0.0509949999999999 1.11290672974452 20.2185430266679
0.051495 1.12381864983222 19.8623191439439
0.0519949999999999 1.13473056991992 20.4092214088802
0.052495 1.14564249000762 20.2435940305373
0.0529949999999999 1.15655441009532 20.7031749281649
0.0534949999999999 1.16746633018302 20.7296829386232
0.053995 1.17837825027072 20.6926825657022
0.0544949999999999 1.18929017035842 21.1908497068804
0.054995 1.20020209044612 21.0592415288081
0.055495 1.21111401053382 21.7254314576578
0.0559949999999999 1.22202593062152 21.3850122384495
0.0564949999999999 1.23293785070922 22.0765691276672
0.0569949999999999 1.24384977079692 21.7375253235902
0.0574949999999999 1.25476169088462 22.2977301146542
0.057995 1.26567361097232 22.0895603794819
0.0584949999999999 1.27658553106002 22.5037800486497
0.0589949999999999 1.28749745114772 22.5284051047095
0.059495 1.29840937123542 22.6555947561907
0.0599949999999999 1.30932129132312 23.0382822826883
0.060495 1.32023321141082 22.8166117825535
0.060995 1.33114513149852 23.3516907387101
0.0614949999999999 1.34205705158622 23.1265983713331
0.0619949999999999 1.35296897167392 23.7281120672768
0.0624949999999999 1.36388089176162 23.4365761391942
0.0629949999999999 1.37479281184932 23.9645420990256
0.063495 1.38570473193702 23.8621595329114
0.0639949999999999 1.39661665202472 24.1175208970743
0.0644949999999999 1.40752857211242 24.2408985698245
0.064995 1.41844049220012 24.2449857576807
0.0654949999999999 1.42935241228782 24.635569118302
0.065995 1.44026433237552 24.4505429807831
0.0664949999999999 1.45117625246322 24.8590080108525
0.0669949999999999 1.46208817255092 24.713994855318
0.067495 1.47300009263862 25.2613452823008
0.0679949999999999 1.48391201272632 24.9954947812239
0.068495 1.49482393281402 25.4798109464599
0.068995 1.50573585290172 25.4956112482037
0.0694949999999999 1.51664777298942 25.8011187656488
0.0699949999999999 1.52755969307712 25.7394729023526
0.0704949999999999 1.53847161316482 25.909072069429
0.0709949999999999 1.54938353325252 26.2016894965175
0.071495 1.56029545334022 26.1368106065485
0.0719949999999999 1.57120737342792 26.3925134572013
0.0724949999999999 1.58211929351562 26.4916300429718
0.072995 1.59303121360332 26.9792323125691
0.0734949999999999 1.60394313369102 26.6867898517436
0.073995 1.61485505377872 27.1485340612592
0.074495 1.62576697386642 26.9485367118313
0.0749949999999999 1.63667889395412 27.3849543827619
0.0754949999999999 1.64759081404182 27.2594616522595
0.0759949999999999 1.65850273412952 27.6599159703268
0.0764949999999999 1.66941465421722 27.5984608088131
0.076995 1.68032657430492 27.7786821469544
0.0774949999999999 1.69123849439262 28.0282023624153
0.0779949999999999 1.70215041448032 28.1033580973014
0.078495 1.71306233456802 28.4202935423792
0.0789949999999999 1.72397425465572 28.1525856107051
0.079495 1.73488617474342 28.6818584792144
0.0799949999999999 1.74579809483112 28.5471116976433
0.0804949999999999 1.75671001491882 28.9355054795642
0.0809949999999998 1.76762193500652 28.7299001034366
0.0814949999999999 1.77853385509422 29.1120279038371
0.081995 1.78944577518192 29.1873859568324
0.082495 1.80035769526962 29.4491148178662
0.0829949999999999 1.81126961535732 29.3804378448291
0.0834949999999999 1.82218153544502 29.5763070694495
0.0839949999999999 1.83309345553272 29.942691249991
0.0844949999999999 1.84400537562042 29.7445729199747
0.084995 1.85491729570812 30.1807522092574
0.0854949999999999 1.86582921579582 30.0088141347354
0.0859949999999999 1.87674113588352 30.4281246171997
0.086495 1.88765305597122 30.2713565975146
0.0869949999999999 1.89856497605892 30.6526036129468
0.087495 1.90947689614662 30.4736454022737
0.0879949999999999 1.92038881623432 30.9265806599208
0.0884949999999999 1.93130073632202 31.0215347037841
0.088995 1.94221265640972 31.0893663778643
0.0894949999999999 1.95312457649742 31.2717787420249
0.089995 1.96403649658512 31.2274575590379
0.090495 1.97494841667282 31.577546131
0.0909949999999999 1.98586033676052 31.3208901908665
0.0914949999999999 1.99677225684822 31.8591081740685
0.091995 2.00768417693592 31.6320932771919
0.0924949999999999 2.01859609702362 32.0749531765927
0.092995 2.02950801711132 31.9008633448865
0.0934949999999999 2.04041993719902 32.4584976348304
0.0939949999999999 2.05133185728672 32.2777250428372
0.094495 2.06224377737442 32.4928947009523
0.0949949999999999 2.07315569746212 32.5235316584034
0.095495 2.08406761754982 32.737829552727
0.095995 2.09497953763752 32.9266786997287
0.0964949999999999 2.10589145772522 32.8914058187523
0.0969949999999999 2.11680337781292 33.1054662454563
0.0974949999999999 2.12771529790062 33.0340086974372
0.0979949999999999 2.13862721798832 33.5262007926135
0.098495 2.14953913807602 33.35209528889
0.0989949999999999 2.16045105816372 33.6113281168178
0.0994949999999999 2.17136297825142 33.5761998518017
0.099995 2.18227489833912 34.0830302371596
0.100495 2.19318681842682 33.8992090097465
0.100995 2.20409873851452 34.0128633296275
0.101495 2.21501065860222 34.0320992941775
0.101995 2.22592257868992 34.3243589679976
0.102495 2.23683449877762 34.5372145553987
0.102995 2.24774641886532 34.3965792554699
0.103495 2.25865833895302 34.6370866947761
0.103995 2.26957025904072 34.5624710743655
0.104495 2.28048217912842 34.9975605093578
0.104995 2.29139409921612 34.830820399375
0.105495 2.30230601930382 35.1463940794893
0.105995 2.31321793939152 35.0332822790234
0.106495 2.32412985947922 35.5212063728136
0.106995 2.33504177956692 35.3003853937375
0.107495 2.34595369965462 35.4845652223582
0.107995 2.35686561974232 35.5537578921376
0.108495 2.36777753983002 35.7292962554365
0.108995 2.37868945991772 36.0125163902783
0.109495 2.38960138000542 35.9859559548294
0.109995 2.40051330009312 36.1294438793504
0.110495 2.41142522018082 36.1053861807056
0.110995 2.42233714026852 36.4543410748023
0.111495 2.43324906035622 36.4039688923556
0.111995 2.44416098044392 36.5604801796958
0.112495 2.45507290053162 36.4854376976334
0.112995 2.46598482061932 36.7451721901447
0.113495 2.47689674070702 36.8563829072842
0.113995 2.48780866079472 36.8778148350501
0.114495 2.49872058088242 37.042156339077
0.114995 2.50963250097012 37.1179702352873
0.115495 2.52054442105782 37.3837404635081
0.115995 2.53145634114552 37.2595130927454
0.116495 2.54236826123322 37.5021528084087
0.116995 2.55328018132092 37.5280789436198
0.117495 2.56419210140862 37.7701403516889
0.117995 2.57510402149632 37.7435086413525
0.118495 2.58601594158402 37.9749912066572
0.118995 2.59692786167172 38.0424192695164
0.119495 2.60783978175942 38.2247942977173
0.119995 2.61875170184712 38.3287278726434
0.120495 2.62966362193482 38.3552617186468
0.120995 2.64057554202252 38.3838940976695
0.121495 2.65148746211022 38.4928549334731
0.121995 2.66239938219792 38.6334972658371
0.122495 2.67331130228562 38.6833392985293
0.122995 2.68422322237332 38.6937213723953
0.123495 2.69513514246102 38.8883471476364
0.123995 2.70604706254872 38.9867768848264
0.124495 2.71695898263642 39.1369901499801
0.124995 2.72787090272412 39.1259935181934
0.125495 2.73878282281182 39.2543624965983
0.125995 2.74969474289952 39.3946510453155
0.126495 2.76060666298722 39.5790682775524
0.126995 2.77151858307492 39.6252522288555
0.127495 2.78243050316262 39.5591789741862
0.127995 2.79334242325032 39.7803191867936
0.128495 2.80425434333802 39.8918199215643
0.128995 2.81516626342572 40.0700351002036
0.129495 2.82607818351342 39.9825104668861
0.129995 2.83699010360112 40.1284511557359
0.130495 2.84790202368882 40.2097549052985
0.130995 2.85881394377652 40.3660902887268
0.131495 2.86972586386422 40.4446925043311
0.131995 2.88063778395192 40.448675989921
0.132495 2.89154970403962 40.6016557836585
0.132995 2.90246162412732 40.6154095084282
0.133495 2.91337354421502 40.8149666945671
0.133995 2.92428546430272 40.8052617597671
0.134495 2.93519738439042 40.9262433937591
0.134995 2.94610930447812 40.9503207178829
0.135495 2.95702122456582 41.133869972499
0.135995 2.96793314465352 41.2093380809045
0.136495 2.97884506474122 41.3509471966189
0.136995 2.98975698482892 41.3781812701713
0.137495 3.00066890491662 41.4526300624967
0.137995 3.01158082500432 41.4914458926856
0.138495 3.02249274509202 41.643680913656
0.138995 3.03340466517972 41.7030822964534
0.139495 3.04431658526742 41.7810918579971
0.139995 3.05522850535512 41.9000009117348
0.140495 3.06614042544282 42.0033699823091
0.140995 3.07705234553052 42.0017325828157
0.141495 3.08796426561822 42.1606473415081
0.141995 3.09887618570592 42.3140571413134
0.142495 3.10978810579362 42.2341437663471
0.142995 3.12070002588132 42.3280359305267
0.143495 3.13161194596902 42.4688741356437
0.143995 3.14252386605672 42.7593640833199
0.144495 3.15343578614442 42.5664551024592
0.144995 3.16434770623212 42.6908775908902
0.145495 3.17525962631982 42.7417932226112
0.145995 3.18617154640752 43.0290582576745
0.146495 3.19708346649522 43.0491209961221
0.146995 3.20799538658292 42.9678287291634
0.147495 3.21890730667062 43.0942452993311
0.147995 3.22981922675832 43.3560407294391
0.148495 3.24073114684602 43.4014648092313
0.148995 3.25164306693372 43.2591051624209
0.149495 3.26255498702142 43.4616563523757
0.149995 3.27346690710912 43.4151877697659
0.150495 3.28437882719682 43.6201424631251
0.150995 3.29529074728452 43.5420030905629
0.151495 3.30620266737222 43.7977027478279
0.151995 3.31711458745992 43.7591267730862
0.152495 3.32802650754762 43.9617969438975
0.152995 3.33893842763532 43.9482280626483
0.153495 3.34985034772302 44.0035700319917
0.153995 3.36076226781072 44.072456046618
0.154495 3.37167418789842 44.0877517259383
0.154995 3.38258610798612 44.3793771379964
0.155495 3.39349802807382 44.1904644913937
0.155995 3.40440994816152 44.3939596220961
0.156495 3.41532186824922 44.3349585907837
0.156995 3.42623378833692 44.6277451353472
0.157495 3.43714570842462 44.4397516767222
0.157995 3.44805762851232 44.8078434709452
0.158495 3.45896954860002 44.6882281147692
0.158995 3.46988146868772 44.8683680405095
0.159495 3.48079338877542 44.7733520610892
0.159995 3.49170530886312 45.0302591758651
0.160495 3.50261722895082 45.0964390741878
0.160995 3.51352914903852 45.1230300823231
0.161495 3.52444106912622 45.2346238476882
0.161995 3.53535298921392 45.1254472891005
0.162495 3.54626490930162 45.4757894931801
0.162995 3.55717682938932 45.2119159962894
0.163495 3.56808874947702 45.4603313950063
0.163995 3.57900066956472 45.3484886838713
0.164495 3.58991258965242 45.787139159551
0.164995 3.60082450974012 45.5047014570623
0.165495 3.61173642982782 45.720206295844
0.165995 3.62264834991552 45.7168099403025
0.166495 3.63356027000322 46.0051703595535
0.166995 3.64447219009092 45.9384988063822
0.167495 3.65538411017862 45.9146446915081
0.167995 3.66629603026632 46.0126270230063
0.168495 3.67720795035402 46.0563529242011
0.168995 3.68811987044172 46.2513358376035
0.169495 3.69903179052942 46.0635682335421
0.169995 3.70994371061712 46.361148748146
0.170495 3.72085563070482 46.2541443809996
0.170995 3.73176755079252 46.4987278709197
0.171495 3.74267947088022 46.4301550158148
0.171995 3.75359139096792 46.662664961785
0.172495 3.76450331105562 46.4941170894996
0.172995 3.77541523114332 46.5806106213539
0.173495 3.78632715123102 46.6986462079285
0.173995 3.79723907131872 46.8696083957614
0.174495 3.80815099140642 46.8037768459816
0.174995 3.81906291149412 46.7556645227779
0.175495 3.82997483158182 46.9555995648288
0.175995 3.84088675166952 46.9797302895062
0.176495 3.85179867175722 47.0821735923914
0.176995 3.86271059184492 47.0119431679422
0.177495 3.87362251193262 47.3324754436096
0.177995 3.88453443202032 47.1145335354351
0.178495 3.89544635210802 47.2814536552328
0.178995 3.90635827219572 47.316743849711
0.179495 3.91727019228342 47.4337510578434
0.179995 3.92818211237112 47.559913759362
0.180495 3.93909403245882 47.4172257121995
0.180995 3.95000595254652 47.6750275938383
0.181495 3.96091787263422 47.582185650692
0.181995 3.97182979272192 47.7407416830164
0.182495 3.98274171280962 47.6428604478541
0.182995 3.99365363289732 47.863811597549
0.183495 4.00456555298502 47.7633146640246
0.183995 4.01547747307272 47.9065660710572
0.184495 4.02638939316042 47.9305151989429
0.184995 4.03730131324812 47.972204570634
0.185495 4.04821323333582 48.1011206000068
0.185995 4.05912515342352 48.0661483933308
0.186495 4.07003707351122 48.2184346437019
0.186995 4.08094899359892 48.1090853963884
0.187495 4.09186091368662 48.3175387192598
0.187995 4.10277283377432 48.1988714978725
0.188495 4.11368475386202 48.5109731337245
0.188995 4.12459667394972 48.2390797372425
0.189495 4.13550859403742 48.5008513261149
0.189995 4.14642051412512 48.5676867397268
0.190495 4.15733243421282 48.6939837609121
0.190995 4.16824435430052 48.6688975663499
0.191495 4.17915627438822 48.5729283944182
0.191995 4.19006819447592 48.7022797227182
0.192495 4.20098011456362 48.7532551174171
0.192995 4.21189203465132 48.9104637625772
0.193495 4.22280395473902 48.6669330219406
0.193995 4.23371587482672 49.0186227691258
0.194495 4.24462779491442 48.905932176547
0.194995 4.25553971500212 49.0258747486492
0.195495 4.26645163508982 48.9585006533553
0.195995 4.27736355517752 49.0749062265962
0.196495 4.28827547526522 49.2454781039289
0.196995 4.29918739535293 49.1210768550255
0.197495 4.31009931544062 49.2097393143371
0.197995 4.32101123552832 49.1877130995683
0.198495 4.33192315561602 49.4422771173907
0.198995 4.34283507570372 49.3410617933727
0.199495 4.35374699579142 49.4742787567607
0.199995 4.36465891587912 49.3453130838884
0.200495 4.37557083596682 49.5682574985476
0.200995 4.38648275605452 49.4740306218179
0.201495 4.39739467614222 49.5115030937647
0.201995 4.40830659622992 49.6924665660641
0.202495 4.41921851631762 49.6901533759744
0.202995 4.43013043640532 49.6915770625606
0.203495 4.44104235649302 49.7363033340758
0.203995 4.45195427658072 49.9165748814727
0.204495 4.46286619666842 49.8091297957595
0.204995 4.47377811675612 50.0411370903515
0.205495 4.48469003684382 49.8837333792217
0.205995 4.49560195693152 50.1057037809532
0.206495 4.50651387701922 50.035491340782
0.206995 4.51742579710692 50.1784775982248
0.207495 4.52833771719462 50.08463214838
0.207995 4.53924963728232 50.2111416602954
0.208495 4.55016155737002 50.2405425873194
0.208995 4.56107347745772 50.2048810571891
0.209495 4.57198539754542 50.3430369634049
0.209995 4.58289731763312 50.2058603153454
0.210495 4.59380923772082 50.4565738344594
0.210995 4.60472115780852 50.3322894699002
0.211495 4.61563307789622 50.5059320911531
0.211995 4.62654499798392 50.3724862624993
0.212495 4.63745691807162 50.6751488753791
0.212995 4.64836883815932 50.4914076683447
0.213495 4.65928075824702 50.7482246776826
0.213995 4.67019267833472 50.7844202761528
0.214495 4.68110459842242 50.7308025653751
0.214995 4.69201651851012 50.7630956376829
0.215495 4.70292843859782 50.7726650710414
0.215995 4.71384035868552 51.0168629120882
0.216495 4.72475227877322 50.7191272802626
0.216995 4.73566419886092 50.9609960151507
0.217495 4.74657611894862 50.9056938870342
0.217995 4.75748803903632 51.2273387904847
0.218495 4.76839995912402 50.9960933388339
0.218995 4.77931187921172 50.9342140099161
0.219495 4.79022379929942 51.098903531608
0.219995 4.80113571938712 51.3035430948957
0.220495 4.81204763947482 51.259089436818
0.220995 4.82295955956252 51.0798233722483
0.221495 4.83387147965022 51.2648383745743
0.221995 4.84478339973792 51.3779209800366
0.222495 4.85569531982562 51.3512172468962
0.222995 4.86660723991332 51.2578724275533
0.223495 4.87751916000102 51.5904823306223
0.223995 4.88843108008872 51.5927992035539
0.224495 4.89934300017642 51.6548365458596
0.224995 4.91025492026412 51.444461651814
0.225495 4.92116684035182 51.6269007631088
0.225995 4.93207876043952 51.7052570278572
0.226495 4.94299068052722 51.8214272211569
0.226995 4.95390260061492 51.8267019695341
0.227495 4.96481452070262 51.8002737521821
0.227995 4.97572644079032 51.9033124156254
0.228495 4.98663836087802 51.7763790691734
0.228995 4.99755028096572 52.0188424673688
0.229495 5.00846220105342 51.9413973101606
0.229995 5.01937412114112 51.9986856702425
0.230495 5.03028604122882 51.9222849162893
0.230995 5.04119796131652 52.2133172968856
0.231495 5.05210988140422 52.0356717087045
0.231995 5.06302180149192 52.0427715932849
0.232495 5.07393372157962 52.1172032992034
0.232995 5.08484564166732 52.2566806779987
0.233495 5.09575756175502 52.3984470194785
0.233995 5.10666948184272 52.3460137235674
0.234495 5.11758140193042 52.3879860254536
0.234995 5.12849332201812 52.3760443117121
0.235495 5.13940524210582 52.4848820425793
0.235995 5.15031716219352 52.4470098364334
0.236495 5.16122908228122 52.3983980279186
0.236995 5.17214100236892 52.4267315633051
0.237495 5.18305292245662 52.6573621836999
0.237995 5.19396484254432 52.7412335903256
0.238495 5.20487676263202 52.6108997946913
0.238995 5.21578868271972 52.764523434604
0.239495 5.22670060280742 52.7016613421848
0.239995 5.23761252289512 52.8580772685728
0.240495 5.24852444298282 52.871770724
0.240995 5.25943636307052 52.8701157454069
0.241495 5.27034828315822 52.7627678652198
0.241995 5.28126020324592 53.1575748208203
0.242495 5.29217212333362 52.9791698127685
0.242995 5.30308404342132 52.9053002818053
0.243495 5.31399596350902 53.1430737774467
0.243995 5.32490788359672 53.1941274612102
0.244495 5.33581980368442 53.1446973383187
0.244995 5.34673172377212 53.1671553678252
0.245495 5.35764364385982 53.3353213840148
0.245995 5.36855556394752 53.3593572103536
0.246495 5.37946748403522 53.3792151694077
0.246995 5.39037940412292 53.3742865210267
0.247495 5.40129132421062 53.4644428059375
0.247995 5.41220324429832 53.5326396961806
0.248495 5.42311516438602 53.5523376342488
0.248995 5.43402708447372 53.5313982111849
0.249495 5.44493900456142 53.6449611589266
0.249995 5.45585092464912 53.6311470393147
0.250495 5.46676284473682 53.6490437629747
0.250995 5.47767476482452 53.6820124064401
0.251495 5.48858668491222 53.8979300068316
0.251995 5.49949860499992 53.7383865427367
0.252495 5.51041052508762 53.8910714154608
0.252995 5.52132244517532 53.9376783686533
0.253495 5.53223436526302 53.9974150007002
0.253995 5.54314628535072 53.9906606161401
0.254495 5.55405820543842 53.9095638847837
0.254995 5.56497012552612 54.2314766872971
0.255495 5.57588204561382 54.0880847375008
0.255995 5.58679396570152 54.2015135859531
0.256495 5.59770588578922 54.2213176503839
0.256995 5.60861780587692 54.3117520656155
0.257495 5.61952972596462 54.2238927528151
0.257995 5.63044164605232 54.2281509169259
0.258495 5.64135356614002 54.2872620106668
0.258995 5.65226548622772 54.3816341568632
0.259495 5.66317740631542 54.5426028197579
0.259995 5.67408932640312 54.4609922060836
0.260495 5.68500124649082 54.7069350929114
0.260995 5.69591316657852 54.6417412217807
0.261495 5.70682508666622 54.7655957875997
0.261995 5.71773700675392 54.6875687812889
0.262495 5.72864892684162 54.7909185684265
0.262995 5.73956084692932 54.7734258016173
0.263495 5.75047276701702 54.9563212077417
0.263995 5.76138468710472 55.0687356523218
0.264495 5.77229660719242 54.8891341215423
0.264995 5.78320852728012 55.0174987251982
0.265495 5.79412044736782 55.1584702334247
0.265995 5.80503236745552 55.3059343066904
0.266495 5.81594428754322 54.8939035391278
0.266995 5.82685620763092 55.24984285689
0.267495 5.83776812771862 55.5328488969276
0.267995 5.84868004780632 55.2253217425512
0.268495 5.85959196789402 55.3695936523256
0.268995 5.87050388798172 55.4289437663997
0.269495 5.88141580806942 55.7196386392819
0.269995 5.89232772815712 55.5398123262275
0.270495 5.90323964824482 55.5722924288992
0.270995 5.91415156833252 55.5909416391346
0.271495 5.92506348842022 55.7761307465281
0.271995 5.93597540850792 55.7380937808687
0.272495 5.94688732859562 55.9452944060575
0.272995 5.95779924868332 56.0082178433333
0.273495 5.96871116877102 56.0262028745152
0.273995 5.97962308885872 56.2175993722847
0.274495 5.99053500894642 56.164762023678
0.274995 6.00144692903412 56.0802387910681
0.275495 6.01235884912182 56.2188321108939
0.275995 6.02327076920952 56.3175335098645
0.276495 6.03418268929722 56.2540414108839
0.276995 6.04509460938492 56.3402995797772
0.277495 6.05600652947262 56.5649648800065
0.277995 6.06691844956032 56.5872953271595
0.278495 6.07783036964802 56.3132142221429
0.278995 6.08874228973572 56.5743026367765
0.279495 6.09965420982342 56.6311634120033
0.279995 6.11056612991112 57.1077862921077
0.280495 6.12147804999882 57.0191670405983
0.280995 6.13238997008652 56.7934463277862
0.281495 6.14330189017422 56.9414335396559
0.281995 6.15421381026192 57.0565782741393
0.282495 6.16512573034962 57.2196227354124
0.282995 6.17603765043732 57.0695935024936
0.283495 6.18694957052502 57.2907877986499
0.283995 6.19786149061272 57.3360340589353
0.284495 6.20877341070042 57.4532485196077
0.284995 6.21968533078812 57.5947154220242
0.285495 6.23059725087582 57.5324354736555
0.285995 6.24150917096352 57.6798993537113
0.286495 6.25242109105122 57.7319572570154
0.286995 6.26333301113892 57.6764270207225
0.287495 6.27424493122662 57.8772145198388
0.287995 6.28515685131432 58.0806859141638
0.288495 6.29606877140202 57.9044917044803
0.288995 6.30698069148972 58.0365664520673
0.289495 6.31789261157742 58.1764762645781
0.289995 6.32880453166512 58.2612586388376
0.290495 6.33971645175282 58.3806335858906
0.290995 6.35062837184052 58.2800818956773
0.291495 6.36154029192822 58.1867906106063
0.291995 6.37245221201592 58.6679706984777
0.292495 6.38336413210362 58.4694582187535
0.292995 6.39427605219132 58.788456779839
0.293495 6.40518797227902 58.9540382101735
0.293995 6.41609989236672 59.2293886809558
0.294495 6.42701181245442 59.0677391297826
0.294995 6.43792373254212 59.2153580812357
0.295495 6.44883565262982 59.2808617132459
0.295995 6.45974757271752 59.3414664188749
0.296495 6.47065949280522 59.2926226454955
0.296995 6.48157141289292 59.7702175938005
0.297495 6.49248333298062 59.7873951748804
0.297995 6.50339525306832 59.7771975711207
0.298495 6.51430717315602 59.9834501812603
0.298995 6.52521909324372 60.0039305360591
0.299495 6.53613101333142 60.1118568857333
0.299995 6.54704293341912 60.0307832517937
0.300495 6.55795485350682 60.3029288375497
0.300995 6.56886677359452 60.6024101984631
0.301495 6.57977869368222 60.6655681425715
0.301995 6.59069061376992 60.5575291570292
0.302495 6.60160253385762 60.6547015049188
0.302995 6.61251445394532 60.9958521000801
0.303495 6.62342637403302 61.0639693587794
0.303995 6.63433829412072 61.1046847397296
0.304495 6.64525021420842 61.2971708720194
0.304995 6.65616213429612 61.5546923609451
0.305495 6.66707405438382 61.6275839021497
0.305995 6.67798597447152 61.7842684746456
0.306495 6.68889789455922 61.9410187280904
0.306995 6.69980981464692 61.9700967774845
0.307495 6.71072173473462 61.8456071789569
0.307995 6.72163365482232 62.1720987659572
0.308495 6.73254557491002 62.4212793365039
0.308995 6.74345749499772 62.4366294597163
0.309495 6.75436941508542 62.7757219263662
0.309995 6.76528133517312 62.9858824674749
0.310495 6.77619325526082 62.9280202182855
0.310995 6.78710517534852 62.9985463801189
0.311495 6.79801709543622 63.0460226146397
0.311995 6.80892901552392 63.5366646911881
0.312495 6.81984093561162 63.3681630352469
0.312995 6.83075285569932 63.7307203605003
0.313495 6.84166477578702 63.6430114482949
0.313995 6.85257669587472 63.9090549648809
0.314495 6.86348861596242 64.0594916949858
0.314995 6.87440053605012 64.3652525962466
0.315495 6.88531245613782 64.3742662499399
0.315995 6.89622437622552 64.6346533286012
0.316495 6.90713629631322 65.1746327167084
0.316995 6.91804821640092 64.9201934560144
0.317495 6.92896013648862 65.0164946769986
0.317995 6.93987205657632 65.1910578927387
0.318495 6.95078397666402 65.8590219677068
0.318995 6.96169589675172 65.6107315921697
0.319495 6.97260781683942 65.8642263702898
0.319995 6.98351973692712 66.0137400467924
0.320495 6.99443165701482 66.1738263744285
0.320995 7.00534357710252 66.4813108966087
0.321495 7.01625549719022 66.5878156199319
0.321995 7.02716741727792 66.9497983412394
0.322495 7.03807933736562 66.984891846881
0.322995 7.04899125745332 67.3344779639316
0.323495 7.05990317754102 67.377744719833
0.323995 7.07081509762872 67.6318705113081
0.324495 7.08172701771642 68.1324939507515
0.324995 7.09263893780412 68.1394139023568
0.325495 7.10355085789182 68.5184068585802
0.325995 7.11446277797952 68.3547752163199
0.326495 7.12537469806722 68.6531885665938
0.326995 7.13628661815492 68.7973904546653
0.327495 7.14719853824262 69.1237694594131
0.327995 7.15811045833032 69.5949843826218
0.328495 7.16902237841802 69.2255640749548
0.328995 7.17993429850572 69.8196886713144
0.329495 7.19084621859342 69.8947085229401
0.329995 7.20175813868112 70.2232841493656
0.330495 7.21267005876882 69.9792828548377
0.330995 7.22358197885652 70.5911525573345
0.331495 7.23449389894422 70.8352443077323
0.331995 7.24540581903192 71.0423195219845
0.332495 7.25631773911962 71.2401983769374
0.332995 7.26722965920732 71.7248764231941
0.333495 7.27814157929502 71.9081246650725
0.333995 7.28905349938272 71.9757791464613
0.334495 7.29996541947042 72.2616366841437
0.334995 7.31087733955812 72.7403766204873
0.335495 7.32178925964582 72.6338071946949
0.335995 7.33270117973352 72.8385863033933
0.336495 7.34361309982122 73.3866283371003
0.336995 7.35452501990892 73.4190877943919
0.337495 7.36543693999662 73.8738882049074
0.337995 7.37634886008432 73.9919747813167
0.338495 7.38726078017202 74.3783692956272
0.338995 7.39817270025972 74.5126308122682
0.339495 7.40908462034742 74.7475363217333
0.339995 7.41999654043512 75.0180498853343
0.340495 7.43090846052282 75.158257684907
0.340995 7.44182038061052 75.5533391275899
0.341495 7.45273230069822 75.6458405803851
0.341995 7.46364422078592 76.201342716672
0.342495 7.47455614087362 75.7973625162416
0.342995 7.48546806096132 76.8396022169538
0.343495 7.49637998104902 76.5183972819329
0.343995 7.50729190113672 76.8394061483085
0.344495 7.51820382122442 77.0745199296837
0.344995 7.52911574131212 77.7624322409702
0.345495 7.54002766139982 77.5075464541954
0.345995 7.55093958148752 78.1361177032641
0.346495 7.56185150157522 78.3788462808342
0.346995 7.57276342166292 78.5670677099064
0.347495 7.58367534175062 79.1964792507933
0.347995 7.59458726183832 79.0721422881097
0.348495 7.60549918192602 79.3448699656034
0.348995 7.61641110201372 79.8770402427732
0.349495 7.62732302210142 80.0820391817445
0.349995 7.63823494218912 80.2491388501171
0.350495 7.64914686227682 80.413566369127
0.350995 7.66005878236452 80.8510494932832
0.351495 7.67097070245222 81.393836759363
0.351995 7.68188262253992 81.2612942479426
0.352495 7.69279454262762 81.6568998382222
0.352995 7.70370646271532 82.1140359080913
0.353495 7.71461838280302 82.3021426551628
0.353995 7.72553030289072 82.6256182411215
0.354495 7.73644222297842 82.7758042824297
0.354995 7.74735414306612 82.8009342221334
0.355495 7.75826606315382 83.2972470812028
0.355995 7.76917798324152 83.7588120906757
0.356495 7.78008990332922 84.0753459453041
0.356995 7.79100182341692 84.2161318728836
0.357495 7.80191374350462 84.7236779845578
0.357995 7.81282566359232 85.1140674223609
0.358495 7.82373758368002 85.1671261683414
0.358995 7.83464950376772 85.907236943116
0.359495 7.84556142385542 85.8842283783879
0.359995 7.85647334394312 86.2420778247896
0.360495 7.86738526403082 86.522148055066
0.360995 7.87829718411852 86.8846213008404
0.361495 7.88920910420622 87.16069339309
0.361995 7.90012102429392 87.4872014438452
0.362495 7.91103294438162 87.6013475969524
0.362995 7.92194486446932 87.9636181843476
0.363495 7.93285678455702 88.9280567576062
0.363995 7.94376870464472 88.9415583443223
0.364495 7.95468062473242 88.7119192678639
0.364995 7.96559254482012 89.1316509676732
0.365495 7.97650446490782 89.3213359287665
0.365995 7.98741638499552 89.872276109039
0.366495 7.99832830508322 90.4224740760204
0.366995 8.00924022517092 90.7249635419638
0.367495 8.02015214525862 90.8192772597825
0.367995 8.03106406534632 91.7256809690412
0.368495 8.04197598543402 91.9382909782416
0.368995 8.05288790552173 92.4131466785317
0.369495 8.06379982560943 92.3473420968902
0.369995 8.07471174569712 92.4536761153675
0.370495 8.08562366578482 93.1823146976269
0.370995 8.09653558587252 94.2829710142055
0.371495 8.10744750596022 94.011826879607
0.371995 8.11835942604792 94.2422682501193
0.372495 8.12927134613562 94.3079417603206
0.372995 8.14018326622332 94.7185558688788
0.373495 8.15109518631102 95.1961400938454
0.373995 8.16200710639873 95.5895096500266
0.374495 8.17291902648643 95.8994286068769
0.374995 8.18383094657412 96.2315711378383
0.375495 8.19474286666182 96.4542031225904
0.375995 8.20565478674952 97.0624649428364
0.376495 8.21656670683722 97.5103011875636
0.376995 8.22747862692492 97.8108636891813
0.377495 8.23839054701262 98.6368958788147
0.377995 8.24930246710032 98.6928145274644
0.378495 8.26021438718802 99.3145236280383
0.378995 8.27112630727572 99.8634738989938
0.379495 8.28203822736343 100.108664293947
0.379995 8.29295014745113 100.293668864176
0.380495 8.30386206753882 100.51527898476
0.380995 8.31477398762652 100.808152697638
0.381495 8.32568590771422 101.347730600632
0.381995 8.33659782780192 101.997718833661
0.382495 8.34750974788962 102.635703123903
0.382995 8.35842166797732 102.81927119771
0.383495 8.36933358806502 103.256621180358
0.383995 8.38024550815272 103.861501271418
0.384495 8.39115742824042 104.320268242537
0.384995 8.40206934832812 104.26449569617
0.385495 8.41298126841581 101.649109232946
0.385995 8.42389318850352 93.9739277651793
0.386495 8.43480510859122 82.5333506022694
0.386995 8.44571702867892 68.0358361653393
0.387495 8.45662894876662 54.5623892406832
0.387995 8.46754086885432 45.5416476500049
0.388495 8.47845278894202 38.5154756274221
0.388995 8.48936470902972 33.9001999754277
0.389495 8.50027662911742 30.98133457391
0.389995 8.51118854920512 28.3768104532593
0.390495 8.52210046929282 25.7050995915776
0.390995 8.53301238938053 23.2960071679392
0.391495 8.54392430946822 20.9620555948139
0.391995 8.55483622955592 18.7418046611313
0.392495 8.56574814964362 16.4282590607489
0.392995 8.57666006973132 13.5044008640226
0.393495 8.58757198981902 10.4130168062834
0.393995 8.59848390990672 7.03116296839007
0.394495 8.60939582999442 3.49361687241698
0.394995 8.62030775008212 -0.165033281150646
0.395495 8.63121967016982 -3.75460687093709
0.395995 8.64213159025753 -7.32043396995191
0.396495 8.65304351034522 -10.4531916377525
0.396995 8.66395543043292 -12.114626036603
0.397495 8.67486735052062 -8.66753377498157
0.397995 8.68577927060832 -6.58656350001434
0.398495 8.69669119069602 -3.73363222745662
0.398995 8.70760311078372 -2.75483615805943
0.399495 8.71851503087142 -2.05069997808331
0.399995 8.72942695095912 -2.36723993738921
0.400495 8.74033887104682 -2.05392776374469
0.400995 8.75125079113451 -2.17044969268088
0.401495 8.76216271122223 -3.09357843245273
0.401995 8.77307463130992 -2.83188024194293
0.402495 8.78398655139762 -2.01035934069353
0.402995 8.79489847148532 -1.36685007863793
0.403495 8.80581039157302 -0.402554023956418
0.403995 8.81672231166072 -0.0384678838084059
0.404495 8.82763423174842 0.134175321251495
0.404995 8.83854615183612 0.5970766676301
0.405495 8.84945807192382 0.784737493004738
0.405995 8.86036999201152 0.3567258996093
0.406495 8.87128191209922 0.30011507326082
0.406995 8.88219383218692 -0.309895879235232
0.407495 8.89310575227463 -0.568612447671905
0.407995 8.90401767236232 -0.791036797498437
0.408495 8.91492959245002 -0.914002675088528
0.408995 8.92584151253772 -0.729005969409155
0.409495 8.93675343262542 -1.15604315405322
0.409995 8.94766535271312 -1.60757902515004
0.410495 8.95857727280082 -1.23216438809353
0.410995 8.96948919288852 -0.888028790673274
0.411495 8.98040111297622 -0.318728372153703
0.411995 8.99131303306391 0.215511865241863
0.412495 9.00222495315163 0.319216044169223
0.412995 9.01313687323932 0.151593125178259
0.413495 9.02404879332702 0.757877321846473
0.413995 9.03496071341472 1.23540286204626
0.414495 9.04587263350242 1.40855983336834
0.414995 9.05678455359012 1.57218081818165
0.415495 9.06769647367782 1.42576388586418
0.415995 9.07860839376552 1.38793651346741
0.416495 9.08952031385322 1.21687268730951
0.416995 9.10043223394092 1.05351659610611
0.417495 9.11134415402861 0.891550188005294
0.417995 9.12225607411633 0.678485249722178
0.418495 9.13316799420402 0.680777311654365
0.418995 9.14407991429172 0.201425644601214
0.419495 9.15499183437942 -0.0119165348798209
0.419995 9.16590375446712 -0.483916758851838
0.420495 9.17681567455482 -0.564129288523642
0.420995 9.18772759464252 -0.914156811271949
0.421495 9.19863951473022 -0.788173986358234
0.421995 9.20955143481792 -0.606966971230849
0.422495 9.22046335490562 -0.606339470803159
0.422995 9.23137527499332 -0.589730074163468
0.423495 9.24228719508102 -0.322139744190726
0.423995 9.25319911516872 -0.258615477811461
0.424495 9.26411103525642 -0.0623660039348805
0.424995 9.27502295534412 0.0423277965790006
0.425495 9.28593487543182 -0.00224970682419416
0.425995 9.29684679551952 0.468257685059377
0.426495 9.30775871560722 0.222187514786459
0.426995 9.31867063569492 0.24517554393559
0.427495 9.32958255578262 0.178080319159038
0.427995 9.34049447587033 -0.0562990721801451
0.428495 9.35140639595803 -0.197017824143602
0.428995 9.36231831604572 -0.150229751546897
0.429495 9.37323023613342 -0.417641837069097
0.429995 9.38414215622112 -0.24345669495914
0.430495 9.39505407630882 -0.486809642718977
0.430995 9.40596599639652 -0.218447879079624
0.431495 9.41687791648422 0.0921201500145521
0.431995 9.42778983657192 0.0386228796055347
0.432495 9.43870175665962 0.0568638937279663
0.432995 9.44961367674732 0.33357947523511
0.433495 9.46052559683503 0.261182401797159
0.433995 9.47143751692272 0.374440510521054
0.434495 9.48234943701042 0.555388827900802
0.434995 9.49326135709812 0.4244286364948
0.435495 9.50417327718582 0.436515235598909
0.435995 9.51508519727352 0.409659592978039
0.436495 9.52599711736122 0.28634394427502
0.436995 9.53690903744892 0.205884995248408
0.437495 9.54782095753662 0.12416560772294
0.437995 9.55873287762432 0.168522908226818
0.438495 9.56964479771202 -0.141553061513384
0.438995 9.58055671779973 -0.281098563280172
0.439495 9.59146863788743 -0.278934640646853
0.439995 9.60238055797512 -0.388424869820655
0.440495 9.61329247806282 -0.383662020488013
0.440995 9.62420439815052 -0.36953187671707
0.441495 9.63511631823822 -0.368864646785198
0.441995 9.64602823832592 -0.271368813709035
0.442495 9.65694015841362 -0.352772115230865
0.442995 9.66785207850132 -0.0323837929289867
0.443495 9.67876399858902 0.0397912659033367
0.443995 9.68967591867672 0.213862535885776
0.444495 9.70058783876442 0.197051859708263
0.444995 9.71149975885211 0.519485613043777
0.445495 9.72241167893982 0.433315802630696
0.445995 9.73332359902752 0.407590779484194
0.446495 9.74423551911522 0.301504725087351
0.446995 9.75514743920292 0.146921359050934
0.447495 9.76605935929062 0.22451397912559
0.447995 9.77697127937832 0.207131634946339
0.448495 9.78788319946602 0.0964887228907746
0.448995 9.79879511955372 -0.0880760078762728
0.449495 9.80970703964141 -0.225170264749179
0.449995 9.82061895972913 -0.433164354503771
0.450495 9.83153087981682 -0.466974037456556
0.450995 9.84244279990452 -0.720608154720388
0.451495 9.85335471999222 -0.583892137563088
0.451995 9.86426664007992 -0.392635425381162
0.452495 9.87517856016762 -0.524700020132059
0.452995 9.88609048025532 -0.193199174312655
0.453495 9.89700240034302 -0.210009343954657
0.453995 9.90791432043072 0.235410753700916
0.454495 9.91882624051842 0.312484869909821
0.454995 9.92973816060612 0.278670078066722
0.455495 9.94065008069382 0.540886348069032
0.455995 9.95156200078153 0.744270417878282
0.456495 9.96247392086922 0.514997328542642
0.456995 9.97338584095692 0.357374714837883
0.457495 9.98429776104462 0.262023394077968
0.457995 9.99520968113232 0.40816302253496
0.458495 10.00612160122 0.438445683251243
0.458995 10.0170335213077 0.145921311879858
0.459495 10.0279454413954 -0.018273014500253
0.459995 10.0388573614831 -0.133291328468054
0.460495 10.0497692815708 -0.289048565736732
0.460995 10.0606812016585 -0.54841719243404
0.461495 10.0715931217462 -0.54752499816766
0.461995 10.0825050418339 -0.448049804063942
0.462495 10.0934169619216 -0.365236860743141
0.462995 10.1043288820093 -0.499436094883677
0.463495 10.115240802097 -0.344587652572183
0.463995 10.1261527221847 -0.432068200711744
0.464495 10.1370646422724 -0.0168868161836625
0.464995 10.1479765623601 0.0213813291956369
0.465495 10.1588884824478 0.191135134042098
0.465995 10.1698004025355 0.377137240879259
0.466495 10.1807123226232 0.513025460799568
0.466995 10.1916242427109 0.777020736816136
0.467495 10.2025361627986 0.428886049632684
0.467995 10.2134480828863 0.467454004880405
0.468495 10.224360002974 0.407095996347285
0.468995 10.2352719230617 0.654789405481897
0.469495 10.2461838431494 0.35817194701173
0.469995 10.2570957632371 0.145724550424784
0.470495 10.2680076833248 0.0125095482599362
0.470995 10.2789196034125 -0.1164434224768
0.471495 10.2898315235002 -0.463985884896502
0.471995 10.3007434435879 -0.476456388072201
0.472495 10.3116553636756 -0.572490782661313
0.472995 10.3225672837633 -0.540733153044953
0.473495 10.333479203851 -0.561194800890402
0.473995 10.3443911239387 -0.597324661464999
0.474495 10.3553030440264 -0.30403614215845
0.474995 10.3662149641141 -0.217710209232038
0.475495 10.3771268842018 0.0515008287959117
0.475995 10.3880388042895 -0.00525008495657732
0.476495 10.3989507243772 0.109809039610556
0.476995 10.4098626444649 0.418308537941261
0.477495 10.4207745645526 0.350431727800329
0.477995 10.4316864846403 0.514598320647389
0.478495 10.442598404728 0.514071604195233
0.478995 10.4535103248157 0.487930493542569
0.479495 10.4644222449034 0.341387198881663
0.479995 10.4753341649911 0.166792531741918
0.480495 10.4862460850788 0.178051192503354
0.480995 10.4971580051665 -0.0432503397974411
0.481495 10.5080699252542 -0.0356505005079777
0.481995 10.5189818453419 -0.240175314378793
0.482495 10.5298937654296 -0.351609470141568
0.482995 10.5408056855173 -0.520038534219977
0.483495 10.551717605605 -0.301340076758021
0.483995 10.5626295256927 -0.36997918358782
0.484495 10.5735414457804 -0.182092752690077
0.484995 10.5844533658681 -0.135890008966754
0.485495 10.5953652859558 -0.0107387764576364
0.485995 10.6062772060435 -0.0983097084024992
0.486495 10.6171891261312 0.200321557710527
0.486995 10.6281010462189 0.193483602485662
0.487495 10.6390129663066 0.258323246018409
0.487995 10.6499248863943 0.296115352908175
0.488495 10.660836806482 0.416430805337349
0.488995 10.6717487265697 0.393982954575052
0.489495 10.6826606466574 0.442050398963373
0.489995 10.6935725667451 0.140468856571076
0.490495 10.7044844868328 0.257204228510985
0.490995 10.7153964069205 0.0180249604454276
0.491495 10.7263083270082 -0.113430331145419
0.491995 10.7372202470959 -0.155083827500104
0.492495 10.7481321671836 -0.372997770162998
0.492995 10.7590440872713 -0.380031591091283
0.493495 10.769956007359 -0.444488153478769
0.493995 10.7808679274467 -0.318779900564311
0.494495 10.7917798475344 -0.321067792683696
0.494995 10.8026917676221 -0.313781870789904
0.495495 10.8136036877098 -0.269402262126596
0.495995 10.8245156077975 -0.119765715188436
0.496495 10.8354275278852 0.0517207706517964
0.496995 10.8463394479729 0.15887783845607
0.497495 10.8572513680606 0.225299016190638
0.497995 10.8681632881483 0.114339344724937
0.498495 10.879075208236 0.247198485027461
0.498995 10.8899871283237 0.117237173499122
0.499495 10.9008990484114 0.237454815130697
0.499995 10.9118109684991 0.270085953696286
