# Fix print output for fix Step
-1.53214581494887e-16 -5.6843418860808e-15 0.968660912690261
0.000494999999999792 0.0183647614094923 2.85745214570255
0.000994999999999728 0.0369150254594899 0.116414768123057
0.00149499999999982 0.0554652895094932 5.21877517151435
0.00199499999999975 0.0740155535594909 4.47188497204155
0.00249499999999984 0.0925658176094942 2.84769938571301
0.00299499999999978 0.111116081659492 3.85413837152635
0.00349499999999971 0.129666345709489 5.32573311284606
0.0039949999999998 0.148216609759493 4.57705227264457
0.00449499999999974 0.16676687380949 5.50347735589003
0.00499499999999983 0.185317137859494 5.70682512772605
0.00549499999999976 0.203867401909491 5.63151162619123
0.0059949999999997 0.222417665959489 5.22301274597618
0.00649499999999979 0.240967930009492 5.57684221716836
0.00699499999999973 0.25951819405949 6.44704720093659
0.00749499999999981 0.278068458109493 5.75258386838099
0.00799499999999975 0.296618722159491 6.34980391214675
0.00849499999999984 0.315168986209494 6.48719829930752
0.00899499999999978 0.333719250259492 6.87874229985783
0.00949499999999971 0.352269514309489 7.44508169669524
0.0099949999999998 0.370819778359493 6.79330260677968
0.0104949999999997 0.38937004240949 7.37373727240358
0.0109949999999998 0.407920306459494 7.71372425491545
0.0114949999999998 0.426470570509491 7.82261715559196
0.0119949999999998 0.445020834559494 7.89234150824694
0.0124949999999998 0.463571098609492 8.006200111382
0.0129949999999997 0.48212136265949 8.41916094715753
0.0134949999999998 0.500671626709493 8.48900470697076
0.0139949999999997 0.519221890759491 8.6895131060565
0.0144949999999998 0.537772154809494 9.02544923429353
0.0149949999999998 0.556322418859492 9.0589732566631
0.0154949999999997 0.574872682909489 9.29697496381526
0.0159949999999998 0.593422946959492 9.47634646987314
0.0164949999999997 0.61197321100949 9.52866710699486
0.0169949999999998 0.630523475059493 9.76540218446809
0.0174949999999998 0.649073739109491 9.98598961676196
0.0179949999999997 0.667624003159489 9.95660412177856
0.0184949999999998 0.686174267209492 10.3474489127244
0.0189949999999997 0.70472453125949 10.6393078924189
0.0194949999999998 0.723274795309493 10.5491293164679
0.0199949999999997 0.741825059359491 10.9170811914275
0.0204949999999998 0.760375323409494 11.1858901508748
0.0209949999999998 0.778925587459491 11.387130573049
0.0214949999999997 0.797475851509489 11.307386590577
0.0219949999999998 0.816026115559492 11.7617840773702
0.0224949999999997 0.83457637960949 11.8469139610626
0.0229949999999998 0.853126643659493 12.1447338257529
0.0234949999999998 0.871676907709491 12.0454595463163
0.0239949999999998 0.890227171759494 12.3663223641956
0.0244949999999998 0.908777435809492 12.5902265447673
0.0249949999999997 0.927327699859489 12.9100503545028
0.0254949999999998 0.945877963909493 12.9700737780864
0.0259949999999997 0.96442822795949 13.0906792991806
0.0264949999999998 0.982978492009494 13.3031859048231
0.0269949999999998 1.00152875605949 13.4796329793281
0.0274949999999997 1.02007902010949 13.5707315461097
0.0279949999999998 1.03862928415949 13.8354983726237
0.0284949999999997 1.05717954820949 13.9901913149198
0.0289949999999998 1.07572981225949 14.3936916479611
0.0294949999999998 1.09428007630949 14.4811004081678
0.0299949999999998 1.11283034035949 14.6338940710005
0.0304949999999998 1.13138060440949 14.7759103447575
0.0309949999999997 1.14993086845949 15.0058311223331
0.0314949999999998 1.16848113250949 15.1459228512729
0.0319949999999997 1.18703139655949 15.4437811516612
0.0324949999999998 1.20558166060949 15.3336358779211
0.0329949999999998 1.22413192465949 15.8389269371317
0.0334949999999997 1.24268218870949 15.8423800325233
0.0339949999999998 1.26123245275949 15.8439471805768
0.0344949999999997 1.27978271680949 16.3170768855105
0.0349949999999998 1.29833298085949 16.6135948474974
0.0354949999999997 1.31688324490949 16.6824617842847
0.0359949999999998 1.33543350895949 16.803485263782
0.0364949999999998 1.35398377300949 17.0494122582869
0.0369949999999997 1.37253403705949 17.4390662413473
0.0374949999999998 1.39108430110949 17.5327615579896
0.0379949999999997 1.40963456515949 17.553983345266
0.0384949999999998 1.42818482920949 17.746698784328
0.0389949999999998 1.44673509325949 18.0553254904737
0.0394949999999997 1.46528535730949 18.2185348271454
0.0399949999999998 1.48383562135949 18.3252804963901
0.0404949999999997 1.50238588540949 18.4872548632982
0.0409949999999998 1.52093614945949 18.6309969648688
0.0414949999999997 1.53948641350949 18.9199346988969
0.0419949999999998 1.55803667755949 19.0834653960074
0.0424949999999998 1.57658694160949 19.0653648087229
0.0429949999999997 1.59513720565949 19.3639023864342
0.0434949999999998 1.61368746970949 19.5609137924116
0.0439949999999997 1.63223773375949 19.5987017711514
0.0444949999999998 1.65078799780949 19.768541180477
0.0449949999999998 1.66933826185949 19.8834934142847
0.0454949999999998 1.68788852590949 20.0182985027275
0.0459949999999998 1.70643878995949 20.2292604535771
0.0464949999999997 1.72498905400949 20.4195215738702
0.0469949999999998 1.74353931805949 20.6561147311788
0.0474949999999997 1.76208958210949 20.8729667649384
0.0479949999999998 1.78063984615949 20.9388024483485
0.0484949999999998 1.79919011020949 21.0265624560618
0.0489949999999997 1.81774037425949 21.2205028718346
0.0494949999999998 1.83629063830949 21.3061597646317
0.0499949999999997 1.85484090235949 21.544571399928
0.0504949999999998 1.87339116640949 21.7149892979296
0.0509949999999997 1.89194143045949 21.7973940317587
0.0514949999999997 1.91049169450949 21.9361961001876
0.0519949999999998 1.92904195855949 22.2712518946683
0.0524949999999997 1.94759222260949 22.4493837448556
0.0529949999999998 1.96614248665949 22.5490588113678
0.0534949999999997 1.98469275070949 22.581644575405
0.0539949999999998 2.00324301475949 22.7739375225058
0.0544949999999998 2.02179327880949 23.0148459255617
0.0549949999999997 2.04034354285949 23.2366621701306
0.0554949999999998 2.05889380690949 23.3064654437328
0.0559949999999997 2.07744407095949 23.5407335501305
0.0564949999999998 2.09599433500949 23.5707400189665
0.0569949999999997 2.11454459905949 23.7964214541114
0.0574949999999998 2.13309486310949 24.0145129823093
0.0579949999999998 2.15164512715949 24.2511641475596
0.0584949999999997 2.17019539120949 24.3530649045111
0.0589949999999998 2.18874565525949 24.6862589601218
0.0594949999999997 2.20729591930949 24.7441432195501
0.0599949999999998 2.22584618335949 24.9283999865748
0.0604949999999998 2.24439644740949 25.1087641189711
0.0609949999999997 2.26294671145949 25.195783763458
0.0614949999999998 2.28149697550949 25.4113492741536
0.0619949999999997 2.30004723955949 25.3033596555551
0.0624949999999998 2.31859750360949 25.9060736752482
0.0629949999999997 2.33714776765949 25.9971752453785
0.0634949999999998 2.35569803170949 26.1977730625804
0.0639949999999998 2.37424829575949 26.1712786349758
0.0644949999999997 2.39279855980949 26.4065568872987
0.0649949999999998 2.41134882385949 26.5743755573219
0.0654949999999997 2.42989908790949 26.8104825614065
0.0659949999999998 2.44844935195949 27.1029186279231
0.0664949999999997 2.46699961600949 27.1096288315274
0.0669949999999997 2.48554988005949 27.1964482268823
0.0674949999999998 2.50410014410949 27.4193572614934
0.0679949999999997 2.52265040815949 27.7489971052843
0.0684949999999998 2.54120067220949 27.7439795269594
0.0689949999999997 2.55975093625949 27.7768504353736
0.0694949999999998 2.57830120030949 28.1473083971552
0.0699949999999998 2.59685146435949 28.2931047505942
0.0704949999999997 2.61540172840949 28.2647693146302
0.0709949999999998 2.63395199245949 28.4878853670105
0.0714949999999997 2.65250225650949 28.5990319591078
0.0719949999999998 2.67105252055949 28.8026075819043
0.0724949999999998 2.68960278460949 28.9510564110942
0.0729949999999997 2.70815304865949 29.093944387411
0.0734949999999998 2.72670331270949 29.185612234824
0.0739949999999997 2.74525357675949 29.3990111713448
0.0744949999999998 2.76380384080949 29.687930460129
0.0749949999999997 2.78235410485949 29.7198470790441
0.0754949999999998 2.80090436890949 30.0102297405219
0.0759949999999998 2.81945463295949 29.9924446526635
0.0764949999999997 2.83800489700949 30.2429614055504
0.0769949999999998 2.85655516105949 30.3397999362997
0.0774949999999997 2.87510542510949 30.4727619637981
0.0779949999999998 2.89365568915949 30.4581834719582
0.0784949999999997 2.91220595320949 30.8157245681613
0.0789949999999998 2.93075621725949 30.878351481675
0.0794949999999998 2.94930648130949 31.0570525034365
0.0799949999999997 2.96785674535949 31.1123735669385
0.0804949999999998 2.98640700940949 31.2949713663581
0.0809949999999997 3.00495727345949 31.444277057339
0.0814949999999998 3.02350753750949 31.5195935238719
0.0819949999999998 3.04205780155949 31.7349665262586
0.0824949999999997 3.06060806560949 31.757021198119
0.0829949999999998 3.07915832965949 31.9013686295336
0.0834949999999997 3.09770859370949 32.0913088638361
0.0839949999999998 3.11625885775949 32.2697641067132
0.0844949999999998 3.13480912180949 32.3058728996785
0.0849949999999998 3.15335938585949 32.4470736406165
0.0854949999999998 3.17190964990949 32.6021687677857
0.0859949999999997 3.19045991395949 32.6212735946254
0.0864949999999998 3.20901017800949 33.0218341045041
0.0869949999999997 3.22756044205949 32.9154664058114
0.0874949999999998 3.24611070610949 33.2065470128469
0.0879949999999998 3.26466097015949 33.2816255837685
0.0884949999999999 3.28321123420949 33.4905849139293
0.0889949999999998 3.30176149825949 33.5304395774627
0.0894949999999997 3.32031176230949 33.6499364785492
0.0899949999999998 3.33886202635949 33.7544529274594
0.0904949999999997 3.35741229040949 33.9410934356139
0.0909949999999998 3.37596255445949 34.0527505741372
0.0914949999999998 3.39451281850949 34.2459366389467
0.0919949999999997 3.41306308255949 34.328580768266
0.0924949999999998 3.43161334660949 34.4502207651743
0.0929949999999997 3.45016361065949 34.8061121780666
0.0934949999999998 3.46871387470949 34.8308339675428
0.0939949999999998 3.48726413875949 34.864377078579
0.0944949999999997 3.50581440280949 34.9835201435207
0.0949949999999998 3.52436466685949 35.0760587333478
0.0954949999999997 3.54291493090949 35.4118316694585
0.0959949999999998 3.56146519495949 35.4210776990241
0.0964949999999997 3.58001545900949 35.5010745361266
0.0969949999999997 3.59856572305949 35.8403146553057
0.0974949999999998 3.61711598710949 35.8798512963473
0.0979949999999997 3.63566625115949 36.0386305775401
0.0984949999999998 3.65421651520949 36.2488133948434
0.0989949999999997 3.67276677925949 36.3983031803824
0.0994949999999998 3.69131704330949 36.4800851891577
0.0999949999999998 3.70986730735949 36.6479389827782
0.100495 3.72841757140949 36.8372463937319
0.100995 3.74696783545949 36.953710378995
0.101495 3.76551809950949 37.0820272981954
0.101995 3.78406836355949 37.2088523570043
0.102495 3.80261862760949 37.3860668921838
0.102995 3.82116889165949 37.4564332883187
0.103495 3.83971915570949 37.7235279024294
0.103995 3.85826941975949 37.816826142161
0.104495 3.87681968380949 37.8667610867871
0.104995 3.89536994785949 37.9218616160398
0.105495 3.91392021190949 38.2004375922268
0.105995 3.93247047595949 38.3303596838038
0.106495 3.95102074000949 38.4727952202876
0.106995 3.96957100405949 38.4909771370939
0.107495 3.98812126810949 38.7309970400162
0.107995 4.00667153215949 38.8505444432375
0.108495 4.02522179620949 39.0287171973954
0.108995 4.04377206025949 39.096895224348
0.109495 4.06232232430949 39.2237948911699
0.109995 4.08087258835949 39.4216073413404
0.110495 4.09942285240949 39.5293211190506
0.110995 4.11797311645949 39.6028089321092
0.111495 4.13652338050949 39.7699934976824
0.111995 4.15507364455949 39.8109598944261
0.112495 4.17362390860949 40.010718760878
0.112995 4.19217417265949 40.1248024999196
0.113495 4.21072443670949 40.1776639954432
0.113995 4.22927470075949 40.2702303281885
0.114495 4.24782496480949 40.4789532162181
0.114995 4.26637522885949 40.567379311221
0.115495 4.28492549290949 40.6645925601056
0.115995 4.30347575695949 40.731010050902
0.116495 4.32202602100949 40.969475331604
0.116995 4.34057628505949 40.9398536220488
0.117495 4.35912654910949 41.17388681219
0.117995 4.37767681315949 41.2190766532927
0.118495 4.39622707720949 41.4030010211002
0.118995 4.41477734125949 41.3558850024183
0.119495 4.43332760530949 41.7004646045331
0.119995 4.45187786935949 41.6911985589187
0.120495 4.47042813340949 41.7568466837509
0.120995 4.48897839745949 41.9243148826715
0.121495 4.50752866150949 42.0670740328764
0.121995 4.52607892555949 42.1227317582982
0.122495 4.54462918960949 42.2092140203138
0.122995 4.56317945365949 42.3820242488092
0.123495 4.58172971770949 42.4116354305115
0.123995 4.60027998175949 42.5722135606445
0.124495 4.61883024580949 42.6260163304129
0.124995 4.63738050985949 42.6092754142227
0.125495 4.65593077390949 42.7763324560512
0.125995 4.67448103795949 42.9504992792287
0.126495 4.69303130200949 43.0915189042988
0.126995 4.71158156605949 43.043563056971
0.127495 4.73013183010949 43.2523459365806
0.127995 4.74868209415949 43.3164379492326
0.128495 4.76723235820949 43.4366083464103
0.128995 4.78578262225949 43.5972186259762
0.129495 4.80433288630949 43.6762686401661
0.129995 4.82288315035949 43.8323034912321
0.130495 4.84143341440949 43.8405144567632
0.130995 4.85998367845949 43.9349501842908
0.131495 4.87853394250949 44.0006041201466
0.131995 4.89708420655949 44.1131568289704
0.132495 4.91563447060949 44.1386922188012
0.132995 4.93418473465949 44.4053003961869
0.133495 4.95273499870949 44.4330515610734
0.133995 4.97128526275949 44.4823469441451
0.134495 4.98983552680949 44.6428030271944
0.134995 5.00838579085949 44.719795991634
0.135495 5.02693605490949 44.6642941291107
0.135995 5.04548631895949 44.9168495101514
0.136495 5.06403658300949 44.9018761720541
0.136995 5.08258684705949 45.0637151319356
0.137495 5.10113711110949 45.1756928862597
0.137995 5.11968737515949 45.1769087716895
0.138495 5.13823763920949 45.391883574839
0.138995 5.15678790325949 45.3751190058781
0.139495 5.17533816730949 45.651428321732
0.139995 5.19388843135949 45.6945252681876
0.140495 5.21243869540949 45.6677047818912
0.140995 5.23098895945949 45.8287159622417
0.141495 5.24953922350949 46.003573724761
0.141995 5.26808948755949 46.0151037543857
0.142495 5.28663975160949 46.126478972249
0.142995 5.30519001565949 46.2387322793565
0.143495 5.32374027970949 46.4436148382511
0.143995 5.34229054375949 46.3690889296231
0.144495 5.36084080780949 46.4128675437372
0.144995 5.37939107185949 46.7404966365203
0.145495 5.39794133590949 46.8601568977287
0.145995 5.41649159995949 46.7958170334668
0.146495 5.43504186400949 46.9238667250289
0.146995 5.45359212805949 46.958373576792
0.147495 5.47214239210949 47.1362176256152
0.147995 5.49069265615949 47.2515133184487
0.148495 5.50924292020949 47.338642010323
0.148995 5.52779318425949 47.3725372187295
0.149495 5.54634344830949 47.5751220314597
0.149995 5.56489371235949 47.6387966972099
0.150495 5.58344397640949 47.7743762019064
0.150995 5.60199424045949 47.7398921552252
0.151495 5.62054450450949 47.8382947264143
0.151995 5.63909476855949 48.1225185899731
0.152495 5.65764503260949 48.0711583401322
0.152995 5.67619529665949 48.1074394609052
0.153495 5.69474556070949 48.3019700320833
0.153995 5.71329582475949 48.3199766426288
0.154495 5.73184608880949 48.3713665045898
0.154995 5.75039635285949 48.5802633125529
0.155495 5.76894661690949 48.6203586406984
0.155995 5.78749688095949 48.630962945597
0.156495 5.80604714500949 48.7299042786532
0.156995 5.82459740905949 48.765241034882
0.157495 5.84314767310949 48.9528821930259
0.157995 5.86169793715949 49.044590049218
0.158495 5.88024820120949 49.136604842681
0.158995 5.89879846525949 49.2210605604385
0.159495 5.91734872930949 49.3435100169013
0.159995 5.93589899335949 49.4369971296299
0.160495 5.95444925740949 49.4565057230936
0.160995 5.97299952145949 49.610556448969
0.161495 5.99154978550949 49.5959229870429
0.161995 6.01010004955949 49.7836663749764
0.162495 6.02865031360949 49.7007541831049
0.162995 6.04720057765949 50.0748848215708
0.163495 6.06575084170949 49.8962327936829
0.163995 6.08430110575949 50.2060074280318
0.164495 6.10285136980949 50.0050899319056
0.164995 6.12140163385949 50.3858405754928
0.165495 6.13995189790949 50.2002044261783
0.165995 6.15850216195949 50.3945343673771
0.166495 6.17705242600949 50.4060868051876
0.166995 6.19560269005949 50.5848961295653
0.167495 6.21415295410949 50.6443158609587
0.167995 6.23270321815949 50.6641620851866
0.168495 6.25125348220949 50.8208168381817
0.168995 6.26980374625949 50.7802603667334
0.169495 6.28835401030949 51.0074833217405
0.169995 6.30690427435949 50.9386796020762
0.170495 6.32545453840949 51.0883147344072
0.170995 6.34400480245949 51.2106187612026
0.171495 6.36255506650949 51.2916784707505
0.171995 6.38110533055949 51.2755513564235
0.172495 6.39965559460949 51.3441828812261
0.172995 6.41820585865949 51.4243752749216
0.173495 6.43675612270949 51.5097060535784
0.173995 6.45530638675949 51.5240115990101
0.174495 6.47385665080949 51.5632341927577
0.174995 6.49240691485949 51.6572746706913
0.175495 6.51095717890949 51.6853646147513
0.175995 6.52950744295949 51.85052302408
0.176495 6.54805770700949 51.7426433396861
0.176995 6.56660797105949 51.9152447034406
0.177495 6.58515823510949 52.0425117004991
0.177995 6.60370849915949 52.1783789772092
0.178495 6.62225876320949 52.0495476394919
0.178995 6.64080902725949 52.1990861613072
0.179495 6.65935929130949 52.2357627154165
0.179995 6.67790955535949 52.3649665137844
0.180495 6.69645981940949 52.3259187290122
0.180995 6.71501008345949 52.448133212876
0.181495 6.73356034750949 52.5069355342648
0.181995 6.75211061155949 52.6671813196327
0.182495 6.77066087560949 52.6850668505418
0.182995 6.78921113965949 52.6228789870153
0.183495 6.80776140370949 52.776307719905
0.183995 6.82631166775949 52.8703808351979
0.184495 6.84486193180949 52.9868460573227
0.184995 6.86341219585949 52.9509545968931
0.185495 6.88196245990949 52.9712263442078
0.185995 6.90051272395949 53.1113862544435
0.186495 6.91906298800949 53.2031352019123
0.186995 6.93761325205949 53.2606311132597
0.187495 6.95616351610949 53.2780243463194
0.187995 6.97471378015949 53.3034856032613
0.188495 6.99326404420949 53.4142881527642
0.188995 7.01181430825949 53.4918579600769
0.189495 7.03036457230949 53.4909683333005
0.189995 7.04891483635949 53.5230285638061
0.190495 7.06746510040949 53.6218347417857
0.190995 7.08601536445949 53.6712851916778
0.191495 7.10456562850949 53.7876889887275
0.191995 7.12311589255949 53.8015460110066
0.192495 7.14166615660949 53.8723243513082
0.192995 7.16021642065949 53.8891791891019
0.193495 7.17876668470949 53.9692126632343
0.193995 7.19731694875949 54.0780440826231
0.194495 7.21586721280949 54.1010238556127
0.194995 7.23441747685949 54.0813603423211
0.195495 7.25296774090949 54.1340208136547
0.195995 7.27151800495949 54.156985641394
0.196495 7.29006826900949 54.3585289474594
0.196995 7.30861853305949 54.4429936938269
0.197495 7.32716879710949 54.3651707692064
0.197995 7.34571906115949 54.3803185103795
0.198495 7.36426932520949 54.538276610467
0.198995 7.38281958925949 54.6385498907665
0.199495 7.40136985330949 54.5752301120941
0.199995 7.41992011735949 54.6467036037367
0.200495 7.43847038140949 54.6976032366873
0.200995 7.45702064545949 54.8904262855373
0.201495 7.47557090950949 54.9106001120789
0.201995 7.49412117355949 54.8840403878684
0.202495 7.51267143760949 54.917547597068
0.202995 7.53122170165949 55.0478348508347
0.203495 7.54977196570949 55.0316492846675
0.203995 7.56832222975949 54.9479247162337
0.204495 7.58687249380949 55.1873269065723
0.204995 7.60542275785949 55.2158476143366
0.205495 7.62397302190949 55.3295747859262
0.205995 7.64252328595949 55.1961491052731
0.206495 7.66107355000949 55.2907632347141
0.206995 7.67962381405949 55.3322788872397
0.207495 7.69817407810949 55.5827823525661
0.207995 7.71672434215949 55.5186609537806
0.208495 7.73527460620949 55.4511885084904
0.208995 7.75382487025949 55.6441360373027
0.209495 7.77237513430949 55.7068445319897
0.209995 7.79092539835949 55.7255337505567
0.210495 7.80947566240949 55.6883672623402
0.210995 7.82802592645949 55.8375526938417
0.211495 7.84657619050949 55.7931283714913
0.211995 7.86512645455949 55.8886358518868
0.212495 7.88367671860949 55.9353516412131
0.212995 7.90222698265949 56.1683772240417
0.213495 7.92077724670949 56.0358333893809
0.213995 7.93932751075949 56.0589455991105
0.214495 7.95787777480949 56.1210987853436
0.214995 7.97642803885949 56.2237224535209
0.215495 7.99497830290949 56.3383523324468
0.215995 8.01352856695949 56.251390727643
0.216495 8.03207883100949 56.3132556935589
0.216995 8.05062909505949 56.401687803589
0.217495 8.06917935910949 56.4769198045012
0.217995 8.08772962315949 56.3940456698984
0.218495 8.10627988720949 56.540957307367
0.218995 8.12483015125949 56.5758388017908
0.219495 8.14338041530949 56.6204648127576
0.219995 8.16193067935949 56.5980289763282
0.220495 8.18048094340949 56.7087924099043
0.220995 8.19903120745949 56.767577235106
0.221495 8.21758147150949 56.7393931932389
0.221995 8.23613173555949 56.8659307443473
0.222495 8.25468199960949 56.8829950301313
0.222995 8.27323226365949 57.0200189401533
0.223495 8.29178252770949 56.9886366595206
0.223995 8.31033279175949 56.9960079682427
0.224495 8.32888305580949 57.0964759438579
0.224995 8.34743331985949 57.085371519024
0.225495 8.36598358390949 57.2681005871439
0.225995 8.38453384795949 57.3384210794573
0.226495 8.40308411200949 57.3486915071063
0.226995 8.42163437605949 57.3455793626061
0.227495 8.44018464010949 57.3664742314405
0.227995 8.45873490415949 57.4738103962324
0.228495 8.47728516820949 57.4979419952055
0.228995 8.49583543225949 57.4164233914628
0.229495 8.51438569630949 57.5895921642524
0.229995 8.53293596035949 57.5449728812608
0.230495 8.55148622440949 57.6737287232824
0.230995 8.57003648845949 57.7711616140084
0.231495 8.58858675250949 57.7398780065841
0.231995 8.60713701655949 57.7873105302437
0.232495 8.62568728060949 57.7943392934677
0.232995 8.64423754465949 57.878141729918
0.233495 8.66278780870949 57.93678909324
0.233995 8.68133807275949 58.1503112338954
0.234495 8.69988833680949 58.0239701105074
0.234995 8.71843860085949 58.0965565993187
0.235495 8.7369888649095 58.201766274501
0.235995 8.75553912895949 58.1749043817615
0.236495 8.77408939300949 58.1563219951091
0.236995 8.79263965705949 58.1986560892308
0.237495 8.81118992110949 58.3750529415506
0.237995 8.82974018515949 58.3589238254065
0.238495 8.84829044920949 58.4675832650734
0.238995 8.86684071325949 58.3618187651814
0.239495 8.88539097730949 58.5672220172929
0.239995 8.90394124135949 58.5675904391709
0.240495 8.92249150540949 58.5456517546186
0.240995 8.94104176945949 58.6587848698318
0.241495 8.95959203350949 58.56802995499
0.241995 8.97814229755949 58.8050865815896
0.242495 8.99669256160949 58.7500330805222
0.242995 9.01524282565949 58.8836166063501
0.243495 9.03379308970949 58.8234158245462
0.243995 9.05234335375949 58.9616040347836
0.244495 9.07089361780949 58.9541668109731
0.244995 9.08944388185949 59.0622332792871
0.245495 9.10799414590949 59.0773416296181
0.245995 9.12654440995949 59.0681234616414
0.246495 9.14509467400949 59.2370531160759
0.246995 9.16364493805949 59.1525856903251
0.247495 9.18219520210949 59.2965768317049
0.247995 9.20074546615949 59.2230098010802
0.248495 9.21929573020949 59.321449615378
0.248995 9.23784599425949 59.379554441968
0.249495 9.25639625830949 59.534857005132
0.249995 9.27494652235949 59.5256968859531
0.250495 9.29349678640949 59.4897618154306
0.250995 9.31204705045949 59.6010545979173
0.251495 9.33059731450949 59.6865597807335
0.251995 9.34914757855949 59.8202064146074
0.252495 9.36769784260949 59.6863564261815
0.252995 9.38624810665949 59.8855602795522
0.253495 9.40479837070949 59.8295171482442
0.253995 9.42334863475949 59.9887417437922
0.254495 9.44189889880949 59.9320226000357
0.254995 9.46044916285949 59.8189619710379
0.255495 9.47899942690949 60.0076883073108
0.255995 9.49754969095949 60.2102871117081
0.256495 9.51609995500949 60.1729729818839
0.256995 9.53465021905949 60.1322880889814
0.257495 9.55320048310949 60.234719675165
0.257995 9.57175074715949 60.2598091651443
0.258495 9.59030101120949 60.4029311415044
0.258995 9.60885127525949 60.298754159814
0.259495 9.62740153930949 60.4021925860927
0.259995 9.64595180335949 60.5413594285419
0.260495 9.66450206740949 60.5518259959655
0.260995 9.68305233145949 60.5580344949886
0.261495 9.70160259550949 60.556596764832
0.261995 9.72015285955949 60.8597665562126
0.262495 9.73870312360949 60.6364160909259
0.262995 9.75725338765949 60.7826449149179
0.263495 9.77580365170949 60.824151082439
0.263995 9.79435391575949 60.8700885288115
0.264495 9.81290417980949 60.8959032719937
0.264995 9.83145444385949 61.1750704379663
0.265495 9.85000470790949 61.0277515457625
0.265995 9.86855497195949 60.9925478098389
0.266495 9.88710523600949 61.2561168785887
0.266995 9.90565550005949 61.2368720034954
0.267495 9.92420576410949 61.3502263200718
0.267995 9.94275602815949 61.3266907160421
0.268495 9.96130629220949 61.4417879693825
0.268995 9.97985655625949 61.3013009827915
0.269495 9.99840682030949 61.582360241287
0.269995 10.0169570843595 61.5261266157303
0.270495 10.0355073484095 61.5678084688032
0.270995 10.0540576124595 61.7300194210219
0.271495 10.0726078765095 61.6813318518256
0.271995 10.0911581405595 61.8757056324452
0.272495 10.1097084046095 61.8161160435133
0.272995 10.1282586686595 62.1086122561847
0.273495 10.1468089327095 61.9933362860209
0.273995 10.1653591967595 62.1365632632145
0.274495 10.1839094608095 62.0242946612129
0.274995 10.2024597248595 62.0954021256744
0.275495 10.2210099889095 62.170161699812
0.275995 10.2395602529595 62.3361590889879
0.276495 10.2581105170095 62.4139882941111
0.276995 10.2766607810595 62.4254623175517
0.277495 10.2952110451095 62.6062998967981
0.277995 10.3137613091595 62.4770549873779
0.278495 10.3323115732095 62.6233098155503
0.278995 10.3508618372595 62.7134168659394
0.279495 10.3694121013095 62.8855213276612
0.279995 10.3879623653595 62.956394863706
0.280495 10.4065126294095 63.0201266187365
0.280995 10.4250628934595 62.8960587851493
0.281495 10.4436131575095 62.8970582148714
0.281995 10.4621634215595 63.1289183232341
0.282495 10.4807136856095 63.2539065839161
0.282995 10.4992639496595 63.29005005233
0.283495 10.5178142137095 63.4629150383302
0.283995 10.5363644777595 63.5721315712974
0.284495 10.5549147418095 63.6113980583605
0.284995 10.5734650058595 63.4794472298319
0.285495 10.5920152699095 63.6614076690237
0.285995 10.6105655339595 63.8088256110842
0.286495 10.6291157980095 63.7492711864843
0.286995 10.6476660620595 63.7986221806621
0.287495 10.6662163261095 64.0232640482253
0.287995 10.6847665901595 63.9346466979509
0.288495 10.7033168542095 64.2563215785731
0.288995 10.7218671182595 64.1203121222922
0.289495 10.7404173823095 64.3024885943836
0.289995 10.7589676463595 64.393344709126
0.290495 10.7775179104095 64.5703153077528
0.290995 10.7960681744595 64.7227246427675
0.291495 10.8146184385095 64.6410132503151
0.291995 10.8331687025595 64.6792799721671
0.292495 10.8517189666095 64.811877978584
0.292995 10.8702692306595 65.2144713259239
0.293495 10.8888194947095 65.033716075339
0.293995 10.9073697587595 65.1949297188728
0.294495 10.9259200228095 65.3806465803266
0.294995 10.9444702868595 65.508426549091
0.295495 10.9630205509095 65.5210673006272
0.295995 10.9815708149595 65.6959571306685
0.296495 11.0001210790095 65.6658984801011
0.296995 11.0186713430595 65.7282384911463
0.297495 11.0372216071095 66.0188305592435
0.297995 11.0557718711595 65.92315766465
0.298495 11.0743221352095 66.2206048432007
0.298995 11.0928723992595 66.5673140924129
0.299495 11.1114226633095 66.4751874407561
0.299995 11.1299729273595 66.3513776546539
0.300495 11.1485231914095 66.6660387714988
0.300995 11.1670734554595 66.5648108264217
0.301495 11.1856237195095 66.9666618540408
0.301995 11.2041739835595 67.1778260074971
0.302495 11.2227242476095 67.3121130865695
0.302995 11.2412745116595 67.2333641905759
0.303495 11.2598247757095 67.4271128470676
0.303995 11.2783750397595 67.6854192207874
0.304495 11.2969253038095 67.686162845284
0.304995 11.3154755678595 67.9769671356218
0.305495 11.3340258319095 68.0973672943795
0.305995 11.3525760959595 68.1673157470761
0.306495 11.3711263600095 68.2525037832871
0.306995 11.3896766240595 68.5088754477529
0.307495 11.4082268881095 68.461791174402
0.307995 11.4267771521595 68.6823129542434
0.308495 11.4453274162095 68.7807093531174
0.308995 11.4638776802595 68.7796412489878
0.309495 11.4824279443095 69.2854152058173
0.309995 11.5009782083595 69.3426573743649
0.310495 11.5195284724095 69.5559067834365
0.310995 11.5380787364595 69.8064307398176
0.311495 11.5566290005095 69.8122727438235
0.311995 11.5751792645595 70.1577539532491
0.312495 11.5937295286095 70.095973667618
0.312995 11.6122797926595 70.4694904533007
0.313495 11.6308300567095 70.8320861044332
0.313995 11.6493803207595 71.0486664214561
0.314495 11.6679305848095 71.1027669547987
0.314995 11.6864808488595 70.9815506044425
0.315495 11.7050311129095 71.3076290900052
0.315995 11.7235813769595 71.6296108752456
0.316495 11.7421316410095 71.5268114633114
0.316995 11.7606819050595 71.8569385296287
0.317495 11.7792321691095 71.970457081977
0.317995 11.7977824331595 72.4084694514143
0.318495 11.8163326972095 72.5399580323241
0.318995 11.8348829612595 72.3401071211933
0.319495 11.8534332253095 72.8838039151085
0.319995 11.8719834893595 73.0364281455205
0.320495 11.8905337534095 73.2673094805997
0.320995 11.9090840174595 73.6843080590147
0.321495 11.9276342815095 73.7636370201375
0.321995 11.9461845455595 74.00220680648
0.322495 11.9647348096095 74.0581113886353
0.322995 11.9832850736595 74.1525831140179
0.323495 12.0018353377095 74.6308855675611
0.323995 12.0203856017595 74.5361362614643
0.324495 12.0389358658095 75.1407973378159
0.324995 12.0574861298595 75.0860015785699
0.325495 12.0760363939095 75.2876779700217
0.325995 12.0945866579595 75.5653407064697
0.326495 12.1131369220095 76.004077998284
0.326995 12.1316871860595 75.7511273457973
0.327495 12.1502374501095 76.3443647602079
0.327995 12.1687877141595 76.3368863441385
0.328495 12.1873379782095 76.8310296802164
0.328995 12.2058882422595 77.0102703275171
0.329495 12.2244385063095 76.8712754167915
0.329995 12.2429887703595 77.6152137282011
0.330495 12.2615390344095 77.8185089464546
0.330995 12.2800892984595 77.9250603239747
0.331495 12.2986395625095 78.188499315526
0.331995 12.3171898265595 78.4727372040867
0.332495 12.3357400906095 78.7366441278853
0.332995 12.3542903546595 79.2296427908893
0.333495 12.3728406187095 78.9325570492809
0.333995 12.3913908827595 79.6058431892547
0.334495 12.4099411468095 79.8202916957646
0.334995 12.4284914108595 80.0779869562533
0.335495 12.4470416749095 80.1667152633524
0.335995 12.4655919389595 80.1260801284106
0.336495 12.4841422030095 81.075932774612
0.336995 12.5026924670595 80.9407415184522
0.337495 12.5212427311095 81.1200516496544
0.337995 12.5397929951595 81.8175684868459
0.338495 12.5583432592095 81.657043841304
0.338995 12.5768935232595 82.1114141735831
0.339495 12.5954437873095 82.5349730583826
0.339995 12.6139940513595 82.3921894404916
0.340495 12.6325443154095 83.2604500426314
0.340995 12.6510945794595 83.3250970862224
0.341495 12.6696448435095 83.4401853581602
0.341995 12.6881951075595 83.8905001518975
0.342495 12.7067453716095 83.9486358380921
0.342995 12.7252956356595 84.3642803859575
0.343495 12.7438458997095 84.9090880991599
0.343995 12.7623961637595 84.8812524293286
0.344495 12.7809464278095 85.2404367895405
0.344995 12.7994966918595 85.3036127381004
0.345495 12.8180469559095 85.8301106934858
0.345995 12.8365972199595 86.1257502509477
0.346495 12.8551474840095 86.2329879193294
0.346995 12.8736977480595 86.9123711159794
0.347495 12.8922480121095 87.1304851053892
0.347995 12.9107982761595 87.2911826143895
0.348495 12.9293485402095 87.6077778879644
0.348995 12.9478988042595 87.6941305218229
0.349495 12.9664490683095 88.4591034879491
0.349995 12.9849993323595 88.6000885849039
0.350495 13.0035495964095 88.5584473360309
0.350995 13.0220998604595 89.2921817927415
0.351495 13.0406501245095 89.7083166299176
0.351995 13.0592003885595 89.8964629939392
0.352495 13.0777506526095 90.0156351007477
0.352995 13.0963009166595 90.4814694428181
0.353495 13.1148511807095 90.4806191606832
0.353995 13.1334014447595 91.084999282677
0.354495 13.1519517088095 91.3004349596694
0.354995 13.1705019728595 91.605326572325
0.355495 13.1890522369095 91.9161873071656
0.355995 13.2076025009595 92.4411222800779
0.356495 13.2261527650095 92.7570372856821
0.356995 13.2447030290595 92.8527074164295
0.357495 13.2632532931095 93.450218963492
0.357995 13.2818035571595 93.6276909208103
0.358495 13.3003538212095 94.0363885716722
0.358995 13.3189040852595 94.3125269711
0.359495 13.3374543493095 94.7609919664512
0.359995 13.3560046133595 95.2000249268072
0.360495 13.3745548774095 95.2750884471917
0.360995 13.3931051414595 95.6277069346234
0.361495 13.4116554055095 96.2072270056172
0.361995 13.4302056695595 96.5277329776107
0.362495 13.4487559336095 96.5774518473232
0.362995 13.4673061976595 97.1928180929795
0.363495 13.4858564617095 97.481188939733
0.363995 13.5044067257595 97.8020543402151
0.364495 13.5229569898095 98.0636397798881
0.364995 13.5415072538595 98.9152960203754
0.365495 13.5600575179095 99.3095518717996
0.365995 13.5786077819595 99.2474357582715
0.366495 13.5971580460095 99.6996709566219
0.366995 13.6157083100595 100.020826713641
0.367495 13.6342585741095 100.729506609521
0.367995 13.6528088381595 100.855672566654
0.368495 13.6713591022095 101.344186902362
0.368995 13.6899093662595 101.731894296911
0.369495 13.7084596303095 101.822727832348
0.369995 13.7270098943595 102.14543375328
0.370495 13.7455601584095 102.726034611165
0.370995 13.7641104224595 103.628276339912
0.371495 13.7826606865095 103.955974534581
0.371995 13.8012109505595 104.119929169538
0.372495 13.8197612146095 104.485011514258
0.372995 13.8383114786595 104.823739009206
0.373495 13.8568617427095 105.23194844098
0.373995 13.8754120067595 105.912823006089
0.374495 13.8939622708095 106.121119778138
0.374995 13.9125125348595 106.824921329618
0.375495 13.9310627989095 107.032117106156
0.375995 13.9496130629595 107.373569348844
0.376495 13.9681633270095 107.754276921434
0.376995 13.9867135910595 107.911639925298
0.377495 14.0052638551095 108.387690471775
0.377995 14.0238141191595 108.998571192355
0.378495 14.0423643832095 109.497000520042
0.378995 14.0609146472595 109.628931617016
0.379495 14.0794649113095 110.524447697482
0.379995 14.0980151753595 111.178154165907
0.380495 14.1165654394095 111.403197734043
0.380995 14.1351157034595 111.677956809064
0.381495 14.1536659675095 110.851855112662
0.381995 14.1722162315595 105.670073702838
0.382495 14.1907664956095 97.1362057870854
0.382995 14.2093167596595 86.6387287659509
0.383495 14.2278670237095 79.0415034125391
0.383995 14.2464172877595 71.9943057950271
0.384495 14.2649675518095 65.5628408829729
0.384995 14.2835178158595 59.7054286940955
0.385495 14.3020680799095 54.5445182964712
0.385995 14.3206183439595 49.9684480745469
0.386495 14.3391686080095 45.6847404237853
0.386995 14.3577188720595 42.2776251435072
0.387495 14.3762691361095 39.3700725116878
0.387995 14.3948194001595 37.2898945410873
0.388495 14.4133696642095 35.701522141373
0.388995 14.4319199282595 34.2152563302077
0.389495 14.4504701923095 32.6731080672661
0.389995 14.4690204563595 31.2124511633439
0.390495 14.4875707204095 29.7841399504347
0.390995 14.5061209844595 28.3372648644123
0.391495 14.5246712485095 27.0149188933798
0.391995 14.5432215125595 25.7650076423762
0.392495 14.5617717766095 24.5628803625671
0.392995 14.5803220406595 23.4489993242456
0.393495 14.5988723047095 22.3419826146001
0.393995 14.6174225687595 21.2222697128919
0.394495 14.6359728328095 19.8568320299564
0.394995 14.6545230968595 18.3118538822237
0.395495 14.6730733609095 16.6084988017817
0.395995 14.6916236249595 14.7956369964811
0.396495 14.7101738890095 12.8424286909225
0.396995 14.7287241530595 10.7433669675926
0.397495 14.7472744171095 8.50337562791113
0.397995 14.7658246811595 6.06631889660146
0.398495 14.7843749452095 3.43319439395102
0.398995 14.8029252092595 0.631722105047361
0.399495 14.8214754733095 -2.05428355290569
0.399995 14.8400257373595 -4.50849441698843
0.400495 14.8585760014095 -7.00045100104398
0.400995 14.8771262654595 -9.66500300323408
0.401495 14.8956765295095 -11.851864374794
0.401995 14.9142267935595 -11.1848417043929
0.402495 14.9327770576095 -10.0994756585571
0.402995 14.9513273216595 -10.208910091442
0.403495 14.9698775857095 -8.6106495081879
0.403995 14.9884278497595 -7.01781552272083
0.404495 15.0069781138095 -6.18758823142048
0.404995 15.0255283778595 -4.95468730446607
0.405495 15.0440786419095 -4.39035424035373
0.405995 15.0626289059595 -3.5136337502886
0.406495 15.0811791700095 -3.1104962959363
0.406995 15.0997294340595 -3.5450752372644
0.407495 15.1182796981095 -4.44825712749696
0.407995 15.1368299621595 -5.10521941045137
0.408495 15.1553802262095 -5.41542745708046
0.408995 15.1739304902595 -5.20345525642633
0.409495 15.1924807543095 -4.55582049590538
0.409995 15.2110310183595 -4.07753214656469
0.410495 15.2295812824095 -3.34768967580544
0.410995 15.2481315464595 -2.89085564192214
0.411495 15.2666818105095 -2.58023697305177
0.411995 15.2852320745595 -2.321799327533
0.412495 15.3037823386095 -2.66138275414619
0.412995 15.3223326026595 -2.74700913338331
0.413495 15.3408828667095 -2.90765657198507
0.413995 15.3594331307595 -2.99050795267558
0.414495 15.3779833948095 -2.88981669612271
0.414995 15.3965336588595 -2.43970025529289
0.415495 15.4150839229095 -2.25340595886358
0.415995 15.4336341869595 -1.787634421657
0.416495 15.4521844510095 -1.77760134347653
0.416995 15.4707347150595 -1.30970914009556
0.417495 15.4892849791095 -1.52302456420055
0.417995 15.5078352431595 -1.44116376805803
0.418495 15.5263855072095 -1.8196200673501
0.418995 15.5449357712595 -1.60455790224666
0.419495 15.5634860353095 -1.11699062947475
0.419995 15.5820362993595 -0.772943495043366
0.420495 15.6005865634095 -1.00167773606594
0.420995 15.6191368274595 -1.16518538116247
0.421495 15.6376870915095 -1.64318403223169
0.421995 15.6562373555595 -1.8119761879832
0.422495 15.6747876196095 -1.79368103987537
0.422995 15.6933378836595 -1.50232760663671
0.423495 15.7118881477095 -1.14886213423611
0.423995 15.7304384117595 -1.26101818648805
0.424495 15.7489886758095 -1.19885602639448
0.424995 15.7675389398595 -1.05739374245139
0.425495 15.7860892039095 -0.950094452033634
0.425995 15.8046394679595 -0.784473596177115
0.426495 15.8231897320095 -0.457190246270689
0.426995 15.8417399960595 -0.731879458500199
0.427495 15.8602902601095 -0.829237745467525
0.427995 15.8788405241595 -0.793732300986596
0.428495 15.8973907882095 -0.855950175378956
0.428995 15.9159410522595 -0.971467244617665
0.429495 15.9344913163095 -1.18618426809103
0.429995 15.9530415803595 -1.15668747771388
0.430495 15.9715918444095 -1.1793920421104
0.430995 15.9901421084595 -1.25564581158945
0.431495 16.0086923725095 -1.07440574353561
0.431995 16.0272426365595 -0.615927356043548
0.432495 16.0457929006095 -0.441801447384851
0.432995 16.0643431646595 -0.335380785997165
0.433495 16.0828934287095 0.0572004954382845
0.433995 16.1014436927595 0.120139704784187
0.434495 16.1199939568095 0.282441545472589
0.434995 16.1385442208595 0.307717924277445
0.435495 16.1570944849095 0.391492583569987
0.435995 16.1756447489595 0.723432197854413
0.436495 16.1941950130095 1.06464080749844
0.436995 16.2127452770595 1.40552662262941
0.437495 16.2312955411095 1.94093663598663
0.437995 16.2498458051595 2.42282495805723
0.438495 16.2683960692095 2.84811558994027
0.438995 16.2869463332595 2.95483088074621
0.439495 16.3054965973095 3.24929186150151
0.439995 16.3240468613595 3.39609451692666
0.440495 16.3425971254095 3.31144732872263
0.440995 16.3611473894595 3.25779532309388
0.441495 16.3796976535095 3.39989837593551
0.441995 16.3982479175595 3.16616207239594
0.442495 16.4167981816095 3.01385956275509
0.442995 16.4353484456595 2.93150273080934
0.443495 16.4538987097095 2.66513258893756
0.443995 16.4724489737595 2.19820680358033
0.444495 16.4909992378095 1.76241428263964
0.444995 16.5095495018595 1.22939591782292
0.445495 16.5280997659095 0.542008478138542
0.445995 16.5466500299595 -0.0870065233942283
0.446495 16.5652002940095 -0.613673045993063
0.446995 16.5837505580595 -1.02472104168528
0.447495 16.6023008221095 -1.54612695473652
0.447995 16.6208510861595 -1.92598491054144
0.448495 16.6394013502095 -2.33378724018454
0.448995 16.6579516142595 -2.24434139223006
0.449495 16.6765018783095 -2.33338333096066
0.449995 16.6950521423595 -2.71627703207849
0.450495 16.7136024064095 -2.75461864139569
0.450995 16.7321526704595 -2.80708035485329
0.451495 16.7507029345095 -2.82426707665582
0.451995 16.7692531985595 -2.74993225314706
0.452495 16.7878034626095 -2.37499441011783
0.452995 16.8063537266595 -2.00788176669452
0.453495 16.8249039907095 -1.54139350297213
0.453995 16.8434542547595 -1.03698209390039
0.454495 16.8620045188095 -0.512509431129062
0.454995 16.8805547828595 -0.319012297287521
0.455495 16.8991050469095 -0.00374804436921273
0.455995 16.9176553109595 0.290302797535935
0.456495 16.9362055750095 0.816294260470347
0.456995 16.9547558390595 1.112059238216
0.457495 16.9733061031095 1.44257285946111
0.457995 16.9918563671595 1.62884339267834
0.458495 17.0104066312095 2.02651213797884
0.458995 17.0289568952595 2.06232831372223
0.459495 17.0475071593095 2.35631450973098
0.459995 17.0660574233595 2.40587992999784
0.460495 17.0846076874095 2.25508539572385
0.460995 17.1031579514595 2.35549202033336
0.461495 17.1217082155095 2.39315785020771
0.461995 17.1402584795595 2.28638243873947
0.462495 17.1588087436095 1.9432565467614
0.462995 17.1773590076595 1.53842357778288
0.463495 17.1959092717095 1.14231537561387
0.463995 17.2144595357595 0.968348227558172
0.464495 17.2330097998095 0.600753105272449
0.464995 17.2515600638595 0.489090911863772
0.465495 17.2701103279095 0.178458258243453
0.465995 17.2886605919595 -0.32930914907333
0.466495 17.3072108560095 -0.564279551067314
0.466995 17.3257611200595 -0.897584436325664
0.467495 17.3443113841095 -1.33808601220907
0.467995 17.3628616481595 -1.48887197391355
0.468495 17.3814119122095 -1.84779013664772
0.468995 17.3999621762595 -1.90448832953494
0.469495 17.4185124403095 -1.95983193925453
0.469995 17.4370627043595 -1.89058384801109
0.470495 17.4556129684095 -2.05546172933502
0.470995 17.4741632324595 -1.71888456998182
0.471495 17.4927134965095 -1.58540100957234
0.471995 17.5112637605595 -1.29996841806304
0.472495 17.5298140246095 -1.02489009853019
0.472995 17.5483642886595 -0.923043247608723
0.473495 17.5669145527095 -0.556784143828567
0.473995 17.5854648167595 -0.345798590245679
0.474495 17.6040150808095 0.0618456100122319
0.474995 17.6225653448595 0.33444314397946
0.475495 17.6411156089095 0.521633452442396
0.475995 17.6596658729595 0.69729259303044
0.476495 17.6782161370095 1.18120899910156
0.476995 17.6967664010595 1.34774196099235
0.477495 17.7153166651095 1.56945110825954
0.477995 17.7338669291595 1.80774069898092
0.478495 17.7524171932095 1.86466616069732
0.478995 17.7709674572595 1.9876509184422
0.479495 17.7895177213095 1.80838541597046
0.479995 17.8080679853595 1.85724862448743
0.480495 17.8266182494095 1.6334731570228
0.480995 17.8451685134595 1.56597590398038
0.481495 17.8637187775095 1.27941871308357
0.481995 17.8822690415595 1.25624617585556
0.482495 17.9008193056095 0.804167561188284
0.482995 17.9193695696595 0.727188387889802
0.483495 17.9379198337095 0.452732436775246
0.483995 17.9564700977595 0.131492026301982
0.484495 17.9750203618095 0.0368921646706665
0.484995 17.9935706258595 -0.222204090234665
0.485495 18.0121208899095 -0.390525798041103
0.485995 18.0306711539595 -0.87835732305821
0.486495 18.0492214180095 -1.08416962119805
0.486995 18.0677716820595 -1.22842737568752
0.487495 18.0863219461095 -1.3174403324398
0.487995 18.1048722101595 -1.42054318638638
0.488495 18.1234224742095 -1.26178499105348
0.488995 18.1419727382595 -1.34641388838304
0.489495 18.1605230023095 -1.1232470970783
0.489995 18.1790732663595 -1.01983198429447
0.490495 18.1976235304095 -1.1643481951159
0.490995 18.2161737944595 -0.921910299157664
0.491495 18.2347240585095 -0.628370070382581
0.491995 18.2532743225595 -0.456969692232468
0.492495 18.2718245866095 -0.408269805430586
0.492995 18.2903748506595 -0.152272696549365
0.493495 18.3089251147095 0.0272362486976169
0.493995 18.3274753787595 0.222181321436925
0.494495 18.3460256428095 0.364492909062281
0.494995 18.3645759068595 0.792602165453465
0.495495 18.3831261709095 0.912811294332931
0.495995 18.4016764349595 1.03242768585054
0.496495 18.4202266990095 1.21975908948057
0.496995 18.4387769630595 1.29678879588305
0.497495 18.4573272271095 1.25319997608088
0.497995 18.4758774911595 1.23981925935063
0.498495 18.4944277552095 0.997771541525909
0.498995 18.5129780192595 1.10559521550242
0.499495 18.5315282833095 0.979797324278599
0.499995 18.5500785473595 0.922415458748751
