# Fix print output for fix Step
0 0 0.38058915737259
0.000494999999999992 0.0264068468234996 0.865174247526421
0.000994999999999878 0.0530804294734935 1.24291689278365
0.00149499999999998 0.0797540121234988 1.5508634873815
0.00199500000000008 0.106427594773504 1.85434348574406
0.00249500000000018 0.133101177423509 2.18060233244267
0.00299499999999985 0.159774760073492 2.38442065339114
0.00349499999999995 0.186448342723497 2.86721904832773
0.00399500000000005 0.213121925373503 2.92940875354565
0.00449500000000015 0.239795508023508 3.40477307838631
0.00499499999999982 0.26646909067349 3.61402757201347
0.00549499999999992 0.293142673323496 3.93149787978354
0.00599500000000002 0.319816255973501 4.28049025055403
0.00649500000000012 0.346489838623506 4.61962614837459
0.00699499999999979 0.373163421273489 4.84995785438283
0.00749499999999989 0.399837003923494 5.19187942083767
0.00799499999999999 0.426510586573499 5.48345471166235
0.00849500000000009 0.453184169223505 5.72976568757691
0.00899499999999998 0.479857751873499 6.04056556951723
0.00949499999999986 0.506531334523493 6.42874321159804
0.00999499999999996 0.533204917173498 6.62421533606485
0.0104950000000001 0.559878499823503 6.90146359335829
0.0109950000000002 0.586552082473509 7.31712510350765
0.0114949999999998 0.613225665123491 7.56765879720443
0.0119949999999999 0.639899247773496 7.8222129502611
0.012495 0.666572830423502 8.12000577387233
0.0129950000000001 0.693246413073507 8.41972744282359
0.0134949999999998 0.71991999572349 8.77818675972833
0.0139949999999999 0.746593578373495 8.9199090731259
0.014495 0.7732671610235 9.25320594065479
0.0149950000000001 0.799940743673506 9.60305550124086
0.015495 0.826614326323499 9.9227551648847
0.0159949999999999 0.853287908973493 10.1390957549902
0.016495 0.879961491623499 10.2914388920939
0.0169950000000001 0.906635074273504 10.7646441603374
0.0174950000000002 0.933308656923509 11.039127544537
0.0179949999999998 0.959982239573492 11.242936226024
0.0184949999999999 0.986655822223497 11.4910404814722
0.018995 1.0133294048735 11.7256731834327
0.0194950000000001 1.04000298752351 12.1696489028951
0.0199949999999998 1.06667657017349 12.3532225451764
0.0204949999999999 1.0933501528235 12.5607160732322
0.020995 1.1200237354735 12.8525239235241
0.0214950000000001 1.14669731812351 13.2034227989964
0.0219949999999998 1.17337090077349 13.5217921077543
0.0224949999999999 1.20004448342349 13.7449692453707
0.022995 1.2267180660735 13.9476184231072
0.0234950000000001 1.2533916487235 14.2462372136352
0.023995 1.2800652313735 14.5176289231136
0.0244949999999999 1.30673881402349 14.8342616044401
0.024995 1.3334123966735 15.1059462256131
0.0254950000000001 1.3600859793235 15.343657871087
0.0259950000000002 1.38675956197351 15.650187387394
0.0264949999999998 1.41343314462349 15.7918369886273
0.0269949999999999 1.4401067272735 16.1024815879634
0.027495 1.4667803099235 16.3133696481826
0.0279950000000001 1.49345389257351 16.5757787925309
0.0284949999999998 1.52012747522349 16.908179471661
0.0289949999999999 1.54680105787349 17.1663078698411
0.029495 1.5734746405235 17.4390869114632
0.0299950000000001 1.60014822317351 17.5862667875336
0.030495 1.6268218058235 17.8387492791168
0.0309949999999999 1.65349538847349 18.1174494731111
0.031495 1.6801689711235 18.3865537595655
0.0319950000000001 1.7068425537735 18.6935394916531
0.0324950000000002 1.73351613642351 18.9275423432756
0.0329949999999999 1.76018971907349 19.1817027035892
0.0334949999999999 1.7868633017235 19.3774184358565
0.033995 1.8135368843735 19.6910411597152
0.0344950000000001 1.84021046702351 19.9085061901807
0.0349949999999998 1.86688404967349 20.1632653825438
0.0354949999999999 1.8935576323235 20.3904256406214
0.035995 1.9202312149735 20.6529551355133
0.0364950000000001 1.94690479762351 20.8570919774972
0.0369949999999998 1.97357838027349 21.1308804045124
0.0374949999999999 2.00025196292349 21.4205028127189
0.037995 2.0269255455735 21.680332184935
0.0384950000000001 2.0535991282235 21.957238429624
0.038995 2.0802727108735 22.1325039351394
0.0394949999999999 2.10694629352349 22.3879150785463
0.039995 2.1336198761735 22.579633952714
0.0404950000000001 2.1602934588235 22.8741326748387
0.0409950000000002 2.18696704147351 23.1021874483268
0.0414949999999998 2.21364062412349 23.4139629425342
0.0419949999999999 2.2403142067735 23.6148628577414
0.042495 2.2669877894235 23.8653833155828
0.0429950000000001 2.29366137207351 24.1016120264996
0.0434949999999998 2.32033495472349 24.3289192160645
0.0439949999999999 2.34700853737349 24.5589120231258
0.044495 2.3736821200235 24.767742936147
0.0449950000000001 2.40035570267351 25.0285844177709
0.045495 2.4270292853235 25.2588181935477
0.0459949999999999 2.45370286797349 25.545726603295
0.046495 2.4803764506235 25.7670066232135
0.0469950000000001 2.5070500332735 26.0166803905789
0.0474950000000002 2.53372361592351 26.2266623380402
0.0479949999999998 2.56039719857349 26.4604972794322
0.0484949999999999 2.5870707812235 26.6833068035923
0.048995 2.6137443638735 26.907135543705
0.0494950000000001 2.64041794652351 27.1164913059514
0.0499949999999998 2.66709152917349 27.3722280038544
0.0504949999999999 2.6937651118235 27.5912154918027
0.050995 2.7204386944735 27.8472335720781
0.0514950000000001 2.74711227712351 28.0187585902451
0.0519949999999998 2.77378585977349 28.2529625050433
0.0524949999999999 2.80045944242349 28.5034959199896
0.052995 2.8271330250735 28.7442652713418
0.0534950000000001 2.8538066077235 28.990412623794
0.053995 2.8804801903735 29.1809744998567
0.0544949999999999 2.90715377302349 29.4129648204793
0.054995 2.9338273556735 29.6567813294872
0.0554950000000001 2.9605009383235 29.8788876126311
0.0559950000000002 2.98717452097351 30.0867744869265
0.0564949999999998 3.01384810362349 30.3523539274901
0.0569949999999999 3.0405216862735 30.5606385306652
0.057495 3.0671952689235 30.8356160709089
0.0579950000000001 3.09386885157351 31.0185435682493
0.0584949999999998 3.12054243422349 31.2525276070561
0.0589949999999999 3.14721601687349 31.4931674785375
0.059495 3.1738895995235 31.7262234299795
0.0599950000000001 3.2005631821735 31.9349876368323
0.0604949999999998 3.22723676482349 32.1257325351498
0.0609949999999999 3.25391034747349 32.3198870448126
0.061495 3.2805839301235 32.5248338192079
0.0619950000000001 3.3072575127735 32.7601974347134
0.0624950000000002 3.33393109542351 33.0108172710521
0.0629949999999998 3.36060467807349 33.2160846790281
0.0634949999999999 3.3872782607235 33.4559184754063
0.063995 3.4139518433735 33.7106116448403
0.0644950000000001 3.44062542602351 33.9111551048475
0.0649949999999998 3.46729900867349 34.1242362327473
0.0654949999999999 3.4939725913235 34.3168164331068
0.065995 3.5206461739735 34.512312960031
0.0664950000000001 3.54731975662351 34.7574129515725
0.0669949999999998 3.57399333927349 34.9313919563556
0.0674949999999999 3.60066692192349 35.1600688851868
0.067995 3.6273405045735 35.3797476384158
0.0684950000000001 3.6540140872235 35.5614442611139
0.068995 3.6806876698735 35.7837176638179
0.0694949999999999 3.70736125252349 35.8931402358317
0.069995 3.7340348351735 36.1175471752529
0.0704950000000001 3.7607084178235 36.3119658871605
0.0709950000000002 3.78738200047351 36.4838490922294
0.0714949999999998 3.81405558312349 36.6796804217018
0.0719949999999999 3.8407291657735 36.8775599860163
0.072495 3.8674027484235 37.1138014502187
0.0729950000000001 3.89407633107351 37.330057266296
0.0734949999999998 3.92074991372349 37.5296288957189
0.0739949999999999 3.94742349637349 37.7881752458363
0.074495 3.9740970790235 37.9768377922905
0.0749950000000001 4.0007706616735 38.2025339867029
0.075495 4.0274442443235 38.3862384646911
0.0759949999999999 4.05411782697349 38.5582074647644
0.076495 4.0807914096235 38.7763087685586
0.0769950000000001 4.1074649922735 38.9776793571109
0.0774950000000002 4.13413857492351 39.181367341734
0.0779949999999998 4.16081215757349 39.3485244893012
0.0784949999999999 4.1874857402235 39.5274379085254
0.078995 4.2141593228735 39.7426531116935
0.0794950000000001 4.24083290552351 39.94165970968
0.0799949999999998 4.26750648817349 40.1615535251643
0.0804949999999999 4.2941800708235 40.3595751758278
0.080995 4.3208536534735 40.5790252049753
0.0814950000000001 4.34752723612351 40.7911357547874
0.0819949999999998 4.37420081877349 40.9065114837987
0.0824949999999999 4.40087440142349 41.0443685372302
0.082995 4.4275479840735 41.2690548772667
0.0834950000000001 4.4542215667235 41.4665828374546
0.083995 4.4808951493735 41.6767059894032
0.0844949999999999 4.50756873202349 41.8377249712859
0.084995 4.5342423146735 42.1177666590435
0.0854950000000001 4.5609158973235 42.2677802404474
0.0859950000000002 4.58758947997351 42.4337836369136
0.0864949999999998 4.61426306262349 42.6359594965208
0.0869949999999999 4.6409366452735 42.748682635887
0.087495 4.6676102279235 42.9783704611743
0.0879950000000001 4.69428381057351 43.1678627769161
0.0884949999999998 4.72095739322349 43.3433350798704
0.0889949999999999 4.74763097587349 43.5727287970731
0.089495 4.7743045585235 43.7384385949608
0.0899950000000001 4.8009781411735 43.954214711911
0.090495 4.8276517238235 44.0699577957098
0.0909949999999999 4.85432530647349 44.2538594015282
0.091495 4.8809988891235 44.4373651052409
0.0919950000000001 4.9076724717735 44.6256287872866
0.0924950000000002 4.93434605442351 44.8711349108914
0.0929949999999998 4.96101963707349 45.0414095789051
0.0934949999999999 4.9876932197235 45.1496797628876
0.093995 5.0143668023735 45.2983339936936
0.0944950000000001 5.04104038502351 45.4700137382317
0.0949949999999998 5.06771396767349 45.6936265240548
0.0954949999999999 5.09438755032349 45.8331799084012
0.095995 5.1210611329735 46.0400052575001
0.0964950000000001 5.14773471562351 46.2256900327728
0.0969949999999998 5.17440829827349 46.3754818107753
0.0974949999999999 5.20108188092349 46.552808252527
0.097995 5.2277554635735 46.7430494003265
0.0984950000000001 5.2544290462235 46.9091861683334
0.098995 5.2811026288735 47.0753939355952
0.0994949999999999 5.30777621152349 47.2197130778042
0.099995 5.3344497941735 47.4063520033029
0.100495 5.3611233768235 47.5795736794558
0.100995 5.38779695947351 47.7575517017583
0.101495 5.41447054212349 47.956011026853
0.101995 5.4411441247735 48.0670504934518
0.102495 5.4678177074235 48.2345347347564
0.102995 5.49449129007351 48.4062864907508
0.103495 5.52116487272349 48.5557049159498
0.103995 5.54783845537349 48.7620780450287
0.104495 5.5745120380235 48.8719878933626
0.104995 5.6011856206735 49.0515166202087
0.105495 5.6278592033235 49.2513880968385
0.105995 5.65453278597349 49.3800735776877
0.106495 5.6812063686235 49.5037736889738
0.106995 5.7078799512735 49.6674712637828
0.107495 5.73455353392351 49.8721534800237
0.107995 5.76122711657349 50.0411588928976
0.108495 5.7879006992235 50.1655883931452
0.108995 5.8145742818735 50.3235093693322
0.109495 5.84124786452351 50.4959182634561
0.109995 5.86792144717349 50.6797657355749
0.110495 5.89459502982349 50.794526930244
0.110995 5.9212686124735 50.9470708643319
0.111495 5.94794219512351 51.1715294657815
0.111995 5.97461577777349 51.2913978583443
0.112495 6.00128936042349 51.37490829829
0.112995 6.0279629430735 51.5388974316883
0.113495 6.0546365257235 51.7771176637081
0.113995 6.0813101083735 51.9233954625933
0.114495 6.10798369102349 51.9950428464962
0.114995 6.1346572736735 52.1569742972608
0.115495 6.1613308563235 52.3294912563526
0.115995 6.18800443897351 52.4833311442626
0.116495 6.21467802162349 52.626475263665
0.116995 6.2413516042735 52.7614191582625
0.117495 6.2680251869235 52.9095032799973
0.117995 6.29469876957351 53.0534405558697
0.118495 6.32137235222349 53.1907027462845
0.118995 6.34804593487349 53.3800627657926
0.119495 6.3747195175235 53.468489300071
0.119995 6.4013931001735 53.6195440430283
0.120495 6.4280666828235 53.7640551584267
0.120995 6.45474026547349 53.9080674826015
0.121495 6.4814138481235 54.0926928063205
0.121995 6.5080874307735 54.2161667743909
0.122495 6.53476101342351 54.3723299335509
0.122995 6.56143459607349 54.4489452620632
0.123495 6.5881081787235 54.6390436190433
0.123995 6.6147817613735 54.7789189838985
0.124495 6.64145534402351 54.8403599894971
0.124995 6.66812892667349 55.0341766593851
0.125495 6.69480250932349 55.1928019088519
0.125995 6.7214760919735 55.2717796545801
0.126495 6.74814967462351 55.4659520507101
0.126995 6.77482325727349 55.6147065391504
0.127495 6.80149683992349 55.6780405813224
0.127995 6.8281704225735 55.8820935400201
0.128495 6.8548440052235 55.9796138165335
0.128995 6.8815175878735 56.1122740095441
0.129495 6.90819117052349 56.283032762131
0.129995 6.9348647531735 56.3257613569543
0.130495 6.9615383358235 56.4980410844476
0.130995 6.98821191847351 56.6553643013925
0.131495 7.01488550112349 56.7333444332397
0.131995 7.0415590837735 56.9250856507413
0.132495 7.0682326664235 57.0365327962557
0.132995 7.09490624907351 57.1324749771436
0.133495 7.12157983172349 57.3329183479621
0.133995 7.14825341437349 57.3907300737439
0.134495 7.1749269970235 57.5019229171641
0.134995 7.2016005796735 57.6910252066332
0.135495 7.2282741623235 57.8140214303131
0.135995 7.25494774497349 57.9044106808722
0.136495 7.2816213276235 58.0724485612463
0.136995 7.3082949102735 58.1196886129702
0.137495 7.33496849292351 58.3143519908007
0.137995 7.36164207557349 58.4082364497208
0.138495 7.3883156582235 58.5147127768914
0.138995 7.4149892408735 58.7194225653994
0.139495 7.44166282352351 58.7869861182639
0.139995 7.46833640617349 58.9133559859191
0.140495 7.49500998882349 59.004995478328
0.140995 7.5216835714735 59.1197314263671
0.141495 7.54835715412351 59.2730759672034
0.141995 7.5750307367735 59.3206081374972
0.142495 7.60170431942349 59.5100561248032
0.142995 7.6283779020735 59.59143781658
0.143495 7.6550514847235 59.7485325696664
0.143995 7.68172506737351 59.8174689435711
0.144495 7.70839865002349 59.9330648909718
0.144995 7.7350722326735 60.0614358170891
0.145495 7.7617458153235 60.1795646847832
0.145995 7.78841939797351 60.3116593159861
0.146495 7.81509298062349 60.3925092815367
0.146995 7.8417665632735 60.50066386416
0.147495 7.8684401459235 60.6236927726897
0.147995 7.89511372857351 60.7204537328287
0.148495 7.92178731122349 60.8798599727182
0.148995 7.94846089387349 60.9578122458394
0.149495 7.9751344765235 61.0729933601383
0.149995 8.0018080591735 61.184873238328
0.150495 8.02848164182349 61.2722052597684
0.150995 8.05515522447349 61.4280707003036
0.151495 8.0818288071235 61.4673238256502
0.151995 8.1085023897735 61.619847195937
0.152495 8.1351759724235 61.6783088599742
0.152995 8.16184955507349 61.8156256333156
0.153495 8.1885231377235 61.9005999612595
0.153995 8.2151967203735 62.046550030786
0.154495 8.24187030302351 62.1181766636641
0.154995 8.26854388567349 62.2659198683952
0.155495 8.29521746832349 62.3155534048534
0.155995 8.3218910509735 62.4566635168787
0.156495 8.34856463362351 62.5301153874176
0.156995 8.37523821627349 62.6557175210539
0.157495 8.40191179892349 62.7708261914606
0.157995 8.4285853815735 62.85063198409
0.158495 8.4552589642235 62.9568598249024
0.158995 8.4819325468735 63.0106057428558
0.159495 8.50860612952349 63.1745068317544
0.159995 8.5352797121735 63.2391387819375
0.160495 8.5619532948235 63.3523514361817
0.160995 8.58862687747351 63.4180031576068
0.161495 8.61530046012349 63.5242330112061
0.161995 8.64197404277349 63.6101593989004
0.162495 8.6686476254235 63.7014600312244
0.162995 8.6953212080735 63.7932392717327
0.163495 8.72199479072349 63.8826246637397
0.163995 8.74866837337349 63.9913332758822
0.164495 8.7753419560235 64.111652306868
0.164995 8.8020155386735 64.1864082611924
0.165495 8.8286891213235 64.3016647702134
0.165995 8.85536270397349 64.3531208480994
0.166495 8.8820362866235 64.4809541654711
0.166995 8.9087098692735 64.4782364744445
0.167495 8.93538345192351 64.6875347240834
0.167995 8.96205703457349 64.7172276436652
0.168495 8.9887306172235 64.8470353753889
0.168995 9.0154041998735 64.8816964722455
0.169495 9.04207778252351 65.0040759677993
0.169995 9.06875136517349 65.0635691382693
0.170495 9.09542494782349 65.1964396583547
0.170995 9.1220985304735 65.2615838346221
0.171495 9.1487721131235 65.3604721799469
0.171995 9.1754456957735 65.4030441276338
0.172495 9.20211927842349 65.5182346587909
0.172995 9.2287928610735 65.5875589776821
0.173495 9.2554664437235 65.6540308536106
0.173995 9.2821400263735 65.7508388510791
0.174495 9.30881360902349 65.8220878544305
0.174995 9.3354871916735 65.9887396969424
0.175495 9.3621607743235 66.0146335029282
0.175995 9.38883435697351 66.1009913819912
0.176495 9.41550793962349 66.1973346489241
0.176995 9.4421815222735 66.2240015675997
0.177495 9.4688551049235 66.3360849794459
0.177995 9.49552868757351 66.4334901781426
0.178495 9.52220227022349 66.5176589045476
0.178995 9.54887585287349 66.6067881253003
0.179495 9.5755494355235 66.6637314215264
0.179995 9.6022230181735 66.7393242090719
0.180495 9.62889660082349 66.774942743749
0.180995 9.65557018347349 66.9313476705217
0.181495 9.6822437661235 66.9572112567888
0.181995 9.7089173487735 67.01733895711
0.182495 9.73559093142351 67.148145578063
0.182995 9.76226451407349 67.1553829661822
0.183495 9.78893809672349 67.2440928805889
0.183995 9.8156116793735 67.3353166574035
0.184495 9.84228526202351 67.4247705906489
0.184995 9.86895884467349 67.5210151136979
0.185495 9.89563242732349 67.6028835605053
0.185995 9.9223060099735 67.6209752667215
0.186495 9.94897959262351 67.7353774068362
0.186995 9.97565317527349 67.7699926979949
0.187495 10.0023267579235 67.881088158848
0.187995 10.0290003405735 67.9920944012869
0.188495 10.0556739232235 68.0117702161695
0.188995 10.0823475058735 68.1172730864206
0.189495 10.1090210885235 68.1641934921814
0.189995 10.1356946711735 68.2233421911555
0.190495 10.1623682538235 68.3001447307324
0.190995 10.1890418364735 68.3877176684066
0.191495 10.2157154191235 68.4758126686828
0.191995 10.2423890017735 68.5214241328735
0.192495 10.2690625844235 68.6147639023306
0.192995 10.2957361670735 68.6298105475254
0.193495 10.3224097497235 68.7569938735818
0.193995 10.3490833323735 68.8073887257415
0.194495 10.3757569150235 68.8772396661125
0.194995 10.4024304976735 68.9545991010799
0.195495 10.4291040803235 69.0227147726259
0.195995 10.4557776629735 69.0969256176334
0.196495 10.4824512456235 69.054603186707
0.196995 10.5091248282735 69.211176889901
0.197495 10.5357984109235 69.2957098605429
0.197995 10.5624719935735 69.352597937035
0.198495 10.5891455762235 69.4073473786699
0.198995 10.6158191588735 69.4678873105338
0.199495 10.6424927415235 69.5377380600063
0.199995 10.6691663241735 69.6298643251427
0.200495 10.6958399068235 69.6523092265705
0.200995 10.7225134894735 69.7555914991651
0.201495 10.7491870721235 69.8393739767745
0.201995 10.7758606547735 69.885344634972
0.202495 10.8025342374235 69.931502667216
0.202995 10.8292078200735 69.9915627164869
0.203495 10.8558814027235 70.0826215995645
0.203995 10.8825549853735 70.1209331812667
0.204495 10.9092285680235 70.2091547493254
0.204995 10.9359021506735 70.262272003991
0.205495 10.9625757333235 70.3128225858171
0.205995 10.9892493159735 70.416011712468
0.206495 11.0159228986235 70.4228784179523
0.206995 11.0425964812735 70.5007437906267
0.207495 11.0692700639235 70.6405968793081
0.207995 11.0959436465735 70.615808577677
0.208495 11.1226172292235 70.6806187698687
0.208995 11.1492908118735 70.7563897348245
0.209495 11.1759643945235 70.8401693602058
0.209995 11.2026379771735 70.8712711728638
0.210495 11.2293115598235 70.9471647110098
0.210995 11.2559851424735 70.9682261168419
0.211495 11.2826587251235 71.0293071561909
0.211995 11.3093323077735 71.0911257991347
0.212495 11.3360058904235 71.1826287630618
0.212995 11.3626794730735 71.2918827178636
0.213495 11.3893530557235 71.3489932554155
0.213995 11.4160266383735 71.359685833218
0.214495 11.4427002210235 71.4482505250793
0.214995 11.4693738036735 71.5057197310353
0.215495 11.4960473863235 71.6069659654005
0.215995 11.5227209689735 71.6670882782458
0.216495 11.5493945516235 71.715701251763
0.216995 11.5760681342735 71.7693576521928
0.217495 11.6027417169235 71.8108131641091
0.217995 11.6294152995735 71.8664601508559
0.218495 11.6560888822235 71.984220594294
0.218995 11.6827624648735 71.9194337304237
0.219495 11.7094360475235 72.0456923065162
0.219995 11.7361096301735 72.1992797881364
0.220495 11.7627832128235 72.1393190492765
0.220995 11.7894567954735 72.218100433417
0.221495 11.8161303781235 72.3399882247699
0.221995 11.8428039607735 72.387256749147
0.222495 11.8694775434235 72.4158309938968
0.222995 11.8961511260735 72.4332431226066
0.223495 11.9228247087235 72.5410699863458
0.223995 11.9494982913735 72.5775605439433
0.224495 11.9761718740235 72.6845242295545
0.224995 12.0028454566735 72.7036809734563
0.225495 12.0295190393235 72.8219530876146
0.225995 12.0561926219735 72.8325934167873
0.226495 12.0828662046235 73.007172626933
0.226995 12.1095397872735 72.9591146311
0.227495 12.1362133699235 73.0146077148981
0.227995 12.1628869525735 73.1164214042749
0.228495 12.1895605352235 73.1385849655392
0.228995 12.2162341178735 73.2661322115733
0.229495 12.2429077005235 73.1716812142506
0.229995 12.2695812831735 73.3474106899038
0.230495 12.2962548658235 73.383495748853
0.230995 12.3229284484735 73.4438664548185
0.231495 12.3496020311235 73.4262165426205
0.231995 12.3762756137735 73.6008272216745
0.232495 12.4029491964235 73.6957676937585
0.232995 12.4296227790735 73.7581992558226
0.233495 12.4562963617235 73.6996640688069
0.233995 12.4829699443735 73.7771046913256
0.234495 12.5096435270235 73.8725677423462
0.234995 12.5363171096735 73.9160304001187
0.235495 12.5629906923235 73.93608176834
0.235995 12.5896642749735 74.1452951700186
0.236495 12.6163378576235 74.1935950998303
0.236995 12.6430114402735 74.1559216554727
0.237495 12.6696850229235 74.1800219091336
0.237995 12.6963586055735 74.2587117494618
0.238495 12.7230321882235 74.3023663966058
0.238995 12.7497057708735 74.3776935200898
0.239495 12.7763793535235 74.4708808509454
0.239995 12.8030529361735 74.5510680235663
0.240495 12.8297265188235 74.5686619184038
0.240995 12.8564001014735 74.5567382209852
0.241495 12.8830736841235 74.6880486605987
0.241995 12.9097472667735 74.8277901540664
0.242495 12.9364208494235 74.8772981857452
0.242995 12.9630944320735 74.9891381662206
0.243495 12.9897680147235 74.9584609512557
0.243995 13.0164415973735 74.9988435962914
0.244495 13.0431151800235 74.9773453393055
0.244995 13.0697887626735 75.1486538316063
0.245495 13.0964623453235 75.2780826412201
0.245995 13.1231359279735 75.3579682405939
0.246495 13.1498095106235 75.344241258992
0.246995 13.1764830932735 75.3793810461169
0.247495 13.2031566759235 75.4992353908921
0.247995 13.2298302585735 75.5609099753939
0.248495 13.2565038412235 75.6238861469302
0.248995 13.2831774238735 75.6790909623342
0.249495 13.3098510065235 75.7086370129543
0.249995 13.3365245891735 75.7450944465882
0.250495 13.3631981718235 75.8846012595364
0.250995 13.3898717544735 76.0296470495867
0.251495 13.4165453371235 76.05411336456
0.251995 13.4432189197735 75.9960514357996
0.252495 13.4698925024235 76.1529505411556
0.252995 13.4965660850735 76.1263541254242
0.253495 13.5232396677235 76.2079376560641
0.253995 13.5499132503735 76.3743539435504
0.254495 13.5765868330235 76.4779553873253
0.254995 13.6032604156735 76.5034318523957
0.255495 13.6299339983235 76.5041679688915
0.255995 13.6566075809735 76.5744271415805
0.256495 13.6832811636235 76.6967156496556
0.256995 13.7099547462735 76.6622669159193
0.257495 13.7366283289235 76.7873057536659
0.257995 13.7633019115735 76.8053911055073
0.258495 13.7899754942235 77.0148913915791
0.258995 13.8166490768735 76.9911413644878
0.259495 13.8433226595235 76.9853833141246
0.259995 13.8699962421735 77.0149674852034
0.260495 13.8966698248235 77.2624372374547
0.260995 13.9233434074735 77.2544973722267
0.261495 13.9500169901235 77.3357050247915
0.261995 13.9766905727735 77.3921647201522
0.262495 14.0033641554235 77.4955615152559
0.262995 14.0300377380735 77.5678916097209
0.263495 14.0567113207235 77.600846727947
0.263995 14.0833849033735 77.6948513775531
0.264495 14.1100584860235 77.7613214724794
0.264995 14.1367320686735 77.8975897014221
0.265495 14.1634056513235 77.9712999327663
0.265995 14.1900792339735 77.9390690582169
0.266495 14.2167528166235 78.0208711070849
0.266995 14.2434263992735 78.1978511231452
0.267495 14.2700999819235 78.2025460120334
0.267995 14.2967735645735 78.2563744153316
0.268495 14.3234471472235 78.3411193217701
0.268995 14.3501207298735 78.6516751595509
0.269495 14.3767943125235 78.5244503113995
0.269995 14.4034678951735 78.6553667569854
0.270495 14.4301414778235 78.6680865690758
0.270995 14.4568150604735 78.7854509960654
0.271495 14.4834886431235 78.8274159352839
0.271995 14.5101622257735 78.8857062683419
0.272495 14.5368358084235 78.9956230468156
0.272995 14.5635093910735 78.9939386479072
0.273495 14.5901829737235 79.0731531341269
0.273995 14.6168565563735 79.2677535726436
0.274495 14.6435301390235 79.2805942593918
0.274995 14.6702037216735 79.5330965884801
0.275495 14.6968773043235 79.6001637673227
0.275995 14.7235508869735 79.4790859545315
0.276495 14.7502244696235 79.5733431404123
0.276995 14.7768980522735 79.7992316933549
0.277495 14.8035716349235 79.6919504960629
0.277995 14.8302452175735 79.8575675867531
0.278495 14.8569188002235 80.0180436223673
0.278995 14.8835923828735 80.0845793379298
0.279495 14.9102659655235 80.3250971248705
0.279995 14.9369395481735 80.2356989003299
0.280495 14.9636131308235 80.3008346552266
0.280995 14.9902867134735 80.5057837427523
0.281495 15.0169602961235 80.5139346538975
0.281995 15.0436338787735 80.6329301998589
0.282495 15.0703074614235 80.6297825532172
0.282995 15.0969810440735 80.6749620385612
0.283495 15.1236546267235 80.8052120755077
0.283995 15.1503282093735 81.0145482209281
0.284495 15.1770017920235 81.1197347277033
0.284995 15.2036753746735 81.2447633710516
0.285495 15.2303489573235 81.317073391613
0.285995 15.2570225399735 81.4299044405299
0.286495 15.2836961226235 81.3630940382337
0.286995 15.3103697052735 81.7150017597308
0.287495 15.3370432879235 81.6475133267445
0.287995 15.3637168705735 81.9692257778923
0.288495 15.3903904532235 82.0424729642388
0.288995 15.4170640358735 82.1662150016408
0.289495 15.4437376185235 82.1175727437349
0.289995 15.4704112011735 82.159295699673
0.290495 15.4970847838235 82.4886774500358
0.290995 15.5237583664735 82.6202286104393
0.291495 15.5504319491235 82.7973640549257
0.291995 15.5771055317735 82.7119514979647
0.292495 15.6037791144235 82.8735437822231
0.292995 15.6304526970735 82.8935322601927
0.293495 15.6571262797235 83.1819213828725
0.293995 15.6837998623735 83.0354933261974
0.294495 15.7104734450235 83.3807244031326
0.294995 15.7371470276735 83.7050867805921
0.295495 15.7638206103235 83.6542210058597
0.295995 15.7904941929735 83.7707749888153
0.296495 15.8171677756235 83.8150576736398
0.296995 15.8438413582735 84.2074450394844
0.297495 15.8705149409235 84.2136505818171
0.297995 15.8971885235735 84.1481154768692
0.298495 15.9238621062235 84.599013877137
0.298995 15.9505356888735 84.7920276398354
0.299495 15.9772092715235 84.6815411419087
0.299995 16.0038828541735 85.1149313156966
0.300495 16.0305564368235 85.2683138545062
0.300995 16.0572300194735 85.1758700513454
0.301495 16.0839036021235 85.4249100330683
0.301995 16.1105771847735 85.7185473513114
0.302495 16.1372507674235 86.0157194957462
0.302995 16.1639243500735 85.8593440969275
0.303495 16.1905979327235 86.1264727232126
0.303995 16.2172715153735 86.5611021385049
0.304495 16.2439450980235 86.6532740531261
0.304995 16.2706186806735 86.7685577299018
0.305495 16.2972922633235 86.7504783523183
0.305995 16.3239658459735 86.799263316698
0.306495 16.3506394286235 87.2282945865978
0.306995 16.3773130112735 87.2454472773492
0.307495 16.4039865939235 87.3161284542276
0.307995 16.4306601765735 87.7477535360572
0.308495 16.4573337592235 87.722339545646
0.308995 16.4840073418735 88.2756140411126
0.309495 16.5106809245235 88.0554624833177
0.309995 16.5373545071735 88.6434733807925
0.310495 16.5640280898235 88.9215935236768
0.310995 16.5907016724735 88.9034027754791
0.311495 16.6173752551235 89.3086759129529
0.311995 16.6440488377735 89.4339719755138
0.312495 16.6707224204235 89.5043776923933
0.312995 16.6973960030735 90.0311387307129
0.313495 16.7240695857235 90.1057027773281
0.313995 16.7507431683735 90.2317035891021
0.314495 16.7774167510235 90.5954995355779
0.314995 16.8040903336735 90.5365304438408
0.315495 16.8307639163235 91.0953110631768
0.315995 16.8574374989735 90.9860863890474
0.316495 16.8841110816235 91.2405107252744
0.316995 16.9107846642735 91.6941328100438
0.317495 16.9374582469235 91.674824952284
0.317995 16.9641318295735 91.9271625906867
0.318495 16.9908054122235 92.1186308651953
0.318995 17.0174789948735 92.8012899195132
0.319495 17.0441525775235 93.0122700915557
0.319995 17.0708261601735 92.9439817854377
0.320495 17.0974997428235 93.4791969883654
0.320995 17.1241733254735 93.8254261121897
0.321495 17.1508469081235 93.9649255289304
0.321995 17.1775204907735 94.2580643705058
0.322495 17.2041940734235 94.3939312485349
0.322995 17.2308676560735 94.8818283637378
0.323495 17.2575412387235 95.2228061683078
0.323995 17.2842148213735 94.9581462320531
0.324495 17.3108884040235 95.8274239950792
0.324995 17.3375619866735 95.7930928599033
0.325495 17.3642355693235 96.1087502331373
0.325995 17.3909091519735 96.0387480991056
0.326495 17.4175827346235 96.9249204713069
0.326995 17.4442563172735 96.9278210603428
0.327495 17.4709298999235 97.5862265009855
0.327995 17.4976034825735 97.7471385909776
0.328495 17.5242770652235 97.9560197035705
0.328995 17.5509506478735 98.3701174033751
0.329495 17.5776242305235 98.695022535873
0.329995 17.6042978131735 98.7598838263394
0.330495 17.6309713958235 99.2267848838399
0.330995 17.6576449784735 99.2046273368266
0.331495 17.6843185611235 100.17702372941
0.331995 17.7109921437735 100.129661233656
0.332495 17.7376657264235 100.139788338754
0.332995 17.7643393090735 101.126302333007
0.333495 17.7910128917235 100.697931763271
0.333995 17.8176864743735 101.615275144061
0.334495 17.8443600570235 101.770576503976
0.334995 17.8710336396735 102.131002570032
0.335495 17.8977072223235 102.613967060418
0.335995 17.9243808049735 103.086821402506
0.336495 17.9510543876235 103.178771730468
0.336995 17.9777279702735 103.224435316495
0.337495 18.0044015529235 103.788893626594
0.337995 18.0310751355735 104.48264086438
0.338495 18.0577487182235 104.382033847605
0.338995 18.0844223008735 104.839331344678
0.339495 18.1110958835235 105.365257722471
0.339995 18.1377694661735 105.484410318175
0.340495 18.1644430488235 106.112954876931
0.340995 18.1911166314735 106.114676446815
0.341495 18.2177902141235 106.932174735096
0.341995 18.2444637967735 107.029270491377
0.342495 18.2711373794235 107.224338233949
0.342995 18.2978109620735 107.727555199082
0.343495 18.3244845447235 107.983843946911
0.343995 18.3511581273735 108.722021116788
0.344495 18.3778317100235 108.967547502366
0.344995 18.4045052926735 109.326455789033
0.345495 18.4311788753235 109.984387719386
0.345995 18.4578524579735 109.72117662801
0.346495 18.4845260406235 110.599938946372
0.346995 18.5111996232735 110.854225393234
0.347495 18.5378732059235 110.92587059015
0.347995 18.5645467885735 111.812589231827
0.348495 18.5912203712235 111.818100664452
0.348995 18.6178939538735 112.409365073416
0.349495 18.6445675365235 112.483810973793
0.349995 18.6712411191735 112.808192010092
0.350495 18.6979147018235 113.84034998363
0.350995 18.7245882844735 113.724090019116
0.351495 18.7512618671235 114.420290302428
0.351995 18.7779354497735 114.805745060174
0.352495 18.8046090324235 114.778657984193
0.352995 18.8312826150735 115.766504819704
0.353495 18.8579561977235 115.642239521569
0.353995 18.8846297803735 116.31746536045
0.354495 18.9113033630235 116.778114264536
0.354995 18.9379769456735 117.101831944058
0.355495 18.9646505283235 117.514717108459
0.355995 18.9913241109735 117.816141124525
0.356495 19.0179976936235 118.465961909539
0.356995 19.0446712762735 118.78898612648
0.357495 19.0713448589235 119.144980874025
0.357995 19.0980184415735 119.462766179589
0.358495 19.1246920242235 120.064715340249
0.358995 19.1513656068735 120.559664111103
0.359495 19.1780391895235 120.722952798991
0.359995 19.2047127721735 121.403264426929
0.360495 19.2313863548235 121.858747659577
0.360995 19.2580599374735 122.005372134824
0.361495 19.2847335201235 122.517117978764
0.361995 19.3114071027735 123.185460099705
0.362495 19.3380806854235 123.770125632713
0.362995 19.3647542680735 124.307630797916
0.363495 19.3914278507235 124.220658992495
0.363995 19.4181014333735 124.954769308872
0.364495 19.4447750160235 125.37311397384
0.364995 19.4714485986735 125.499499123424
0.365495 19.4981221813235 126.259586550534
0.365995 19.5247957639735 126.362867870988
0.366495 19.5514693466235 127.341373049648
0.366995 19.5781429292735 127.717725478383
0.367495 19.6048165119235 128.019122799213
0.367995 19.6314900945735 128.815813329569
0.368495 19.6581636772235 128.992802861944
0.368995 19.6848372598735 129.464567240598
0.369495 19.7115108425235 130.283084772071
0.369995 19.7381844251735 130.772954506196
0.370495 19.7648580078235 131.227746813171
0.370995 19.7915315904735 131.503037918932
0.371495 19.8182051731235 132.066493393138
0.371995 19.8448787557735 132.961603581367
0.372495 19.8715523384235 133.30073687109
0.372995 19.8982259210735 133.694627950869
0.373495 19.9248995037235 134.0069999066
0.373995 19.9515730863735 134.452640048642
0.374495 19.9782466690235 135.103721028342
0.374995 20.0049202516735 135.867910790785
0.375495 20.0315938343235 136.402121072244
0.375995 20.0582674169735 136.979646192591
0.376495 20.0849409996235 137.379539555774
0.376995 20.1116145822735 138.264415010491
0.377495 20.1382881649235 138.716637003066
0.377995 20.1649617475735 139.674993535796
0.378495 20.1916353302235 139.905454857378
0.378995 20.2183089128735 140.457913655158
0.379495 20.2449824955235 140.978005552158
0.379995 20.2716560781735 141.824046741914
0.380495 20.2983296608235 142.264051272718
0.380995 20.3250032434735 142.596206860367
0.381495 20.3516768261235 142.859045444893
0.381995 20.3783504087735 143.24645156995
0.382495 20.4050239914235 143.865778400212
0.382995 20.4316975740735 144.853647055961
0.383495 20.4583711567235 145.702804728556
0.383995 20.4850447393735 146.261987728919
0.384495 20.5117183220235 146.930092673714
0.384995 20.5383919046735 147.4400308841
0.385495 20.5650654873235 148.11071478188
0.385995 20.5917390699735 148.77340652928
0.386495 20.6184126526235 149.128839471338
0.386995 20.6450862352735 149.67993179101
0.387495 20.6717598179235 147.996140922002
0.387995 20.6984334005735 142.981246884008
0.388495 20.7251069832235 134.582339177462
0.388995 20.7517805658735 125.656230240107
0.389495 20.7784541485235 119.311038331091
0.389995 20.8051277311735 112.869983969837
0.390495 20.8318013138235 106.873532597802
0.390995 20.8584748964735 101.767879476518
0.391495 20.8851484791235 96.8119293333872
0.391995 20.9118220617735 92.2426156676955
0.392495 20.9384956444235 87.7048888580706
0.392995 20.9651692270735 83.526362111175
0.393495 20.9918428097235 79.5799487268466
0.393995 21.0185163923735 75.9337490731016
0.394495 21.0451899750235 72.4166363598869
0.394995 21.0718635576735 68.9926155215172
0.395495 21.0985371403235 65.8090414809093
0.395995 21.1252107229735 62.8086832299171
0.396495 21.1518843056235 60.0823469101529
0.396995 21.1785578882735 57.6294111163444
0.397495 21.2052314709235 55.3935471748813
0.397995 21.2319050535735 53.4847728906516
0.398495 21.2585786362235 51.6666865652709
0.398995 21.2852522188735 50.1846156257874
0.399495 21.3119258015235 48.9366690256031
0.399995 21.3385993841735 47.8642690777358
0.400495 21.3652729668235 46.8822388715989
0.400995 21.3919465494735 45.9175699517671
0.401495 21.4186201321235 44.9537026612645
0.401995 21.4452937147735 44.0645414132941
0.402495 21.4719672974235 43.112506397022
0.402995 21.4986408800735 42.260848506685
0.403495 21.5253144627235 41.3880802078783
0.403995 21.5519880453735 40.5168722733003
0.404495 21.5786616280235 39.7526695965504
0.404995 21.6053352106735 38.8961917386333
0.405495 21.6320087933235 38.1893599004257
0.405995 21.6586823759735 37.4025509288112
0.406495 21.6853559586235 36.6760659800515
0.406995 21.7120295412735 35.9777133254951
0.407495 21.7387031239235 35.2525283684898
0.407995 21.7653767065735 34.583104921362
0.408495 21.7920502892235 33.8995397551371
0.408995 21.8187238718735 33.2306975908185
0.409495 21.8453974545235 32.5709920943015
0.409995 21.8720710371735 31.9254025811295
0.410495 21.8987446198235 31.2867717715653
0.410995 21.9254182024735 30.6153479761612
0.411495 21.9520917851235 29.8340626164826
0.411995 21.9787653677735 29.0227035940058
0.412495 22.0054389504235 28.1224240021694
0.412995 22.0321125330735 27.161302401657
0.413495 22.0587861157235 26.1575744570914
0.413995 22.0854596983735 25.0948545645151
0.414495 22.1121332810235 23.9648126920175
0.414995 22.1388068636735 22.7730915292662
0.415495 22.1654804463235 21.5213878510526
0.415995 22.1921540289735 20.2072305634822
0.416495 22.2188276116235 18.8320840328688
0.416995 22.2455011942735 17.3907970506988
0.417495 22.2721747769235 15.8782799934457
0.417995 22.2988483595735 14.2931265969475
0.418495 22.3255219422235 12.6268628108861
0.418995 22.3521955248735 10.8921089296259
0.419495 22.3788691075235 9.21294984462139
0.419995 22.4055426901735 7.65618401295566
0.420495 22.4322162728235 6.15189699504853
0.420995 22.4588898554735 4.63020726387375
0.421495 22.4855634381235 3.10638772158276
0.421995 22.5122370207735 1.6122363427827
0.422495 22.5389106034235 0.122309019643014
0.422995 22.5655841860735 -1.36647533070521
0.423495 22.5922577687235 -2.99686238812594
0.423995 22.6189313513735 -4.78970200954715
0.424495 22.6456049340235 -6.72681854528475
0.424995 22.6722785166735 -8.80811982776868
0.425495 22.6989520993235 -11.0076295625632
0.425995 22.7256256819735 -13.3350721698046
0.426495 22.7522992646235 -15.7553381437418
0.426995 22.7789728472735 -18.2545562045679
0.427495 22.8056464299235 -20.8055617943446
0.427995 22.8323200125735 -23.3779217521512
0.428495 22.8589935952235 -25.8369345299726
0.428995 22.8856671778735 -28.1222939835463
0.429495 22.9123407605235 -28.5585528519985
0.429995 22.9390143431735 -21.0429640939169
0.430495 22.9656879258235 -15.8642788045296
0.430995 22.9923615084735 -12.1283390498908
0.431495 23.0190350911235 -9.06051964008155
0.431995 23.0457086737735 -6.53224965839007
0.432495 23.0723822564235 -4.9309288917864
0.432995 23.0990558390735 -3.65325887029912
0.433495 23.1257294217235 -1.60955287834714
0.433995 23.1524030043735 -0.262139281014062
0.434495 23.1790765870235 0.00286558663467818
0.434995 23.2057501696735 0.0846204252915187
0.435495 23.2324237523235 0.145304158302967
0.435995 23.2590973349735 -0.266515110450324
0.436495 23.2857709176235 -0.990668651310217
0.436995 23.3124445002735 -1.33434122088984
0.437495 23.3391180829235 -1.66564337379981
0.437995 23.3657916655735 -2.04419800904882
0.438495 23.3924652482235 -2.22777180916668
0.438995 23.4191388308735 -2.35732486508189
0.439495 23.4458124135235 -2.42599214618583
0.439995 23.4724859961735 -2.21615645810074
0.440495 23.4991595788235 -2.38667332265692
0.440995 23.5258331614735 -2.2484453044351
0.441495 23.5525067441235 -2.54360646286182
0.441995 23.5791803267735 -2.35098874223765
0.442495 23.6058539094235 -2.19647576055631
0.442995 23.6325274920735 -1.9795832453401
0.443495 23.6592010747235 -1.76878265770402
0.443995 23.6858746573735 -1.66056087362798
0.444495 23.7125482400235 -1.85282812044368
0.444995 23.7392218226735 -2.2725121368304
0.445495 23.7658954053235 -2.1706307279514
0.445995 23.7925689879735 -2.51069026582716
0.446495 23.8192425706235 -2.34409251652336
0.446995 23.8459161532735 -2.29601115047987
0.447495 23.8725897359235 -2.05087849555184
0.447995 23.8992633185735 -1.89716231068628
0.448495 23.9259369012235 -1.70152113844107
0.448995 23.9526104838735 -1.20145327474955
0.449495 23.9792840665235 -1.03781266822512
0.449995 24.0059576491735 -0.731924236500104
0.450495 24.0326312318235 -0.567220448033536
0.450995 24.0593048144735 -0.17294720308224
0.451495 24.0859783971235 -0.00182721865493005
0.451995 24.1126519797735 0.204719565373452
0.452495 24.1393255624235 0.268490713356039
0.452995 24.1659991450735 0.709418907568019
0.453495 24.1926727277235 1.02779457815253
0.453995 24.2193463103735 1.53756934343671
0.454495 24.2460198930235 1.84934031809538
0.454995 24.2726934756735 2.75245779827401
0.455495 24.2993670583235 3.22829031477993
0.455995 24.3260406409735 3.84705213899356
0.456495 24.3527142236235 4.21625678344674
0.456995 24.3793878062735 4.49948751808756
0.457495 24.4060613889235 4.82133500062321
0.457995 24.4327349715735 5.37012642590141
0.458495 24.4594085542235 5.4440114655244
0.458995 24.4860821368735 5.64298531161161
0.459495 24.5127557195235 5.55024196515497
0.459995 24.5394293021735 5.63495720769104
0.460495 24.5661028848235 5.55454170963426
0.460995 24.5927764674735 5.44567624519694
0.461495 24.6194500501235 5.21011992807457
0.461995 24.6461236327735 4.8940387558639
0.462495 24.6727972154235 4.60784034452695
0.462995 24.6994707980735 3.94562480889584
0.463495 24.7261443807235 3.64231302576286
0.463995 24.7528179633735 3.22582392148467
0.464495 24.7794915460235 2.61881755829978
0.464995 24.8061651286735 2.07064511369957
0.465495 24.8328387113235 1.56316756596614
0.465995 24.8595122939735 1.25114990507143
0.466495 24.8861858766235 0.456563983212596
0.466995 24.9128594592735 -0.169117202052729
0.467495 24.9395330419235 -0.568107733836153
0.467995 24.9662066245735 -1.25328501295859
0.468495 24.9928802072235 -1.75677092100709
0.468995 25.0195537898735 -2.38999608939875
0.469495 25.0462273725235 -3.14667204147055
0.469995 25.0729009551735 -3.6408549110343
0.470495 25.0995745378235 -4.18932820762379
0.470995 25.1262481204735 -4.49390556301057
0.471495 25.1529217031235 -5.12569595065171
0.471995 25.1795952857735 -5.48008405806202
0.472495 25.2062688684235 -5.80048509412572
0.472995 25.2329424510735 -5.68444590573084
0.473495 25.2596160337235 -5.64364197024372
0.473995 25.2862896163735 -5.43904421673277
0.474495 25.3129631990235 -5.37767728313459
0.474995 25.3396367816735 -5.29715167222526
0.475495 25.3663103643235 -4.94122744577538
0.475995 25.3929839469735 -4.71656591615595
0.476495 25.4196575296235 -4.28979245449315
0.476995 25.4463311122735 -3.9911691639004
0.477495 25.4730046949235 -3.22757633720222
0.477995 25.4996782775735 -2.80418076655381
0.478495 25.5263518602235 -2.22480433429951
0.478995 25.5530254428735 -1.63073327169941
0.479495 25.5796990255235 -0.816461752659706
0.479995 25.6063726081735 -0.170692595113798
0.480495 25.6330461908235 0.350448110720503
0.480995 25.6597197734735 0.831564479681712
0.481495 25.6863933561235 1.53911123166145
0.481995 25.7130669387735 2.06656200219339
0.482495 25.7397405214235 2.73147138530667
0.482995 25.7664141040735 3.05490195737052
0.483495 25.7930876867235 3.67921606179335
0.483995 25.8197612693735 3.99158880941892
0.484495 25.8464348520235 4.27646435179679
0.484995 25.8731084346735 4.71311600579043
0.485495 25.8997820173235 4.78840633512965
0.485995 25.9264555999735 4.81778059908455
0.486495 25.9531291826235 4.81038861857542
0.486995 25.9798027652735 4.76385324682478
0.487495 26.0064763479235 4.8109185806795
0.487995 26.0331499305735 4.77234461215014
0.488495 26.0598235132235 4.84574640158298
0.488995 26.0864970958735 4.61006681902978
0.489495 26.1131706785235 4.45841787103033
0.489995 26.1398442611735 4.01910315439076
0.490495 26.1665178438235 3.70979729776365
0.490995 26.1931914264735 3.17527374224956
0.491495 26.2198650091235 2.73412634478447
0.491995 26.2465385917735 2.29464826331103
0.492495 26.2732121744235 1.7002498425423
0.492995 26.2998857570735 1.14993174159037
0.493495 26.3265593397235 0.49210740959984
0.493995 26.3532329223735 0.105488402280882
0.494495 26.3799065050235 -0.411907262727576
0.494995 26.4065800876735 -1.09941447819708
0.495495 26.4332536703235 -1.57022085415255
0.495995 26.4599272529735 -1.97594135835362
0.496495 26.4866008356235 -2.40033067963709
0.496995 26.5132744182735 -2.80420061616406
0.497495 26.5399480009235 -3.33944342994369
0.497995 26.5666215835735 -3.72273324998364
0.498495 26.5932951662235 -4.17945627737891
0.498995 26.6199687488735 -4.33487741149813
0.499495 26.6466423315235 -4.42766655339793
0.499995 26.6733159141735 -4.34845876551768
0.500495 26.6999894968235 -4.30220805482399
0.500995 26.7266630794735 -4.30583680288165
0.501495 26.7533366621235 -4.08374809221651
0.501995 26.7800102447735 -3.86329931500986
0.502495 26.8066838274235 -3.50121568298184
0.502995 26.8333574100735 -3.0396697857207
0.503495 26.8600309927235 -2.60420627604235
0.503995 26.8867045753735 -2.18670965013424
0.504495 26.9133781580235 -1.9045553159348
0.504995 26.9400517406735 -1.41591746913004
0.505495 26.9667253233235 -1.0964350523686
0.505995 26.9933989059735 -0.596582633710696
0.506495 27.0200724886235 -0.403270237861564
