# Fix print output for fix Step
0 0 0.969452311955146
0.000494999999999946 0.00612158713649933 2.8833235848945
0.000995000000000111 0.0123050084865014 0.200222212496789
0.00149500000000005 0.0184884298365006 5.19501231631206
0.00199499999999998 0.0246718511864998 4.46933496596527
0.00249499999999992 0.030855272536499 2.8345535558765
0.00299500000000009 0.0370386938865011 4.09059519878013
0.00349500000000002 0.0432221152365003 5.31221871116532
0.00399499999999996 0.0494055365864995 4.53504027704313
0.00449500000000001 0.0555889579365001 5.2571219429707
0.00499500000000006 0.0617723792865007 5.73511563705366
0.00549499999999999 0.0679558006364999 5.60128874198351
0.00599499999999993 0.0741392219864991 5.55635554690965
0.0064950000000001 0.0803226433365012 5.44783878142629
0.00699500000000003 0.0865060646865004 6.43034990267011
0.00749499999999997 0.0926894860364996 5.80873358270924
0.0079949999999999 0.0988729073864988 5.90444295011117
0.00849500000000007 0.105056328736501 6.41377902089853
0.00899500000000001 0.1112397500865 7.08671084892106
0.00949499999999994 0.117423171436499 7.50762856302103
0.00999500000000011 0.123606592786501 6.32061726764358
0.010495 0.129790014136501 7.43065356432092
0.010995 0.1359734354865 7.55378173780889
0.0114949999999999 0.142156856836499 7.61407555713074
0.0119950000000001 0.148340278186501 7.77103838545734
0.012495 0.1545236995365 8.21449462086595
0.012995 0.160707120886499 8.32538787666214
0.013495 0.1668905422365 8.40608402461079
0.0139950000000001 0.173073963586501 8.69655614947613
0.014495 0.1792573849365 8.92002800042165
0.0149949999999999 0.185440806286499 9.19617762192735
0.0154950000000001 0.191624227636501 9.15075513595437
0.015995 0.1978076489865 9.43337223809619
0.016495 0.2039910703365 10.0292248089004
0.0169949999999999 0.210174491686499 9.78142476717543
0.0174950000000001 0.216357913036501 10.5736599257817
0.017995 0.2225413343865 10.5483749377815
0.0184949999999999 0.228724755736499 10.583396635557
0.0189950000000001 0.234908177086501 10.8035976683369
0.019495 0.2410915984365 10.6897362665838
0.019995 0.2472750197865 11.1528227293857
0.0204949999999999 0.253458441136499 11.2638712133926
0.0209950000000001 0.259641862486501 11.6160275250671
0.021495 0.2658252838365 12.0924578090794
0.0219949999999999 0.272008705186499 11.7071910628571
0.0224950000000001 0.278192126536501 11.8651948842849
0.0229950000000001 0.284375547886501 12.3553355922598
0.023495 0.2905589692365 11.9554700800288
0.0239949999999999 0.296742390586499 12.6910019350074
0.0244950000000001 0.302925811936501 12.4227780146025
0.024995 0.3091092332865 12.7253964185065
0.025495 0.315292654636499 12.9416230557546
0.025995 0.3214760759865 13.5516010577739
0.0264950000000001 0.327659497336501 13.1294148315148
0.026995 0.3338429186865 13.5553642923691
0.0274949999999999 0.340026340036499 13.7748045777898
0.0279950000000001 0.346209761386501 14.1325778979022
0.028495 0.3523931827365 14.1453279761104
0.028995 0.3585766040865 14.3084742116087
0.0294949999999999 0.364760025436499 14.253658677857
0.0299950000000001 0.370943446786501 14.7156404440218
0.030495 0.3771268681365 14.6599491489456
0.0309949999999999 0.383310289486499 15.0012803673049
0.0314950000000001 0.389493710836501 15.001196513005
0.031995 0.395677132186501 15.5075637350689
0.032495 0.4018605535365 15.646189294263
0.0329949999999999 0.408043974886499 15.7126589050841
0.0334950000000001 0.414227396236501 15.9534473811785
0.033995 0.4204108175865 16.2586478267222
0.034495 0.426594238936499 16.2681932178711
0.034995 0.4327776602865 16.4061973292501
0.0354949999999999 0.438961081636499 16.5946260728702
0.0359950000000001 0.445144502986501 17.2196160871105
0.036495 0.451327924336501 16.8094528579687
0.036995 0.4575113456865 17.2878799790296
0.0374949999999999 0.463694767036499 17.6126817675421
0.0379950000000001 0.469878188386501 17.6323526626864
0.038495 0.4760616097365 17.9256140339795
0.038995 0.482245031086499 18.1307072280116
0.0394950000000001 0.488428452436501 18.2044709789381
0.0399950000000001 0.494611873786501 18.3492226946629
0.040495 0.5007952951365 18.7881702181396
0.0409949999999999 0.506978716486499 18.8498903089718
0.0414950000000001 0.513162137836501 19.1196195327657
0.041995 0.5193455591865 18.8463129715597
0.042495 0.5255289805365 19.5247376690804
0.0429950000000001 0.531712401886502 19.4873835495773
0.0434950000000001 0.537895823236501 19.5504302662499
0.043995 0.5440792445865 19.4550507862225
0.0444949999999999 0.550262665936499 19.8096595173502
0.0449950000000001 0.556446087286501 20.005677272975
0.045495 0.562629508636501 20.1762248822021
0.045995 0.5688129299865 20.1890207795915
0.0464949999999999 0.574996351336499 20.5282472350995
0.0469950000000001 0.581179772686501 21.0431289486907
0.047495 0.5873631940365 20.8087637557196
0.0479949999999999 0.593546615386499 20.9756917678145
0.0484950000000001 0.599730036736501 21.0387781582448
0.0489950000000001 0.605913458086501 21.4220977270424
0.049495 0.6120968794365 21.5717205833042
0.0499949999999999 0.618280300786499 21.8814806609835
0.0504950000000001 0.624463722136501 21.8153242137628
0.050995 0.6306471434865 22.2818909138939
0.051495 0.636830564836499 22.3999250677005
0.0519949999999999 0.643013986186499 22.5863027888159
0.0524950000000001 0.649197407536501 22.5374376452367
0.052995 0.6553808288865 22.7820837575295
0.0534949999999999 0.661564250236499 22.7510211223745
0.0539950000000001 0.667747671586501 22.969964899629
0.054495 0.6739310929365 23.2483806333264
0.054995 0.6801145142865 23.3511186498851
0.0554949999999999 0.686297935636499 23.6791865339327
0.0559950000000001 0.692481356986501 23.6767693430627
0.056495 0.6986647783365 23.7039216003791
0.0569949999999999 0.704848199686499 23.9467704478347
0.0574950000000001 0.711031621036501 24.3399545447052
0.057995 0.717215042386501 24.3938861431198
0.058495 0.7233984637365 24.3901388303929
0.0589949999999999 0.729581885086499 24.5386939684925
0.0594950000000001 0.735765306436501 24.745941735897
0.059995 0.7419487277865 25.0744233818032
0.060495 0.748132149136499 25.0793239455981
0.0609950000000001 0.754315570486501 25.335213435621
0.0614950000000001 0.760498991836501 25.5317546123406
0.061995 0.7666824131865 25.5589914570824
0.0624949999999999 0.772865834536499 25.8653222084321
0.0629950000000001 0.779049255886501 25.9065558827758
0.063495 0.7852326772365 26.1730015266053
0.063995 0.7914160985865 26.4494911076861
0.0644950000000001 0.797599519936502 26.30459836919
0.0649950000000001 0.803782941286501 26.6628922212448
0.065495 0.8099663626365 26.8201839283804
0.0659949999999999 0.816149783986499 26.7786869020309
0.0664950000000001 0.822333205336501 27.3292381803974
0.066995 0.828516626686501 27.3360493543154
0.067495 0.8347000480365 27.5617713326322
0.0679949999999999 0.840883469386499 27.4106304023997
0.0684950000000001 0.847066890736501 27.862079223084
0.068995 0.8532503120865 27.9180113874052
0.069495 0.859433733436499 28.0573682507645
0.0699949999999999 0.865617154786499 28.033214711815
0.0704950000000001 0.871800576136501 28.5367693711781
0.070995 0.8779839974865 28.421624788233
0.0714949999999999 0.884167418836499 28.8714195745258
0.0719950000000001 0.890350840186501 29.0172184772462
0.072495 0.8965342615365 29.0100792606742
0.072995 0.9027176828865 29.0137891417508
0.0734949999999999 0.908901104236499 29.5808864298347
0.0739950000000001 0.915084525586501 29.5842000612295
0.074495 0.9212679469365 29.3226824605674
0.0749949999999999 0.927451368286499 29.6432690434696
0.0754950000000001 0.933634789636501 30.1219402704766
0.075995 0.9398182109865 30.3006333062436
0.076495 0.9460016323365 30.2754703890267
0.0769949999999999 0.952185053686499 30.3270049290108
0.0774950000000001 0.958368475036501 30.4999457541149
0.077995 0.9645518963865 30.8296394478912
0.078495 0.970735317736499 30.6919290864018
0.0789950000000001 0.976918739086501 30.6812789338055
0.0794950000000001 0.983102160436501 30.7938432076852
0.079995 0.9892855817865 30.9345224216846
0.0804949999999999 0.995469003136499 30.794070464106
0.0809950000000001 1.0016524244865 30.7746990472324
0.081495 1.0078358458365 31.0478600260836
0.081995 1.0140192671865 30.9775047248742
0.0824950000000001 1.0202026885365 31.035958112006
0.0829950000000001 1.0263861098865 31.0213982673073
0.083495 1.0325695312365 31.3224192665968
0.0839949999999999 1.0387529525865 31.1507685261608
0.0844950000000001 1.0449363739365 31.2494303740496
0.084995 1.0511197952865 31.3377631475452
0.085495 1.0573032166365 31.4826716677269
0.0859950000000001 1.0634866379865 31.647425497235
0.0864950000000001 1.0696700593365 32.0006327088602
0.086995 1.0758534806865 32.2644682955451
0.0874949999999999 1.0820369020365 32.2361623514987
0.0879950000000001 1.0882203233865 32.3567152521284
0.088495 1.0944037447365 32.5228943438784
0.088995 1.1005871660865 32.4995024078223
0.0894950000000001 1.1067705874365 32.7121887436191
0.0899950000000001 1.1129540087865 33.0545647029464
0.090495 1.1191374301365 33.3173133243244
0.090995 1.1253208514865 33.3142663216844
0.0914950000000001 1.1315042728365 33.5646208506356
0.0919950000000001 1.1376876941865 33.6295315081932
0.092495 1.1438711155365 33.7935856044616
0.0929949999999999 1.1500545368865 33.979871629357
0.0934950000000001 1.1562379582365 34.0429272407774
0.093995 1.1624213795865 34.0204630913577
0.094495 1.1686048009365 34.3309244109018
0.0949949999999999 1.1747882222865 34.4994883237898
0.0954950000000001 1.1809716436365 34.8490586840754
0.095995 1.1871550649865 34.7342468284096
0.0964949999999999 1.1933384863365 35.1040538746748
0.0969950000000001 1.1995219076865 35.4207833651845
0.097495 1.2057053290365 35.1552804228809
0.097995 1.2118887503865 35.229888719705
0.0984949999999999 1.2180721717365 35.6108679135305
0.0989950000000001 1.2242555930865 35.950683467643
0.099495 1.2304390144365 35.6858790227571
0.099995 1.2366224357865 36.2007337163723
0.100495 1.2428058571365 36.3146448208505
0.100995 1.2489892784865 36.254771362978
0.101495 1.2551726998365 36.5384392854046
0.101995 1.2613561211865 36.7728085546997
0.102495 1.2675395425365 36.8159023998339
0.102995 1.2737229638865 36.9397690234588
0.103495 1.2799063852365 37.1829083500688
0.103995 1.2860898065865 37.1503422725898
0.104495 1.2922732279365 37.2826771375848
0.104995 1.2984566492865 37.5666438575583
0.105495 1.3046400706365 37.8731443284082
0.105995 1.3108234919865 37.5570611606401
0.106495 1.3170069133365 38.0067018223726
0.106995 1.3231903346865 38.2396367596918
0.107495 1.3293737560365 38.159866402346
0.107995 1.3355571773865 38.054147523489
0.108495 1.3417405987365 38.6511485670329
0.108995 1.3479240200865 38.5777858466327
0.109495 1.3541074414365 38.706964958726
0.109995 1.3602908627865 38.8978853084945
0.110495 1.3664742841365 39.1943964829771
0.110995 1.3726577054865 39.0897881588687
0.111495 1.3788411268365 39.3553058630958
0.111995 1.3850245481865 39.2560247074186
0.112495 1.3912079695365 39.5279332876192
0.112995 1.3973913908865 39.6588042203697
0.113495 1.4035748122365 39.7612107846711
0.113995 1.4097582335865 39.8322917425449
0.114495 1.4159416549365 40.0282059084174
0.114995 1.4221250762865 40.1734285282502
0.115495 1.4283084976365 40.3717417180617
0.115995 1.4344919189865 40.3243143476211
0.116495 1.4406753403365 40.6766698851854
0.116995 1.4468587616865 40.6172324384857
0.117495 1.4530421830365 41.0315348688404
0.117995 1.4592256043865 40.9405834394877
0.118495 1.4654090257365 40.8466250679743
0.118995 1.4715924470865 41.2517848392898
0.119495 1.4777758684365 41.3110096857298
0.119995 1.4839592897865 41.278891807249
0.120495 1.4901427111365 41.7176441576163
0.120995 1.4963261324865 41.6334903523699
0.121495 1.5025095538365 42.1044215372847
0.121995 1.5086929751865 41.9991873793693
0.122495 1.5148763965365 42.3749569399609
0.122995 1.5210598178865 41.8680726168037
0.123495 1.5272432392365 42.4232599620026
0.123995 1.5334266605865 42.2669169135442
0.124495 1.5396100819365 42.8010702320705
0.124995 1.5457935032865 42.6090342190027
0.125495 1.5519769246365 42.8294144381346
0.125995 1.5581603459865 42.688258859783
0.126495 1.5643437673365 43.0524144498296
0.126995 1.5705271886865 43.0469992355306
0.127495 1.5767106100365 43.3664469939336
0.127995 1.5828940313865 43.3564363801819
0.128495 1.5890774527365 43.4967481270838
0.128995 1.5952608740865 43.5769488603877
0.129495 1.6014442954365 43.6381415016368
0.129995 1.6076277167865 43.835429127391
0.130495 1.6138111381365 43.7601541470458
0.130995 1.6199945594865 43.9234793766344
0.131495 1.6261779808365 44.1499208907919
0.131995 1.6323614021865 44.4481073297253
0.132495 1.6385448235365 44.2629800404951
0.132995 1.6447282448865 44.7768744134782
0.133495 1.6509116662365 44.560473890872
0.133995 1.6570950875865 44.7425495849329
0.134495 1.6632785089365 44.5664056228569
0.134995 1.6694619302865 45.0579028145496
0.135495 1.6756453516365 44.8789700863432
0.135995 1.6818287729865 45.1138194725077
0.136495 1.6880121943365 45.1577456066648
0.136995 1.6941956156865 45.3559958094997
0.137495 1.7003790370365 45.3393238420588
0.137995 1.7065624583865 45.592237364005
0.138495 1.7127458797365 45.6354718640667
0.138995 1.7189293010865 45.837783476069
0.139495 1.7251127224365 45.7159486463303
0.139995 1.7312961437865 45.8539604202112
0.140495 1.7374795651365 46.0036992940945
0.140995 1.7436629864865 46.2119159500743
0.141495 1.7498464078365 46.1395249034654
0.141995 1.7560298291865 46.5429135252424
0.142495 1.7622132505365 46.2483859593337
0.142995 1.7683966718865 46.7027111726874
0.143495 1.7745800932365 46.6660936886303
0.143995 1.7807635145865 46.8651541197587
0.144495 1.7869469359365 46.9667034007345
0.144995 1.7931303572865 46.8910395881551
0.145495 1.7993137786365 47.1932961152596
0.145995 1.8054971999865 47.1786353810866
0.146495 1.8116806213365 47.1476881658757
0.146995 1.8178640426865 47.2101060134592
0.147495 1.8240474640365 47.6671293266332
0.147995 1.8302308853865 47.3816724420262
0.148495 1.8364143067365 47.6481629095404
0.148995 1.8425977280865 47.5329273462209
0.149495 1.8487811494365 48.0027722954989
0.149995 1.8549645707865 47.9732611997179
0.150495 1.8611479921365 48.0784039672534
0.150995 1.8673314134865 47.9593501113755
0.151495 1.8735148348365 48.214823850214
0.151995 1.8796982561865 48.6250973015648
0.152495 1.8858816775365 48.1788674015762
0.152995 1.8920650988865 48.4292010973091
0.153495 1.8982485202365 48.5100157006921
0.153995 1.9044319415865 48.9270820072411
0.154495 1.9106153629365 48.6359302632533
0.154995 1.9167987842865 48.6807310432902
0.155495 1.9229822056365 48.6513974012466
0.155995 1.9291656269865 49.0259389228631
0.156495 1.9353490483365 49.0352530510625
0.156995 1.9415324696865 49.0719674163093
0.157495 1.9477158910365 49.0872638012235
0.157995 1.9538993123865 49.299466237732
0.158495 1.9600827337365 49.3760222628925
0.158995 1.9662661550865 49.4872266135406
0.159495 1.9724495764365 49.6236349634998
0.159995 1.9786329977865 49.6350290402804
0.160495 1.9848164191365 49.637588061332
0.160995 1.9909998404865 49.7423633351211
0.161495 1.9971832618365 49.8813588533341
0.161995 2.0033666831865 49.954522747001
0.162495 2.0095501045365 50.0574568519298
0.162995 2.0157335258865 50.0186801515578
0.163495 2.0219169472365 50.3980110788864
0.163995 2.0281003685865 50.2032310632956
0.164495 2.0342837899365 50.1980118013839
0.164995 2.0404672112865 50.4300189928483
0.165495 2.0466506326365 50.5360536294584
0.165995 2.0528340539865 50.4511463718208
0.166495 2.0590174753365 50.4167357066578
0.166995 2.0652008966865 50.7483241831473
0.167495 2.0713843180365 50.9223258675458
0.167995 2.0775677393865 50.8924772664792
0.168495 2.0837511607365 50.8191452613423
0.168995 2.0899345820865 51.0302487975126
0.169495 2.0961180034365 51.1373350987055
0.169995 2.1023014247865 51.1616450529124
0.170495 2.1084848461365 51.2112639119002
0.170995 2.1146682674865 51.3493836641766
0.171495 2.1208516888365 51.3877110462389
0.171995 2.1270351101865 51.323427815357
0.172495 2.1332185315365 51.4907479676759
0.172995 2.1394019528865 51.3862350723846
0.173495 2.1455853742365 51.5614352616083
0.173995 2.1517687955865 51.6470285002288
0.174495 2.1579522169365 51.8955324556211
0.174995 2.1641356382865 51.7975151700989
0.175495 2.1703190596365 51.883162733528
0.175995 2.1765024809865 51.9480551987731
0.176495 2.1826859023365 51.9280626986567
0.176995 2.1888693236865 52.2017597437445
0.177495 2.1950527450365 52.3078693050711
0.177995 2.2012361663865 52.3555813657162
0.178495 2.2074195877365 52.285346676236
0.178995 2.2136030090865 52.3558316130657
0.179495 2.2197864304365 52.4183181533616
0.179995 2.2259698517865 52.5854861959825
0.180495 2.2321532731365 52.4704636983555
0.180995 2.2383366944865 52.746551445492
0.181495 2.2445201158365 52.6516340818559
0.181995 2.2507035371865 52.8191384192503
0.182495 2.2568869585365 52.7742753174698
0.182995 2.2630703798865 52.7732415469537
0.183495 2.2692538012365 52.9008205034203
0.183995 2.2754372225865 53.0941984090033
0.184495 2.2816206439365 53.2326358694057
0.184995 2.2878040652865 53.1035352861502
0.185495 2.2939874866365 53.1884186720414
0.185995 2.3001709079865 53.2013902249079
0.186495 2.3063543293365 53.384702707813
0.186995 2.3125377506865 53.3805125781637
0.187495 2.3187211720365 53.3819623299551
0.187995 2.3249045933865 53.5086382337811
0.188495 2.3310880147365 53.628182970777
0.188995 2.3372714360865 53.7107745818648
0.189495 2.3434548574365 53.6312837047413
0.189995 2.3496382787865 53.7245963581014
0.190495 2.3558217001365 53.8095479632727
0.190995 2.3620051214865 54.0848570245136
0.191495 2.3681885428365 53.7778419768802
0.191995 2.3743719641865 53.8875650917137
0.192495 2.3805553855365 53.9685537623058
0.192995 2.3867388068865 54.1083038510421
0.193495 2.3929222282365 54.1471961383341
0.193995 2.3991056495865 54.0839244464634
0.194495 2.4052890709365 54.3161290730261
0.194995 2.4114724922865 54.360502140797
0.195495 2.4176559136365 54.3267179650938
0.195995 2.4238393349865 54.2596841637348
0.196495 2.4300227563365 54.5321564860209
0.196995 2.4362061776865 54.8208951062046
0.197495 2.4423895990365 54.5124871351362
0.197995 2.4485730203865 54.4289424879584
0.198495 2.4547564417365 54.6794774363972
0.198995 2.4609398630865 55.0399613114819
0.199495 2.4671232844365 54.8913474825517
0.199995 2.4733067057865 54.8368064201749
0.200495 2.4794901271365 54.7039970540345
0.200995 2.4856735484865 55.2939825100361
0.201495 2.4918569698365 55.1362509056762
0.201995 2.4980403911865 54.8182584428132
0.202495 2.5042238125365 55.0711753362634
0.202995 2.5104072338865 55.2963617902128
0.203495 2.5165906552365 55.3133054904975
0.203995 2.5227740765865 55.1529103942273
0.204495 2.5289574979365 55.3072709088788
0.204995 2.5351409192865 55.2065065989437
0.205495 2.5413243406365 55.617660008914
0.205995 2.5475077619865 55.4206000676547
0.206495 2.5536911833365 55.4139376566599
0.206995 2.5598746046865 55.6193316852358
0.207495 2.5660580260365 55.6923846462726
0.207995 2.5722414473865 55.6935959182588
0.208495 2.5784248687365 55.7125377483232
0.208995 2.5846082900865 55.7794224160196
0.209495 2.5907917114365 55.9316270896825
0.209995 2.5969751327865 55.9114989675915
0.210495 2.6031585541365 55.835868874097
0.210995 2.6093419754865 55.8550521576155
0.211495 2.6155253968365 56.0563611224195
0.211995 2.6217088181865 55.9389904508863
0.212495 2.6278922395365 56.0813847742317
0.212995 2.6340756608865 56.0605291133345
0.213495 2.6402590822365 56.3011063650463
0.213995 2.6464425035865 56.1780966176462
0.214495 2.6526259249365 56.3339077829246
0.214995 2.6588093462865 56.3016195732782
0.215495 2.6649927676365 56.3737670586918
0.215995 2.6711761889865 56.476086942672
0.216495 2.6773596103365 56.468057286037
0.216995 2.6835430316865 56.5435636956494
0.217495 2.6897264530365 56.3406832703566
0.217995 2.6959098743865 56.5604358580193
0.218495 2.7020932957365 56.6258019941758
0.218995 2.7082767170865 56.8376413093913
0.219495 2.7144601384365 56.6363293282363
0.219995 2.7206435597865 56.727795766499
0.220495 2.7268269811365 56.7260694354742
0.220995 2.7330104024865 57.0089490479152
0.221495 2.7391938238365 56.9493393797326
0.221995 2.7453772451865 56.8988527317688
0.222495 2.7515606665365 57.133641779884
0.222995 2.7577440878865 57.0203114156517
0.223495 2.7639275092365 57.2690231862386
0.223995 2.7701109305865 56.9893415119605
0.224495 2.7762943519365 57.2360866957019
0.224995 2.7824777732865 57.2475044418353
0.225495 2.7886611946365 57.3752938151292
0.225995 2.7948446159865 57.3736707208903
0.226495 2.8010280373365 57.3713282090534
0.226995 2.8072114586865 57.533578472521
0.227495 2.8133948800365 57.3561905303873
0.227995 2.8195783013865 57.5155895913557
0.228495 2.8257617227365 57.6360068280511
0.228995 2.8319451440865 57.6595234362226
0.229495 2.8381285654365 57.5054430103965
0.229995 2.8443119867865 57.7028137446042
0.230495 2.8504954081365 57.8429999346986
0.230995 2.8566788294865 57.75895126112
0.231495 2.8628622508365 57.92016473954
0.231995 2.8690456721865 57.7965622908395
0.232495 2.8752290935365 57.8470776672911
0.232995 2.8814125148865 58.0825378764189
0.233495 2.8875959362365 58.1253610841067
0.233995 2.8937793575865 57.9260896672772
0.234495 2.8999627789365 58.0952307299547
0.234995 2.9061462002865 58.0008112598071
0.235495 2.9123296216365 58.200872568387
0.235995 2.9185130429865 58.409122383642
0.236495 2.9246964643365 58.2584978970645
0.236995 2.9308798856865 58.0485636771579
0.237495 2.9370633070365 58.269047719586
0.237995 2.9432467283865 58.4509926804798
0.238495 2.9494301497365 58.4432756779672
0.238995 2.9556135710865 58.6298232605252
0.239495 2.9617969924365 58.5166336863349
0.239995 2.9679804137865 58.6613287259732
0.240495 2.9741638351365 58.5727737166461
0.240995 2.9803472564865 58.6144559549663
0.241495 2.9865306778365 58.7535765137681
0.241995 2.9927140991865 58.9125514768094
0.242495 2.9988975205365 58.8962477053366
0.242995 3.0050809418865 58.7536473265578
0.243495 3.0112643632365 58.7552457681897
0.243995 3.0174477845865 59.0452791318695
0.244495 3.0236312059365 59.0616810032729
0.244995 3.0298146272865 58.9589886368304
0.245495 3.0359980486365 58.9248361172507
0.245995 3.0421814699865 58.9891899527757
0.246495 3.0483648913365 59.4007619456076
0.246995 3.0545483126865 59.2114213710564
0.247495 3.0607317340365 59.1857490807243
0.247995 3.0669151553865 59.3978031343632
0.248495 3.0730985767365 59.6731669134278
0.248995 3.0792819980865 59.6592390737664
0.249495 3.0854654194365 59.475193097395
0.249995 3.0916488407865 59.6213940624556
0.250495 3.0978322621365 59.4494681007908
0.250995 3.1040156834865 59.3887302954849
0.251495 3.1101991048365 59.4901212935284
0.251995 3.1163825261865 59.5863311997939
0.252495 3.1225659475365 59.9040878387863
0.252995 3.1287493688865 59.9514191236053
0.253495 3.1349327902365 59.9398436613786
0.253995 3.1411162115865 59.7389476053798
0.254495 3.1472996329365 59.9573524616471
0.254995 3.1534830542865 60.0451033226327
0.255495 3.1596664756365 60.2561622341569
0.255995 3.1658498969865 60.228511532878
0.256495 3.1720333183365 59.943553948732
0.256995 3.1782167396865 60.0946083410396
0.257495 3.1844001610365 60.1072319753523
0.257995 3.1905835823865 60.1664992501107
0.258495 3.1967670037365 60.4019529307822
0.258995 3.2029504250865 60.7521820302236
0.259495 3.2091338464365 60.3499557090843
0.259995 3.2153172677865 60.0213923988761
0.260495 3.2215006891365 60.1195440435994
0.260995 3.2276841104865 60.3416135871602
0.261495 3.2338675318365 60.6092757705705
0.261995 3.2400509531865 60.4416439008523
0.262495 3.2462343745365 60.510005672218
0.262995 3.2524177958865 60.8163842892734
0.263495 3.2586012172365 60.7965769196774
0.263995 3.2647846385865 60.893607261418
0.264495 3.2709680599365 60.7499510059529
0.264995 3.2771514812865 60.8712675186032
0.265495 3.2833349026365 61.116431438464
0.265995 3.2895183239865 61.0106690167826
0.266495 3.2957017453365 61.1848948622778
0.266995 3.3018851666865 61.0423937344546
0.267495 3.3080685880365 61.3187606626667
0.267995 3.3142520093865 61.0792102910642
0.268495 3.3204354307365 61.3905680441079
0.268995 3.3266188520865 61.6876746205955
0.269495 3.3328022734365 61.2826648615909
0.269995 3.3389856947865 61.306608269799
0.270495 3.3451691161365 61.6669023064158
0.270995 3.3513525374865 61.8721327901164
0.271495 3.3575359588365 61.8079854396016
0.271995 3.3637193801865 61.9035820450905
0.272495 3.3699028015365 61.6141616385644
0.272995 3.3760862228865 61.8769936421515
0.273495 3.3822696442365 62.0672145087204
0.273995 3.3884530655865 62.1998625983919
0.274495 3.3946364869365 61.8366416597069
0.274995 3.4008199082865 62.4177045181971
0.275495 3.4070033296365 62.1760287067776
0.275995 3.4131867509865 62.2531972966597
0.276495 3.4193701723365 62.1960664064892
0.276995 3.4255535936865 62.2875766766889
0.277495 3.4317370150365 62.453033813349
0.277995 3.4379204363865 62.406464118806
0.278495 3.4441038577365 62.4391444055574
0.278995 3.4502872790865 62.8758078511714
0.279495 3.4564707004365 62.8397913716953
0.279995 3.4626541217865 62.7774166420236
0.280495 3.4688375431365 63.2023995096859
0.280995 3.4750209644865 63.2435718562206
0.281495 3.4812043858365 62.9832672794789
0.281995 3.4873878071865 63.1396538091099
0.282495 3.4935712285365 63.1507341206983
0.282995 3.4997546498865 63.145064166151
0.283495 3.5059380712365 63.0772961562965
0.283995 3.5121214925865 63.5972231112901
0.284495 3.5183049139365 63.6662891988327
0.284995 3.5244883352865 63.6141989100965
0.285495 3.5306717566365 63.5500203460185
0.285995 3.5368551779865 63.7210362338305
0.286495 3.5430385993365 64.0992846065656
0.286995 3.5492220206865 63.917713923923
0.287495 3.5554054420365 63.8344607112997
0.287995 3.5615888633865 63.7582946821981
0.288495 3.5677722847365 64.0908345501432
0.288995 3.5739557060865 64.1189685260179
0.289495 3.5801391274365 64.2652472346948
0.289995 3.5863225487865 64.3354782917523
0.290495 3.5925059701365 64.6609428772418
0.290995 3.5986893914865 64.398081997375
0.291495 3.6048728128365 64.8481411752293
0.291995 3.6110562341865 65.0553413395961
0.292495 3.6172396555365 64.8208803775611
0.292995 3.6234230768865 64.9676183229831
0.293495 3.6296064982365 65.1864248296011
0.293995 3.6357899195865 65.2581786962086
0.294495 3.6419733409365 65.5087480482838
0.294995 3.6481567622865 65.8965017149196
0.295495 3.6543401836365 65.2892304720117
0.295995 3.6605236049865 65.7500104523093
0.296495 3.6667070263365 66.1281882998195
0.296995 3.6728904476865 65.921665009696
0.297495 3.6790738690365 65.9867602918043
0.297995 3.6852572903865 66.109681731618
0.298495 3.6914407117365 66.1985117309221
0.298995 3.6976241330865 66.5453735723666
0.299495 3.7038075544365 66.3220464001254
0.299995 3.7099909757865 66.1968435461805
0.300495 3.7161743971365 67.2799315166719
0.300995 3.7223578184865 66.8258168937815
0.301495 3.7285412398365 66.9426949385227
0.301995 3.7347246611865 67.0900165371459
0.302495 3.7409080825365 67.4565143774549
0.302995 3.7470915038865 67.0918511734855
0.303495 3.7532749252365 67.5802263321946
0.303995 3.7594583465865 67.3643967030479
0.304495 3.7656417679365 67.9756410253912
0.304995 3.7718251892865 67.9569282104424
0.305495 3.7780086106365 68.3213526586614
0.305995 3.7841920319865 68.5131137604697
0.306495 3.7903754533365 68.0488805924761
0.306995 3.7965588746865 68.4401643687088
0.307495 3.8027422960365 68.5491442076151
0.307995 3.8089257173865 68.7799125297873
0.308495 3.8151091387365 69.0077310276473
0.308995 3.8212925600865 68.9945001443082
0.309495 3.8274759814365 69.7428289583089
0.309995 3.8336594027865 69.4056805406271
0.310495 3.8398428241365 69.3084877679572
0.310995 3.8460262454865 69.504934884703
0.311495 3.8522096668365 69.9025805566145
0.311995 3.8583930881865 70.466266765129
0.312495 3.8645765095365 70.3585453028865
0.312995 3.8707599308865 70.1100805796203
0.313495 3.8769433522365 71.0808504195838
0.313995 3.8831267735865 70.6287045890175
0.314495 3.8893101949365 71.3688345057535
0.314995 3.8954936162865 71.1576198852617
0.315495 3.9016770376365 71.4527521630258
0.315995 3.9078604589865 71.4523508572048
0.316495 3.9140438803365 71.4677953243724
0.316995 3.9202273016865 71.782248369958
0.317495 3.9264107230365 72.2098178727595
0.317995 3.9325941443865 72.2739309566444
0.318495 3.9387775657365 72.6572920145353
0.318995 3.9449609870865 72.7742831698137
0.319495 3.9511444084365 72.6381092715254
0.319995 3.9573278297865 73.0688319493055
0.320495 3.9635112511365 72.8238580678998
0.320995 3.9696946724865 73.3650153736757
0.321495 3.9758780938365 74.0639588720977
0.321995 3.9820615151865 74.2458578743407
0.322495 3.9882449365365 74.1645119816428
0.322995 3.9944283578865 74.1338599735734
0.323495 4.0006117792365 74.5686971108625
0.323995 4.0067952005865 74.6923565171519
0.324495 4.0129786219365 74.9234212521489
0.324995 4.0191620432865 74.9646008232214
0.325495 4.0253454646365 74.9119441037616
0.325995 4.0315288859865 75.5339394519046
0.326495 4.0377123073365 76.0941135701248
0.326995 4.0438957286865 76.3772837305614
0.327495 4.0500791500365 76.3670130305106
0.327995 4.0562625713865 76.2804783642229
0.328495 4.0624459927365 76.8118039759608
0.328995 4.0686294140865 77.1037555883004
0.329495 4.0748128354365 76.8019338306086
0.329995 4.0809962567865 77.1931979981539
0.330495 4.0871796781365 77.7093815881811
0.330995 4.0933630994865 78.0220991081968
0.331495 4.0995465208365 77.8528659567736
0.331995 4.1057299421865 78.4499803138808
0.332495 4.1119133635365 78.6938054216453
0.332995 4.1180967848865 78.6776866753822
0.333495 4.1242802062365 79.0299393623954
0.333995 4.1304636275865 79.1438417969885
0.334495 4.1366470489365 79.9196536049818
0.334995 4.1428304702865 79.4693622555032
0.335495 4.1490138916365 80.6433227837002
0.335995 4.1551973129865 79.8957198912142
0.336495 4.1613807343365 80.6078362116449
0.336995 4.1675641556865 80.8856515703046
0.337495 4.1737475770365 81.5309895433952
0.337995 4.1799309983865 80.9979490773758
0.338495 4.1861144197365 82.3811614118375
0.338995 4.1922978410865 82.4054303910191
0.339495 4.1984812624365 82.2666509106996
0.339995 4.2046646837865 82.6449248342212
0.340495 4.2108481051365 82.6574178178285
0.340995 4.2170315264865 83.1931864293848
0.341495 4.2232149478365 83.6746164143116
0.341995 4.2293983691865 83.4802322130932
0.342495 4.2355817905365 84.0251644646088
0.342995 4.2417652118865 84.0147820067919
0.343495 4.2479486332365 84.8979943293369
0.343995 4.2541320545865 84.7793974140823
0.344495 4.2603154759365 85.3151856819516
0.344995 4.2664988972865 85.6650133507408
0.345495 4.2726823186365 85.683127567809
0.345995 4.2788657399865 86.1399132518703
0.346495 4.2850491613365 86.5719399868949
0.346995 4.2912325826865 86.3670422901394
0.347495 4.2974160040365 86.9792581836703
0.347995 4.3035994253865 87.183547948756
0.348495 4.3097828467365 88.2359903849093
0.348995 4.3159662680865 87.7409167748264
0.349495 4.3221496894365 88.0015828240044
0.349995 4.3283331107865 88.9195798563051
0.350495 4.3345165321365 88.7701686673203
0.350995 4.3406999534865 89.0397837814166
0.351495 4.3468833748365 89.0083677390489
0.351995 4.3530667961865 90.3838984227677
0.352495 4.3592502175365 90.2412641203678
0.352995 4.3654336388865 89.737525573406
0.353495 4.3716170602365 91.0523938804303
0.353995 4.3778004815865 91.1591682588243
0.354495 4.3839839029365 91.1183529311474
0.354995 4.3901673242865 91.7852405056653
0.355495 4.3963507456365 91.8125588207754
0.355995 4.4025341669865 92.4683248753075
0.356495 4.4087175883365 92.8130938771177
0.356995 4.4149010096865 93.1196736492844
0.357495 4.4210844310365 93.561947807795
0.357995 4.4272678523865 93.3132426748918
0.358495 4.4334512737365 94.2548537257356
0.358995 4.4396346950865 94.1802428354654
0.359495 4.4458181164365 94.7047747906662
0.359995 4.4520015377865 94.8078956222699
0.360495 4.4581849591365 95.0938089900906
0.360995 4.4643683804865 95.9245209044615
0.361495 4.4705518018365 96.2146456196738
0.361995 4.4767352231865 96.6205857576683
0.362495 4.4829186445365 96.5257935124386
0.362995 4.4891020658865 97.2770205634689
0.363495 4.4952854872365 97.6370137578779
0.363995 4.5014689085865 97.7619928292413
0.364495 4.5076523299365 97.8710509746035
0.364995 4.5138357512865 98.8902831465038
0.365495 4.5200191726365 99.3003954558646
0.365995 4.5262025939865 98.6533336155767
0.366495 4.5323860153365 99.1432034910706
0.366995 4.5385694366865 99.9344393358969
0.367495 4.5447528580365 99.9784466965874
0.367995 4.5509362793865 100.838022567469
0.368495 4.5571197007365 101.644711722565
0.368995 4.5633031220865 101.340714685269
0.369495 4.5694865434365 102.020613250395
0.369995 4.5756699647865 102.408614991526
0.370495 4.5818533861365 102.980332895833
0.370995 4.5880368074865 102.998543574271
0.371495 4.5942202288365 102.866191831351
0.371995 4.6004036501865 104.097467947977
0.372495 4.6065870715365 104.565726509596
0.372995 4.6127704928865 105.392339724212
0.373495 4.6189539142365 105.472894571907
0.373995 4.6251373355865 105.486970186588
0.374495 4.6313207569365 106.891000292815
0.374995 4.6375041782865 106.210111790429
0.375495 4.6436875996365 106.661403325342
0.375995 4.6498710209865 107.301864055406
0.376495 4.6560544423365 108.271854974279
0.376995 4.6622378636865 108.418602248421
0.377495 4.6684212850365 109.011394738408
0.377995 4.6746047063865 109.441823969567
0.378495 4.6807881277365 109.569898776591
0.378995 4.6869715490865 109.51062180217
0.379495 4.6931549704365 110.009361721269
0.379995 4.6993383917865 110.84017436804
0.380495 4.7055218131365 111.394179981771
0.380995 4.7117052344865 111.603452841666
0.381495 4.7178886558365 111.62051349132
0.381995 4.7240720771865 112.576162835363
0.382495 4.7302554985365 113.292026091719
0.382995 4.7364389198865 114.081539686883
0.383495 4.7426223412365 114.45567382107
0.383995 4.7488057625865 115.171726971154
0.384495 4.7549891839365 115.536514582116
0.384995 4.7611726052865 115.9448049526
0.385495 4.7673560266365 111.517589811714
0.385995 4.7735394479865 92.6804809602305
0.386495 4.7797228693365 64.6001354446609
0.386995 4.7859062906865 44.8889149240199
0.387495 4.7920897120365 31.4542763089825
0.387995 4.7982731333865 26.2413878986737
0.388495 4.8044565547365 21.3359724793222
0.388995 4.8106399760865 15.5753628992911
0.389495 4.8168233974365 10.7182846961587
0.389995 4.8230068187865 6.05825298739785
0.390495 4.8291902401365 4.18457791235637
0.390995 4.8353736614865 2.78614490236094
0.391495 4.8415570828365 2.46982361918226
0.391995 4.8477405041865 1.56868803934008
0.392495 4.8539239255365 1.32591231373699
0.392995 4.8601073468865 0.336494486004887
0.393495 4.8662907682365 -0.34699915695709
0.393995 4.8724741895865 -1.30240782700574
0.394495 4.8786576109365 -1.28973552267795
0.394995 4.8848410322865 -0.665857760019745
0.395495 4.8910244536365 0.220382484120163
0.395995 4.8972078749865 1.28271783806731
0.396495 4.9033912963365 1.72033275139649
0.396995 4.9095747176865 2.20278539340056
0.397495 4.9157581390365 2.0306934974122
0.397995 4.9219415603865 2.08236508397604
0.398495 4.9281249817365 2.2415348143918
0.398995 4.9343084030865 1.94351961261606
0.399495 4.9404918244365 1.5037269530325
0.399995 4.9466752457865 1.90361519850985
0.400495 4.9528586671365 1.35771128301924
0.400995 4.9590420884865 1.2824788466899
0.401495 4.9652255098365 1.26088616973166
0.401995 4.9714089311865 1.31639276639461
0.402495 4.9775923525365 1.40043385034779
0.402995 4.9837757738865 1.80839591898981
0.403495 4.9899591952365 1.94442636840906
0.403995 4.9961426165865 2.25749386851189
0.404495 5.0023260379365 2.03065702919232
0.404995 5.0085094592865 2.33872074938071
0.405495 5.0146928806365 2.20897165832115
0.405995 5.0208763019865 1.79937514871374
0.406495 5.0270597233365 1.57752977522988
0.406995 5.0332431446865 1.30684164303375
0.407495 5.0394265660365 0.844265086432619
0.407995 5.0456099873865 0.859140830570174
0.408495 5.0517934087365 1.29008115937139
0.408995 5.0579768300865 0.957477111082654
0.409495 5.0641602514365 1.41351977490641
0.409995 5.0703436727865 1.80299903108193
0.410495 5.0765270941365 1.80791126626959
0.410995 5.0827105154865 1.61646031620554
0.411495 5.0888939368365 1.65609362510015
0.411995 5.0950773581865 1.4762230704472
0.412495 5.1012607795365 1.62380023184341
0.412995 5.1074442008865 1.57315317801968
0.413495 5.1136276222365 1.92778985237826
0.413995 5.1198110435865 1.78589188661498
0.414495 5.1259944649365 2.07057715340846
0.414995 5.1321778862865 1.97609679360712
0.415495 5.1383613076365 1.81592139641773
0.415995 5.1445447289865 1.42642290020944
0.416495 5.1507281503365 1.30252385982141
0.416995 5.1569115716865 1.29413452305472
0.417495 5.1630949930365 1.68384417658238
0.417995 5.1692784143865 1.87470958526257
0.418495 5.1754618357365 2.0880993618606
0.418995 5.1816452570865 1.75175070050088
0.419495 5.1878286784365 1.5713635665997
0.419995 5.1940120997865 2.01418658173532
0.420495 5.2001955211365 1.80734926923419
0.420995 5.2063789424865 2.00766206520582
0.421495 5.2125623638365 1.99039181761398
0.421995 5.2187457851865 1.61206488815195
0.422495 5.2249292065365 1.50906918650932
0.422995 5.2311126278865 1.52364791032708
0.423495 5.2372960492365 1.84197766684467
0.423995 5.2434794705865 1.87385411121654
0.424495 5.2496628919365 1.94417787376668
0.424995 5.2558463132865 2.3779904104238
0.425495 5.2620297346365 2.24365047606574
0.425995 5.2682131559865 2.34322819723641
0.426495 5.2743965773365 2.44914495819572
0.426995 5.2805799986865 2.14585985846214
0.427495 5.2867634200365 2.03076141174358
0.427995 5.2929468413865 1.48587613860757
0.428495 5.2991302627365 1.41822527269708
0.428995 5.3053136840865 1.25825856187115
0.429495 5.3114971054365 1.75329507596777
0.429995 5.3176805267865 1.81018090254931
0.430495 5.3238639481365 2.44207459181277
0.430995 5.3300473694865 2.26670511825594
0.431495 5.3362307908365 2.14022249185283
0.431995 5.3424142121865 2.03094127698232
0.432495 5.3485976335365 1.919623882051
0.432995 5.3547810548865 1.73395416820359
0.433495 5.3609644762365 1.84744657805243
0.433995 5.3671478975865 1.84612945857271
0.434495 5.3733313189365 1.72734927686144
0.434995 5.3795147402865 1.81580380095222
0.435495 5.3856981616365 1.35123066815285
0.435995 5.3918815829865 1.56729777680314
0.436495 5.3980650043365 1.69102073218901
0.436995 5.4042484256865 1.80418092891716
0.437495 5.4104318470365 1.85027221495521
0.437995 5.4166152683865 2.12082496899311
0.438495 5.4227986897365 2.19288552137754
0.438995 5.4289821110865 2.28329109438119
0.439495 5.4351655324365 1.8996052435692
0.439995 5.4413489537865 1.81922832315835
0.440495 5.4475323751365 2.10262492318627
0.440995 5.4537157964865 1.61841430906042
0.441495 5.4598992178365 2.0976121552492
0.441995 5.4660826391865 1.66271451941042
0.442495 5.4722660605365 1.96483345485847
0.442995 5.4784494818865 1.83680223893266
0.443495 5.4846329032365 2.0709568892507
0.443995 5.4908163245865 1.88681416899505
0.444495 5.4969997459365 2.21058619176523
0.444995 5.5031831672865 2.09522600280684
0.445495 5.5093665886365 2.42994210360955
0.445995 5.5155500099865 2.18760324560043
0.446495 5.5217334313365 1.86087185066149
0.446995 5.5279168526865 1.85773591451565
0.447495 5.5341002740365 1.72266911518185
0.447995 5.5402836953865 1.8895082040617
0.448495 5.5464671167365 2.17652592001992
0.448995 5.5526505380865 2.48434953475182
0.449495 5.5588339594365 2.36922478440337
0.449995 5.5650173807865 2.19669170820054
0.450495 5.5712008021365 1.91107368427416
0.450995 5.5773842234865 1.88164049293275
0.451495 5.5835676448365 1.86801840467101
0.451995 5.5897510661865 2.149759009015
0.452495 5.5959344875365 2.2136217208881
0.452995 5.6021179088865 2.18128816892442
0.453495 5.6083013302365 2.22787598867524
0.453995 5.6144847515865 2.35413114685129
0.454495 5.6206681729365 2.19853758063452
0.454995 5.6268515942865 2.30006643775379
0.455495 5.6330350156365 2.13576042789942
0.455995 5.6392184369865 2.40424716198551
0.456495 5.6454018583365 2.24302283891636
0.456995 5.6515852796865 2.28472035292017
0.457495 5.6577687010365 2.85586064215147
0.457995 5.6639521223865 2.44803109314371
0.458495 5.6701355437365 2.55165943988872
0.458995 5.6763189650865 2.30899433835392
0.459495 5.6825023864365 2.22578261818943
0.459995 5.6886858077865 1.99249457987529
0.460495 5.6948692291365 2.11468337382504
0.460995 5.7010526504865 2.01111060307637
0.461495 5.7072360718365 2.41820102519972
0.461995 5.7134194931865 2.4154316414162
0.462495 5.7196029145365 2.29702486332368
0.462995 5.7257863358865 2.06354743417244
0.463495 5.7319697572365 2.3355269868408
0.463995 5.7381531785865 2.04879105239332
0.464495 5.7443365999365 2.05948270108359
0.464995 5.7505200212865 2.06383841523377
0.465495 5.7567034426365 2.19209038874288
0.465995 5.7628868639865 2.48017727402044
0.466495 5.7690702853365 2.32170668166137
0.466995 5.7752537066865 2.71623719968869
0.467495 5.7814371280365 2.68728394675578
0.467995 5.7876205493865 2.30208729377937
0.468495 5.7938039707365 2.52680400268203
0.468995 5.7999873920865 2.48109958650096
0.469495 5.8061708134365 2.1478052302485
0.469995 5.8123542347865 2.25006751135185
0.470495 5.8185376561365 2.41740749575347
0.470995 5.8247210774865 2.50088125195991
0.471495 5.8309044988365 2.2412015509451
0.471995 5.8370879201865 2.4113089276055
0.472495 5.8432713415365 2.16459008752006
0.472995 5.8494547628865 2.10197850419496
0.473495 5.8556381842365 2.36773817770859
0.473995 5.8618216055865 2.43817766681296
0.474495 5.8680050269365 2.63347095555921
0.474995 5.8741884482865 2.46954262517121
0.475495 5.8803718696365 2.71641884787753
0.475995 5.8865552909865 2.70837773075064
0.476495 5.8927387123365 2.65137497990535
0.476995 5.8989221336865 2.57382409878281
0.477495 5.9051055550365 2.62504862500357
0.477995 5.9112889763865 2.39778614969062
0.478495 5.9174723977365 2.58228582357793
0.478995 5.9236558190865 2.54857418036206
0.479495 5.9298392404365 2.75285730360838
0.479995 5.9360226617865 2.54723458135422
0.480495 5.9422060831365 2.57822113897545
0.480995 5.9483895044865 2.32257886811732
0.481495 5.9545729258365 2.41251185167665
0.481995 5.9607563471865 2.51802066066112
0.482495 5.9669397685365 2.60700658368842
0.482995 5.9731231898865 2.5940453998118
0.483495 5.9793066112365 2.84998525051512
0.483995 5.9854900325865 2.80137691486629
0.484495 5.9916734539365 2.52981286395634
0.484995 5.9978568752865 2.76081338810563
0.485495 6.0040402966365 2.80505265166535
0.485995 6.0102237179865 2.79922196427865
0.486495 6.0164071393365 2.53382777755925
0.486995 6.0225905606865 2.82462504231686
0.487495 6.0287739820365 2.56628534864281
0.487995 6.0349574033865 2.47975222739868
0.488495 6.0411408247365 2.68026922843909
0.488995 6.0473242460865 2.86091860612332
0.489495 6.0535076674365 2.8305538002581
0.489995 6.0596910887865 2.76503002351106
0.490495 6.0658745101365 3.22040858763156
0.490995 6.0720579314865 2.89840924758465
0.491495 6.0782413528365 3.23196604062512
0.491995 6.0844247741865 3.27100597643626
0.492495 6.0906081955365 3.17594279029782
0.492995 6.0967916168865 2.73173979199256
0.493495 6.1029750382365 2.99166793534904
0.493995 6.1091584595865 2.8918706017484
0.494495 6.1153418809365 2.74949311423403
0.494995 6.1215253022865 2.42002160353698
0.495495 6.1277087236365 2.53683965974521
0.495995 6.1338921449865 2.58667652779488
0.496495 6.1400755663365 2.58979751797848
0.496995 6.1462589876865 2.39060291515794
0.497495 6.1524424090365 1.79504657765538
0.497995 6.1586258303865 2.00835033128498
0.498495 6.1648092517365 2.12925037777072
0.498995 6.1709926730865 2.23445546458425
0.499495 6.1771760944365 2.65224767121882
0.499995 6.1833595157865 2.73533035725165
