# Fix print output for fix Step
0 0 0.639578679686602
0.000494999999999946 0.0306079356824966 0.88861692089871
0.000995000000000065 0.061525042432504 1.07290825428247
0.001495 0.0924421491825001 1.53669545497111
0.00199499999999994 0.123359255932496 1.65600888321657
0.00249500000000006 0.154276362682504 1.7227048968611
0.00299500000000018 0.185193469432511 2.30499576058273
0.00349499999999993 0.216110576182496 2.34260448262237
0.00399500000000005 0.247027682932503 2.40356674192535
0.00449500000000017 0.27794478968251 3.02488831554388
0.00499499999999992 0.308861896432495 3.07563454967115
0.00549500000000004 0.339779003182502 3.1331368133634
0.00599500000000016 0.37069610993251 3.72783784357541
0.00649499999999991 0.401613216682495 3.75821961678203
0.00699500000000003 0.432530323432502 3.89148886653893
0.00749500000000015 0.463447430182509 4.40551165854666
0.00799500000000009 0.494364536932505 4.42278230572348
0.00849500000000002 0.525281643682501 4.58942923481592
0.00899500000000014 0.556198750432509 5.07805731640899
0.00949500000000008 0.587115857182505 5.1640912378037
0.00999500000000002 0.618032963932501 5.30999898440555
0.0104950000000001 0.648950070682508 5.72112965351704
0.0109950000000001 0.679867177432504 5.82578664064882
0.011495 0.7107842841825 6.0544015344074
0.0119950000000001 0.741701390932508 6.39417394306637
0.0124950000000001 0.772618497682504 6.51411097239078
0.012995 0.8035356044325 6.66328781662581
0.0134950000000001 0.834452711182507 7.03779449099257
0.0139950000000001 0.865369817932503 7.23919578093693
0.014495 0.896286924682499 7.4205735593422
0.0149950000000001 0.927204031432507 7.63658059018623
0.015495 0.958121138182503 7.87442267009128
0.015995 0.989038244932499 8.14231718106398
0.0164950000000001 1.01995535168251 8.30683746873481
0.016995 1.0508724584325 8.47832367655187
0.017495 1.0817895651825 8.76203979780411
0.0179950000000001 1.11270667193251 8.99210884487819
0.018495 1.1436237786825 9.13129840022711
0.018995 1.1745408854325 9.42982709905011
0.0194950000000001 1.20545799218251 9.65543100787948
0.019995 1.2363750989325 9.80385562939036
0.020495 1.2672922056825 10.0317231583506
0.0209950000000001 1.2982093124325 10.2872430019387
0.021495 1.3291264191825 10.4012538603554
0.0219949999999999 1.3600435259325 10.6399129865467
0.0224950000000001 1.3909606326825 10.8961699003807
0.022995 1.4218777394325 11.0780243558589
0.0234949999999999 1.4527948461825 11.3150257472414
0.0239950000000001 1.4837119529325 11.5617929920409
0.0244950000000002 1.51462905968251 11.6758288012927
0.0249949999999999 1.5455461664325 11.8526089791517
0.0254950000000001 1.5764632731825 12.1435887735821
0.0259950000000002 1.60738037993251 12.3032953786759
0.0264949999999999 1.6382974866825 12.4743064329359
0.026995 1.6692145934325 12.7742561022451
0.0274950000000002 1.70013170018251 12.9676462549199
0.0279949999999999 1.73104880693249 13.0789380454382
0.028495 1.7619659136825 13.3212136306773
0.0289950000000002 1.79288302043251 13.5491165274714
0.0294950000000001 1.82380012718251 13.7065173078509
0.029995 1.8547172339325 13.960657531233
0.0304950000000001 1.88563434068251 14.1946462663834
0.0309950000000001 1.9165514474325 14.3357966807062
0.031495 1.9474685541825 14.5629773413632
0.0319950000000001 1.97838566093251 14.8144707595845
0.0324950000000001 2.0093027676825 14.924820480207
0.032995 2.0402198744325 15.0712700954006
0.0334950000000001 2.07113698118251 15.3120982166593
0.0339950000000001 2.1020540879325 15.4809402616042
0.034495 2.1329711946825 15.7229329678204
0.0349950000000001 2.16388830143251 16.0033812821084
0.0354950000000001 2.1948054081825 16.1616028288297
0.035995 2.2257225149325 16.3060751205374
0.0364950000000001 2.25663962168251 16.505843819546
0.036995 2.2875567284325 16.6750844609129
0.037495 2.3184738351825 16.8153739164292
0.0379950000000001 2.34939094193251 17.0432608754654
0.038495 2.3803080486825 17.2405938007319
0.038995 2.4112251554325 17.3988114626351
0.0394950000000001 2.44214226218251 17.6203903655062
0.039995 2.4730593689325 17.8371287736828
0.040495 2.5039764756825 17.9968870857879
0.0409950000000001 2.53489358243251 18.208591673232
0.041495 2.5658106891825 18.4176783277793
0.041995 2.5967277959325 18.546364230575
0.0424950000000001 2.6276449026825 18.7937126714874
0.042995 2.6585620094325 18.9599783543535
0.043495 2.6894791161825 19.1417305620711
0.0439950000000001 2.7203962229325 19.3361862835415
0.044495 2.7513133296825 19.4920846990067
0.0449949999999999 2.7822304364325 19.6648033971772
0.0454950000000001 2.8131475431825 19.9207505698525
0.045995 2.8440646499325 20.0762056388185
0.0464949999999999 2.8749817566825 20.2850964009782
0.0469950000000001 2.9058988634325 20.4925239047484
0.0474950000000002 2.93681597018251 20.6319638468605
0.0479949999999999 2.9677330769325 20.830107702414
0.048495 2.9986501836825 21.0730447451454
0.0489950000000002 3.02956729043251 21.1654376097934
0.0494949999999999 3.06048439718249 21.3511279936955
0.049995 3.0914015039325 21.5741671302752
0.0504950000000002 3.12231861068251 21.735098145586
0.0509950000000001 3.15323571743251 21.9020067711552
0.051495 3.1841528241825 22.0988639233471
0.0519950000000002 3.21506993093251 22.2588781856722
0.0524950000000001 3.24598703768251 22.4084558714387
0.052995 3.2769041444325 22.6105006530173
0.0534950000000001 3.30782125118251 22.8061085664539
0.0539950000000001 3.3387383579325 22.9223402177968
0.054495 3.3696554646825 23.1481950836834
0.0549950000000001 3.40057257143251 23.3358616805194
0.0554950000000001 3.4314896781825 23.4618632599252
0.055995 3.4624067849325 23.6773466661847
0.0564950000000001 3.49332389168251 23.8503432220334
0.0569950000000001 3.5242409984325 24.0364147022445
0.057495 3.5551581051825 24.1898697788241
0.0579950000000001 3.58607521193251 24.3899144717753
0.0584950000000001 3.6169923186825 24.5544673656569
0.058995 3.6479094254325 24.6952100912929
0.0594950000000001 3.67882653218251 24.9054175861555
0.059995 3.7097436389325 25.0538366655301
0.060495 3.7406607456825 25.2126990421278
0.0609950000000001 3.77157785243251 25.3936547335124
0.061495 3.8024949591825 25.5528456530263
0.061995 3.8334120659325 25.703192993675
0.0624950000000001 3.86432917268251 25.8858019568614
0.062995 3.8952462794325 26.0721517247185
0.063495 3.9261633861825 26.2357662200176
0.0639950000000001 3.9570804929325 26.3744768550209
0.064495 3.9879975996825 26.57151607345
0.064995 4.0189147064325 26.7373872055408
0.0654950000000001 4.0498318131825 26.8707377078622
0.065995 4.0807489199325 27.0421010809313
0.0664949999999999 4.1116660266825 27.2448679903601
0.0669950000000001 4.1425831334325 27.3961688071156
0.067495 4.1735002401825 27.5657963518153
0.0679949999999999 4.2044173469325 27.7305091452263
0.0684950000000001 4.2353344536825 27.8807304327635
0.0689950000000002 4.26625156043251 28.0342574171089
0.0694949999999999 4.2971686671825 28.2062000867921
0.069995 4.3280857739325 28.3748991526283
0.0704950000000002 4.35900288068251 28.5401774697562
0.0709949999999999 4.38991998743249 28.6668844577656
0.071495 4.4208370941825 28.866785337552
0.0719950000000002 4.45175420093251 28.9989649614711
0.0724950000000001 4.48267130768251 29.1731901564397
0.072995 4.5135884144325 29.3569218734349
0.0734950000000002 4.54450552118251 29.5115903137781
0.0739950000000001 4.57542262793251 29.6993660706876
0.074495 4.6063397346825 29.880208727151
0.0749950000000001 4.63725684143251 30.0213525927395
0.0754950000000001 4.6681739481825 30.1749303311219
0.075995 4.6990910549325 30.3532975998367
0.0764950000000001 4.73000816168251 30.4583597731396
0.0769950000000001 4.7609252684325 30.6190573745473
0.077495 4.7918423751825 30.7615712219199
0.0779950000000001 4.82275948193251 30.9122894692184
0.0784950000000001 4.8536765886825 31.0477259719501
0.078995 4.8845936954325 31.1907259865997
0.0794950000000001 4.91551080218251 31.3546191694914
0.0799950000000001 4.9464279089325 31.5464177796493
0.080495 4.9773450156825 31.6840654358632
0.0809950000000001 5.00826212243251 31.8544902544268
0.081495 5.0391792291825 32.0062962271446
0.081995 5.0700963359325 32.1492768850413
0.0824950000000001 5.10101344268251 32.3183678511824
0.082995 5.1319305494325 32.42124985125
0.083495 5.1628476561825 32.6061591485152
0.0839950000000001 5.19376476293251 32.7536163171915
0.084495 5.2246818696825 32.8795985868044
0.084995 5.2555989764325 33.0203929776529
0.0854950000000001 5.28651608318251 33.1468659890413
0.085995 5.3174331899325 33.2802150879243
0.086495 5.3483502966825 33.4556880066003
0.0869950000000001 5.3792674034325 33.6162177224209
0.087495 5.4101845101825 33.7881932469001
0.0879949999999999 5.4411016169325 33.9240737159078
0.0884950000000001 5.4720187236825 34.0568663095722
0.088995 5.5029358304325 34.1635074447934
0.0894949999999999 5.5338529371825 34.2943879152748
0.0899950000000001 5.5647700439325 34.4400295213252
0.090495 5.5956871506825 34.6073497877781
0.0909949999999999 5.6266042574325 34.7396305896485
0.091495 5.6575213641825 34.8930040660966
0.091995 5.6884384709325 35.0174338204819
0.0924949999999999 5.71935557768249 35.1702510193776
0.092995 5.7502726844325 35.2889485369423
0.093495 5.7811897911825 35.4297314592224
0.0939949999999999 5.81210689793249 35.586787586957
0.094495 5.8430240046825 35.746915441779
0.0949950000000001 5.87394111143251 35.8904999571546
0.0954950000000001 5.90485821818251 36.0069702491688
0.095995 5.9357753249325 36.1058873769206
0.0964950000000002 5.96669243168251 36.2214490638644
0.0969950000000001 5.9976095384325 36.3890098388673
0.097495 6.0285266451825 36.5730029392293
0.0979950000000001 6.05944375193251 36.6849988380432
0.0984950000000001 6.0903608586825 36.7902642042847
0.098995 6.1212779654325 36.8996965227217
0.0994950000000001 6.15219507218251 37.0305198976249
0.0999950000000001 6.1831121789325 37.207343779995
0.100495 6.2140292856825 37.369216306019
0.100995 6.24494639243251 37.4687531180158
0.101495 6.2758634991825 37.5823436369195
0.101995 6.3067806059325 37.7095888817768
0.102495 6.33769771268251 37.8311690346558
0.102995 6.3686148194325 37.990225719503
0.103495 6.3995319261825 38.1385106362236
0.103995 6.43044903293251 38.2625065611439
0.104495 6.4613661396825 38.3340254296225
0.104995 6.4922832464325 38.4656279485893
0.105495 6.52320035318251 38.6615330638245
0.105995 6.5541174599325 38.7568786336814
0.106495 6.5850345666825 38.8585989142285
0.106995 6.61595167343251 38.9764557125984
0.107495 6.6468687801825 39.1053406509416
0.107995 6.6777858869325 39.2554352374873
0.108495 6.7087029936825 39.3924713593007
0.108995 6.7396201004325 39.4827579645475
0.109495 6.7705372071825 39.577222683329
0.109995 6.8014543139325 39.7414093071033
0.110495 6.8323714206825 39.88277750822
0.110995 6.8632885274325 39.9730070968298
0.111495 6.8942056341825 40.1051815256734
0.111995 6.9251227409325 40.2292015085088
0.112495 6.9560398476825 40.3484790705362
0.112995 6.9869569544325 40.4699240335387
0.113495 7.0178740611825 40.5646818198356
0.113995 7.0487911679325 40.669485435325
0.114495 7.0797082746825 40.8432844650204
0.114995 7.11062538143251 40.9353400089465
0.115495 7.14154248818251 41.0141328635436
0.115995 7.1724595949325 41.17220580728
0.116495 7.20337670168251 41.3067267096385
0.116995 7.23429380843251 41.3780419860359
0.117495 7.2652109151825 41.4789654484653
0.117995 7.29612802193251 41.646145864315
0.118495 7.3270451286825 41.7483515415477
0.118995 7.3579622354325 41.8342066673863
0.119495 7.38887934218251 41.9702411607265
0.119995 7.4197964489325 42.0720163902472
0.120495 7.4507135556825 42.1930460784081
0.120995 7.48163066243251 42.2924928916901
0.121495 7.5125477691825 42.4119648296591
0.121995 7.5434648759325 42.5243739126096
0.122495 7.57438198268251 42.6176952385512
0.122995 7.6052990894325 42.7197482731154
0.123495 7.6362161961825 42.8564087546412
0.123995 7.66713330293251 43.0026988297066
0.124495 7.6980504096825 43.0587805817363
0.124995 7.7289675164325 43.160666510064
0.125495 7.75988462318251 43.3077222070634
0.125995 7.7908017299325 43.3874450720536
0.126495 7.8217188366825 43.4593855478939
0.126995 7.85263594343251 43.6424967630824
0.127495 7.8835530501825 43.7207335359867
0.127995 7.9144701569325 43.8009601842498
0.128495 7.94538726368251 43.9138742119693
0.128995 7.9763043704325 44.0037024868631
0.129495 8.0072214771825 44.1356173399475
0.129995 8.0381385839325 44.231208119496
0.130495 8.0690556906825 44.3256878854698
0.130995 8.0999727974325 44.4412746853096
0.131495 8.1308899041825 44.5224385939817
0.131995 8.1618070109325 44.6234530850776
0.132495 8.1927241176825 44.7456508360561
0.132995 8.2236412244325 44.8183451668094
0.133495 8.2545583311825 44.9288330209133
0.133995 8.2854754379325 45.034973326987
0.134495 8.3163925446825 45.1289602245598
0.134995 8.3473096514325 45.2459908018852
0.135495 8.3782267581825 45.3403951971479
0.135995 8.4091438649325 45.4098035162884
0.136495 8.4400609716825 45.5432065404799
0.136995 8.47097807843251 45.6266736511945
0.137495 8.5018951851825 45.6955665509326
0.137995 8.5328122919325 45.8183095301115
0.138495 8.56372939868251 45.880253752552
0.138995 8.5946465054325 46.0029107260826
0.139495 8.62556361218251 46.0872619527641
0.139995 8.6564807189325 46.165789975464
0.140495 8.6873978256825 46.2765171877477
0.140995 8.71831493243251 46.3723094798211
0.141495 8.74923203918251 46.4617720676185
0.141995 8.7801491459325 46.5380505331412
0.142495 8.81106625268251 46.6452165909609
0.142995 8.8419833594325 46.7269830384779
0.143495 8.8729004661825 46.8338468772026
0.143995 8.90381757293251 46.9234678469305
0.144495 8.9347346796825 46.9856306857531
0.144995 8.9656517864325 47.1202400031772
0.145495 8.99656889318251 47.1845458504835
0.145995 9.0274859999325 47.2903604951125
0.146495 9.0584031066825 47.3939026328797
0.146995 9.08932021343251 47.4409886270494
0.147495 9.1202373201825 47.5557729157528
0.147995 9.1511544269325 47.607920952031
0.148495 9.18207153368251 47.6641803747291
0.148995 9.2129886404325 47.8348974515022
0.149495 9.2439057471825 47.8628798009457
0.149995 9.27482285393251 47.9572593534601
0.150495 9.3057399606825 48.0525052963747
0.150995 9.3366570674325 48.1338672331103
0.151495 9.3675741741825 48.2029660019098
0.151995 9.3984912809325 48.3028435591555
0.152495 9.4294083876825 48.3932388054984
0.152995 9.4603254944325 48.445047718847
0.153495 9.4912426011825 48.563475987052
0.153995 9.5221597079325 48.6139391007151
0.154495 9.5530768146825 48.7135789587728
0.154995 9.5839939214325 48.7964922079242
0.155495 9.6149110281825 48.8462389240637
0.155995 9.6458281349325 48.9490889430526
0.156495 9.6767452416825 49.0225296201095
0.156995 9.7076623484325 49.1241897796994
0.157495 9.7385794551825 49.1565540758978
0.157995 9.7694965619325 49.2816188728931
0.158495 9.80041366868249 49.3073351662025
0.158995 9.8313307754325 49.4286111705359
0.159495 9.86224788218251 49.4788666619861
0.159995 9.89316498893251 49.5889188530782
0.160495 9.9240820956825 49.6141858797801
0.160995 9.95499920243251 49.7332247860993
0.161495 9.9859163091825 49.7664292868227
0.161995 10.0168334159325 49.8721605915462
0.162495 10.0477505226825 49.971005945935
0.162995 10.0786676294325 50.0353577423813
0.163495 10.1095847361825 50.0799786063474
0.163995 10.1405018429325 50.1624100116027
0.164495 10.1714189496825 50.2109486655429
0.164995 10.2023360564325 50.3139701492493
0.165495 10.2332531631825 50.3670881048035
0.165995 10.2641702699325 50.4618201722411
0.166495 10.2950873766825 50.4944138561746
0.166995 10.3260044834325 50.5952243168995
0.167495 10.3569215901825 50.6706981848836
0.167995 10.3878386969325 50.7448969185614
0.168495 10.4187558036825 50.7964233535315
0.168995 10.4496729104325 50.8877452899738
0.169495 10.4805900171825 50.9209926184102
0.169995 10.5115071239325 51.0328096227024
0.170495 10.5424242306825 51.090524414331
0.170995 10.5733413374325 51.1784921582975
0.171495 10.6042584441825 51.2202837403221
0.171995 10.6351755509325 51.2566790201788
0.172495 10.6660926576825 51.3817051060772
0.172995 10.6970097644325 51.4046935812173
0.173495 10.7279268711825 51.5209886325842
0.173995 10.7588439779325 51.5425647324224
0.174495 10.7897610846825 51.594814497371
0.174995 10.8206781914325 51.6800617322007
0.175495 10.8515952981825 51.7237669478744
0.175995 10.8825124049325 51.8340047496751
0.176495 10.9134295116825 51.8358587481989
0.176995 10.9443466184325 51.9355743093627
0.177495 10.9752637251825 51.9762883517443
0.177995 11.0061808319325 52.0663668265445
0.178495 11.0370979386825 52.1272302277147
0.178995 11.0680150454325 52.1932024030524
0.179495 11.0989321521825 52.2548183892267
0.179995 11.1298492589325 52.3135192209605
0.180495 11.1607663656825 52.380206862875
0.180995 11.1916834724325 52.4348386204421
0.181495 11.2226005791825 52.4790927369005
0.181995 11.2535176859325 52.5521220239935
0.182495 11.2844347926825 52.6014098452632
0.182995 11.3153518994325 52.703131383577
0.183495 11.3462690061825 52.7368621432201
0.183995 11.3771861129325 52.7948410501651
0.184495 11.4081032196825 52.8424488273605
0.184995 11.4390203264325 52.8829170468053
0.185495 11.4699374331825 52.9959360377765
0.185995 11.5008545399325 53.0322163441787
0.186495 11.5317716466825 53.0723877632829
0.186995 11.5626887534325 53.1486607662995
0.187495 11.5936058601825 53.179037784568
0.187995 11.6245229669325 53.2343939797296
0.188495 11.6554400736825 53.3047894968861
0.188995 11.6863571804325 53.3708428081112
0.189495 11.7172742871825 53.426703449436
0.189995 11.7481913939325 53.4763173460579
0.190495 11.7791085006825 53.5266775004589
0.190995 11.8100256074325 53.5841138772003
0.191495 11.8409427141825 53.6460300646003
0.191995 11.8718598209325 53.6962665987178
0.192495 11.9027769276825 53.7662666114167
0.192995 11.9336940344325 53.7966273304229
0.193495 11.9646111411825 53.836819887753
0.193995 11.9955282479325 53.9239567676398
0.194495 12.0264453546825 53.9506226633646
0.194995 12.0573624614325 54.0376648758423
0.195495 12.0882795681825 54.0896431864186
0.195995 12.1191966749325 54.0997947565092
0.196495 12.1501137816825 54.1947423047072
0.196995 12.1810308884325 54.2227223251307
0.197495 12.2119479951825 54.2940513232039
0.197995 12.2428651019325 54.3449840996285
0.198495 12.2737822086825 54.4119026333322
0.198995 12.3046993154325 54.4280230958648
0.199495 12.3356164221825 54.4851328176851
0.199995 12.3665335289325 54.5529301642056
0.200495 12.3974506356825 54.5693919400635
0.200995 12.4283677424325 54.6392398694031
0.201495 12.4592848491825 54.6880572901378
0.201995 12.4902019559325 54.7504710893868
0.202495 12.5211190626825 54.7921672957427
0.202995 12.5520361694325 54.8405445690962
0.203495 12.5829532761825 54.8932561881212
0.203995 12.6138703829325 54.946675198815
0.204495 12.6447874896825 54.9973754289236
0.204995 12.6757045964325 55.0565411061324
0.205495 12.7066217031825 55.0932094347501
0.205995 12.7375388099325 55.1598825261892
0.206495 12.7684559166825 55.1762453891494
0.206995 12.7993730234325 55.2333599414483
0.207495 12.8302901301825 55.2699562412569
0.207995 12.8612072369325 55.3423754744729
0.208495 12.8921243436825 55.3965271261556
0.208995 12.9230414504325 55.4345703676803
0.209495 12.9539585571825 55.506321908137
0.209995 12.9848756639325 55.5268907453046
0.210495 13.0157927706825 55.6170413016445
0.210995 13.0467098774325 55.6103673917592
0.211495 13.0776269841825 55.6646997134239
0.211995 13.1085440909325 55.7706104931007
0.212495 13.1394611976825 55.7753616573421
0.212995 13.1703783044325 55.8134927017879
0.213495 13.2012954111825 55.8757444506122
0.213995 13.2322125179325 55.9078560385197
0.214495 13.2631296246825 55.9810358810159
0.214995 13.2940467314325 55.9976012134088
0.215495 13.3249638381825 56.0715901346825
0.215995 13.3558809449325 56.1421399172477
0.216495 13.3867980516825 56.1527883335226
0.216995 13.4177151584325 56.2159851748504
0.217495 13.4486322651825 56.27439796982
0.217995 13.4795493719325 56.3248308671619
0.218495 13.5104664786825 56.3869472563456
0.218995 13.5413835854325 56.4259967756459
0.219495 13.5723006921825 56.4096187077593
0.219995 13.6032177989325 56.5075938358219
0.220495 13.6341349056825 56.5521693770239
0.220995 13.6650520124325 56.6291623921599
0.221495 13.6959691191825 56.6151725673292
0.221995 13.7268862259325 56.7200914122153
0.222495 13.7578033326825 56.7123455656012
0.222995 13.7887204394325 56.7399632482072
0.223495 13.8196375461825 56.8055810765723
0.223995 13.8505546529325 56.8748321946559
0.224495 13.8814717596825 56.9078585423236
0.224995 13.9123888664325 56.9618169733564
0.225495 13.9433059731825 56.988608534855
0.225995 13.9742230799325 57.0525436437868
0.226495 14.0051401866825 57.0959480211957
0.226995 14.0360572934325 57.181615536819
0.227495 14.0669744001825 57.1842701669484
0.227995 14.0978915069325 57.260178993515
0.228495 14.1288086136825 57.346120937266
0.228995 14.1597257204325 57.3733275372782
0.229495 14.1906428271825 57.3256537574315
0.229995 14.2215599339325 57.3984157948028
0.230495 14.2524770406825 57.5020148848954
0.230995 14.2833941474325 57.4964021791686
0.231495 14.3143112541825 57.576978164804
0.231995 14.3452283609325 57.6498192460332
0.232495 14.3761454676825 57.7186481894621
0.232995 14.4070625744325 57.6836473189668
0.233495 14.4379796811825 57.8089203694089
0.233995 14.4688967879325 57.8210673714949
0.234495 14.4998138946825 57.8531541473194
0.234995 14.5307310014325 57.8920563208966
0.235495 14.5616481081825 57.9585290332752
0.235995 14.5925652149325 57.9384872414655
0.236495 14.6234823216825 58.0238618607505
0.236995 14.6543994284325 58.0708207262772
0.237495 14.6853165351825 58.1681035640014
0.237995 14.7162336419325 58.1981369985162
0.238495 14.7471507486825 58.2324831155622
0.238995 14.7780678554325 58.2419413016273
0.239495 14.8089849621825 58.3145789887109
0.239995 14.8399020689325 58.339553618928
0.240495 14.8708191756825 58.4368528991719
0.240995 14.9017362824325 58.5251293890308
0.241495 14.9326533891825 58.4585104129324
0.241995 14.9635704959325 58.5445042412285
0.242495 14.9944876026825 58.6390455176429
0.242995 15.0254047094325 58.6408715342479
0.243495 15.0563218161825 58.6538616662743
0.243995 15.0872389229325 58.6983365940609
0.244495 15.1181560296825 58.8333789063432
0.244995 15.1490731364325 58.8512923434568
0.245495 15.1799902431825 58.8506978264795
0.245995 15.2109073499325 58.918987655865
0.246495 15.2418244566825 58.9820226049028
0.246995 15.2727415634325 59.0518862833329
0.247495 15.3036586701825 59.1129041988601
0.247995 15.3345757769325 59.1823223192397
0.248495 15.3654928836825 59.1322023167114
0.248995 15.3964099904325 59.2896780773621
0.249495 15.4273270971825 59.3097743278318
0.249995 15.4582442039325 59.3781940015203
0.250495 15.4891613106825 59.4154906334361
0.250995 15.5200784174325 59.4205241751141
0.251495 15.5509955241825 59.4456184177795
0.251995 15.5819126309325 59.5246307220068
0.252495 15.6128297376825 59.6219262644982
0.252995 15.6437468444325 59.6206546073879
0.253495 15.6746639511825 59.6907699530687
0.253995 15.7055810579325 59.741673889853
0.254495 15.7364981646825 59.6173609928434
0.254995 15.7674152714325 59.8993378287075
0.255495 15.7983323781825 59.8552626374536
0.255995 15.8292494849325 59.9284362378764
0.256495 15.8601665916825 59.9968011810882
0.256995 15.8910836984325 60.0613618285262
0.257495 15.9220008051825 60.1784637822203
0.257995 15.9529179119325 60.155388487713
0.258495 15.9838350186825 60.1726922137695
0.258995 16.0147521254325 60.270429149221
0.259495 16.0456692321825 60.3020655902323
0.259995 16.0765863389325 60.2606782477127
0.260495 16.1075034456825 60.4526864928425
0.260995 16.1384205524325 60.4782605730309
0.261495 16.1693376591825 60.5741566740666
0.261995 16.2002547659325 60.634259672411
0.262495 16.2311718726825 60.7011370156044
0.262995 16.2620889794325 60.7773112508901
0.263495 16.2930060861825 60.7302456758993
0.263995 16.3239231929325 60.9201922120991
0.264495 16.3548402996825 60.9162823339776
0.264995 16.3857574064325 60.971445363798
0.265495 16.4166745131825 61.0196096308967
0.265995 16.4475916199325 60.9597427672813
0.266495 16.4785087266825 61.1894958698061
0.266995 16.5094258334325 61.2165657199216
0.267495 16.5403429401825 61.1864366603205
0.267995 16.5712600469325 61.2346742825601
0.268495 16.6021771536825 61.3026223782688
0.268995 16.6330942604325 61.3297249146362
0.269495 16.6640113671825 61.4625009795992
0.269995 16.6949284739325 61.4386872926449
0.270495 16.7258455806825 61.6438056617115
0.270995 16.7567626874325 61.6665252288933
0.271495 16.7876797941825 61.6106054825757
0.271995 16.8185969009325 61.8167466103113
0.272495 16.8495140076825 61.826674600677
0.272995 16.8804311144325 61.914626921112
0.273495 16.9113482211825 61.9567612990285
0.273995 16.9422653279325 62.0590010296046
0.274495 16.9731824346825 62.092829196911
0.274995 17.0040995414325 62.1964667041276
0.275495 17.0350166481825 62.1657181545683
0.275995 17.0659337549325 62.2679733159312
0.276495 17.0968508616825 62.4271362580227
0.276995 17.1277679684325 62.4106856397711
0.277495 17.1586850751825 62.4542886865514
0.277995 17.1896021819325 62.5831338450459
0.278495 17.2205192886825 62.6466552413641
0.278995 17.2514363954325 62.7696079810182
0.279495 17.2823535021825 62.919876714751
0.279995 17.3132706089325 62.8718602899564
0.280495 17.3441877156825 62.8981446899352
0.280995 17.3751048224325 62.9115702290952
0.281495 17.4060219291825 63.1406193717116
0.281995 17.4369390359325 63.194232807305
0.282495 17.4678561426825 63.2272947820852
0.282995 17.4987732494325 63.2234603843915
0.283495 17.5296903561825 63.366183676082
0.283995 17.5606074629325 63.4914036614685
0.284495 17.5915245696825 63.53138479774
0.284995 17.6224416764325 63.6016257223185
0.285495 17.6533587831825 63.6084011662606
0.285995 17.6842758899325 63.7200029870986
0.286495 17.7151929966825 63.7964737776969
0.286995 17.7461101034325 63.8275427838948
0.287495 17.7770272101825 64.046692175765
0.287995 17.8079443169325 64.1917113485937
0.288495 17.8388614236825 64.2346088019174
0.288995 17.8697785304325 64.3907193744324
0.289495 17.9006956371825 64.3679431599518
0.289995 17.9316127439325 64.3436124998457
0.290495 17.9625298506825 64.6178450885874
0.290995 17.9934469574325 64.5923860133172
0.291495 18.0243640641825 64.5728392548929
0.291995 18.0552811709325 64.757175866175
0.292495 18.0861982776825 64.8586991490024
0.292995 18.1171153844325 65.0236092707733
0.293495 18.1480324911825 65.0360922526857
0.293995 18.1789495979325 65.0980500630424
0.294495 18.2098667046825 65.2752597436317
0.294995 18.2407838114325 65.2490053157004
0.295495 18.2717009181825 65.6917045148539
0.295995 18.3026180249325 65.7174681916845
0.296495 18.3335351316825 65.6872163160663
0.296995 18.3644522384325 65.8321113236053
0.297495 18.3953693451825 65.9490934730509
0.297995 18.4262864519325 66.1002251353494
0.298495 18.4572035586825 66.2434751947993
0.298995 18.4881206654325 66.4043075427914
0.299495 18.5190377721825 66.4627523515637
0.299995 18.5499548789325 66.4630027720304
0.300495 18.5808719856825 66.7344200098721
0.300995 18.6117890924325 66.6932045177389
0.301495 18.6427061991825 66.8074727973459
0.301995 18.6736233059325 67.0525280636513
0.302495 18.7045404126825 67.2553045511836
0.302995 18.7354575194325 67.2062769091513
0.303495 18.7663746261825 67.4979354498303
0.303995 18.7972917329325 67.5451559829033
0.304495 18.8282088396825 67.6190201202412
0.304995 18.8591259464325 67.9198499813886
0.305495 18.8900430531825 67.9219607790685
0.305995 18.9209601599325 68.0308470987568
0.306495 18.9518772666825 68.2469105700738
0.306995 18.9827943734325 68.4183427423484
0.307495 19.0137114801825 68.4964105868289
0.307995 19.0446285869325 68.7716840085223
0.308495 19.0755456936825 68.9263668431511
0.308995 19.1064628004325 69.0549845695514
0.309495 19.1373799071825 69.0700085058464
0.309995 19.1682970139325 69.1691463654344
0.310495 19.1992141206825 69.5976574914712
0.310995 19.2301312274325 69.6636730082235
0.311495 19.2610483341825 69.7281085777358
0.311995 19.2919654409325 70.1542271220489
0.312495 19.3228825476825 70.042199555987
0.312995 19.3537996544325 70.2019970044872
0.313495 19.3847167611825 70.4105004102507
0.313995 19.4156338679325 70.4856795425071
0.314495 19.4465509746825 70.8122521874637
0.314995 19.4774680814325 70.9132047012759
0.315495 19.5083851881825 71.1719317667644
0.315995 19.5393022949325 71.1174828040035
0.316495 19.5702194016825 71.5009490445928
0.316995 19.6011365084325 71.7784071781013
0.317495 19.6320536151825 71.9051421905424
0.317995 19.6629707219325 72.1321737154964
0.318495 19.6938878286825 72.3203872599622
0.318995 19.7248049354325 72.5875026959471
0.319495 19.7557220421825 72.6653471082431
0.319995 19.7866391489325 72.9227752383159
0.320495 19.8175562556825 73.116469023935
0.320995 19.8484733624325 73.247335263585
0.321495 19.8793904691825 73.3731173152932
0.321995 19.9103075759325 73.8848525199162
0.322495 19.9412246826825 73.9370750932054
0.322995 19.9721417894325 74.0629855792875
0.323495 20.0030588961825 74.5130953414207
0.323995 20.0339760029325 74.5206022973668
0.324495 20.0648931096825 74.8758854818292
0.324995 20.0958102164325 75.1573734212699
0.325495 20.1267273231825 75.1509584091006
0.325995 20.1576444299325 75.5917469077149
0.326495 20.1885615366825 75.6661610850088
0.326995 20.2194786434325 76.0332151005713
0.327495 20.2503957501825 76.1456879915276
0.327995 20.2813128569325 76.468328236609
0.328495 20.3122299636825 76.7386301808582
0.328995 20.3431470704325 76.9013822608582
0.329495 20.3740641771825 77.060160466111
0.329995 20.4049812839325 77.5192138409482
0.330495 20.4358983906825 77.5731157509075
0.330995 20.4668154974325 77.9600481016872
0.331495 20.4977326041825 78.1447719936246
0.331995 20.5286497109325 78.2700573363011
0.332495 20.5595668176825 78.7093245036433
0.332995 20.5904839244325 78.8410553316619
0.333495 20.6214010311825 79.1050882863005
0.333995 20.6523181379325 79.3919715693743
0.334495 20.6832352446825 79.6205646079204
0.334995 20.7141523514325 79.9937906676714
0.335495 20.7450694581825 80.3169384836178
0.335995 20.7759865649325 80.4311514936467
0.336495 20.8069036716825 80.8262014858618
0.336995 20.8378207784325 80.9424701896068
0.337495 20.8687378851825 81.046696049005
0.337995 20.8996549919325 81.7093014178802
0.338495 20.9305720986825 81.8541132297522
0.338995 20.9614892054325 82.2159037439613
0.339495 20.9924063121825 82.3094738432058
0.339995 21.0233234189325 82.9477552358374
0.340495 21.0542405256825 82.7293400068016
0.340995 21.0851576324325 83.3028005996334
0.341495 21.1160747391825 83.7656842036977
0.341995 21.1469918459325 83.8974590487433
0.342495 21.1779089526825 84.1981955418607
0.342995 21.2088260594325 84.4243321074905
0.343495 21.2397431661825 84.759287318024
0.343995 21.2706602729325 84.9382638949216
0.344495 21.3015773796825 85.233211357897
0.344995 21.3324944864325 85.7851298195619
0.345495 21.3634115931825 85.7918865934281
0.345995 21.3943286999325 86.2837160582142
0.346495 21.4252458066825 86.2400138647513
0.346995 21.4561629134325 86.6575911394775
0.347495 21.4870800201825 87.029555264725
0.347995 21.5179971269325 87.519812071088
0.348495 21.5489142336825 87.4506330563081
0.348995 21.5798313404325 88.0023253576793
0.349495 21.6107484471825 88.2679970991138
0.349995 21.6416655539325 88.6199299623618
0.350495 21.6725826606825 88.7936569810883
0.350995 21.7034997674325 89.1676700770902
0.351495 21.7344168741825 89.4748325346317
0.351995 21.7653339809325 89.7533017718347
0.352495 21.7962510876825 90.2131553836349
0.352995 21.8271681944325 90.377276304036
0.353495 21.8580853011825 90.7868469666177
0.353995 21.8890024079325 91.0463668088621
0.354495 21.9199195146825 91.2437427876213
0.354995 21.9508366214325 91.7612627789248
0.355495 21.9817537281825 92.1362606189296
0.355995 22.0126708349325 92.4267041480904
0.356495 22.0435879416825 92.5853937078049
0.356995 22.0745050484325 93.1419025212507
0.357495 22.1054221551825 93.2184579069083
0.357995 22.1363392619325 93.6164065230608
0.358495 22.1672563686825 94.1141503621088
0.358995 22.1981734754325 94.1819703329482
0.359495 22.2290905821825 94.6982287305629
0.359995 22.2600076889325 95.2059592265829
0.360495 22.2909247956825 95.3764958253361
0.360995 22.3218419024325 95.7128735164776
0.361495 22.3527590091825 96.196890143275
0.361995 22.3836761159325 96.3730541980897
0.362495 22.4145932226825 96.6832714935371
0.362995 22.4455103294325 97.2236903064335
0.363495 22.4764274361825 97.4018032938835
0.363995 22.5073445429325 97.7254151266666
0.364495 22.5382616496825 98.2667549747349
0.364995 22.5691787564325 98.3169973252314
0.365495 22.6000958631825 98.8146088278095
0.365995 22.6310129699325 99.4343611817419
0.366495 22.6619300766825 99.7958459212295
0.366995 22.6928471834325 99.7945703906351
0.367495 22.7237642901825 100.460658062494
0.367995 22.7546813969325 100.675078291881
0.368495 22.7855985036825 100.980326427853
0.368995 22.8165156104325 101.51981042947
0.369495 22.8474327171825 102.088240032821
0.369995 22.8783498239325 102.327668299621
0.370495 22.9092669306825 102.528225211718
0.370995 22.9401840374325 103.277524559309
0.371495 22.9711011441825 103.428528989875
0.371995 23.0020182509325 103.798729115478
0.372495 23.0329353576825 104.358837821518
0.372995 23.0638524644325 104.859589615011
0.373495 23.0947695711825 105.146831941603
0.373995 23.1256866779325 105.592205283578
0.374495 23.1566037846825 106.015792041679
0.374995 23.1875208914325 106.63945161649
0.375495 23.2184379981825 106.951928255346
0.375995 23.2493551049325 107.312920497035
0.376495 23.2802722116825 107.471632793531
0.376995 23.3111893184325 108.125758175605
0.377495 23.3421064251825 108.330526138679
0.377995 23.3730235319325 108.816200084816
0.378495 23.4039406386825 109.371051102314
0.378995 23.4348577454325 109.882150841172
0.379495 23.4657748521825 110.188540302728
0.379995 23.4966919589325 110.734613267324
0.380495 23.5276090656825 111.060306066396
0.380995 23.5585261724325 111.552304535126
0.381495 23.5894432791825 111.998196258436
0.381995 23.6203603859325 112.447309742213
0.382495 23.6512774926825 113.042518089244
0.382995 23.6821945994325 113.533065148106
0.383495 23.7131117061825 114.051501019555
0.383995 23.7440288129325 114.39118526051
0.384495 23.7749459196825 114.890367678733
0.384995 23.8058630264325 115.494214673971
0.385495 23.8367801331825 116.048153532729
0.385995 23.8676972399325 116.541097698816
0.386495 23.8986143466825 116.693008488849
0.386995 23.9295314534325 115.464103409747
0.387495 23.9604485601825 112.458419192602
0.387995 23.9913656669325 107.037155070557
0.388495 24.0222827736825 100.839201654271
0.388995 24.0531998804325 96.2225624572613
0.389495 24.0841169871825 92.4201592767389
0.389995 24.1150340939325 88.3874610719039
0.390495 24.1459512006825 84.6359396887471
0.390995 24.1768683074325 81.3389146491257
0.391495 24.2077854141825 78.0632878760892
0.391995 24.2387025209325 74.9869296536762
0.392495 24.2696196276825 71.9912515529062
0.392995 24.3005367344325 69.0185416041859
0.393495 24.3314538411825 66.2597309977006
0.393995 24.3623709479325 63.6552667559894
0.394495 24.3932880546825 61.2335039130785
0.394995 24.4242051614325 58.7461600285033
0.395495 24.4551222681825 56.5244363048287
0.395995 24.4860393749325 54.3482002820287
0.396495 24.5169564816825 52.2610278566222
0.396995 24.5478735884325 50.3586688007199
0.397495 24.5787906951825 48.5263193021618
0.397995 24.6097078019325 46.8496281803398
0.398495 24.6406249086825 45.2819757330321
0.398995 24.6715420154325 43.8632820220457
0.399495 24.7024591221825 42.54520257766
0.399995 24.7333762289325 41.3703941906773
0.400495 24.7642933356825 40.294532199201
0.400995 24.7952104424325 39.3465288333443
0.401495 24.8261275491825 38.484293524995
0.401995 24.8570446559325 37.731694765333
0.402495 24.8879617626825 37.0551733327605
0.402995 24.9188788694325 36.420086393285
0.403495 24.9497959761825 35.8024707204557
0.403995 24.9807130829325 35.1956335287557
0.404495 25.0116301896825 34.6006736831535
0.404995 25.0425472964325 34.0216071999301
0.405495 25.0734644031825 33.4397282957328
0.405995 25.1043815099325 32.8853756733069
0.406495 25.1352986166825 32.3286732197953
0.406995 25.1662157234325 31.8046873171218
0.407495 25.1971328301825 31.2763304910158
0.407995 25.2280499369325 30.7732109583924
0.408495 25.2589670436825 30.2772075520118
0.408995 25.2898841504325 29.7805874039441
0.409495 25.3208012571825 29.3098633459555
0.409995 25.3517183639325 28.8407659139454
0.410495 25.3826354706825 28.3892844615527
0.410995 25.4135525774325 27.9430338488802
0.411495 25.4444696841825 27.4898510759741
0.411995 25.4753867909325 27.0388949052698
0.412495 25.5063038976825 26.598949398935
0.412995 25.5372210044325 26.1730564908503
0.413495 25.5681381111825 25.7524732078416
0.413995 25.5990552179325 25.3343732493034
0.414495 25.6299723246825 24.9195334684535
0.414995 25.6608894314325 24.5090534614207
0.415495 25.6918065381825 24.0506892696772
0.415995 25.7227236449325 23.5514606365022
0.416495 25.7536407516825 23.0092940408757
0.416995 25.7845578584325 22.4332508105567
0.417495 25.8154749651825 21.8318731488857
0.417995 25.8463920719325 21.1953451368478
0.418495 25.8773091786825 20.5197664630388
0.418995 25.9082262854325 19.8149020229103
0.419495 25.9391433921825 19.0779406104441
0.419995 25.9700604989325 18.3063855744332
0.420495 26.0009776056825 17.4987155098838
0.420995 26.0318947124325 16.6543764051258
0.421495 26.0628118191825 15.7722465765812
0.421995 26.0937289259325 14.8535901445082
0.422495 26.1246460326825 13.8977388604933
0.422995 26.1555631394325 12.9020766390199
0.423495 26.1864802461825 11.8659453974711
0.423995 26.2173973529325 10.7876410309465
0.424495 26.2483144596825 9.66691326938657
0.424995 26.2792315664325 8.55514716364557
0.425495 26.3101486731825 7.47117381530923
0.425995 26.3410657799325 6.4502765898328
0.426495 26.3719828866825 5.43776309184731
0.426995 26.4028999934325 4.42726504570381
0.427495 26.4338171001825 3.41602247960755
0.427995 26.4647342069325 2.41595031235423
0.428495 26.4956513136825 1.42628443113619
0.428995 26.5265684204325 0.432598112035743
0.429495 26.5574855271825 -0.547338171443118
0.429995 26.5884026339325 -1.55939795352044
0.430495 26.6193197406825 -2.7008908211914
0.430995 26.6502368474325 -3.93785404856611
0.431495 26.6811539541825 -5.24241977841648
0.431995 26.7120710609325 -6.63958056104024
0.432495 26.7429881676825 -8.11281393473514
0.432995 26.7739052744325 -9.65313606372032
0.433495 26.8048223811825 -11.2677493921704
0.433995 26.8357394879325 -12.934000683261
0.434495 26.8666565946825 -14.6512279940227
0.434995 26.8975737014325 -16.416135017853
0.435495 26.9284908081825 -18.1673823840048
0.435995 26.9594079149325 -19.8848322805567
0.436495 26.9903250216825 -19.64527783435
0.436995 27.0212421284325 -14.6265779007479
0.437495 27.0521592351825 -12.8089205370943
0.437995 27.0830763419325 -9.54048326625596
0.438495 27.1139934486825 -6.83344717962393
0.438995 27.1449105554325 -4.78709212769074
0.439495 27.1758276621825 -3.53424648264164
0.439995 27.2067447689325 -2.70081530587738
0.440495 27.2376618756825 -2.25027663211359
0.440995 27.2685789824325 -1.86656476078686
0.441495 27.2994960891825 -1.26788977498387
0.441995 27.3304131959325 -0.522433153847711
0.442495 27.3613303026825 -0.133784673036665
0.442995 27.3922474094325 -0.18913074542624
0.443495 27.4231645161825 -0.393711244510974
0.443995 27.4540816229325 -0.855777255827562
0.444495 27.4849987296825 -1.13730784820072
0.444995 27.5159158364325 -1.08208255760632
0.445495 27.5468329431825 -1.01895620845686
0.445995 27.5777500499325 -1.09683557408143
0.446495 27.6086671566825 -1.28421526289146
0.446995 27.6395842634325 -1.10977918336869
0.447495 27.6705013701825 -1.17959631016152
0.447995 27.7014184769325 -1.42110716289066
0.448495 27.7323355836825 -1.0156725691154
0.448995 27.7632526904325 -0.843558852804699
0.449495 27.7941697971825 -0.868049261138912
0.449995 27.8250869039325 -0.64172047111748
0.450495 27.8560040106825 -0.407544369030042
0.450995 27.8869211174325 -0.40148410503826
0.451495 27.9178382241825 -0.646910705788117
0.451995 27.9487553309325 -0.736473627398086
0.452495 27.9796724376825 -0.855708729732888
0.452995 28.0105895444325 -1.00705529367008
0.453495 28.0415066511825 -0.978979183420371
0.453995 28.0724237579325 -0.82488440290515
0.454495 28.1033408646825 -0.859536476433632
0.454995 28.1342579714325 -1.11854014991463
0.455495 28.1651750781825 -1.03918618726732
0.455995 28.1960921849325 -1.14604832951799
0.456495 28.2270092916825 -1.23910178950023
0.456995 28.2579263984325 -1.18706112479861
0.457495 28.2888435051825 -1.35673986567237
0.457995 28.3197606119325 -1.2779970577388
0.458495 28.3506777186825 -1.39130996638906
0.458995 28.3815948254325 -1.39407954724349
0.459495 28.4125119321825 -1.38242792385718
0.459995 28.4434290389325 -1.59734421827597
0.460495 28.4743461456825 -1.46130780412957
0.460995 28.5052632524325 -1.45189465766288
0.461495 28.5361803591825 -1.11969905669394
0.461995 28.5670974659325 -1.05119942082078
0.462495 28.5980145726825 -0.947880285776514
0.462995 28.6289316794325 -0.821718711801815
0.463495 28.6598487861825 -0.70392642289393
0.463995 28.6907658929325 -0.585275218422657
0.464495 28.7216829996825 -0.450063837857473
0.464995 28.7526001064325 -0.454597703461724
0.465495 28.7835172131825 -0.230654494834463
0.465995 28.8144343199325 -0.311670641551317
0.466495 28.8453514266825 -0.339930434583581
0.466995 28.8762685334325 -0.314837701681031
0.467495 28.9071856401825 -0.179099395021967
0.467995 28.9381027469325 -0.135905085529525
0.468495 28.9690198536825 -0.255153532205434
0.468995 28.9999369604325 -0.0557980888317553
0.469495 29.0308540671825 -0.0801229740173202
0.469995 29.0617711739325 -0.0603529485022017
0.470495 29.0926882806825 0.0575333263774912
0.470995 29.1236053874325 0.0423614240787727
0.471495 29.1545224941825 0.0614325200612244
0.471995 29.1854396009325 0.17135543738024
0.472495 29.2163567076825 0.163913089086593
0.472995 29.2472738144325 0.121557662161277
0.473495 29.2781909211825 0.099768742886539
0.473995 29.3091080279325 0.16962324093155
0.474495 29.3400251346825 0.258928409430245
0.474995 29.3709422414325 0.217064081731175
0.475495 29.4018593481825 0.393569363203353
0.475995 29.4327764549325 0.476384128748798
0.476495 29.4636935616825 0.416989217869171
0.476995 29.4946106684325 0.44138230439743
0.477495 29.5255277751825 0.382368086343006
0.477995 29.5564448819325 0.288392348781947
0.478495 29.5873619886825 0.262527451195375
0.478995 29.6182790954325 0.25508276853478
0.479495 29.6491962021825 0.112957671723884
0.479995 29.6801133089325 0.176700400188083
0.480495 29.7110304156825 0.102475768216806
0.480995 29.7419475224325 0.0523418070793749
0.481495 29.7728646291825 0.0766336538857873
0.481995 29.8037817359325 0.178342006517252
0.482495 29.8346988426825 0.308170840985342
0.482995 29.8656159494325 0.336906837260913
0.483495 29.8965330561825 0.52998999766977
0.483995 29.9274501629325 0.59811321497544
0.484495 29.9583672696825 0.698138475206768
0.484995 29.9892843764325 0.689455211170299
0.485495 30.0202014831825 0.834238810949015
0.485995 30.0511185899325 0.814186527010762
0.486495 30.0820356966825 0.916467170415013
0.486995 30.1129528034325 1.02599671107917
0.487495 30.1438699101825 1.07759169146792
0.487995 30.1747870169325 1.27557933181321
0.488495 30.2057041236825 1.33077376258046
0.488995 30.2366212304325 1.48501932268694
0.489495 30.2675383371825 1.56178001769163
0.489995 30.2984554439325 1.59843779819505
0.490495 30.3293725506825 1.6624699457608
0.490995 30.3602896574325 1.83637548467889
0.491495 30.3912067641825 1.82414239265426
0.491995 30.4221238709325 1.82709884196463
0.492495 30.4530409776825 1.79220818362017
0.492995 30.4839580844325 1.73766670458615
0.493495 30.5148751911825 1.66555532837197
0.493995 30.5457922979325 1.54624172467533
0.494495 30.5767094046825 1.36409534406092
0.494995 30.6076265114325 1.34586148635339
0.495495 30.6385436181825 1.21185079804004
0.495995 30.6694607249325 1.16223391092277
0.496495 30.7003778316825 1.13064351373583
0.496995 30.7312949384325 1.05839506492877
0.497495 30.7622120451825 0.954541708215645
0.497995 30.7931291519325 0.889222185142576
0.498495 30.8240462586825 0.798222695375707
0.498995 30.8549633654325 0.633275466573684
0.499495 30.8858804721825 0.509909516187035
0.499995 30.9167975789325 0.250493059838629
