# Fix print output for fix Step
1.62227203935763e-16 1.13686837721616e-14 -0.1536477390286
0.000495000000000324 0.0346889937735227 0.900053010344864
0.000995000000000314 0.069728381423522 1.01044351803417
0.0014950000000003 0.104767769073521 1.59613513708939
0.00199500000000029 0.139807156723521 1.75009358995997
0.00249500000000028 0.17484654437352 2.44121088271207
0.00299500000000027 0.209885932023519 2.29860891373938
0.00349500000000026 0.244925319673519 3.32922884644754
0.00399500000000025 0.279964707323518 2.89394478186989
0.00449500000000024 0.315004094973517 3.98228743478839
0.00499500000000023 0.350043482623516 3.74868158725209
0.00549500000000022 0.385082870273516 4.57265047357131
0.00599500000000021 0.420122257923515 4.60306923404813
0.0064950000000002 0.455161645573514 5.3789682782177
0.00699500000000019 0.490201033223514 5.31008500682291
0.00749500000000018 0.525240420873513 6.10558892849258
0.00799500000000017 0.560279808523512 6.10127228000238
0.00849500000000016 0.595319196173511 6.87469894441697
0.00899500000000015 0.630358583823511 6.74254804015596
0.00949500000000014 0.66539797147351 7.60997995500874
0.0099950000000003 0.700437359123521 7.51289576981712
0.0104950000000003 0.73547674677352 8.12929236196512
0.0109950000000003 0.770516134423519 8.30989338149231
0.0114950000000003 0.805555522073519 8.95078693572865
0.0119950000000003 0.840594909723518 8.86590085973676
0.0124950000000002 0.875634297373517 9.66841055005255
0.0129950000000002 0.910673685023517 9.70126385731462
0.0134950000000002 0.945713072673516 10.2459781375144
0.0139950000000002 0.980752460323515 10.3052320073894
0.0144950000000002 1.01579184797351 11.04114297722
0.0149950000000002 1.05083123562351 11.0568046567659
0.0154950000000002 1.08587062327351 11.6219966260757
0.0159950000000002 1.12091001092351 11.688400557184
0.0164950000000002 1.15594939857351 12.4097822137796
0.0169950000000003 1.19098878622352 12.3144556569282
0.0174950000000003 1.22602817387352 13.0520197918955
0.0179950000000003 1.26106756152352 13.0041136929488
0.0184950000000003 1.29610694917352 13.7033390200466
0.0189950000000003 1.33114633682352 13.7468213270426
0.0194950000000003 1.36618572447352 14.3198446445045
0.0199950000000003 1.40122511212352 14.3560753869127
0.0204950000000002 1.43626449977352 14.9905787231078
0.0209950000000002 1.47130388742352 15.0649342943882
0.0214950000000002 1.50634327507352 15.5825978701657
0.0219950000000002 1.54138266272352 15.6481902825206
0.0224950000000002 1.57642205037351 16.2507745948097
0.0229950000000002 1.61146143802351 16.324951659488
0.0234950000000002 1.64650082567351 16.8469970489416
0.0239950000000002 1.68154021332351 16.9687809592715
0.0244950000000002 1.71657960097351 17.5064442438774
0.0249950000000002 1.75161898862351 17.629173638212
0.0254950000000001 1.78665837627351 18.1439361336778
0.0259950000000001 1.82169776392351 18.2809427637709
0.0264950000000003 1.85673715157352 18.8326455555013
0.0269950000000003 1.89177653922352 18.974377608616
0.0274950000000003 1.92681592687352 19.4597807860602
0.0279950000000003 1.96185531452352 19.5661853388247
0.0284950000000003 1.99689470217352 19.9668806611086
0.0289950000000002 2.03193408982352 20.2187329166291
0.0294950000000002 2.06697347747352 20.5648459878658
0.0299950000000002 2.10201286512352 20.7846944718946
0.0304950000000002 2.13705225277351 21.2543111159383
0.0309950000000002 2.17209164042351 21.629578312687
0.0314950000000002 2.20713102807351 21.8813460809757
0.0319950000000002 2.24217041572351 22.1475180841742
0.0324950000000003 2.27720980337352 22.3349649029975
0.0329950000000002 2.31224919102351 22.6722021344157
0.0334950000000003 2.34728857867352 22.9572191101858
0.0339950000000003 2.38232796632352 23.3104262894421
0.0344950000000003 2.41736735397352 23.627938650981
0.0349950000000003 2.45240674162352 24.0356106309459
0.0354950000000003 2.48744612927352 24.2879224497152
0.0359950000000003 2.52248551692352 24.6730820366307
0.0364950000000003 2.55752490457352 24.7975273689943
0.0369950000000002 2.59256429222352 25.2406466282307
0.0374950000000002 2.62760367987352 25.2445033246246
0.0379950000000002 2.66264306752352 25.7636718533522
0.0384950000000002 2.69768245517351 25.8656845796761
0.0389950000000002 2.73272184282351 26.4304853667031
0.0394950000000002 2.76776123047351 26.5365280428562
0.0399950000000002 2.80280061812351 26.9922925772136
0.0404950000000002 2.83784000577351 27.0930055260765
0.0409950000000002 2.87287939342351 27.5455695651658
0.0414950000000002 2.90791878107351 27.6685940344694
0.0419950000000001 2.94295816872351 28.1416266474957
0.0424950000000001 2.97799755637351 28.3171595240804
0.0429950000000003 3.01303694402352 28.7954880916094
0.0434950000000003 3.04807633167352 28.8180427693224
0.0439950000000003 3.08311571932352 29.2359491394103
0.0444950000000003 3.11815510697352 29.3199594639787
0.0449950000000003 3.15319449462352 29.7645295766181
0.0454950000000002 3.18823388227352 29.8930144285456
0.0459950000000002 3.22327326992352 30.3781983530723
0.0464950000000002 3.25831265757351 30.5308688541714
0.0469950000000002 3.29335204522351 30.9260789044022
0.0474950000000002 3.32839143287351 31.1200506484041
0.0479950000000002 3.36343082052351 31.4897969487983
0.0484950000000002 3.39847020817351 31.7544575307142
0.0489950000000003 3.43350959582352 32.0586208228886
0.0494950000000003 3.46854898347352 32.3715159978971
0.0499950000000003 3.50358837112352 32.6370931209473
0.0504950000000003 3.53862775877352 32.8979083030117
0.0509950000000003 3.57366714642352 33.1388625305699
0.0514950000000003 3.60870653407352 33.4255379652919
0.0519950000000003 3.64374592172352 33.7062950458072
0.0524950000000003 3.67878530937352 33.9893992453127
0.0529950000000003 3.71382469702352 34.1839555939709
0.0534950000000002 3.74886408467352 34.5244333511969
0.0539950000000002 3.78390347232352 34.7556067776719
0.0544950000000002 3.81894285997352 35.1215466855167
0.0549950000000002 3.85398224762351 35.28555975351
0.0554950000000002 3.88902163527351 35.6442522137464
0.0559950000000002 3.92406102292351 35.8383396343948
0.0564950000000002 3.95910041057351 36.1994959382068
0.0569950000000002 3.99413979822351 36.4186900663777
0.0574950000000002 4.02917918587351 36.676214189504
0.0579950000000002 4.06421857352351 36.9197381537489
0.0584950000000001 4.09925796117351 37.2145709547976
0.0589950000000003 4.13429734882352 37.4170083316572
0.0594950000000003 4.16933673647352 37.7478482673834
0.0599950000000003 4.20437612412352 37.9642465755184
0.0604950000000003 4.23941551177352 38.3089200242762
0.0609950000000003 4.27445489942352 38.495856747583
0.0614950000000002 4.30949428707352 38.7923144043997
0.0619950000000002 4.34453367472352 39.0277269748241
0.0624950000000002 4.37957306237351 39.2770887078016
0.0629950000000002 4.41461245002351 39.5058809600632
0.0634950000000002 4.44965183767351 39.8076988927029
0.0639950000000002 4.48469122532351 39.973423904318
0.0644950000000002 4.51973061297351 40.2568912933824
0.0649950000000002 4.55477000062351 40.4908850134117
0.0654950000000003 4.58980938827352 40.8152992752552
0.0659950000000003 4.62484877592352 41.0287758147422
0.0664950000000003 4.65988816357352 41.3113429359379
0.0669950000000003 4.69492755122352 41.6045850166368
0.0674950000000003 4.72996693887352 41.83039400264
0.0679950000000003 4.76500632652352 42.0630728373649
0.0684950000000003 4.80004571417352 42.3525826161202
0.0689950000000003 4.83508510182352 42.6546101328211
0.0694950000000003 4.87012448947352 42.9168259508659
0.0699950000000002 4.90516387712352 43.1924257779606
0.0704950000000002 4.94020326477352 43.4687599978405
0.0709950000000002 4.97524265242351 43.7629560492384
0.0714950000000002 5.01028204007351 43.9565890726872
0.0719950000000002 5.04532142772351 44.1816129976708
0.0724950000000002 5.08036081537351 44.3577733460913
0.0729950000000002 5.11540020302351 44.6031344632808
0.0734950000000002 5.15043959067351 44.7900722206223
0.0739950000000002 5.18547897832351 45.0274448543601
0.0744950000000001 5.22051836597351 45.2373037410754
0.0749950000000003 5.25555775362352 45.4470534368199
0.0754950000000003 5.29059714127352 45.7070565752228
0.0759950000000003 5.32563652892352 45.9857689725634
0.0764950000000003 5.36067591657352 46.2658437437998
0.0769950000000003 5.39571530422352 46.5646435305817
0.0774950000000002 5.43075469187352 46.8615854430726
0.0779950000000002 5.46579407952352 47.0429799451307
0.0784950000000002 5.50083346717352 47.3404519466663
0.0789950000000002 5.53587285482351 47.5138927188819
0.0794950000000002 5.57091224247351 47.6880942283484
0.0799950000000002 5.60595163012351 47.8714712559627
0.0804950000000002 5.64099101777351 48.1029830829976
0.0809950000000002 5.67603040542351 48.2602771680765
0.0814950000000003 5.71106979307352 48.598273571632
0.0819950000000003 5.74610918072352 48.8391390318987
0.0824950000000003 5.78114856837352 49.1818337499638
0.0829950000000003 5.81618795602352 49.3838689315221
0.0834950000000003 5.85122734367352 49.6245042344893
0.0839950000000003 5.88626673132352 49.7358855429561
0.0844950000000003 5.92130611897352 49.8853801321091
0.0849950000000003 5.95634550662352 50.1370966252473
0.0854950000000003 5.99138489427352 50.4109469800353
0.0859950000000002 6.02642428192352 50.6844894628709
0.0864950000000002 6.06146366957352 50.9431486761681
0.0869950000000002 6.09650305722352 51.174763682206
0.0874950000000002 6.13154244487351 51.3770337355398
0.0879950000000002 6.16658183252351 51.5440687085463
0.0884950000000002 6.20162122017351 51.7248267679167
0.0889950000000002 6.23666060782351 51.9602091328673
0.0894950000000002 6.27169999547351 52.2077424038377
0.0899950000000002 6.30673938312351 52.4705256042779
0.0904950000000001 6.34177877077351 52.6502149769918
0.0909950000000003 6.37681815842352 52.7940092072261
0.0914950000000003 6.41185754607352 53.0334344730684
0.0919950000000003 6.44689693372352 53.2667235588305
0.0924950000000003 6.48193632137352 53.5250350275424
0.0929950000000003 6.51697570902352 53.7896366468883
0.0934950000000003 6.55201509667352 53.9570156903203
0.0939950000000002 6.58705448432352 54.1654009975101
0.0944950000000002 6.62209387197352 54.2708590251943
0.0949950000000002 6.65713325962352 54.5430432961166
0.0954950000000002 6.69217264727351 54.7653926659119
0.0959950000000002 6.72721203492351 55.0442864996933
0.0964950000000002 6.76225142257351 55.1987265340412
0.0969950000000002 6.79729081022351 55.4390603380976
0.0974950000000003 6.83233019787352 55.5786479379593
0.0979950000000003 6.86736958552352 55.8508079353531
0.0984950000000003 6.90240897317352 56.0284688351492
0.0989950000000003 6.93744836082352 56.262884216456
0.0994950000000003 6.97248774847352 56.4196675796522
0.0999950000000003 7.00752713612352 56.6292803802746
0.100495 7.04256652377352 56.7976437997748
0.100995 7.07760591142352 57.0764769659117
0.101495 7.11264529907352 57.2515890598438
0.101995 7.14768468672352 57.4302701430189
0.102495 7.18272407437352 57.6063046239809
0.102995 7.21776346202352 57.864433768128
0.103495 7.25280284967351 58.0662823777607
0.103995 7.28784223732351 58.2208176117256
0.104495 7.32288162497351 58.4285419479167
0.104995 7.35792101262351 58.6266130167722
0.105495 7.39296040027351 58.8555249786356
0.105995 7.42799978792351 58.9941406368431
0.106495 7.46303917557351 59.1497104899761
0.106995 7.49807856322352 59.3495408782282
0.107495 7.53311795087352 59.6366786358637
0.107995 7.56815733852352 59.7386714889009
0.108495 7.60319672617352 59.8958027287287
0.108995 7.63823611382352 60.1361368738445
0.109495 7.67327550147352 60.3760928133463
0.109995 7.70831488912352 60.5367834329139
0.110495 7.74335427677352 60.6845543056871
0.110995 7.77839366442352 60.8922378110814
0.111495 7.81343305207352 61.1009503799347
0.111995 7.84847243972351 61.2964117261293
0.112495 7.88351182737351 61.4096069900443
0.112995 7.91855121502352 61.6287573835594
0.113495 7.95359060267351 61.8109350857813
0.113995 7.98862999032352 61.9751343081576
0.114495 8.02366937797352 62.1401136194425
0.114995 8.05870876562352 62.364551357996
0.115495 8.09374815327352 62.543196852606
0.115995 8.12878754092352 62.7159153838885
0.116495 8.16382692857352 62.8564534883036
0.116995 8.19886631622352 63.1177043850318
0.117495 8.23390570387352 63.2975216862778
0.117995 8.26894509152352 63.3458301213911
0.118495 8.30398447917352 63.580436620327
0.118995 8.33902386682352 63.8319094430315
0.119495 8.37406325447352 63.9124920090126
0.119995 8.40910264212351 64.0632238932997
0.120495 8.44414202977351 64.4095072566061
0.120995 8.47918141742351 64.4184599969156
0.121495 8.51422080507351 64.6116152030871
0.121995 8.54926019272351 64.803980662878
0.122495 8.58429958037351 64.9626031106287
0.122995 8.61933896802351 65.060467293723
0.123495 8.65437835567352 65.3256964989869
0.123995 8.68941774332352 65.4617402966808
0.124495 8.72445713097352 65.5810044929661
0.124995 8.75949651862352 65.8137388936993
0.125495 8.79453590627352 65.9812092844307
0.125995 8.82957529392352 66.0017341370589
0.126495 8.86461468157352 66.303306268074
0.126995 8.89965406922352 66.516216664934
0.127495 8.93469345687351 66.5411421884664
0.127995 8.96973284452351 66.7928931827811
0.128495 9.00477223217351 66.9091314633847
0.128995 9.03981161982351 67.0472695707879
0.129495 9.07485100747352 67.304896019462
0.129995 9.10989039512351 67.4056512435325
0.130495 9.14492978277352 67.5490241542014
0.130995 9.17996917042352 67.7982882762087
0.131495 9.21500855807352 67.8240838075287
0.131995 9.25004794572352 68.0097270388894
0.132495 9.28508733337352 68.2151344232668
0.132995 9.32012672102352 68.3353458285532
0.133495 9.35516610867352 68.5127194275181
0.133995 9.39020549632352 68.6752684041945
0.134495 9.42524488397352 68.7992598517601
0.134995 9.46028427162352 68.9267655331367
0.135495 9.49532365927351 69.1007015618502
0.135995 9.53036304692352 69.2126120003369
0.136495 9.56540243457351 69.3648822461901
0.136995 9.60044182222351 69.563889036837
0.137495 9.63548120987351 69.6787897171896
0.137995 9.67052059752351 69.8272686062354
0.138495 9.70555998517351 69.965397624354
0.138995 9.74059937282352 70.0736723589889
0.139495 9.77563876047352 70.3046639397905
0.139995 9.81067814812352 70.3877406888152
0.140495 9.84571753577352 70.6144105353459
0.140995 9.88075692342352 70.6966441081827
0.141495 9.91579631107352 70.8435737678557
0.141995 9.95083569872352 70.9793327324337
0.142495 9.98587508637352 71.1111451207332
0.142995 10.0209144740235 71.3204392179247
0.143495 10.0559538616735 71.4283852696452
0.143995 10.0909932493235 71.5581753613162
0.144495 10.1260326369735 71.6621386466689
0.144995 10.1610720246235 71.8371798592143
0.145495 10.1961114122735 71.9529831750504
0.145995 10.2311507999235 72.0784665209757
0.146495 10.2661901875735 72.261574969502
0.146995 10.3012295752235 72.3302595789516
0.147495 10.3362689628735 72.5138094552453
0.147995 10.3713083505235 72.6381501638524
0.148495 10.4063477381735 72.777421443686
0.148995 10.4413871258235 72.8422789638121
0.149495 10.4764265134735 73.0357285264846
0.149995 10.5114659011235 73.0887677528873
0.150495 10.5465052887735 73.330504598698
0.150995 10.5815446764235 73.3901793869239
0.151495 10.6165840640735 73.5276022744345
0.151995 10.6516234517235 73.6385674479857
0.152495 10.6866628393735 73.7821954237664
0.152995 10.7217022270235 73.9071011599924
0.153495 10.7567416146735 74.0365376362853
0.153995 10.7917810023235 74.207122009631
0.154495 10.8268203899735 74.2988494133333
0.154995 10.8618597776235 74.422682554268
0.155495 10.8968991652735 74.5522290695604
0.155995 10.9319385529235 74.6254041883919
0.156495 10.9669779405735 74.7590179174009
0.156995 11.0020173282235 74.8800132763661
0.157495 11.0370567158735 75.0193104473342
0.157995 11.0720961035235 75.1258610332458
0.158495 11.1071354911735 75.3007830250349
0.158995 11.1421748788235 75.3560947980443
0.159495 11.1772142664735 75.4978784125274
0.159995 11.2122536541235 75.6123541394963
0.160495 11.2472930417735 75.7094531863338
0.160995 11.2823324294235 75.8340615445592
0.161495 11.3173718170735 75.9620499318089
0.161995 11.3524112047235 76.0829020294228
0.162495 11.3874505923735 76.1544278073927
0.162995 11.4224899800235 76.3208495334228
0.163495 11.4575293676735 76.4091717758421
0.163995 11.4925687553235 76.5510593343662
0.164495 11.5276081429735 76.6259873244407
0.164995 11.5626475306235 76.7594142277444
0.165495 11.5976869182735 76.8557999714389
0.165995 11.6327263059235 76.9626308155856
0.166495 11.6677656935735 77.0803092759328
0.166995 11.7028050812235 77.2007067938703
0.167495 11.7378444688735 77.3403505814927
0.167995 11.7728838565235 77.4037222653258
0.168495 11.8079232441735 77.4992842213806
0.168995 11.8429626318235 77.6146953226292
0.169495 11.8780020194735 77.7043173239671
0.169995 11.9130414071235 77.8091164227783
0.170495 11.9480807947735 77.9380216286924
0.170995 11.9831201824235 78.046828167858
0.171495 12.0181595700735 78.1403497780188
0.171995 12.0531989577235 78.2306947671195
0.172495 12.0882383453735 78.3281468041681
0.172995 12.1232777330235 78.4652425162187
0.173495 12.1583171206735 78.556203029456
0.173995 12.1933565083235 78.6846170200758
0.174495 12.2283958959735 78.7370140894963
0.174995 12.2634352836235 78.8238868324055
0.175495 12.2984746712735 78.9825807789394
0.175995 12.3335140589235 79.0746818128508
0.176495 12.3685534465735 79.2138449504362
0.176995 12.4035928342235 79.2621900636246
0.177495 12.4386322218735 79.3595976188578
0.177995 12.4736716095235 79.4569772779478
0.178495 12.5087109971735 79.5771231395621
0.178995 12.5437503848235 79.6461804919583
0.179495 12.5787897724735 79.7305650432886
0.179995 12.6138291601235 79.8544019795049
0.180495 12.6488685477735 80.0078527974316
0.180995 12.6839079354235 79.9811978376427
0.181495 12.7189473230735 80.1614932070238
0.181995 12.7539867107235 80.1995887151296
0.182495 12.7890260983735 80.2984519034169
0.182995 12.8240654860235 80.3761162563941
0.183495 12.8591048736735 80.4761581003885
0.183995 12.8941442613235 80.5950339074412
0.184495 12.9291836489735 80.6517168796855
0.184995 12.9642230366235 80.7375910838083
0.185495 12.9992624242735 80.9199639872839
0.185995 13.0343018119235 80.8502295328833
0.186495 13.0693411995735 81.0456829141993
0.186995 13.1043805872235 81.1034343086051
0.187495 13.1394199748735 81.1561130831408
0.187995 13.1744593625235 81.3752659713397
0.188495 13.2094987501735 81.3373406620377
0.188995 13.2445381378235 81.4457129026002
0.189495 13.2795775254735 81.6033284307928
0.189995 13.3146169131235 81.5890220297342
0.190495 13.3496563007735 81.802729529238
0.190995 13.3846956884235 81.8804377390198
0.191495 13.4197350760735 81.8298893103472
0.191995 13.4547744637235 82.0330346004716
0.192495 13.4898138513735 82.0051741138242
0.192995 13.5248532390235 82.1349182533563
0.193495 13.5598926266735 82.2762318639165
0.193995 13.5949320143235 82.2852823357083
0.194495 13.6299714019735 82.4230798460807
0.194995 13.6650107896235 82.4530639767638
0.195495 13.7000501772735 82.5147327263185
0.195995 13.7350895649235 82.6715160351488
0.196495 13.7701289525735 82.7422196149474
0.196995 13.8051683402235 82.8026283508293
0.197495 13.8402077278735 82.9029781114983
0.197995 13.8752471155235 82.9643182608843
0.198495 13.9102865031735 83.0076329819743
0.198995 13.9453258908235 83.1362406953119
0.199495 13.9803652784735 83.2389901535091
0.199995 14.0154046661235 83.2782788090889
0.200495 14.0504440537735 83.3900962140105
0.200995 14.0854834414235 83.4614980958883
0.201495 14.1205228290735 83.4848441415145
0.201995 14.1555622167235 83.6962115129903
0.202495 14.1906016043735 83.742311913547
0.202995 14.2256409920235 83.7880404507496
0.203495 14.2606803796735 83.8401692105673
0.203995 14.2957197673235 83.9491299056501
0.204495 14.3307591549735 83.9346397351366
0.204995 14.3657985426235 84.1020804555613
0.205495 14.4008379302735 84.1854907943131
0.205995 14.4358773179235 84.2694957609727
0.206495 14.4709167055735 84.3077299860078
0.206995 14.5059560932235 84.3848363441876
0.207495 14.5409954808735 84.402477184798
0.207995 14.5760348685235 84.5662720682043
0.208495 14.6110742561735 84.6358919983032
0.208995 14.6461136438235 84.7176372769718
0.209495 14.6811530314735 84.7579170432746
0.209995 14.7161924191235 84.8472433333633
0.210495 14.7512318067735 84.9141496992545
0.210995 14.7862711944235 85.0827459056433
0.211495 14.8213105820735 85.0579556585163
0.211995 14.8563499697235 85.1863334857192
0.212495 14.8913893573735 85.2027366747976
0.212995 14.9264287450235 85.2231798783164
0.213495 14.9614681326735 85.3780706576669
0.213995 14.9965075203235 85.442453642275
0.214495 15.0315469079735 85.5200180205496
0.214995 15.0665862956235 85.6615067298326
0.215495 15.1016256832735 85.7342184251403
0.215995 15.1366650709235 85.6857329467524
0.216495 15.1717044585735 85.7524538291185
0.216995 15.2067438462235 85.9025633156948
0.217495 15.2417832338735 85.9875159804394
0.217995 15.2768226215235 86.0110524244162
0.218495 15.3118620091735 86.0948125836625
0.218995 15.3469013968235 86.1662536406555
0.219495 15.3819407844735 86.3102172368273
0.219995 15.4169801721235 86.3236314177045
0.220495 15.4520195597735 86.3789385833054
0.220995 15.4870589474235 86.4037062813113
0.221495 15.5220983350735 86.5697049466034
0.221995 15.5571377227235 86.5635437113116
0.222495 15.5921771103735 86.6972675234394
0.222995 15.6272164980235 86.8142618526263
0.223495 15.6622558856735 86.8333304026683
0.223995 15.6972952733235 86.9119559385772
0.224495 15.7323346609735 86.9319787570677
0.224995 15.7673740486235 87.0291575435137
0.225495 15.8024134362735 87.1431157231303
0.225995 15.8374528239235 87.3300581930001
0.226495 15.8724922115735 87.30662983382
0.226995 15.9075315992235 87.3714963388123
0.227495 15.9425709868735 87.4657563374818
0.227995 15.9776103745235 87.5269799754723
0.228495 16.0126497621735 87.5706129815612
0.228995 16.0476891498235 87.5911834359017
0.229495 16.0827285374735 87.6313924179285
0.229995 16.1177679251235 87.897708951185
0.230495 16.1528073127735 87.7909047636051
0.230995 16.1878467004235 87.987689496784
0.231495 16.2228860880735 87.9777285121457
0.231995 16.2579254757235 87.9354550128616
0.232495 16.2929648633735 88.1469511557558
0.232995 16.3280042510235 88.2225480114402
0.233495 16.3630436386735 88.2888520012212
0.233995 16.3980830263235 88.4239470993923
0.234495 16.4331224139735 88.347171990588
0.234995 16.4681618016235 88.4035128371959
0.235495 16.5032011892735 88.5357522510943
0.235995 16.5382405769235 88.6220368498289
0.236495 16.5732799645735 88.8491586909368
0.236995 16.6083193522235 88.8256191302864
0.237495 16.6433587398735 88.9342679155308
0.237995 16.6783981275235 89.0085599012093
0.238495 16.7134375151735 88.9817928137587
0.238995 16.7484769028235 89.1605896236663
0.239495 16.7835162904735 89.130700539077
0.239995 16.8185556781235 89.1660641820334
0.240495 16.8535950657735 89.3861454842655
0.240995 16.8886344534235 89.3866752591749
0.241495 16.9236738410735 89.4490247880624
0.241995 16.9587132287235 89.5527788666544
0.242495 16.9937526163735 89.4992563160381
0.242995 17.0287920040235 89.600149652051
0.243495 17.0638313916735 89.6863533850462
0.243995 17.0988707793235 89.8799279706763
0.244495 17.1339101669735 89.8775504894916
0.244995 17.1689495546235 90.0266426033602
0.245495 17.2039889422735 90.0697787434503
0.245995 17.2390283299235 90.1620120692488
0.246495 17.2740677175735 90.2124190224275
0.246995 17.3091071052235 90.2321983413757
0.247495 17.3441464928735 90.4321660781791
0.247995 17.3791858805235 90.3392846389832
0.248495 17.4142252681735 90.4313600746958
0.248995 17.4492646558235 90.5752637849681
0.249495 17.4843040434735 90.6722615012858
0.249995 17.5193434311235 90.8503505070186
0.250495 17.5543828187735 90.8187626874298
0.250995 17.5894222064235 90.9274317291615
0.251495 17.6244615940735 90.93318313896
0.251995 17.6595009817235 90.9257391542818
0.252495 17.6945403693735 91.2470556912702
0.252995 17.7295797570235 91.1364400458864
0.253495 17.7646191446735 91.3144397855047
0.253995 17.7996585323235 91.4596512468744
0.254495 17.8346979199735 91.5057350647954
0.254995 17.8697373076235 91.6967250767811
0.255495 17.9047766952735 91.6933825663397
0.255995 17.9398160829235 91.7577470723999
0.256495 17.9748554705735 91.7135873164323
0.256995 18.0098948582235 91.8406544235355
0.257495 18.0449342458735 91.9030772981692
0.257995 18.0799736335235 91.9212606024241
0.258495 18.1150130211735 92.2025452885802
0.258995 18.1500524088235 92.3956554015705
0.259495 18.1850917964735 92.3625771089756
0.259995 18.2201311841235 92.3393735584809
0.260495 18.2551705717735 92.4163515040404
0.260995 18.2902099594235 92.4900951983415
0.261495 18.3252493470735 92.7680952855327
0.261995 18.3602887347235 92.6720309236987
0.262495 18.3953281223735 92.7798466544184
0.262995 18.4303675100235 92.8225619098831
0.263495 18.4654068976735 92.975438361562
0.263995 18.5004462853235 93.0398970097337
0.264495 18.5354856729735 93.3230176646027
0.264995 18.5705250606235 93.3770916086965
0.265495 18.6055644482735 93.1760452060878
0.265995 18.6406038359235 93.1806932141919
0.266495 18.6756432235735 93.4405380657749
0.266995 18.7106826112235 93.464597873293
0.267495 18.7457219988735 93.5988943217329
0.267995 18.7807613865235 93.680394295783
0.268495 18.8158007741735 93.7063417205551
0.268995 18.8508401618235 93.9070769891538
0.269495 18.8858795494735 93.7561525298286
0.269995 18.9209189371235 94.2005717113333
0.270495 18.9559583247735 94.3727620974596
0.270995 18.9909977124235 94.3428587519686
0.271495 19.0260371000735 94.4505106906743
0.271995 19.0610764877235 94.5309640072867
0.272495 19.0961158753735 94.4309757218068
0.272995 19.1311552630235 94.475736530036
0.273495 19.1661946506735 94.6657582929631
0.273995 19.2012340383235 94.7849301318329
0.274495 19.2362734259735 94.9465101123189
0.274995 19.2713128136235 95.0873575228047
0.275495 19.3063522012735 95.3571267837984
0.275995 19.3413915889235 95.3101602310485
0.276495 19.3764309765735 95.4624962598777
0.276995 19.4114703642235 95.6371534117331
0.277495 19.4465097518735 95.6176592453794
0.277995 19.4815491395235 95.8168514344739
0.278495 19.5165885271735 95.7925728619711
0.278995 19.5516279148235 95.8138872710558
0.279495 19.5866673024735 96.3202047944887
0.279995 19.6217066901235 96.0836049749533
0.280495 19.6567460777735 96.0433130705004
0.280995 19.6917854654235 96.2782883536453
0.281495 19.7268248530735 96.6361352121789
0.281995 19.7618642407235 96.8391244681507
0.282495 19.7969036283735 96.7233036731224
0.282995 19.8319430160235 97.0273553825084
0.283495 19.8669824036735 97.0528655972489
0.283995 19.9020217913235 97.0542413471373
0.284495 19.9370611789735 97.2621873800361
0.284995 19.9721005666235 97.1080105236256
0.285495 20.0071399542735 97.4913859104931
0.285995 20.0421793419235 97.7375879399299
0.286495 20.0772187295735 97.845176339393
0.286995 20.1122581172235 97.9254264405593
0.287495 20.1472975048735 97.8813389958492
0.287995 20.1823368925235 98.1196871443572
0.288495 20.2173762801735 97.9718422010056
0.288995 20.2524156678235 98.3686266635598
0.289495 20.2874550554735 98.396729580049
0.289995 20.3224944431235 98.7237770653281
0.290495 20.3575338307735 98.6410717569198
0.290995 20.3925732184235 98.6302794471897
0.291495 20.4276126060735 99.1256561195154
0.291995 20.4626519937235 99.1456431832814
0.292495 20.4976913813735 99.1697316397174
0.292995 20.5327307690235 99.4583296540775
0.293495 20.5677701566735 99.5652025620539
0.293995 20.6028095443235 99.9145812496688
0.294495 20.6378489319735 99.8049803261624
0.294995 20.6728883196235 99.9372784556675
0.295495 20.7079277072735 100.353871549256
0.295995 20.7429670949235 100.388676018145
0.296495 20.7780064825735 100.427322988312
0.296995 20.8130458702235 100.71101430293
0.297495 20.8480852578735 101.186842010893
0.297995 20.8831246455235 101.138574790227
0.298495 20.9181640331735 101.407950905514
0.298995 20.9532034208235 101.273861079587
0.299495 20.9882428084735 101.705342072105
0.299995 21.0232821961235 101.862248824965
0.300495 21.0583215837735 101.952546587215
0.300995 21.0933609714235 102.126624575389
0.301495 21.1284003590735 102.087884847888
0.301995 21.1634397467235 102.309484396539
0.302495 21.1984791343735 102.7796132365
0.302995 21.2335185220235 102.946971913833
0.303495 21.2685579096735 102.931988579263
0.303995 21.3035972973235 103.332032232692
0.304495 21.3386366849735 103.505591823269
0.304995 21.3736760726235 103.783115922297
0.305495 21.4087154602735 103.826708404219
0.305995 21.4437548479235 104.395476695425
0.306495 21.4787942355735 104.550631633093
0.306995 21.5138336232235 104.974504189509
0.307495 21.5488730108735 104.866846470851
0.307995 21.5839123985235 104.977203193802
0.308495 21.6189517861735 105.381996829619
0.308995 21.6539911738235 105.307539978844
0.309495 21.6890305614735 105.568876270752
0.309995 21.7240699491235 106.205503939923
0.310495 21.7591093367735 105.966317925768
0.310995 21.7941487244235 106.482870534222
0.311495 21.8291881120735 106.909978067106
0.311995 21.8642274997235 106.788215623316
0.312495 21.8992668873735 107.15309817686
0.312995 21.9343062750235 107.637806153146
0.313495 21.9693456626735 107.712661907989
0.313995 22.0043850503235 108.064029284118
0.314495 22.0394244379735 108.092256990335
0.314995 22.0744638256235 108.729866519994
0.315495 22.1095032132735 108.842208293731
0.315995 22.1445426009235 109.181016952923
0.316495 22.1795819885735 109.625295472533
0.316995 22.2146213762235 109.631068390963
0.317495 22.2496607638735 110.061760170775
0.317995 22.2847001515235 110.579585326293
0.318495 22.3197395391735 110.469861466029
0.318995 22.3547789268235 110.930124165072
0.319495 22.3898183144735 111.114894494313
0.319995 22.4248577021235 111.52653634034
0.320495 22.4598970897735 111.826653969377
0.320995 22.4949364774235 112.433251662061
0.321495 22.5299758650735 112.421436301976
0.321995 22.5650152527235 113.041710767734
0.322495 22.6000546403735 113.337926059392
0.322995 22.6350940280235 113.367965905658
0.323495 22.6701334156735 113.462106446922
0.323995 22.7051728033235 113.867132844632
0.324495 22.7402121909735 114.466656497422
0.324995 22.7752515786235 114.872414302832
0.325495 22.8102909662735 115.529584339632
0.325995 22.8453303539235 115.435083743079
0.326495 22.8803697415735 115.469034933131
0.326995 22.9154091292235 116.180287305325
0.327495 22.9504485168735 116.408194625381
0.327995 22.9854879045235 117.034652931182
0.328495 23.0205272921735 116.972673378633
0.328995 23.0555666798235 117.791512029896
0.329495 23.0906060674735 117.871116552277
0.329995 23.1256454551235 118.239342682753
0.330495 23.1606848427735 118.674629751668
0.330995 23.1957242304235 119.256579478743
0.331495 23.2307636180735 119.27979997116
0.331995 23.2658030057235 120.028739671357
0.332495 23.3008423933735 120.079383883522
0.332995 23.3358817810235 120.567947941577
0.333495 23.3709211686735 120.969135345137
0.333995 23.4059605563235 121.283957798723
0.334495 23.4409999439735 121.818354486991
0.334995 23.4760393316235 122.097040540553
0.335495 23.5110787192735 123.001003885878
0.335995 23.5461181069235 122.833498151346
0.336495 23.5811574945735 123.440279956347
0.336995 23.6161968822235 123.922903445698
0.337495 23.6512362698735 124.401824888411
0.337995 23.6862756575235 124.846375147834
0.338495 23.7213150451735 125.143799879366
0.338995 23.7563544328235 125.320940681274
0.339495 23.7913938204735 125.978310870192
0.339995 23.8264332081235 126.520766218276
0.340495 23.8614725957735 126.597662987841
0.340995 23.8965119834235 127.364967244108
0.341495 23.9315513710735 127.37936390496
0.341995 23.9665907587235 128.254381065033
0.342495 24.0016301463735 128.484633049539
0.342995 24.0366695340235 129.255837858647
0.343495 24.0717089216735 129.251822139029
0.343995 24.1067483093235 130.098959346543
0.344495 24.1417876969735 130.292620624515
0.344995 24.1768270846235 130.78207431405
0.345495 24.2118664722735 131.412522372478
0.345995 24.2469058599235 131.614575105189
0.346495 24.2819452475735 132.270062266411
0.346995 24.3169846352235 132.450299370661
0.347495 24.3520240228735 133.347402645194
0.347995 24.3870634105235 133.546201787855
0.348495 24.4221027981735 133.935435758161
0.348995 24.4571421858235 134.256803346692
0.349495 24.4921815734735 134.998844289353
0.349995 24.5272209611235 135.2093740026
0.350495 24.5622603487735 136.225674859032
0.350995 24.5972997364235 135.981001527416
0.351495 24.6323391240735 137.002548375115
0.351995 24.6673785117235 137.04086260737
0.352495 24.7024178993735 137.966919199216
0.352995 24.7374572870235 138.123845188386
0.353495 24.7724966746735 138.929504578727
0.353995 24.8075360623235 139.439089567787
0.354495 24.8425754499735 139.992198354423
0.354995 24.8776148376235 139.82060588474
0.355495 24.9126542252735 140.816945348308
0.355995 24.9476936129235 141.506391189689
0.356495 24.9827330005735 141.862458970281
0.356995 25.0177723882235 142.134829650051
0.357495 25.0528117758735 142.460711407425
0.357995 25.0878511635235 143.314936112336
0.358495 25.1228905511735 143.719929309733
0.358995 25.1579299388235 144.132562561379
0.359495 25.1929693264735 144.425593898175
0.359995 25.2280087141235 145.922237935044
0.360495 25.2630481017735 145.86742046474
0.360995 25.2980874894235 146.442758422027
0.361495 25.3331268770735 146.321650657439
0.361995 25.3681662647235 147.511276185613
0.362495 25.4032056523735 147.783146891816
0.362995 25.4382450400235 149.016399871487
0.363495 25.4732844276735 148.736874856432
0.363995 25.5083238153235 149.447021293519
0.364495 25.5433632029735 149.921626758516
0.364995 25.5784025906235 150.95079281236
0.365495 25.6134419782735 151.117372862656
0.365995 25.6484813659235 151.73445640955
0.366495 25.6835207535735 152.209044499085
0.366995 25.7185601412235 153.095743962554
0.367495 25.7535995288735 153.648194685523
0.367995 25.7886389165235 154.192093499601
0.368495 25.8236783041735 154.65433811189
0.368995 25.8587176918235 154.773261390569
0.369495 25.8937570794735 155.977096835081
0.369995 25.9287964671235 156.30625639973
0.370495 25.9638358547735 157.305438398868
0.370995 25.9988752424235 157.389871214172
0.371495 26.0339146300735 158.242624106676
0.371995 26.0689540177235 158.476456175515
0.372495 26.1039934053735 159.510047409693
0.372995 26.1390327930235 160.175937944426
0.373495 26.1740721806735 161.07421009332
0.373995 26.2091115683235 161.629842358916
0.374495 26.2441509559735 161.915510756733
0.374995 26.2791903436235 162.55508302808
0.375495 26.3142297312735 163.261213002999
0.375995 26.3492691189235 163.978994207599
0.376495 26.3843085065735 164.433454360407
0.376995 26.4193478942235 165.109390166348
0.377495 26.4543872818735 165.833864936919
0.377995 26.4894266695235 166.592563173252
0.378495 26.5244660571735 167.036941879686
0.378995 26.5595054448235 168.090122392292
0.379495 26.5945448324735 168.730936211767
0.379995 26.6295842201235 169.316383885878
0.380495 26.6646236077735 170.143734377049
0.380995 26.6996629954235 170.871593211938
0.381495 26.7347023830735 171.668287765866
0.381995 26.7697417707235 172.274989531208
0.382495 26.8047811583735 172.827867514353
0.382995 26.8398205460235 173.77871314751
0.383495 26.8748599336735 174.713335692449
0.383995 26.9098993213235 175.519107840394
0.384495 26.9449387089735 176.085255286049
0.384995 26.9799780966235 176.768636963827
0.385495 27.0150174842735 177.409831647214
0.385995 27.0500568719235 178.384495188589
0.386495 27.0850962595735 178.945451788512
0.386995 27.1201356472235 179.360158350182
0.387495 27.1551750348735 180.334219118757
0.387995 27.1902144225235 180.944268554844
0.388495 27.2252538101735 181.713370396968
0.388995 27.2602931978235 182.202348581607
0.389495 27.2953325854735 182.599237716499
0.389995 27.3303719731235 182.116387166294
0.390495 27.3654113607735 175.475536660739
0.390995 27.4004507484235 166.431705060771
0.391495 27.4354901360735 159.764679748035
0.391995 27.4705295237235 153.212970867873
0.392495 27.5055689113735 147.721721158341
0.392995 27.5406082990235 142.223964203606
0.393495 27.5756476866735 137.731116811088
0.393995 27.6106870743235 132.932549384961
0.394495 27.6457264619735 128.623843104839
0.394995 27.6807658496235 124.183521084267
0.395495 27.7158052372735 119.670753538121
0.395995 27.7508446249235 115.465711632932
0.396495 27.7858840125735 111.330223390568
0.396995 27.8209234002235 107.46579482361
0.397495 27.8559627878735 103.787442809647
0.397995 27.8910021755235 100.507910371581
0.398495 27.9260415631735 97.2658371506272
0.398995 27.9610809508235 94.284618865191
0.399495 27.9961203384735 91.2366306520237
0.399995 28.0311597261235 88.3034264180449
0.400495 28.0661991137735 85.57202444305
0.400995 28.1012385014235 82.8791990722242
0.401495 28.1362778890735 80.4092321388393
0.401995 28.1713172767235 78.0602890932121
0.402495 28.2063566643735 75.7409532929843
0.402995 28.2413960520235 73.4975621895812
0.403495 28.2764354396735 71.5070596088501
0.403995 28.3114748273235 69.490580615955
0.404495 28.3465142149735 67.7085686265778
0.404995 28.3815536026235 65.9982654584428
0.405495 28.4165929902735 64.442424487279
0.405995 28.4516323779235 62.9865943017752
0.406495 28.4866717655735 61.658081627185
0.406995 28.5217111532235 60.4628822221394
0.407495 28.5567505408735 59.3319069487202
0.407995 28.5917899285235 58.3063205176001
0.408495 28.6268293161735 57.3315174762755
0.408995 28.6618687038235 56.4617472893964
0.409495 28.6969080914735 55.620005139432
0.409995 28.7319474791235 54.8272731759427
0.410495 28.7669868667735 54.048157436258
0.410995 28.8020262544235 53.2953147743675
0.411495 28.8370656420735 52.5456181486345
0.411995 28.8721050297235 51.8046733568126
0.412495 28.9071444173735 51.0934176197027
0.412995 28.9421838050235 50.3808612444983
0.413495 28.9772231926735 49.6865839368485
0.413995 29.0122625803235 49.0286102616524
0.414495 29.0473019679735 48.3864490215297
0.414995 29.0823413556235 47.7617083823835
0.415495 29.1173807432735 47.1372467547153
0.415995 29.1524201309235 46.5123151461027
0.416495 29.1874595185735 45.8783248929855
0.416995 29.2224989062235 45.2389168334811
0.417495 29.2575382938735 44.5979612753021
0.417995 29.2925776815235 43.9741237100934
0.418495 29.3276170691735 43.3748641762149
0.418995 29.3626564568235 42.7988925341448
0.419495 29.3976958444735 42.2296947475776
0.419995 29.4327352321235 41.6665567333566
0.420495 29.4677746197735 41.1093820118339
0.420995 29.5028140074235 40.5540302445768
0.421495 29.5378533950735 40.0064231844071
0.421995 29.5728927827235 39.4624387663423
0.422495 29.6079321703735 38.9235580183866
0.422995 29.6429715580235 38.3859373884775
0.423495 29.6780109456735 37.8490040003134
0.423995 29.7130503333235 37.2646062869616
0.424495 29.7480897209735 36.6250830957983
0.424995 29.7831291086235 35.9495039711026
0.425495 29.8181684962735 35.2369463563816
0.425995 29.8532078839235 34.4843860949549
0.426495 29.8882472715735 33.6966851225812
0.426995 29.9232866592235 32.8656014293893
0.427495 29.9583260468735 32.0030162857066
0.427995 29.9933654345235 31.1044907356315
0.428495 30.0284048221735 30.1661355101525
0.428995 30.0634442098235 29.1891490279457
0.429495 30.0984835974735 28.1745179896926
0.429995 30.1335229851235 27.1222885396237
0.430495 30.1685623727735 26.0296873910907
0.430995 30.2036017604235 24.8957684573379
0.431495 30.2386411480735 23.7186432420376
0.431995 30.2736805357235 22.4973028067829
0.432495 30.3087199233735 21.2295412719332
0.432995 30.3437593110235 19.9148220579675
0.433495 30.3787986986735 18.550584109503
0.433995 30.4138380863235 17.135696485746
0.434495 30.4488774739735 15.6683646254425
0.434995 30.4839168616235 14.1885733537365
0.435495 30.5189562492735 12.7733020500256
0.435995 30.5539956369235 11.4235008713843
0.436495 30.5890350245735 10.0692227430008
0.436995 30.6240744122235 8.71698281792427
0.437495 30.6591137998735 7.3715001934506
0.437995 30.6941531875235 6.01840999574247
0.438495 30.7291925751735 4.66450460735374
0.438995 30.7642319628235 3.31173209112862
0.439495 30.7992713504735 1.96252820916695
0.439995 30.8343107381235 0.623003408334476
0.440495 30.8693501257735 -0.714717661649284
0.440995 30.9043895134235 -2.09706917053194
0.441495 30.9394289010735 -3.59852569010495
0.441995 30.9744682887235 -5.19713965145197
0.442495 31.0095076763735 -6.90376487564796
0.442995 31.0445470640235 -8.70090466467644
0.443495 31.0795864516735 -10.5905114422452
0.443995 31.1146258393235 -12.5665479182062
0.444495 31.1496652269735 -14.6316377869978
0.444995 31.1847046146235 -16.7846279768391
0.445495 31.2197440022735 -19.0132963421048
0.445995 31.2547833899235 -21.3181700576015
0.446495 31.2898227775735 -23.6869187392845
0.446995 31.3248621652235 -26.1186687026294
0.447495 31.3599015528735 -28.5816468288627
0.447995 31.3949409405235 -31.053356420559
0.448495 31.4299803281735 -33.4411444064752
0.448995 31.4650197158235 -35.6648667629915
0.449495 31.5000591034735 -35.6556432420542
0.449995 31.5350984911235 -28.6236864829952
0.450495 31.5701378787735 -22.758152671056
0.450995 31.6051772664235 -19.0044417140532
0.451495 31.6402166540735 -14.7560537525319
0.451995 31.6752560417235 -13.3105265777389
0.452495 31.7102954293735 -11.7276563313384
0.452995 31.7453348170235 -7.25222176894571
0.453495 31.7803742046735 -3.60192339317425
0.453995 31.8154135923235 -2.97174172604785
0.454495 31.8504529799735 -2.70331541938219
0.454995 31.8854923676235 -1.90588541011366
0.455495 31.9205317552735 -0.75101457822305
0.455995 31.9555711429235 -1.34608574565924
0.456495 31.9906105305735 -0.926784462713493
0.456995 32.0256499182235 -0.732230761342194
0.457495 32.0606893058735 -0.547162683758293
0.457995 32.0957286935235 0.103672430713909
0.458495 32.1307680811735 0.0950470958671851
0.458995 32.1658074688235 -0.331536407200323
0.459495 32.2008468564735 -0.473170949069319
0.459995 32.2358862441235 -0.650753104100273
0.460495 32.2709256317735 -1.50026928661887
0.460995 32.3059650194235 -2.3371306209436
0.461495 32.3410044070735 -3.09374050944166
0.461995 32.3760437947235 -3.33124152377008
0.462495 32.4110831823735 -3.36719046566086
0.462995 32.4461225700235 -3.10473131244385
0.463495 32.4811619576735 -2.87593275731159
0.463995 32.5162013453235 -2.82931843391193
0.464495 32.5512407329735 -3.02103661221432
0.464995 32.5862801206235 -2.85386119197995
0.465495 32.6213195082735 -2.81295261860169
0.465995 32.6563588959235 -1.98791646453242
0.466495 32.6913982835735 -1.41386914811568
0.466995 32.7264376712235 -0.643986014573934
0.467495 32.7614770588735 -0.288175733510218
0.467995 32.7965164465235 0.0438637929897366
0.468495 32.8315558341735 0.477878246720588
0.468995 32.8665952218235 0.7672011429987
0.469495 32.9016346094735 0.970415659340891
0.469995 32.9366739971235 1.29846568541666
0.470495 32.9717133847735 0.959916275646991
0.470995 33.0067527724235 0.769073767703832
0.471495 33.0417921600735 0.522953132831369
0.471995 33.0768315477235 0.300712058078729
0.472495 33.1118709353735 0.0314934822068228
0.472995 33.1469103230235 -0.255748806440671
0.473495 33.1819497106735 -0.629398360034137
0.473995 33.2169890983235 -0.663258958082665
0.474495 33.2520284859735 -0.847573737120574
0.474995 33.2870678736235 -0.880659679181209
0.475495 33.3221072612735 -1.0984019626868
0.475995 33.3571466489235 -1.32468851854992
0.476495 33.3921860365735 -1.4401806088163
0.476995 33.4272254242235 -1.76854660901401
0.477495 33.4622648118735 -1.936295120882
0.477995 33.4973041995235 -2.09634684961799
0.478495 33.5323435871735 -1.83350690816403
0.478995 33.5673829748235 -1.64133101456449
0.479495 33.6024223624735 -1.55577609467841
0.479995 33.6374617501235 -1.23962306756186
0.480495 33.6725011377735 -1.00797152317497
0.480995 33.7075405254235 -0.699591022275453
0.481495 33.7425799130735 -0.297270535786494
0.481995 33.7776193007235 -0.0416541458057389
0.482495 33.8126586883735 0.134161634106165
0.482995 33.8476980760235 0.392490776331405
0.483495 33.8827374636735 0.529326476988968
0.483995 33.9177768513235 0.539656440342761
0.484495 33.9528162389735 0.754041832162167
0.484995 33.9878556266235 0.766361280059208
0.485495 34.0228950142735 0.818376432685962
0.485995 34.0579344019235 0.444185194146942
0.486495 34.0929737895735 0.227552153016501
0.486995 34.1280131772235 0.0715083478986903
0.487495 34.1630525648735 0.0204990270776632
0.487995 34.1980919525235 0.0957345553988508
0.488495 34.2331313401735 0.124786179718744
0.488995 34.2681707278235 0.40081194719731
0.489495 34.3032101154735 0.538145456174318
0.489995 34.3382495031235 0.773839225878333
0.490495 34.3732888907735 0.807618213768867
0.490995 34.4083282784235 1.11134834230765
0.491495 34.4433676660735 1.32198983087445
0.491995 34.4784070537235 1.42590415597464
0.492495 34.5134464413735 1.6370382226778
0.492995 34.5484858290235 1.52910831271036
0.493495 34.5835252166735 1.56837911201584
0.493995 34.6185646043235 1.66162709738617
0.494495 34.6536039919735 1.83052791204571
0.494995 34.6886433796235 2.12293529197047
0.495495 34.7236827672735 2.1939592061254
0.495995 34.7587221549235 2.3243901136385
0.496495 34.7937615425735 2.41374915100138
0.496995 34.8288009302235 2.67972212903933
0.497495 34.8638403178735 2.89159029811402
0.497995 34.8988797055235 3.08927494782514
0.498495 34.9339190931735 3.33863484055146
0.498995 34.9689584808235 3.52507176006574
0.499495 35.0039978684735 3.34039326676942
0.499995 35.0390372561235 3.40252811681423
