# Fix print output for fix Step
0 0 0.70070874792621
0.000495000000000045 0.0410506433699311 0.85180833491052
0.000995000000000079 0.0825159397031939 0.967505462907971
0.00149500000000011 0.123981236036457 1.42859424138758
0.00199500000000001 0.165446532369708 1.69368557699892
0.00249499999999991 0.20691182870296 1.54960842421872
0.00299499999999994 0.248377125036222 1.96488796476036
0.00349499999999997 0.289842421369485 2.42317653157677
0.00399500000000001 0.331307717702748 2.28628659584872
0.00449500000000004 0.372773014036011 2.49817902313988
0.00499500000000008 0.414238310369274 2.99785164773555
0.00549500000000011 0.455703606702537 3.07630249367443
0.00599500000000001 0.497168903035788 3.1315222815968
0.0064949999999999 0.538634199369039 3.57772812611128
0.00699499999999994 0.580099495702302 3.83701855996743
0.00749499999999997 0.621564792035565 3.77380891129885
0.00799500000000001 0.663030088368828 4.08495307548996
0.00849500000000004 0.704495384702091 4.54147260515805
0.00899500000000007 0.745960681035353 4.47714464323317
0.00949500000000011 0.787425977368616 4.61794512869506
0.00999500000000014 0.828891273701879 5.19843370459195
0.010495 0.870356570035131 5.19051656036312
0.0109949999999999 0.911821866368382 5.16105847713636
0.011495 0.953287162701645 5.69422341318384
0.011995 0.994752459034908 5.92665729482567
0.012495 1.03621775536817 5.82983461206464
0.0129950000000001 1.07768305170143 6.17760097072097
0.0134950000000001 1.1191483480347 6.57022329134111
0.0139950000000001 1.16061364436796 6.5492984192738
0.014495 1.20207894070121 6.65237156947065
0.0149949999999999 1.24354423703446 7.08826211410012
0.015495 1.28500953336772 7.29846304740645
0.015995 1.32647482970099 7.27034173361298
0.016495 1.36794012603425 7.57526569990188
0.0169950000000001 1.40940542236751 7.91349335557567
0.0174950000000001 1.45087071870078 7.94119001385662
0.0179950000000001 1.49233601503404 8.08783840137599
0.018495 1.53380131136729 8.48289156254266
0.0189949999999999 1.57526660770054 8.6157879372869
0.019495 1.6167319040338 8.67989907731717
0.019995 1.65819720036707 8.97702123436408
0.020495 1.69966249670033 9.21012263032563
0.0209950000000001 1.74112779303359 9.26654390257881
0.0214950000000001 1.78259308936686 9.49771718638683
0.0219950000000001 1.82405838570012 9.80343542654353
0.022495 1.86552368203337 9.89093016743967
0.0229949999999999 1.90698897836662 9.99532954153275
0.023495 1.94845427469988 10.3068150879823
0.023995 1.98991957103315 10.5268596108773
0.024495 2.03138486736641 10.5878629366053
0.0249950000000001 2.07285016369967 10.7975841311464
0.0254950000000001 2.11431546003294 11.1197501901333
0.0259950000000001 2.1557807563662 11.2020980577049
0.026495 2.19724605269945 11.3260619388026
0.0269949999999999 2.2387113490327 11.6109398312461
0.027495 2.28017664536596 11.7765359964259
0.027995 2.32164194169923 11.8641132551995
0.028495 2.36310723803249 12.1137248559354
0.0289950000000001 2.40457253436575 12.3470935057317
0.0294950000000001 2.44603783069901 12.457014591153
0.0299950000000001 2.48750312703228 12.6549262903667
0.030495 2.52896842336553 12.8897881344301
0.0309949999999999 2.57043371969878 13.0110104475343
0.031495 2.61189901603204 13.1437475349783
0.031995 2.65336431236531 13.3799223991699
0.032495 2.69482960869857 13.6088612001876
0.0329950000000001 2.73629490503183 13.7548607518568
0.0334950000000001 2.7777602013651 13.9192483546597
0.0339950000000001 2.81922549769836 14.1184512414133
0.034495 2.86069079403161 14.25944155308
0.0349949999999999 2.90215609036486 14.382493497093
0.035495 2.94362138669812 14.5814708358798
0.035995 2.98508668303139 14.8129930511829
0.036495 3.02655197936465 14.9538836038079
0.0369950000000001 3.06801727569791 15.1669880969094
0.0374950000000001 3.10948257203117 15.3655228907069
0.0379950000000001 3.15094786836444 15.5046813325125
0.038495 3.19241316469769 15.6482483820548
0.0389949999999999 3.23387846103094 15.8472946370818
0.0394949999999999 3.2753437573642 16.0307374819964
0.039995 3.31680905369747 16.1902967667616
0.040495 3.35827435003073 16.3378939735605
0.0409950000000001 3.39973964636399 16.5502152745898
0.0414950000000001 3.44120494269725 16.6858312883609
0.0419950000000001 3.48267023903052 16.8355026380418
0.0424950000000002 3.52413553536378 17.025610289416
0.0429949999999999 3.56560083169702 17.1734371182808
0.0434949999999999 3.60706612803028 17.3221455263662
0.043995 3.64853142436355 17.5130952981889
0.044495 3.68999672069681 17.7329130055222
0.044995 3.73146201703007 17.8738304852222
0.0454950000000001 3.77292731336333 18.0354247473283
0.0459950000000001 3.8143926096966 18.2342067543072
0.0464950000000001 3.85585790602986 18.4305463827583
0.0469949999999999 3.8973232023631 18.5382676632692
0.0474949999999999 3.93878849869636 18.7127998506063
0.047995 3.98025379502963 18.8697937555785
0.048495 4.02171909136289 19.0215771678844
0.048995 4.06318438769615 19.1900007336558
0.0494950000000001 4.10464968402941 19.3546638806078
0.0499950000000001 4.14611498036268 19.5276623266705
0.0504950000000001 4.18758027669594 19.6755437032752
0.0509949999999999 4.22904557302918 19.8120091393671
0.0514949999999999 4.27051086936244 19.9912633114438
0.051995 4.31197616569571 20.1413973830565
0.052495 4.35344146202897 20.3175232389269
0.052995 4.39490675836223 20.4738732048955
0.0534950000000001 4.43637205469549 20.6362373185741
0.0539950000000001 4.47783735102876 20.8074977378877
0.0544950000000001 4.51930264736202 20.9563259957619
0.0549949999999999 4.56076794369526 21.1463956941645
0.0554949999999999 4.60223324002852 21.3254798229197
0.055995 4.64369853636178 21.4641554889202
0.056495 4.68516383269505 21.6445283515555
0.056995 4.72662912902831 21.8105184019322
0.0574950000000001 4.76809442536157 21.9604360358047
0.0579950000000001 4.80955972169484 22.1127167583582
0.0584950000000001 4.8510250180281 22.2788397524454
0.0589949999999999 4.89249031436134 22.4345117732183
0.0594949999999999 4.9339556106946 22.5846865766952
0.059995 4.97542090702786 22.7329342176679
0.060495 5.01688620336113 22.9061559780105
0.060995 5.05835149969439 23.0614614935158
0.0614950000000001 5.09981679602765 23.2042443038651
0.0619950000000001 5.14128209236092 23.3591411565586
0.0624950000000001 5.18274738869418 23.5089827039636
0.0629949999999999 5.22421268502742 23.6367592339524
0.0634949999999999 5.26567798136068 23.8001181991816
0.063995 5.30714327769394 23.9608213337896
0.064495 5.34860857402721 24.0998524841354
0.064995 5.39007387036047 24.2631129857526
0.0654950000000001 5.43153916669373 24.4321944703658
0.0659950000000001 5.473004463027 24.5643388000221
0.0664950000000001 5.51446975936026 24.6933142286411
0.066995 5.55593505569351 24.8921173644236
0.0674949999999999 5.59740035202676 25.0073977894916
0.067995 5.63886564836002 25.1314151742056
0.068495 5.68033094469329 25.2970955992804
0.068995 5.72179624102655 25.4294867978428
0.0694950000000001 5.76326153735981 25.5731281953791
0.0699950000000001 5.80472683369308 25.7406776935178
0.0704950000000001 5.84619213002634 25.863383919936
0.070995 5.88765742635959 26.0267613077766
0.0714949999999999 5.92912272269284 26.1533855371491
0.071995 5.9705880190261 26.285852786012
0.072495 6.01205331535937 26.4151701287319
0.072995 6.05351861169263 26.5667458705434
0.0734950000000001 6.09498390802589 26.7036758326377
0.0739950000000001 6.13644920435916 26.8326760215274
0.0744950000000001 6.17791450069242 26.9891512072733
0.0749950000000002 6.21937979702568 27.1314865807699
0.0754949999999999 6.26084509335892 27.2802598190041
0.075995 6.30231038969218 27.4348349689904
0.076495 6.34377568602545 27.5774192794082
0.076995 6.38524098235871 27.7184112591641
0.0774950000000001 6.42670627869197 27.8530264013493
0.0779950000000001 6.46817157502524 28.0024143395403
0.0784950000000001 6.5096368713585 28.1408226084343
0.078995 6.55110216769175 28.2688903265846
0.0794949999999999 6.592567464025 28.3951679440356
0.079995 6.63403276035826 28.5387065343224
0.080495 6.67549805669153 28.6567932035141
0.080995 6.71696335302479 28.8002237992016
0.0814950000000001 6.75842864935805 28.9436991533594
0.0819950000000001 6.79989394569131 29.1060293869253
0.0824950000000001 6.84135924202458 29.2437250106134
0.0829950000000002 6.88282453835784 29.3813727182947
0.0834949999999999 6.92428983469108 29.5306597217285
0.083995 6.96575513102434 29.6329105064487
0.084495 7.00722042735761 29.7487957708706
0.084995 7.04868572369087 29.8941308503267
0.0854950000000001 7.09015102002413 30.0223033419854
0.0859950000000001 7.13161631635739 30.1465396453891
0.0864950000000001 7.17308161269066 30.2869632033101
0.0869950000000002 7.21454690902392 30.4382023307689
0.0874949999999999 7.25601220535716 30.5595818991284
0.0879949999999999 7.29747750169042 30.7024008914743
0.088495 7.33894279802369 30.8251076219196
0.088995 7.38040809435695 30.9617378190681
0.089495 7.42187339069021 31.0310187245408
0.0899950000000001 7.46333868702347 31.1781141338242
0.0904950000000001 7.50480398335674 31.3394899195896
0.0909950000000002 7.54626927969 31.4586398513119
0.091495 7.58773457602325 31.5757935781035
0.091995 7.6291998723565 31.7294184818008
0.092495 7.67066516868977 31.8458176002442
0.092995 7.71213046502303 31.9377797228586
0.0934950000000001 7.75359576135629 32.0563317933254
0.0939950000000001 7.79506105768955 32.1895750960774
0.0944950000000001 7.83652635402282 32.3246663969543
0.0949950000000001 7.87799165035608 32.4548631510346
0.0954949999999999 7.91945694668932 32.594738736399
0.0959949999999999 7.96092224302258 32.7084176088663
0.096495 8.00238753935585 32.7840320921887
0.096995 8.04385283568911 32.9006216002168
0.097495 8.08531813202237 33.0597044126015
0.0979950000000001 8.12678342835563 33.1784874391879
0.0984950000000001 8.1682487246889 33.3015052742183
0.0989950000000002 8.20971402102216 33.4447972714871
0.099495 8.25117931735541 33.5519883089689
0.0999949999999999 8.29264461368866 33.6284509290714
0.100495 8.33410991002193 33.7782616166843
0.100995 8.37557520635519 33.9251639772856
0.101495 8.41704050268845 34.0223970754731
0.101995 8.45850579902171 34.1321858979938
0.102495 8.49997109535498 34.2465922500338
0.102995 8.54143639168824 34.3790152099909
0.103495 8.58290168802149 34.4833538922214
0.103995 8.62436698435474 34.5987359910481
0.104495 8.665832280688 34.7080539832508
0.104995 8.70729757702127 34.8069502270536
0.105495 8.74876287335453 34.9450402694041
0.105995 8.79022816968779 35.0921674732314
0.106495 8.83169346602106 35.1864491122775
0.106995 8.87315876235432 35.2771691670624
0.107495 8.91462405868757 35.396154799201
0.107995 8.95608935502082 35.5369732684897
0.108495 8.99755465135408 35.6335895535306
0.108995 9.03901994768735 35.7133510782068
0.109495 9.08048524402061 35.8338873645502
0.109995 9.12195054035387 35.9743929347038
0.110495 9.16341583668714 36.0756367469231
0.110995 9.2048811330204 36.1806173662295
0.111495 9.24634642935365 36.2701604438467
0.111995 9.2878117256869 36.3882173703816
0.112495 9.32927702202016 36.5152605514303
0.112995 9.37074231835343 36.6114267606785
0.113495 9.41220761468669 36.711598868441
0.113995 9.45367291101995 36.8096512647392
0.114495 9.49513820735322 36.9276056393724
0.114995 9.53660350368648 37.0294299757259
0.115495 9.57806880001973 37.1449082838074
0.115995 9.61953409635298 37.2520757764918
0.116495 9.66099939268624 37.3571509922551
0.116995 9.70246468901951 37.4512451594119
0.117495 9.74392998535277 37.5613970903533
0.117995 9.78539528168603 37.6808069164672
0.118495 9.8268605780193 37.7817644853926
0.118995 9.86832587435256 37.8406535632228
0.119495 9.90979117068581 37.9561935699709
0.119995 9.95125646701906 38.0698085988428
0.120495 9.99272176335232 38.177360449412
0.120995 10.0341870596856 38.2828730136073
0.121495 10.0756523560188 38.365008607405
0.121995 10.1171176523521 38.4577182687022
0.122495 10.1585829486854 38.5681501502821
0.122995 10.2000482450186 38.6640315526812
0.123495 10.2415135413519 38.7405398750432
0.123995 10.2829788376851 38.872043260208
0.124495 10.3244441340184 38.9677769701801
0.124995 10.3659094303517 39.0429920825371
0.125495 10.4073747266849 39.1524990389455
0.125995 10.4488400230182 39.2629764673367
0.126495 10.4903053193515 39.3359971942203
0.126995 10.5317706156847 39.4432259164183
0.127495 10.573235912018 39.5325802136858
0.127995 10.6147012083512 39.6254338605107
0.128495 10.6561665046845 39.7286552229392
0.128995 10.6976318010177 39.8197795491654
0.129495 10.739097097351 39.9169336092911
0.129995 10.7805623936843 39.9932202077414
0.130495 10.8220276900175 40.10862731998
0.130995 10.8634929863508 40.1857342489418
0.131495 10.9049582826841 40.2904491934339
0.131995 10.9464235790173 40.3667552680231
0.132495 10.9878888753506 40.4702697529319
0.132995 11.0293541716838 40.5575173824854
0.133495 11.0708194680171 40.6255579567613
0.133995 11.1122847643504 40.7351706676475
0.134495 11.1537500606836 40.8284495809081
0.134995 11.1952153570169 40.9118038786741
0.135495 11.2366806533501 41.0084750176361
0.135995 11.2781459496834 41.1075294089798
0.136495 11.3196112460166 41.1746786574073
0.136995 11.3610765423499 41.273378158812
0.137495 11.4025418386832 41.3546547397455
0.137995 11.4440071350164 41.4470530154828
0.138495 11.4854724313497 41.5170930963141
0.138995 11.526937727683 41.5933735155447
0.139495 11.5684030240162 41.6878588696133
0.139995 11.6098683203495 41.7938766557613
0.140495 11.6513336166827 41.8528464643089
0.140995 11.692798913016 41.9500001532898
0.141495 11.7342642093492 42.0215525085831
0.141995 11.7757295056825 42.1102867228452
0.142495 11.8171948020158 42.1914756243941
0.142995 11.858660098349 42.2771407426924
0.143495 11.9001253946823 42.3865370783169
0.143995 11.9415906910156 42.4209353294364
0.144495 11.9830559873488 42.5155688018951
0.144995 12.0245212836821 42.6097269040197
0.145495 12.0659865800153 42.6729453687748
0.145995 12.1074518763486 42.7677824466457
0.146495 12.1489171726819 42.8284298440457
0.146995 12.1903824690151 42.938186331568
0.147495 12.2318477653484 43.0085123828441
0.147995 12.2733130616816 43.0647832337713
0.148495 12.3147783580149 43.1668028778473
0.148995 12.3562436543481 43.2324964683718
0.149495 12.3977089506814 43.3041690646846
0.149995 12.4391742470147 43.3818404491999
0.150495 12.4806395433479 43.482461836848
0.150995 12.5221048396812 43.5437224431115
0.151495 12.5635701360145 43.6063462712975
0.151995 12.6050354323477 43.6837107081091
0.152495 12.646500728681 43.7689711921146
0.152995 12.6879660250142 43.8130170367472
0.153495 12.7294313213475 43.8927846592865
0.153995 12.7708966176808 43.9966294808272
0.154495 12.812361914014 44.0574826886965
0.154995 12.8538272103473 44.1162596782193
0.155495 12.8952925066805 44.2092104583
0.155995 12.9367578030138 44.2662024230899
0.156495 12.9782230993471 44.3360574564895
0.156995 13.0196883956803 44.4044921880684
0.157495 13.0611536920136 44.4956280102027
0.157995 13.1026189883468 44.5618187593566
0.158495 13.1440842846801 44.6313293937432
0.158995 13.1855495810134 44.6793251005375
0.159495 13.2270148773466 44.7614767055253
0.159995 13.2684801736799 44.8212645199557
0.160495 13.3099454700131 44.89275606634
0.160995 13.3514107663464 44.9800857375829
0.161495 13.3928760626796 45.0471540296933
0.161995 13.4343413590129 45.1087483410713
0.162495 13.4758066553462 45.1524763046866
0.162995 13.5172719516794 45.2509339865881
0.163495 13.5587372480127 45.2846581002661
0.163995 13.600202544346 45.3718532108416
0.164495 13.6416678406792 45.4250821270653
0.164995 13.6831331370125 45.5113973791371
0.165495 13.7245984333457 45.5399871504189
0.165995 13.766063729679 45.6331781455725
0.166495 13.8075290260123 45.6911418557513
0.166995 13.8489943223455 45.7768092157252
0.167495 13.8904596186788 45.8206480777475
0.167995 13.931924915012 45.8700123337424
0.168495 13.9733902113453 45.9619545915966
0.168995 14.0148555076785 46.0006059549215
0.169495 14.0563208040118 46.083083176849
0.169995 14.0977861003451 46.1320338115362
0.170495 14.1392513966783 46.2020764185774
0.170995 14.1807166930116 46.2640992114695
0.171495 14.2221819893449 46.3128491685442
0.171995 14.2636472856781 46.3990258811278
0.172495 14.3051125820114 46.4212318235827
0.172995 14.3465778783446 46.5175904198042
0.173495 14.3880431746779 46.5370273008474
0.173995 14.4295084710112 46.6359472307651
0.174495 14.4709737673444 46.6640691363326
0.174995 14.5124390636777 46.7349605727312
0.175495 14.5539043600109 46.7851003801089
0.175995 14.5953696563442 46.8390166156163
0.176495 14.6368349526775 46.8987454185545
0.176995 14.6783002490107 46.959103226467
0.177495 14.719765545344 47.0272905725202
0.177995 14.7612308416772 47.0670163459423
0.178495 14.8026961380105 47.1262766923141
0.178995 14.8441614343438 47.2022004057971
0.179495 14.885626730677 47.2410612211757
0.179995 14.9270920270103 47.3193468318629
0.180495 14.9685573233435 47.3600979058213
0.180995 15.0100226196768 47.4300293346499
0.181495 15.05148791601 47.443789945718
0.181995 15.0929532123433 47.5250762935753
0.182495 15.1344185086766 47.5774374806192
0.182995 15.1758838050098 47.6371516608428
0.183495 15.2173491013431 47.6887181638205
0.183995 15.2588143976763 47.7364384466696
0.184495 15.3002796940096 47.7917610212075
0.184995 15.3417449903429 47.8295746584477
0.185495 15.3832102866761 47.899396967423
0.185995 15.4246755830094 47.9238522317443
0.186495 15.4661408793427 48.004482786633
0.186995 15.5076061756759 48.0409109215128
0.187495 15.5490714720092 48.0998152696539
0.187995 15.5905367683424 48.1582980118682
0.188495 15.6320020646757 48.1813892800643
0.188995 15.673467361009 48.2726468275322
0.189495 15.7149326573422 48.305896935455
0.189995 15.7563979536755 48.3575007832084
0.190495 15.7978632500087 48.426513753829
0.190995 15.839328546342 48.4491850529413
0.191495 15.8807938426753 48.4982195239894
0.191995 15.9222591390085 48.5643345586202
0.192495 15.9637244353418 48.5995763612086
0.192995 16.005189731675 48.6591091081717
0.193495 16.0466550280083 48.698015194499
0.193995 16.0881203243415 48.7242176831419
0.194495 16.1295856206748 48.8012012881556
0.194995 16.1710509170081 48.8553585330636
0.195495 16.2125162133413 48.8651071187381
0.195995 16.2539815096746 48.9798367807516
0.196495 16.2954468060079 48.9737113370903
0.196995 16.3369121023411 49.050959884308
0.197495 16.3783773986744 49.0845400044011
0.197995 16.4198426950076 49.1126366544854
0.198495 16.4613079913409 49.1614346220291
0.198995 16.5027732876742 49.2276780712453
0.199495 16.5442385840074 49.2561974792011
0.199995 16.5857038803407 49.3330349160807
0.200495 16.6271691766739 49.3814906483502
0.200995 16.6686344730072 49.4199894669239
0.201495 16.7100997693404 49.4539682767667
0.201995 16.7515650656737 49.5135948528719
0.202495 16.793030362007 49.5362881809179
0.202995 16.8344956583402 49.6027736443045
0.203495 16.8759609546735 49.6603026072979
0.203995 16.9174262510068 49.6866225869969
0.204495 16.95889154734 49.7176165796828
0.204995 17.0003568436733 49.7863059942605
0.205495 17.0418221400065 49.8093254638353
0.205995 17.0832874363398 49.8575634561816
0.206495 17.1247527326731 49.9170268532103
0.206995 17.1662180290063 49.9525127744903
0.207495 17.2076833253396 49.9960540416526
0.207995 17.2491486216728 50.0656672269947
0.208495 17.2906139180061 50.1031746106287
0.208995 17.3320792143393 50.1255243658015
0.209495 17.3735445106726 50.1746426788947
0.209995 17.4150098070059 50.2224996258428
0.210495 17.4564751033391 50.2680289316171
0.210995 17.4979403996724 50.2956172135778
0.211495 17.5394056960057 50.3524050059668
0.211995 17.5808709923389 50.3977130377529
0.212495 17.6223362886722 50.4370278690406
0.212995 17.6638015850054 50.4996797516522
0.213495 17.7052668813387 50.5329729575953
0.213995 17.7467321776719 50.5977430740483
0.214495 17.7881974740052 50.5838978411301
0.214995 17.8296627703385 50.6734957252659
0.215495 17.8711280666717 50.7073709484387
0.215995 17.912593363005 50.7324612252771
0.216495 17.9540586593383 50.7840177562835
0.216995 17.9955239556715 50.8427169242307
0.217495 18.0369892520048 50.8600932134387
0.217995 18.078454548338 50.9010417330789
0.218495 18.1199198446713 50.9785969833388
0.218995 18.1613851410046 51.0558591708414
0.219495 18.2028504373378 51.0110774693159
0.219995 18.2443157336711 51.0813915637385
0.220495 18.2857810300043 51.1396745752522
0.220995 18.3272463263376 51.1628204698781
0.221495 18.3687116226709 51.1784077138196
0.221995 18.4101769190041 51.2817673777576
0.222495 18.4516422153374 51.2815561056171
0.222995 18.4931075116706 51.3821914858106
0.223495 18.5345728080039 51.367463290626
0.223995 18.5760381043372 51.4238087413225
0.224495 18.6175034006704 51.4712321887988
0.224995 18.6589686970037 51.5134210538478
0.225495 18.7004339933369 51.5461670665117
0.225995 18.7418992896702 51.591684550741
0.226495 18.7833645860035 51.6198550462439
0.226995 18.8248298823367 51.6744200720108
0.227495 18.86629517867 51.7128803143516
0.227995 18.9077604750032 51.7813794992551
0.228495 18.9492257713365 51.8347165073929
0.228995 18.9906910676698 51.849702244906
0.229495 19.032156364003 51.9030210508106
0.229995 19.0736216603363 51.9578276606261
0.230495 19.1150869566695 51.9673058618879
0.230995 19.1565522530028 52.0107694154281
0.231495 19.1980175493361 52.0627170068864
0.231995 19.2394828456693 52.1156499509567
0.232495 19.2809481420026 52.1129641454445
0.232995 19.3224134383358 52.1471394867276
0.233495 19.3638787346691 52.2297923459681
0.233995 19.4053440310023 52.2461209509788
0.234495 19.4468093273356 52.2713655796173
0.234995 19.4882746236689 52.3504035328188
0.235495 19.5297399200021 52.4037222315882
0.235995 19.5712052163354 52.4515041626042
0.236495 19.6126705126687 52.4911181429232
0.236995 19.6541358090019 52.4880560388024
0.237495 19.6956011053352 52.5617944815602
0.237995 19.7370664016684 52.6211510731171
0.238495 19.7785316980017 52.6449792460022
0.238995 19.8199969943349 52.6954782120103
0.239495 19.8614622906682 52.7677154418128
0.239995 19.9029275870015 52.8008513700248
0.240495 19.9443928833347 52.8205165072172
0.240995 19.985858179668 52.872939303488
0.241495 20.0273234760013 52.8948915825264
0.241995 20.0687887723345 52.9370300275762
0.242495 20.1102540686678 53.0233143200545
0.242995 20.151719365001 53.0806700958404
0.243495 20.1931846613343 53.0636276986844
0.243995 20.2346499576675 53.119770917164
0.244495 20.2761152540008 53.1599693054285
0.244995 20.3175805503341 53.1968551816228
0.245495 20.3590458466673 53.2572980987048
0.245995 20.4005111430006 53.3391863736828
0.246495 20.4419764393338 53.338136027193
0.246995 20.4834417356671 53.3841344413288
0.247495 20.5249070320004 53.399235866793
0.247995 20.5663723283336 53.4897462863769
0.248495 20.6078376246669 53.5188077425016
0.248995 20.6493029210001 53.5927114954791
0.249495 20.6907682173334 53.603826170255
0.249995 20.7322335136667 53.5959373278232
0.250495 20.7736988099999 53.7748251488257
0.250995 20.8151641063332 53.7839957050466
0.251495 20.8566294026664 53.7349282805562
0.251995 20.8980946989997 53.8080324141954
0.252495 20.939559995333 53.9106956277289
0.252995 20.9810252916662 53.9398960046135
0.253495 21.0224905879995 54.0135888268901
0.253995 21.0639558843328 53.9902236952191
0.254495 21.105421180666 54.0819802636625
0.254995 21.1468864769993 54.1361320334423
0.255495 21.1883517733325 54.1694182447624
0.255995 21.2298170696658 54.2244395503098
0.256495 21.271282365999 54.2698593443039
0.256995 21.3127476623323 54.3298446866224
0.257495 21.3542129586656 54.4093024666525
0.257995 21.3956782549988 54.409616808375
0.258495 21.4371435513321 54.409254013571
0.258995 21.4786088476653 54.5004854672388
0.259495 21.5200741439986 54.4964623635065
0.259995 21.5615394403319 54.6363799650313
0.260495 21.6030047366651 54.6341540549191
0.260995 21.6444700329984 54.6649990336471
0.261495 21.6859353293317 54.7184805329481
0.261995 21.7274006256649 54.7857054123542
0.262495 21.7688659219982 54.8407714888329
0.262995 21.8103312183314 54.8036908587015
0.263495 21.8517965146647 54.8541850101285
0.263995 21.8932618109979 55.0015502400169
0.264495 21.9347271073312 55.0253231116049
0.264995 21.9761924036645 55.0966454302179
0.265495 22.0176576999977 55.1995725777901
0.265995 22.059122996331 55.2000075781363
0.266495 22.1005882926643 55.2601349285672
0.266995 22.1420535889975 55.3238749242065
0.267495 22.1835188853308 55.3364287076549
0.267995 22.224984181664 55.4905681132772
0.268495 22.2664494779973 55.4387692896102
0.268995 22.3079147743305 55.4675878339822
0.269495 22.3493800706638 55.5534005319177
0.269995 22.3908453669971 55.531346702999
0.270495 22.4323106633303 55.6274962477978
0.270995 22.4737759596636 55.7306607088524
0.271495 22.5152412559968 55.7684369987416
0.271995 22.5567065523301 55.8395222876089
0.272495 22.5981718486634 55.9925620068971
0.272995 22.6396371449966 55.9627153128575
0.273495 22.6811024413299 55.9191956836613
0.273995 22.7225677376632 56.1080165545224
0.274495 22.7640330339964 56.0996496053731
0.274995 22.8054983303297 56.1829243204324
0.275495 22.8469636266629 56.2440488344095
0.275995 22.8884289229962 56.3498822904603
0.276495 22.9298942193294 56.321059765664
0.276995 22.9713595156627 56.4849868841846
0.277495 23.012824811996 56.4493683412223
0.277995 23.0542901083292 56.6004510630529
0.278495 23.0957554046625 56.6096787708865
0.278995 23.1372207009957 56.6264157478039
0.279495 23.178685997329 56.7773402309153
0.279995 23.2201512936623 56.8346201879616
0.280495 23.2616165899955 56.8092031239826
0.280995 23.3030818863288 56.9024154532624
0.281495 23.3445471826621 56.9780695928122
0.281995 23.3860124789953 57.0843751240594
0.282495 23.4274777753286 57.1035839316647
0.282995 23.4689430716618 57.2395488945638
0.283495 23.5104083679951 57.2871865817241
0.283995 23.5518736643283 57.2748564865734
0.284495 23.5933389606616 57.4639523091129
0.284995 23.6348042569949 57.5322961965482
0.285495 23.6762695533281 57.595274187124
0.285995 23.7177348496614 57.6137381832837
0.286495 23.7592001459947 57.7613636381959
0.286995 23.8006654423279 57.8068832674531
0.287495 23.8421307386612 57.8311796578468
0.287995 23.8835960349944 57.9675422129736
0.288495 23.9250613313277 58.0085784578295
0.288995 23.9665266276609 58.0450821388801
0.289495 24.0079919239942 58.1700895062492
0.289995 24.0494572203275 58.1804684470498
0.290495 24.0909225166607 58.3278412553145
0.290995 24.132387812994 58.3659603851878
0.291495 24.1738531093273 58.5149466833424
0.291995 24.2153184056605 58.6589008338866
0.292495 24.2567837019938 58.6578110914455
0.292995 24.298248998327 58.785978743839
0.293495 24.3397142946603 58.8433574311752
0.293995 24.3811795909936 58.9773901348802
0.294495 24.4226448873268 59.1289075340759
0.294995 24.4641101836601 59.1750339548843
0.295495 24.5055754799933 59.3202581533813
0.295995 24.5470407763266 59.2687025725292
0.296495 24.5885060726598 59.4831658477684
0.296995 24.6299713689931 59.5501323085625
0.297495 24.6714366653264 59.551515572576
0.297995 24.7129019616596 59.753870855028
0.298495 24.7543672579929 59.7564416813059
0.298995 24.7958325543262 60.0404526403922
0.299495 24.8372978506594 60.0741441787823
0.299995 24.8787631469927 60.1593668132904
0.300495 24.9202284433259 60.3343991744718
0.300995 24.9616937396592 60.4001886401887
0.301495 25.0031590359925 60.6033324537083
0.301995 25.0446243323257 60.6753985936463
0.302495 25.086089628659 60.6439754181418
0.302995 25.1275549249922 60.822207781758
0.303495 25.1690202213255 60.9672454769322
0.303995 25.2104855176587 61.0881395690349
0.304495 25.251950813992 61.12259467851
0.304995 25.2934161103253 61.2370263827917
0.305495 25.3348814066585 61.4590899236725
0.305995 25.3763467029918 61.4443283280698
0.306495 25.4178119993251 61.7695812052453
0.306995 25.4592772956583 61.8602821141527
0.307495 25.5007425919916 61.950220407837
0.307995 25.5422078883248 62.1341408273018
0.308495 25.5836731846581 62.2203947796248
0.308995 25.6251384809913 62.3600446973336
0.309495 25.6666037773246 62.5889983244948
0.309995 25.7080690736579 62.6911467497219
0.310495 25.7495343699911 62.8348660910399
0.310995 25.7909996663244 62.6837138384432
0.311495 25.8324649626577 63.0981809258696
0.311995 25.8739302589909 63.2476087267338
0.312495 25.9153955553242 63.3722500203361
0.312995 25.9568608516574 63.4655914478972
0.313495 25.9983261479907 63.6686898946751
0.313995 26.039791444324 63.8637906113669
0.314495 26.0812567406572 63.9564238356727
0.314995 26.1227220369905 64.0984758440648
0.315495 26.1641873333237 64.2583260525608
0.315995 26.205652629657 64.5188511854016
0.316495 26.2471179259903 64.6870048625986
0.316995 26.2885832223235 64.7361252119753
0.317495 26.3300485186568 64.9402684467874
0.317995 26.37151381499 65.1982804459286
0.318495 26.4129791113233 65.3420037282579
0.318995 26.4544444076566 65.5464888998718
0.319495 26.4959097039898 65.6036708781411
0.319995 26.5373750003231 65.9113711087811
0.320495 26.5788402966563 66.0799285263615
0.320995 26.6203055929896 66.3756817811646
0.321495 26.6617708893228 66.4357153061581
0.321995 26.7032361856561 66.670754003426
0.322495 26.7447014819894 66.9191266681818
0.322995 26.7861667783226 67.0544628726701
0.323495 26.8276320746559 67.2136415426128
0.323995 26.8690973709892 67.3031687799567
0.324495 26.9105626673224 67.6995096774623
0.324995 26.9520279636557 67.8016719911221
0.325495 26.9934932599889 68.0214401068001
0.325995 27.0349585563222 68.2258011294326
0.326495 27.0764238526555 68.4688383343881
0.326995 27.1178891489887 68.7627063743064
0.327495 27.159354445322 68.7631037856963
0.327995 27.2008197416552 69.166213853638
0.328495 27.2422850379885 69.2738689520356
0.328995 27.2837503343217 69.5276236674413
0.329495 27.325215630655 69.6851840154634
0.329995 27.3666809269883 69.9952822325706
0.330495 27.4081462233215 70.1047872011475
0.330995 27.4496115196548 70.4835307713941
0.331495 27.4910768159881 70.6945773284619
0.331995 27.5325421123213 70.810480909234
0.332495 27.5740074086546 71.1473560790753
0.332995 27.6154727049878 71.3826161045526
0.333495 27.6569380013211 71.4878792657104
0.333995 27.6984032976544 71.8464572017824
0.334495 27.7398685939876 72.0524913398169
0.334995 27.7813338903209 72.3400831716814
0.335495 27.8227991866541 72.4614399997265
0.335995 27.8642644829874 72.6488373325205
0.336495 27.9057297793206 72.9965449604923
0.336995 27.9471950756539 73.2085102963839
0.337495 27.9886603719872 73.442477380652
0.337995 28.0301256683204 73.8881726629583
0.338495 28.0715909646537 73.8452447630723
0.338995 28.113056260987 74.229360652335
0.339495 28.1545215573202 74.5985747503114
0.339995 28.1959868536535 74.706251986813
0.340495 28.2374521499867 75.0765808330349
0.340995 28.27891744632 75.421071889621
0.341495 28.3203827426532 75.4830677058773
0.341995 28.3618480389865 75.7327398517783
0.342495 28.4033133353198 75.9986251111578
0.342995 28.444778631653 76.3949287536131
0.343495 28.4862439279863 76.4714170965558
0.343995 28.5277092243195 76.8524353488468
0.344495 28.5691745206528 77.1005274283782
0.344995 28.6106398169861 77.3640686608722
0.345495 28.6521051133193 77.4124142165628
0.345995 28.6935704096526 78.007692808455
0.346495 28.7350357059859 78.0946660937173
0.346995 28.7765010023191 78.4762853982353
0.347495 28.8179662986524 78.7580900447768
0.347995 28.8594315949856 78.9706322252558
0.348495 28.9008968913189 79.2912254928435
0.348995 28.9423621876521 79.4867526295403
0.349495 28.9838274839854 79.7297431849718
0.349995 29.0252927803187 80.1494139956006
0.350495 29.0667580766519 80.2879332064898
0.350995 29.1082233729852 80.6715712348905
0.351495 29.1496886693185 80.9443462003029
0.351995 29.1911539656517 81.1807195054286
0.352495 29.232619261985 81.5246558617641
0.352995 29.2740845583182 81.7484434200478
0.353495 29.3155498546515 82.0996096424554
0.353995 29.3570151509848 82.3371683295775
0.354495 29.398480447318 82.4028851338545
0.354995 29.4399457436513 82.9660769174286
0.355495 29.4814110399845 83.2728282953914
0.355995 29.5228763363178 83.470113398238
0.356495 29.5643416326511 83.817106175505
0.356995 29.6058069289843 84.0808552686639
0.357495 29.6472722253176 84.4735595458871
0.357995 29.6887375216508 84.696371602624
0.358495 29.7302028179841 84.8872669269514
0.358995 29.7716681143174 85.3585525292103
0.359495 29.8131334106506 85.6624024982346
0.359995 29.8545987069839 85.9358172989407
0.360495 29.8960640033171 86.1337781824929
0.360995 29.9375292996504 86.4481560858533
0.361495 29.9789945959836 86.996512457357
0.361995 30.0204598923169 87.1916582511282
0.362495 30.0619251886502 87.4861908053379
0.362995 30.1033904849834 87.6167367494711
0.363495 30.1448557813167 88.0320155534298
0.363995 30.18632107765 88.4869901421653
0.364495 30.2277863739832 88.832096820019
0.364995 30.2692516703165 89.0764850857949
0.365495 30.3107169666497 89.3961971134778
0.365995 30.352182262983 89.8893720152243
0.366495 30.3936475593163 90.0614764484714
0.366995 30.4351128556495 90.4379791524541
0.367495 30.4765781519828 90.8554107977665
0.367995 30.518043448316 90.9863503541524
0.368495 30.5595087446493 91.3805417018361
0.368995 30.6009740409825 91.8454727085282
0.369495 30.6424393373158 92.2019267003414
0.369995 30.6839046336491 92.42158632682
0.370495 30.7253699299823 92.6865709966511
0.370995 30.7668352263156 93.0783021945361
0.371495 30.8083005226489 93.6091094498552
0.371995 30.8497658189821 94.100829373297
0.372495 30.8912311153154 94.3037800734155
0.372995 30.9326964116486 94.6742017071236
0.373495 30.9741617079819 95.048196058488
0.373995 31.0156270043151 95.4380883960797
0.374495 31.0570923006484 95.883668321399
0.374995 31.0985575969817 96.0939548120866
0.375495 31.1400228933149 96.4981710305798
0.375995 31.1814881896482 96.8905025469386
0.376495 31.2229534859815 97.2908668420071
0.376995 31.2644187823147 97.7927621682262
0.377495 31.305884078648 98.1486706338528
0.377995 31.3473493749812 98.4412474222389
0.378495 31.3888146713145 98.792969091245
0.378995 31.4302799676478 99.1781347938916
0.379495 31.471745263981 99.6748607932687
0.379995 31.5132105603143 100.144049728768
0.380495 31.5546758566475 100.278200608084
0.380995 31.5961411529808 100.927661266146
0.381495 31.637606449314 101.281330167387
0.381995 31.6790717456473 101.621688296513
0.382495 31.7205370419806 102.145166443465
0.382995 31.7620023383138 102.342558397141
0.383495 31.8034676346471 103.077320635923
0.383995 31.8449329309804 103.425715596301
0.384495 31.8863982273136 103.742884068622
0.384995 31.9278635236469 104.194901481002
0.385495 31.9693288199801 104.687257915827
0.385995 32.0107941163134 105.086075769563
0.386495 32.0522594126466 105.59664427771
0.386995 32.0937247089799 106.07196544139
0.387495 32.1351900053132 106.261969018476
0.387995 32.1766553016464 105.501576066798
0.388495 32.2181205979797 103.734150734205
0.388995 32.2595858943129 100.358528226006
0.389495 32.3010511906462 95.7591159553656
0.389995 32.3425164869795 91.935240296869
0.390495 32.3839817833127 89.3116701970362
0.390995 32.425447079646 86.892367433312
0.391495 32.4669123759793 84.4960091137721
0.391995 32.5083776723125 81.9917840503691
0.392495 32.5498429686458 79.5535275491867
0.392995 32.591308264979 77.3816520620476
0.393495 32.6327735613123 75.1603176697235
0.393995 32.6742388576455 73.1235827941402
0.394495 32.7157041539788 71.1224884301251
0.394995 32.7571694503121 69.1184343180204
0.395495 32.7986347466453 67.1853741230167
0.395995 32.8401000429786 65.314192129985
0.396495 32.8815653393119 63.5896098154934
0.396995 32.9230306356451 61.9156534634161
0.397495 32.9644959319784 60.3545055041242
0.397995 33.0059612283116 58.7584027483018
0.398495 33.0474265246449 57.224256978003
0.398995 33.0888918209782 55.8179272472814
0.399495 33.1303571173114 54.3754124239887
0.399995 33.1718224136447 53.018007146992
0.400495 33.2132877099779 51.6530107779894
0.400995 33.2547530063112 50.4057066093172
0.401495 33.2962183026444 49.141202214606
0.401995 33.3376835989777 47.9027791186326
0.402495 33.379148895311 46.7530232559173
0.402995 33.4206141916442 45.59929406219
0.403495 33.4620794879775 44.5389019789141
0.403995 33.5035447843108 43.4732268950654
0.404495 33.545010080644 42.5038836843719
0.404995 33.5864753769773 41.5275232333637
0.405495 33.6279406733105 40.6721293867724
0.405995 33.6694059696438 39.8047909287201
0.406495 33.710871265977 39.0348810867541
0.406995 33.7523365623103 38.3031242492848
0.407495 33.7938018586436 37.6078821786543
0.407995 33.8352671549768 36.9600248974853
0.408495 33.8767324513101 36.3587447035552
0.408995 33.9181977476433 35.7974114918225
0.409495 33.9596630439766 35.257365670154
0.409995 34.0011283403099 34.7664240668117
0.410495 34.0425936366431 34.2925500727599
0.410995 34.0840589329764 33.8439282490689
0.411495 34.1255242293097 33.4247725325599
0.411995 34.1669895256429 33.0170051469798
0.412495 34.2084548219762 32.6225372715133
0.412995 34.2499201183094 32.2435327365237
0.413495 34.2913854146427 31.8697822277462
0.413995 34.3328507109759 31.5072331513637
0.414495 34.3743160073092 31.1550058158232
0.414995 34.4157813036425 30.8046338005519
0.415495 34.4572465999757 30.4704201599574
0.415995 34.498711896309 30.1457853123361
0.416495 34.5401771926423 29.8220981945194
0.416995 34.5816424889755 29.5076510789309
0.417495 34.6231077853088 29.1898171945184
0.417995 34.664573081642 28.8708917004464
0.418495 34.7060383779753 28.5500351236023
0.418995 34.7475036743086 28.2308518978962
0.419495 34.7889689706418 27.9087146776162
0.419995 34.8304342669751 27.5890828734242
0.420495 34.8718995633083 27.271600414423
0.420995 34.9133648596416 26.9607712784143
0.421495 34.9548301559749 26.6550015868154
0.421995 34.9962954523081 26.3608088594535
0.422495 35.0377607486414 26.0771469685941
0.422995 35.0792260449746 25.7983579450585
0.423495 35.1206913413079 25.522841739804
0.423995 35.1621566376412 25.2489842246622
0.424495 35.2036219339744 24.9804449658325
0.424995 35.2450872303077 24.7153581926239
0.425495 35.2865525266409 24.4475614123607
0.425995 35.3280178229742 24.1772804075318
0.426495 35.3694831193074 23.9068033462855
0.426995 35.4109484156407 23.6479340871729
0.427495 35.452413711974 23.3887262398287
0.427995 35.4938790083072 23.1239866527029
0.428495 35.5353443046405 22.8627322762765
0.428995 35.5768096009738 22.6092282066556
0.429495 35.618274897307 22.3242005331688
0.429995 35.6597401936403 22.0264052231205
0.430495 35.7012054899735 21.7066350838493
0.430995 35.7426707863068 21.3717413950189
0.431495 35.7841360826401 21.0246418092226
0.431995 35.8256013789733 20.6571111035277
0.432495 35.8670666753066 20.2822561215258
0.432995 35.9085319716398 19.8876678742427
0.433495 35.9499972679731 19.4783715507766
0.433995 35.9914625643063 19.0574277501484
0.434495 36.0329278606396 18.6228866155892
0.434995 36.0743931569729 18.1703311773417
0.435495 36.1158584533061 17.700995176011
0.435995 36.1573237496394 17.2173236574493
0.436495 36.1987890459727 16.717999421312
0.436995 36.2402543423059 16.2032746317588
0.437495 36.2817196386392 15.6720049603037
0.437995 36.3231849349724 15.1243540133108
0.438495 36.3646502313057 14.5583384892097
0.438995 36.406115527639 13.9745006619609
0.439495 36.4475808239722 13.3710675017952
0.439995 36.4890461203055 12.7488530813821
0.440495 36.5305114166387 12.1074674077375
0.440995 36.571976712972 11.447185558175
0.441495 36.6134420093053 10.7677467058829
0.441995 36.6549073056385 10.0746918414522
0.442495 36.6963726019718 9.37770371729385
0.442995 36.737837898305 8.69309088547143
0.443495 36.7793031946383 8.02871731637315
0.443995 36.8207684909716 7.37862073342392
0.444495 36.8622337873048 6.72891166377342
0.444995 36.9036990836381 6.07866168743571
0.445495 36.9451643799713 5.43175169277576
0.445995 36.9866296763046 4.78741345251337
0.446495 37.0280949726378 4.14000575124807
0.446995 37.0695602689711 3.48643956568917
0.447495 37.1110255653044 2.83392558816426
0.447995 37.1524908616376 2.18949923070298
0.448495 37.1939561579709 1.5474581611848
0.448995 37.2354214543042 0.90263657632958
0.449495 37.2768867506374 0.259238575669024
0.449995 37.3183520469707 -0.373843770636564
0.450495 37.3598173433039 -1.02316255013735
0.450995 37.4012826396372 -1.72946589803346
0.451495 37.4427479359705 -2.48243371148873
0.451995 37.4842132323037 -3.2788369733532
0.452495 37.525678528637 -4.10827123604972
0.452995 37.5671438249702 -4.98357917279808
0.453495 37.6086091213035 -5.89239876471423
0.453995 37.6500744176367 -6.82582328653714
0.454495 37.69153971397 -7.79457953379132
0.454995 37.7330050103033 -8.79708325411353
0.455495 37.7744703066365 -9.8235990475497
0.455995 37.8159356029698 -10.8787472325711
0.456495 37.8574008993031 -11.9449618783639
0.456995 37.8988661956363 -13.0271251460019
0.457495 37.9403314919696 -14.1137941665106
0.457995 37.9817967883028 -15.1682499659092
0.458495 38.0232620846361 -15.5104317569318
0.458995 38.0647273809694 -11.4480800252357
0.459495 38.1061926773026 -11.3439043262255
0.459995 38.1476579736359 -9.00739033940426
0.460495 38.1891232699691 -7.72930890726864
0.460995 38.2305885663024 -6.41085266017428
0.461495 38.2720538626357 -5.00927283227515
0.461995 38.3135191589689 -3.66144303882979
0.462495 38.3549844553022 -2.9188973963303
0.462995 38.3964497516354 -2.10116556013331
0.463495 38.4379150479687 -1.35436680210056
0.463995 38.479380344302 -1.07989468648383
0.464495 38.5208456406352 -0.952980029950149
0.464995 38.5623109369685 -0.456458560400485
0.465495 38.6037762333017 0.178371566654248
0.465995 38.645241529635 0.369042115333741
0.466495 38.6867068259682 0.170036590696409
0.466995 38.7281721223015 0.341159679962115
0.467495 38.7696374186348 0.265173722756105
0.467995 38.811102714968 0.108562772067174
0.468495 38.8525680113013 0.0965745328111964
0.468995 38.8940333076346 -0.0226012131075168
0.469495 38.9354986039678 -0.078129526264668
0.469995 38.9769639003011 -0.0308347303660188
0.470495 39.0184291966343 -0.0651635718217305
0.470995 39.0598944929676 -0.220287742159345
0.471495 39.1013597893009 -0.632795790262673
0.471995 39.1428250856341 -0.756915093680353
0.472495 39.1842903819674 -1.06773113821072
0.472995 39.2257556783006 -1.18931607982457
0.473495 39.2672209746339 -1.28941957230299
0.473995 39.3086862709671 -1.33044302227476
0.474495 39.3501515673004 -1.51173576276076
0.474995 39.3916168636337 -1.47001188263488
0.475495 39.433082159967 -1.64422501495858
0.475995 39.4745474563002 -1.78973173887117
0.476495 39.5160127526335 -1.88325543852358
0.476995 39.5574780489667 -1.88350308269405
0.477495 39.5989433453 -1.56557203450991
0.477995 39.6404086416332 -1.40974453778159
0.478495 39.6818739379665 -1.27909063256961
0.478995 39.7233392342998 -1.0615930694976
0.479495 39.764804530633 -1.01552247813071
0.479995 39.8062698269663 -0.83910159392376
0.480495 39.8477351232995 -0.700416712544374
0.480995 39.8892004196328 -0.636642035385234
0.481495 39.9306657159661 -0.539590343059438
0.481995 39.9721310122993 -0.323492016506
0.482495 40.0135963086326 -0.284923524720936
0.482995 40.0550616049659 -0.153896068422571
0.483495 40.0965269012991 -0.14317874434759
0.483995 40.1379921976324 -0.0751655095789192
0.484495 40.1794574939656 -0.045984781577208
0.484995 40.2209227902989 0.0510235510183944
0.485495 40.2623880866321 0.0955175534315342
0.485995 40.3038533829654 -0.070154265454875
0.486495 40.3453186792986 -0.22843004378497
0.486995 40.3867839756319 -0.287816211139819
0.487495 40.4282492719652 -0.281095367980773
0.487995 40.4697145682984 -0.224319348462625
0.488495 40.5111798646317 -0.263253704497072
0.488995 40.552645160965 -0.156497087675146
0.489495 40.5941104572982 -0.281479715692788
0.489995 40.6355757536315 -0.407086760619391
0.490495 40.6770410499647 -0.443303557745636
0.490995 40.718506346298 -0.462467641614609
0.491495 40.7599716426313 -0.528724782873835
0.491995 40.8014369389645 -0.415683537143923
0.492495 40.8429022352978 -0.335352496164596
0.492995 40.884367531631 -0.217669491690326
0.493495 40.9258328279643 -0.136975447593555
0.493995 40.9672981242976 -0.118819519792358
0.494495 41.0087634206308 -0.0739405972854121
0.494995 41.0502287169641 -0.0771219124203776
0.495495 41.0916940132973 -0.00357844734140436
0.495995 41.1331593096306 -0.0473991886941438
0.496495 41.1746246059639 -0.0563801941595206
0.496995 41.2160899022971 -0.00805489217544679
0.497495 41.2575551986304 -0.0890173905401816
0.497995 41.2990204949636 -0.126948175500677
0.498495 41.3404857912969 -0.15342375650374
0.498995 41.3819510876302 -0.16485748794725
0.499495 41.4234163839634 -0.289576171183716
0.499995 41.4648816802967 -0.298763240157129
