# Fix print output for fix Step
1.45150656153051e-16 1.13686837721616e-14 -0.154793151942202
0.000495000000000188 0.0387700518645147 0.872439382462554
0.00099500000000022 0.0779317204145173 0.974303158272218
0.00149500000000025 0.11709338896452 1.70670954581721
0.00199500000000014 0.156255057514511 1.66149134678968
0.00249500000000017 0.195416726064514 2.49496142118262
0.00299500000000021 0.234578394614516 2.38058488785002
0.00349500000000024 0.273740063164519 3.10714431050596
0.00399500000000027 0.312901731714521 3.07934153561903
0.00449500000000016 0.352063400264512 3.84287997022785
0.00499500000000019 0.391225068814515 3.75334007977985
0.00549500000000022 0.430386737364518 4.65758992043859
0.00599500000000026 0.46954840591452 4.56133940677834
0.00649500000000029 0.508710074464523 5.44167228629094
0.00699500000000018 0.547871743014514 5.28846767066741
0.00749500000000021 0.587033411564516 6.11853752206635
0.00799500000000024 0.626195080114519 6.09439661631125
0.00849500000000013 0.66535674866451 6.79944927425933
0.00899500000000016 0.704518417214513 6.8157064210672
0.00949500000000019 0.743680085764515 7.5645853722833
0.00999500000000023 0.782841754314518 7.44017153362739
0.0104950000000003 0.82200342286452 8.35460246748276
0.0109950000000001 0.861165091414512 8.14826411036724
0.0114950000000002 0.900326759964514 8.96425701290868
0.0119950000000002 0.939488428514517 8.99227244297395
0.0124950000000002 0.978650097064519 9.65901628385118
0.0129950000000003 1.01781176561452 9.6057775289734
0.0134950000000002 1.05697343416451 10.2993147417095
0.0139950000000002 1.09613510271452 10.3394643125424
0.0144950000000002 1.13529677126452 11.0050633584903
0.0149950000000003 1.17445843981452 10.9694608635902
0.0154950000000002 1.21362010836451 11.6571509678481
0.0159950000000002 1.25278177691451 11.7193435924635
0.0164950000000002 1.29194344546452 12.3118306948358
0.0169950000000002 1.33110511401452 12.3825988048718
0.0174950000000001 1.37026678256451 13.0769130442987
0.0179950000000002 1.40942845111451 13.0705034104445
0.0184950000000002 1.44859011966452 13.6357878970531
0.0189950000000002 1.48775178821452 13.7562133174266
0.0194950000000003 1.52691345676452 14.3741053480648
0.0199950000000002 1.56607512531451 14.4498390715735
0.0204950000000002 1.60523679386451 15.0121144593156
0.0209950000000002 1.64439846241452 15.0974730425036
0.0214950000000003 1.68356013096452 15.5877003858608
0.0219950000000003 1.72272179951452 15.7381334927276
0.0224950000000002 1.76188346806451 16.2728982765333
0.0229950000000002 1.80104513661452 16.4174754052654
0.0234950000000002 1.84020680516452 16.8978302833429
0.0239950000000003 1.87936847371452 17.0758140134627
0.0244950000000002 1.91853014226451 17.5701211660613
0.0249950000000002 1.95769181081452 17.6645328252042
0.0254950000000002 1.99685347936452 18.1415396855
0.0259950000000003 2.03601514791452 18.3104043630408
0.0264950000000001 2.07517681646451 18.7977674132981
0.0269950000000002 2.11433848501451 19.0585535468262
0.0274950000000002 2.15350015356452 19.3675932589634
0.0279950000000002 2.19266182211452 19.6264843226694
0.0284950000000003 2.23182349066452 19.8749310714095
0.0289950000000002 2.27098515921451 20.1608033929853
0.0294950000000002 2.31014682776452 20.514328353034
0.0299950000000002 2.34930849631452 20.9749520139632
0.0304950000000003 2.38847016486452 21.2510598001118
0.0309950000000003 2.42763183341452 21.664818330057
0.0314950000000002 2.46679350196451 21.8123898869419
0.0319950000000002 2.50595517051452 22.2074213055724
0.0324950000000002 2.54511683906452 22.3109600604327
0.0329950000000001 2.58427850761451 22.689641658421
0.0334950000000002 2.62344017616451 22.8781056091479
0.0339950000000002 2.66260184471452 23.4643636775234
0.0344950000000002 2.70176351326452 23.6367717054946
0.0349950000000003 2.74092518181452 24.0949334951932
0.0354950000000002 2.78008685036451 24.1924008814728
0.0359950000000002 2.81924851891451 24.6448888455971
0.0364950000000002 2.85841018746452 24.6313316342153
0.0369950000000002 2.89757185601452 25.1815868269404
0.0374950000000003 2.93673352456452 25.2690004751831
0.0379950000000002 2.97589519311451 25.7846892629614
0.0384950000000002 3.01505686166452 25.9060998768915
0.0389950000000002 3.05421853021452 26.4167321231667
0.0394950000000003 3.09338019876452 26.5422547112041
0.0399950000000003 3.13254186731452 27.104255103485
0.0404950000000002 3.17170353586451 27.1170059220708
0.0409950000000002 3.21086520441452 27.6549297455624
0.0414950000000003 3.25002687296452 27.6738499915616
0.0419950000000001 3.28918854151451 28.1778636319897
0.0424950000000002 3.32835021006451 28.2503145359654
0.0429950000000002 3.36751187861452 28.7046830797421
0.0434950000000002 3.40667354716452 28.794470122988
0.0439950000000003 3.44583521571452 29.2597836046603
0.0444950000000002 3.48499688426451 29.3868187577166
0.0449950000000002 3.52415855281451 29.8840352404204
0.0454950000000002 3.56332022136452 30.078798264546
0.0459950000000003 3.60248188991452 30.4960071002
0.0464950000000003 3.64164355846452 30.6994807526703
0.0469950000000002 3.68080522701451 31.0573629592357
0.0474950000000002 3.71996689556452 31.2521815122467
0.0479950000000002 3.75912856411452 31.5608645139335
0.0484950000000003 3.79829023266452 31.785061771691
0.0489950000000002 3.83745190121451 32.1006914598406
0.0494950000000002 3.87661356976452 32.310969595333
0.0499950000000002 3.91577523831452 32.6210494754775
0.0504950000000003 3.95493690686452 32.9129410777158
0.0509950000000001 3.99409857541451 33.1711194783904
0.0514950000000002 4.03326024396451 33.449548317162
0.0519950000000002 4.07242191251452 33.7039581989857
0.0524950000000002 4.11158358106452 33.9875345171096
0.0529950000000003 4.15074524961452 34.2066256582233
0.0534950000000002 4.18990691816451 34.5241168958478
0.0539950000000002 4.22906858671452 34.7731207083128
0.0544950000000002 4.26823025526452 35.0404013094079
0.0549950000000003 4.30739192381452 35.290437544189
0.0554950000000003 4.34655359236452 35.6307305017646
0.0559950000000002 4.38571526091451 35.7862076600253
0.0564950000000002 4.42487692946452 36.1195722457305
0.0569950000000002 4.46403859801452 36.2854644540361
0.0574950000000003 4.50320026656452 36.6338582607819
0.0579950000000002 4.54236193511451 36.8112391553448
0.0584950000000002 4.58152360366452 37.1350661485334
0.0589950000000002 4.62068527221452 37.3663182169877
0.0594950000000003 4.65984694076452 37.6836832242786
0.0599950000000002 4.69900860931451 37.9362403131833
0.0604950000000002 4.73817027786451 38.2400324998823
0.0609950000000002 4.77733194641452 38.471226459509
0.0614950000000003 4.81649361496452 38.7502568513852
0.0619950000000003 4.85565528351452 38.9912101099925
0.0624950000000002 4.89481695206451 39.2536437748018
0.0629950000000002 4.93397862061452 39.4874224834985
0.0634950000000002 4.97314028916452 39.7444795421789
0.0639950000000003 5.01230195771452 40.0446316873676
0.0644950000000003 5.05146362626452 40.2693006806525
0.0649950000000002 5.09062529481452 40.5381985443624
0.0654950000000002 5.12978696336452 40.7799086069323
0.0659950000000003 5.16894863191452 41.0356862245672
0.0664950000000001 5.20811030046451 41.2855321588459
0.0669950000000002 5.24727196901451 41.5633285404516
0.0674950000000002 5.28643363756452 41.8289142045741
0.0679950000000002 5.32559530611452 42.127572728953
0.0684950000000003 5.36475697466452 42.3946311355761
0.0689950000000002 5.40391864321451 42.664432914373
0.0694950000000002 5.44308031176452 42.8853134252569
0.0699950000000002 5.48224198031452 43.1505779896593
0.0704950000000003 5.52140364886452 43.3710109670274
0.0709950000000003 5.56056531741452 43.6316762534501
0.0714950000000002 5.59972698596451 43.8868480474379
0.0719950000000002 5.63888865451452 44.163627574445
0.0724950000000002 5.67805032306452 44.3995326595147
0.0729950000000003 5.71721199161452 44.6290449536513
0.0734950000000003 5.75637366016452 44.8381905290029
0.0739950000000002 5.79553532871452 45.0753453575198
0.0744950000000002 5.83469699726452 45.2971329441772
0.0749950000000003 5.87385866581452 45.5229208396363
0.0754950000000001 5.91302033436451 45.756368573015
0.0759950000000002 5.95218200291451 45.9738866241509
0.0764950000000002 5.99134367146452 46.2269610218227
0.0769950000000002 6.03050534001452 46.4635358656439
0.0774950000000003 6.06966700856452 46.7520612004426
0.0779950000000002 6.10882867711451 47.006963276534
0.0784950000000002 6.14799034566452 47.2645289608577
0.0789950000000002 6.18715201421452 47.5346351160997
0.0794950000000003 6.22631368276452 47.7709600344086
0.0799950000000003 6.26547535131452 47.9433341193098
0.0804950000000002 6.30463701986451 48.204756768065
0.0809950000000002 6.34379868841452 48.3542343462092
0.0814950000000002 6.38296035696452 48.6132243238913
0.0819950000000003 6.42212202551452 48.8278098497288
0.0824950000000003 6.46128369406452 49.1329521325526
0.0829950000000002 6.50044536261452 49.3343500596961
0.0834950000000002 6.53960703116452 49.6121925104298
0.0839950000000003 6.57876869971452 49.7366809586618
0.0844950000000002 6.61793036826451 49.969229222473
0.0849950000000002 6.65709203681452 50.1578624272227
0.0854950000000002 6.69625370536452 50.4281776563221
0.0859950000000003 6.73541537391452 50.6901346020461
0.0864950000000003 6.77457704246452 50.9300316498813
0.0869950000000002 6.81373871101451 51.1722529838418
0.0874950000000002 6.85290037956452 51.3678787870474
0.0879950000000002 6.89206204811452 51.5731174411587
0.0884950000000003 6.93122371666452 51.7414793569776
0.0889950000000003 6.97038538521452 51.9986077316868
0.0894950000000002 7.00954705376452 52.2155544588555
0.0899950000000002 7.04870872231452 52.4787098019462
0.0904950000000003 7.08787039086452 52.669195308185
0.0909950000000003 7.12703205941452 52.9133102941125
0.0914950000000002 7.16619372796451 53.0696259271407
0.0919950000000002 7.20535539651452 53.2670322834096
0.0924950000000002 7.24451706506452 53.5066075795635
0.0929950000000003 7.28367873361452 53.7287991051471
0.0934950000000002 7.32284040216451 53.9779487658353
0.0939950000000002 7.36200207071452 54.1590469876941
0.0944950000000002 7.40116373926452 54.3487694796734
0.0949950000000003 7.44032540781452 54.528221160854
0.0954950000000003 7.47948707636452 54.7894610782727
0.0959950000000002 7.51864874491451 55.0289286882733
0.0964950000000002 7.55781041346452 55.1687767138512
0.0969950000000002 7.59697208201452 55.4183682683314
0.0974950000000003 7.63613375056452 55.5880719038918
0.0979950000000002 7.67529541911451 55.8553020812382
0.0984950000000002 7.71445708766452 56.0436597720293
0.0989950000000002 7.75361875621452 56.2394616913004
0.0994950000000003 7.79278042476452 56.4017046528673
0.0999950000000002 7.83194209331451 56.6495604385984
0.100495 7.87110376186452 56.8058252580836
0.100995 7.91026543041452 57.0483703325552
0.101495 7.94942709896452 57.2607166680902
0.101995 7.98858876751452 57.4078117206379
0.102495 8.02775043606451 57.5993223088719
0.102995 8.06691210461452 57.8133628977964
0.103495 8.10607377316452 58.054967504985
0.103995 8.14523544171452 58.2012089044511
0.104495 8.18439711026452 58.4644664585679
0.104995 8.22355877881452 58.5751997443793
0.105495 8.26272044736452 58.7915203324143
0.105995 8.30188211591452 58.9851417462074
0.106495 8.34104378446452 59.2373679340477
0.106995 8.38020545301453 59.3698267383678
0.107495 8.41936712156452 59.5529913068881
0.107995 8.45852879011452 59.7721926008575
0.108495 8.49769045866452 60.0035987840775
0.108995 8.53685212721451 60.1239005741478
0.109495 8.57601379576452 60.3290879391094
0.109995 8.61517546431452 60.5470828429265
0.110495 8.65433713286452 60.7693496641836
0.110995 8.69349880141452 60.8972013175972
0.111495 8.73266046996451 61.0637665309303
0.111995 8.77182213851452 61.3070864852938
0.112495 8.81098380706452 61.4769992288013
0.112995 8.85014547561452 61.6095610571661
0.113495 8.88930714416452 61.7855306183386
0.113995 8.92846881271452 62.0123671795285
0.114495 8.96763048126452 62.1730662414125
0.114995 9.00679214981452 62.3353733371788
0.115495 9.04595381836452 62.5432077349488
0.115995 9.08511548691451 62.7263236661239
0.116495 9.12427715546452 62.868945990569
0.116995 9.16343882401452 63.0702893093626
0.117495 9.20260049256452 63.2628522108402
0.117995 9.24176216111451 63.4442212362097
0.118495 9.28092382966452 63.540574852483
0.118995 9.32008549821452 63.7733605712027
0.119495 9.35924716676452 63.9075533927069
0.119995 9.39840883531452 64.123945185587
0.120495 9.43757050386452 64.2843662962526
0.120995 9.47673217241452 64.4745110642534
0.121495 9.51589384096452 64.6048282016148
0.121995 9.55505550951452 64.7723332688315
0.122495 9.59421717806453 64.9271082535119
0.122995 9.63337884661452 65.1612319126343
0.123495 9.67254051516452 65.3002524868336
0.123995 9.71170218371452 65.440933082642
0.124495 9.75086385226451 65.6457337789293
0.124995 9.79002552081452 65.7744365675079
0.125495 9.82918718936452 65.9565353682769
0.125995 9.86834885791452 66.1021558261622
0.126495 9.90751052646452 66.2195505714864
0.126995 9.94667219501451 66.4809895858756
0.127495 9.98583386356452 66.6443377213424
0.127995 10.0249955321145 66.7237876725708
0.128495 10.0641572006645 66.9614554259483
0.128995 10.1033188692145 67.0868294032132
0.129495 10.1424805377645 67.2029956392725
0.129995 10.1816422063145 67.3921879015253
0.130495 10.2208038748645 67.5958815772116
0.130995 10.2599655434145 67.7004743232325
0.131495 10.2991272119645 67.8784669859219
0.131995 10.3382888805145 67.9693878932412
0.132495 10.3774505490645 68.1909744710495
0.132995 10.4166122176145 68.356118981363
0.133495 10.4557738861645 68.4342660561889
0.133995 10.4949355547145 68.6438192740873
0.134495 10.5340972232645 68.7584114377326
0.134995 10.5732588918145 68.915882232184
0.135495 10.6124205603645 69.1375122735638
0.135995 10.6515822289145 69.1882306869834
0.136495 10.6907438974645 69.3599554272999
0.136995 10.7299055660145 69.5518102439453
0.137495 10.7690672345645 69.6400246253966
0.137995 10.8082289031145 69.8922222231761
0.138495 10.8473905716645 69.9471531460221
0.138995 10.8865522402145 70.1797521955754
0.139495 10.9257139087645 70.2640409419781
0.139995 10.9648755773145 70.392074110159
0.140495 11.0040372458645 70.5832818810671
0.140995 11.0431989144145 70.6648318850677
0.141495 11.0823605829645 70.8664311134267
0.141995 11.1215222515145 70.9277170452943
0.142495 11.1606839200645 71.0907144980739
0.142995 11.1998455886145 71.2925632073317
0.143495 11.2390072571645 71.3844192053264
0.143995 11.2781689257145 71.544216188947
0.144495 11.3173305942645 71.6208669372849
0.144995 11.3564922628145 71.8103867811125
0.145495 11.3956539313645 71.9017962272988
0.145995 11.4348155999145 72.1296313379946
0.146495 11.4739772684645 72.2147570144431
0.146995 11.5131389370145 72.3584210222467
0.147495 11.5523006055645 72.4856990215171
0.147995 11.5914622741145 72.6432089116507
0.148495 11.6306239426645 72.7330096646173
0.148995 11.6697856112145 72.8790478225091
0.149495 11.7089472797645 73.0199471922931
0.149995 11.7481089483145 73.1318160470497
0.150495 11.7872706168645 73.2990754998223
0.150995 11.8264322854145 73.3909852697245
0.151495 11.8655939539645 73.5773558372265
0.151995 11.9047556225145 73.6387237049579
0.152495 11.9439172910645 73.816248958438
0.152995 11.9830789596145 73.9186447651457
0.153495 12.0222406281645 74.0636616289419
0.153995 12.0614022967145 74.1789005191072
0.154495 12.1005639652645 74.3148474587836
0.154995 12.1397256338145 74.4330670157052
0.155495 12.1788873023645 74.543980692355
0.155995 12.2180489709145 74.65658502532
0.156495 12.2572106394645 74.7523569665206
0.156995 12.2963723080145 74.9200163137542
0.157495 12.3355339765645 75.0533592465795
0.157995 12.3746956451145 75.1872785230444
0.158495 12.4138573136645 75.2723868588845
0.158995 12.4530189822145 75.4055935588763
0.159495 12.4921806507645 75.4937912833973
0.159995 12.5313423193145 75.6022719152799
0.160495 12.5705039878645 75.7275000773086
0.160995 12.6096656564145 75.8565415340044
0.161495 12.6488273249645 75.988586981212
0.161995 12.6879889935145 76.0876821869626
0.162495 12.7271506620645 76.2010871773778
0.162995 12.7663123306145 76.275365659563
0.163495 12.8054739991645 76.4638070747756
0.163995 12.8446356677145 76.5308426033921
0.164495 12.8837973362645 76.6688585932608
0.164995 12.9229590048145 76.7783084800115
0.165495 12.9621206733645 76.8894923957619
0.165995 13.0012823419145 76.9977981834644
0.166495 13.0404440104645 77.0806191316787
0.166995 13.0796056790145 77.268358401555
0.167495 13.1187673475645 77.2843498435805
0.167995 13.1579290161145 77.4519143876811
0.168495 13.1970906846645 77.5341703050952
0.168995 13.2362523532145 77.6320488312641
0.169495 13.2754140217645 77.7837366802423
0.169995 13.3145756903145 77.8250566473565
0.170495 13.3537373588645 78.0060301616347
0.170995 13.3928990274145 78.0417278230605
0.171495 13.4320606959645 78.1921573360112
0.171995 13.4712223645145 78.2382525630036
0.172495 13.5103840330645 78.4094822216438
0.172995 13.5495457016145 78.4418511568048
0.173495 13.5887073701645 78.599797675646
0.173995 13.6278690387145 78.6228010285841
0.174495 13.6670307072645 78.7660240400203
0.174995 13.7061923758145 78.8718162162144
0.175495 13.7453540443645 78.991945798886
0.175995 13.7845157129145 79.1127483575796
0.176495 13.8236773814645 79.1581864060463
0.176995 13.8628390500145 79.2805661830387
0.177495 13.9020007185645 79.3579181245632
0.177995 13.9411623871145 79.4583480692111
0.178495 13.9803240556645 79.5614357867082
0.178995 14.0194857242145 79.6454223684335
0.179495 14.0586473927645 79.7363320230363
0.179995 14.0978090613145 79.8045869942993
0.180495 14.1369707298645 79.9730415799948
0.180995 14.1761323984145 80.0193439872366
0.181495 14.2152940669645 80.1264954774274
0.181995 14.2544557355145 80.2256617814282
0.182495 14.2936174040645 80.3318680332448
0.182995 14.3327790726145 80.377538396131
0.183495 14.3719407411645 80.5438771877107
0.183995 14.4111024097145 80.6516018803647
0.184495 14.4502640782645 80.6606940864228
0.184995 14.4894257468145 80.7863591364465
0.185495 14.5285874153645 80.8452641931873
0.185995 14.5677490839145 80.9408259253957
0.186495 14.6069107524645 81.0505990082792
0.186995 14.6460724210145 81.1439085518779
0.187495 14.6852340895645 81.1945285732922
0.187995 14.7243957581145 81.2953082067142
0.188495 14.7635574266645 81.4002168683103
0.188995 14.8027190952145 81.4422027320005
0.189495 14.8418807637645 81.5812057809982
0.189995 14.8810424323145 81.6727786132675
0.190495 14.9202041008645 81.7245763798454
0.190995 14.9593657694145 81.8046244910157
0.191495 14.9985274379645 81.8722087473605
0.191995 15.0376891065145 82.0033526999003
0.192495 15.0768507750645 82.1139962857342
0.192995 15.1160124436145 82.1913390022078
0.193495 15.1551741121645 82.2364613706837
0.193995 15.1943357807145 82.3153608453941
0.194495 15.2334974492645 82.4272541707645
0.194995 15.2726591178145 82.4667974830642
0.195495 15.3118207863645 82.5575096919752
0.195995 15.3509824549145 82.6559657468914
0.196495 15.3901441234645 82.7451580439898
0.196995 15.4293057920145 82.8050705331395
0.197495 15.4684674605645 82.895800042648
0.197995 15.5076291291145 83.012760964846
0.198495 15.5467907976645 83.050689430821
0.198995 15.5859524662145 83.1160796739228
0.199495 15.6251141347645 83.231808537009
0.199995 15.6642758033145 83.3148709238138
0.200495 15.7034374718645 83.3246538559568
0.200995 15.7425991404145 83.4413621783969
0.201495 15.7817608089645 83.5584545386701
0.201995 15.8209224775145 83.6158108398163
0.202495 15.8600841460645 83.6788244190695
0.202995 15.8992458146145 83.7841239724124
0.203495 15.9384074831645 83.8322354982681
0.203995 15.9775691517145 83.940633295442
0.204495 16.0167308202645 84.0207619017646
0.204995 16.0558924888145 84.1019869160263
0.205495 16.0950541573645 84.1101117446894
0.205995 16.1342158259145 84.2328950679415
0.206495 16.1733774944645 84.2874183293329
0.206995 16.2125391630145 84.3608731341935
0.207495 16.2517008315645 84.4414855285526
0.207995 16.2908625001145 84.5542199009841
0.208495 16.3300241686645 84.610804621813
0.208995 16.3691858372145 84.6860184157631
0.209495 16.4083475057645 84.7733095235785
0.209995 16.4475091743145 84.8817658810525
0.210495 16.4866708428645 84.9476452812939
0.210995 16.5258325114145 84.9977177676357
0.211495 16.5649941799645 85.0469445384288
0.211995 16.6041558485145 85.1738028365268
0.212495 16.6433175170645 85.2434840664385
0.212995 16.6824791856145 85.3368881405201
0.213495 16.7216408541645 85.3907004107661
0.213995 16.7608025227145 85.4113341483091
0.214495 16.7999641912645 85.4771730250593
0.214995 16.8391258598145 85.5736233374051
0.215495 16.8782875283645 85.6358167103173
0.215995 16.9174491969145 85.744516922954
0.216495 16.9566108654645 85.8801910405365
0.216995 16.9957725340145 85.8964002757799
0.217495 17.0349342025645 85.9828630046822
0.217995 17.0740958711145 85.942444316223
0.218495 17.1132575396645 86.0975064273162
0.218995 17.1524192082145 86.2081569296444
0.219495 17.1915808767645 86.2979324435881
0.219995 17.2307425453145 86.2651644416331
0.220495 17.2699042138645 86.3528362450232
0.220995 17.3090658824145 86.5645641722247
0.221495 17.3482275509645 86.5197064173999
0.221995 17.3873892195145 86.6121881937161
0.222495 17.4265508880645 86.698465495442
0.222995 17.4657125566145 86.7271397717885
0.223495 17.5048742251645 86.8823224669197
0.223995 17.5440358937145 86.9434277199419
0.224495 17.5831975622645 86.9929918792562
0.224995 17.6223592308145 87.028927795389
0.225495 17.6615208993645 87.1668024275807
0.225995 17.7006825679145 87.308170436491
0.226495 17.7398442364645 87.2760888544993
0.226995 17.7790059050145 87.4327244608318
0.227495 17.8181675735645 87.4854814517841
0.227995 17.8573292421145 87.5007549029692
0.228495 17.8964909106645 87.562119498119
0.228995 17.9356525792145 87.6284071098653
0.229495 17.9748142477645 87.7028556555062
0.229995 18.0139759163145 87.7101212066956
0.230495 18.0531375848645 87.8909157748112
0.230995 18.0922992534145 88.0462554153768
0.231495 18.1314609219645 87.9826361755418
0.231995 18.1706225905145 88.1170205454523
0.232495 18.2097842590645 88.114373630855
0.232995 18.2489459276145 88.2160785468854
0.233495 18.2881075961645 88.3556410784098
0.233995 18.3272692647145 88.375437376788
0.234495 18.3664309332645 88.3192717209588
0.234995 18.4055926018145 88.6360221500642
0.235495 18.4447542703645 88.5937821063091
0.235995 18.4839159389145 88.638326405924
0.236495 18.5230776074645 88.8093679801448
0.236995 18.5622392760145 88.8578901910775
0.237495 18.6014009445645 88.8618883629504
0.237995 18.6405626131145 88.9143285772033
0.238495 18.6797242816645 89.0205088608967
0.238995 18.7188859502145 89.1264230673495
0.239495 18.7580476187645 88.9998595333545
0.239995 18.7972092873145 89.2931239947543
0.240495 18.8363709558645 89.3947798915445
0.240995 18.8755326244145 89.3017464402217
0.241495 18.9146942929645 89.4000759018618
0.241995 18.9538559615145 89.4769189377541
0.242495 18.9930176300645 89.6661113983569
0.242995 19.0321792986145 89.6399735813355
0.243495 19.0713409671645 89.8274707846134
0.243995 19.1105026357145 89.8930477944161
0.244495 19.1496643042645 89.8921770605155
0.244995 19.1888259728145 90.0400139311177
0.245495 19.2279876413645 90.0565140575223
0.245995 19.2671493099145 90.0438754318286
0.246495 19.3063109784645 90.1117339627903
0.246995 19.3454726470145 90.4135056223298
0.247495 19.3846343155645 90.2796256580539
0.247995 19.4237959841145 90.4576955692571
0.248495 19.4629576526645 90.5397826347005
0.248995 19.5021193212145 90.3907089630688
0.249495 19.5412809897645 90.5571334020272
0.249995 19.5804426583145 90.7607237924728
0.250495 19.6196043268645 90.8128366013033
0.250995 19.6587659954145 91.0180334547749
0.251495 19.6979276639645 91.007870178137
0.251995 19.7370893325145 90.9984388901348
0.252495 19.7762510010645 91.1095264639178
0.252995 19.8154126696145 91.2218276780473
0.253495 19.8545743381645 91.2455511413255
0.253995 19.8937360067145 91.3749586320275
0.254495 19.9328976752645 91.5020473437545
0.254995 19.9720593438145 91.63292544122
0.255495 20.0112210123645 91.5899755339456
0.255995 20.0503826809145 91.7086013791532
0.256495 20.0895443494645 91.6130882519248
0.256995 20.1287060180145 91.8404891043708
0.257495 20.1678676865645 91.8057999600688
0.257995 20.2070293551145 92.0923473192995
0.258495 20.2461910236645 92.2255831740645
0.258995 20.2853526922145 92.2087270204028
0.259495 20.3245143607645 92.1444527399309
0.259995 20.3636760293145 92.3974073405699
0.260495 20.4028376978645 92.3844474233311
0.260995 20.4419993664145 92.4691205671693
0.261495 20.4811610349645 92.6030401657245
0.261995 20.5203227035145 92.7583114528517
0.262495 20.5594843720645 92.9166073176411
0.262995 20.5986460406145 93.0155307760719
0.263495 20.6378077091645 92.8922644075372
0.263995 20.6769693777145 93.0444773095539
0.264495 20.7161310462645 93.0555547902331
0.264995 20.7552927148145 93.2303326705919
0.265495 20.7944543833645 93.2469102057079
0.265995 20.8336160519145 93.4135134069172
0.266495 20.8727777204645 93.5000095415005
0.266995 20.9119393890145 93.450059898822
0.267495 20.9511010575645 93.5393755659942
0.267995 20.9902627261145 93.8471098048979
0.268495 21.0294243946645 93.7852849045786
0.268995 21.0685860632145 93.8273366203947
0.269495 21.1077477317645 93.9776554479671
0.269995 21.1469094003145 94.1603845521264
0.270495 21.1860710688645 94.204255592137
0.270995 21.2252327374145 94.3269385689635
0.271495 21.2643944059645 94.1996649063052
0.271995 21.3035560745145 94.5006898817856
0.272495 21.3427177430645 94.5881840614553
0.272995 21.3818794116145 94.686649591891
0.273495 21.4210410801645 94.727483376715
0.273995 21.4602027487145 94.9278550777777
0.274495 21.4993644172645 94.9312961653464
0.274995 21.5385260858145 95.2120017073591
0.275495 21.5776877543645 95.0748155091785
0.275995 21.6168494229145 95.3642254650237
0.276495 21.6560110914645 95.4170029312093
0.276995 21.6951727600145 95.3914166978777
0.277495 21.7343344285645 95.6136253134555
0.277995 21.7734960971145 95.6264706186666
0.278495 21.8126577656645 95.7651627256997
0.278995 21.8518194342145 95.9024242009571
0.279495 21.8909811027645 96.0894619938644
0.279995 21.9301427713145 96.0681595063983
0.280495 21.9693044398645 96.1032579792432
0.280995 22.0084661084145 96.3634092663887
0.281495 22.0476277769645 96.4852565812775
0.281995 22.0867894455145 96.6633293357101
0.282495 22.1259511140645 96.6478176088091
0.282995 22.1651127826145 96.7482102040376
0.283495 22.2042744511645 96.8222235016794
0.283995 22.2434361197145 97.0695868511953
0.284495 22.2825977882645 97.1473188157702
0.284995 22.3217594568145 97.437599717637
0.285495 22.3609211253645 97.3690604784838
0.285995 22.4000827939145 97.4127992027274
0.286495 22.4392444624645 97.5652508711886
0.286995 22.4784061310145 97.7294232502108
0.287495 22.5175677995645 97.96451502025
0.287995 22.5567294681145 97.9689989710582
0.288495 22.5958911366645 98.192426793942
0.288995 22.6350528052145 98.3681392202677
0.289495 22.6742144737645 98.6464879919269
0.289995 22.7133761423145 98.5531702024501
0.290495 22.7525378108645 98.6748355425578
0.290995 22.7916994794145 98.8282154922759
0.291495 22.8308611479645 99.0662207613451
0.291995 22.8700228165145 99.4939604501641
0.292495 22.9091844850645 99.3390020169394
0.292995 22.9483461536145 99.4885838053527
0.293495 22.9875078221645 99.5970124622989
0.293995 23.0266694907145 99.722767300523
0.294495 23.0658311592645 99.9287527978829
0.294995 23.1049928278145 99.9403064665879
0.295495 23.1441544963645 100.092544736697
0.295995 23.1833161649145 100.570637338484
0.296495 23.2224778334645 100.733759595214
0.296995 23.2616395020145 100.700947194443
0.297495 23.3008011705645 100.971462928757
0.297995 23.3399628391145 100.886519466639
0.298495 23.3791245076645 101.298745450456
0.298995 23.4182861762145 101.325251186861
0.299495 23.4574478447645 101.523554962432
0.299995 23.4966095133145 101.919206398735
0.300495 23.5357711818645 101.983607703583
0.300995 23.5749328504145 102.198252498234
0.301495 23.6140945189645 102.190900219299
0.301995 23.6532561875145 102.674442850789
0.302495 23.6924178560645 102.601553457796
0.302995 23.7315795246145 102.914098300729
0.303495 23.7707411931645 103.151779869857
0.303995 23.8099028617145 103.549284949685
0.304495 23.8490645302645 103.589530090079
0.304995 23.8882261988145 103.677484445196
0.305495 23.9273878673645 103.930609266363
0.305995 23.9665495359145 104.294791028702
0.306495 24.0057112044645 104.439584753672
0.306995 24.0448728730145 104.710069842081
0.307495 24.0840345415645 104.868681919459
0.307995 24.1231962101145 105.182161864453
0.308495 24.1623578786645 105.487304790827
0.308995 24.2015195472145 105.393301153524
0.309495 24.2406812157645 105.97994172048
0.309995 24.2798428843145 106.161230136979
0.310495 24.3190045528645 106.205294254432
0.310995 24.3581662214145 106.574849893486
0.311495 24.3973278899645 106.655581581504
0.311995 24.4364895585145 107.115174988794
0.312495 24.4756512270645 107.198976889161
0.312995 24.5148128956145 107.459221755506
0.313495 24.5539745641645 107.850915717653
0.313995 24.5931362327145 108.03227789623
0.314495 24.6322979012645 108.77119077869
0.314995 24.6714595698145 108.41215970766
0.315495 24.7106212383645 108.898025357655
0.315995 24.7497829069145 109.492967741992
0.316495 24.7889445754645 109.321296299762
0.316995 24.8281062440145 109.804551890656
0.317495 24.8672679125645 110.036474982814
0.317995 24.9064295811145 110.134865442111
0.318495 24.9455912496645 110.581896127661
0.318995 24.9847529182145 111.07095293399
0.319495 25.0239145867645 110.921547785527
0.319995 25.0630762553145 111.921208345053
0.320495 25.1022379238645 111.511995554123
0.320995 25.1413995924145 111.974224576375
0.321495 25.1805612609645 112.446592848098
0.321995 25.2197229295145 112.777406634197
0.322495 25.2588845980645 113.268786014812
0.322995 25.2980462666145 113.445351424143
0.323495 25.3372079351645 113.854089309474
0.323995 25.3763696037145 113.911550703837
0.324495 25.4155312722645 114.36333184672
0.324995 25.4546929408145 114.818953300595
0.325495 25.4938546093645 115.156016572831
0.325995 25.5330162779145 115.498364251423
0.326495 25.5721779464645 115.837028788593
0.326995 25.6113396150145 116.205895311061
0.327495 25.6505012835645 116.632185163487
0.327995 25.6896629521145 116.918242867175
0.328495 25.7288246206645 117.404132714156
0.328995 25.7679862892145 117.661051183894
0.329495 25.8071479577645 118.02768429801
0.329995 25.8463096263145 118.218345307382
0.330495 25.8854712948645 118.911115249159
0.330995 25.9246329634145 118.922742726639
0.331495 25.9637946319645 119.763316437784
0.331995 26.0029563005145 119.907852095628
0.332495 26.0421179690645 120.35081287567
0.332995 26.0812796376145 120.685754798363
0.333495 26.1204413061645 120.668732291122
0.333995 26.1596029747145 121.872408232896
0.334495 26.1987646432645 122.130246776807
0.334995 26.2379263118145 121.959639164304
0.335495 26.2770879803645 122.824105481847
0.335995 26.3162496489145 123.081164793549
0.336495 26.3554113174645 123.775282835347
0.336995 26.3945729860145 123.704686845956
0.337495 26.4337346545645 124.340388353174
0.337995 26.4728963231145 124.442519157993
0.338495 26.5120579916645 125.261782336171
0.338995 26.5512196602145 125.463385878253
0.339495 26.5903813287645 126.032851300311
0.339995 26.6295429973145 126.507009192527
0.340495 26.6687046658645 126.769178334175
0.340995 26.7078663344145 127.170894574813
0.341495 26.7470280029645 127.646171907212
0.341995 26.7861896715145 128.132974968579
0.342495 26.8253513400645 128.325237739329
0.342995 26.8645130086145 129.186249611839
0.343495 26.9036746771645 129.620629693383
0.343995 26.9428363457145 129.606306186736
0.344495 26.9819980142645 130.293641794758
0.344995 27.0211596828145 130.895224270321
0.345495 27.0603213513645 131.509426794947
0.345995 27.0994830199145 131.681667898391
0.346495 27.1386446884645 132.339464768978
0.346995 27.1778063570145 132.480258980705
0.347495 27.2169680255645 133.106456608694
0.347995 27.2561296941145 133.664526130084
0.348495 27.2952913626645 134.191356203703
0.348995 27.3344530312145 134.641761818793
0.349495 27.3736146997645 134.796392324485
0.349995 27.4127763683145 135.545732410389
0.350495 27.4519380368645 135.836925165969
0.350995 27.4910997054145 136.322502184749
0.351495 27.5302613739645 136.885579899141
0.351995000000001 27.5694230425145 137.16640683351
0.352495 27.6085847110645 137.746632435677
0.352995 27.6477463796145 137.99782189233
0.353495 27.6869080481645 138.877461584428
0.353995 27.7260697167145 138.962463843626
0.354495 27.7652313852645 139.370672671168
0.354995 27.8043930538145 140.243682626114
0.355495 27.8435547223645 140.5903364329
0.355995 27.8827163909145 141.458215107463
0.356495 27.9218780594645 141.760968842192
0.356995 27.9610397280145 142.32482992114
0.357495 28.0002013965645 143.062583159158
0.357995 28.0393630651145 143.200776776596
0.358495000000001 28.0785247336645 143.556540737776
0.358995 28.1176864022145 144.480534982797
0.359495 28.1568480707645 144.610517103241
0.359995 28.1960097393145 145.189394270213
0.360495 28.2351714078645 146.051721054559
0.360995 28.2743330764145 146.441377048171
0.361495 28.3134947449645 146.895970915138
0.361995 28.3526564135145 147.425954638114
0.362495 28.3918180820645 148.199196911806
0.362995 28.4309797506145 148.209239774846
0.363495000000001 28.4701414191645 149.187160391266
0.363995 28.5093030877145 149.347119640261
0.364495 28.5484647562645 150.043181531492
0.364995 28.5876264248145 150.461728792286
0.365495 28.6267880933645 151.421228522904
0.365995 28.6659497619145 151.616816241062
0.366495 28.7051114304645 151.935273832418
0.366995 28.7442730990145 152.873701288488
0.367495 28.7834347675645 153.143071952198
0.367995 28.8225964361145 154.293120968602
0.368495 28.8617581046645 154.483308484922
0.368995 28.9009197732145 154.967602497937
0.369495 28.9400814417645 156.406781244842
0.369995000000001 28.9792431103145 156.882884830924
0.370495 29.0184047788645 156.94646172242
0.370995 29.0575664474145 157.641312665038
0.371495 29.0967281159645 158.3110398678
0.371995 29.1358897845145 159.363088959893
0.372495 29.1750514530645 159.762038954967
0.372995 29.2142131216145 159.724126116564
0.373495 29.2533747901645 160.150167059721
0.373995 29.2925364587145 161.376695270269
0.374495 29.3316981272645 162.018622277568
0.374995 29.3708597958145 163.147299502305
0.375495 29.4100214643645 163.492371915731
0.375995 29.4491831329145 163.760064720701
0.376495000000001 29.4883448014645 164.560421022564
0.376995 29.5275064700145 164.970959709353
0.377495 29.5666681385645 165.983838639902
0.377995 29.6058298071145 166.689669874838
0.378495 29.6449914756645 167.558243616653
0.378995 29.6841531442145 167.917014917535
0.379495 29.7233148127645 168.773954979975
0.379995 29.7624764813145 169.292737095553
0.380495 29.8016381498645 170.344481347095
0.380995 29.8407998184145 170.959930889321
0.381495 29.8799614869645 171.846612428378
0.381995 29.9191231555145 172.393430434985
0.382495 29.9582848240645 172.895641937824
0.382995 29.9974464926145 173.183919022202
0.383495 30.0366081611645 171.776952524224
0.383995 30.0757698297145 166.17769774961
0.384495 30.1149314982645 158.973120307972
0.384995 30.1540931668145 152.80841944728
0.385495 30.1932548353645 147.498399554717
0.385995 30.2324165039145 142.893235017454
0.386495 30.2715781724645 138.646566267452
0.386995 30.3107398410145 135.023003308072
0.387495 30.3499015095645 130.900353476823
0.387995 30.3890631781145 127.672707171958
0.388495 30.4282248466645 123.902297927821
0.388995 30.4673865152145 120.421388874266
0.389495 30.5065481837645 117.016852117222
0.389995 30.5457098523145 113.658869000846
0.390495 30.5848715208645 110.376810621814
0.390995 30.6240331894145 107.219602366613
0.391495 30.6631948579645 104.178579690997
0.391995 30.7023565265145 101.348576909325
0.392495 30.7415181950645 98.4605671708204
0.392995 30.7806798636145 95.8611941025096
0.393495 30.8198415321645 93.1780124333668
0.393995 30.8590032007145 90.6962346916704
0.394495 30.8981648692645 88.2663783306666
0.394995 30.9373265378145 85.8884634276757
0.395495 30.9764882063645 83.5832309517627
0.395995 31.0156498749145 81.3904711851333
0.396495 31.0548115434645 79.2976904683832
0.396995 31.0939732120145 77.1780947117917
0.397495 31.1331348805645 75.3103645716889
0.397995 31.1722965491145 73.4317725618527
0.398495 31.2114582176645 71.6880860692608
0.398995 31.2506198862145 69.9169802488495
0.399495 31.2897815547645 68.4124166050582
0.399995 31.3289432233145 66.8385371902803
0.400495 31.3681048918645 65.4851844670456
0.400995 31.4072665604145 64.1631533575736
0.401495 31.4464282289645 62.9237195136015
0.401995 31.4855898975145 61.7764971480565
0.402495 31.5247515660645 60.7182022991533
0.402995 31.5639132346145 59.7200246762471
0.403495 31.6030749031645 58.8186346047979
0.403995 31.6422365717145 57.948786170067
0.404495 31.6813982402645 57.132895363574
0.404995 31.7205599088145 56.3737121745819
0.405495 31.7597215773645 55.6461473382373
0.405995 31.7988832459145 54.9460148002092
0.406495 31.8380449144645 54.2674071473994
0.406995 31.8772065830145 53.6030939269465
0.407495 31.9163682515645 52.9450117117826
0.407995 31.9555299201145 52.3096639048206
0.408495 31.9946915886645 51.6809269095941
0.408995 32.0338532572145 51.0678415085017
0.409495 32.0730149257645 50.4786216356107
0.409995 32.1121765943145 49.9068186790732
0.410495 32.1513382628645 49.3381846492216
0.410995 32.1904999314145 48.771815866493
0.411495 32.2296615999645 48.2115395884504
0.411995 32.2688232685145 47.640565509316
0.412495 32.3079849370645 47.0632746005013
0.412995 32.3471466056145 46.4872084864588
0.413495 32.3863082741645 45.9149080524591
0.413995000000001 32.4254699427145 45.347155911927
0.414495 32.4646316112645 44.7942133879708
0.414995 32.5037932798145 44.2643586258334
0.415495 32.5429549483645 43.7512780725957
0.415995 32.5821166169145 43.245408047509
0.416495 32.6212782854645 42.7443124486188
0.416995 32.6604399540145 42.2468239652735
0.417495 32.6996016225645 41.7559156651094
0.417995 32.7387632911145 41.2716307725796
0.418495 32.7779249596645 40.7861259184324
0.418995000000001 32.8170866282145 40.2966024730276
0.419495 32.8562482967645 39.8163412572526
0.419995 32.8954099653145 39.3386438508964
0.420495 32.9345716338645 38.8650617243873
0.420995 32.9737333024145 38.3932818056481
0.421495 33.0128949709645 37.9105090489903
0.421995 33.0520566395145 37.3711075822022
0.422495 33.0912183080645 36.7963898885343
0.422995 33.1303799766145 36.202864652355
0.423495 33.1695416451645 35.57101710928
0.423995 33.2087033137145 34.9148314574199
0.424495 33.2478649822645 34.2299716743147
0.424995 33.2870266508145 33.5130647823536
0.425495000000001 33.3261883193645 32.7753854558797
0.425995 33.3653499879145 32.0077182918512
0.426495 33.4045116564645 31.2058815984951
0.426995 33.4436733250145 30.3782289244556
0.427495 33.4828349935645 29.5255177080067
0.427995 33.5219966621145 28.6417434815124
0.428495 33.5611583306645 27.7261826195434
0.428995 33.6003199992145 26.7766076720781
0.429495 33.6394816677645 25.7954352097491
0.429995 33.6786433363145 24.780721940824
0.430495000000001 33.7178050048645 23.7318951146267
0.430995 33.7569666734145 22.6467084252791
0.431495 33.7961283419645 21.5252271673908
0.431995000000001 33.8352900105145 20.366816179077
0.432495 33.8744516790645 19.1712421828877
0.432995 33.9136133476145 17.9349364425655
0.433495 33.9527750161645 16.6570592224525
0.433995 33.9919366847145 15.3452425050768
0.434495 34.0310983532645 14.0608104135815
0.434995 34.0702600218145 12.8633750577708
0.435495 34.1094216903645 11.6783952672272
0.435995 34.1485833589145 10.479183598421
0.436495 34.1877450274645 9.29450548883735
0.436995000000001 34.2269066960145 8.09885900687557
0.437495 34.2660683645645 6.89759178067943
0.437995 34.3052300331145 5.7052939918201
0.438495 34.3443917016645 4.50525264007266
0.438995 34.3835533702145 3.31027750627317
0.439495 34.4227150387645 2.11076243820235
0.439995 34.4618767073145 0.911982886323917
0.440495 34.5010383758645 -0.275271349371585
0.440995 34.5402000444145 -1.47815318910925
0.441495 34.5793617129645 -2.76532586685591
0.441995 34.6185233815145 -4.13189632718555
0.442495 34.6576850500645 -5.58922483276219
0.442995 34.6968467186145 -7.1206606056848
0.443495 34.7360083871645 -8.73168049902764
0.443995 34.7751700557145 -10.4081843207408
0.444495 34.8143317242645 -12.1621847438943
0.444995 34.8534933928145 -13.9813182332142
0.445495 34.8926550613645 -15.8750673026138
0.445995 34.9318167299145 -17.8342360008312
0.446495 34.9709783984645 -19.8652687620053
0.446995 35.0101400670145 -21.9590056638014
0.447495 35.0493017355645 -24.0982815668072
0.447995 35.0884634041145 -26.2856110218209
0.448495 35.1276250726645 -28.4986716026465
0.448995 35.1667867412145 -30.7114690026307
0.449495 35.2059484097645 -32.9018308053889
0.449995 35.2451100783145 -35.0113288686916
0.450495 35.2842717468645 -36.9801009296416
0.450995 35.3234334154145 -36.9992794480137
0.451495 35.3625950839645 -27.4054542978131
0.451995 35.4017567525145 -21.9424436780292
0.452495 35.4409184210645 -18.366687237987
0.452995 35.4800800896145 -14.9542367183946
0.453495 35.5192417581645 -13.5590726161702
0.453995 35.5584034267145 -11.5174109048016
0.454495 35.5975650952645 -8.68564281939726
0.454995 35.6367267638145 -6.28768797283669
0.455495 35.6758884323645 -3.84944960452515
0.455995 35.7150501009145 -3.18644269853186
0.456495 35.7542117694645 -2.78608147411485
0.456995 35.7933734380145 -2.03811240477301
0.457495 35.8325351065645 -2.08975470024882
0.457995 35.8716967751145 -2.42160726703176
0.458495 35.9108584436645 -2.70616194621957
0.458995 35.9500201122145 -2.56908308959427
0.459495 35.9891817807645 -2.87158819300857
0.459995 36.0283434493145 -2.53505656025034
0.460495 36.0675051178645 -1.68988867349293
0.460995 36.1066667864145 -1.08197535894828
0.461495 36.1458284549645 -1.32592972297323
0.461995 36.1849901235145 -1.15371521842119
0.462495 36.2241517920645 -1.54124981650395
0.462995 36.2633134606145 -2.1795198758523
0.463495 36.3024751291645 -2.43856573984562
0.463995 36.3416367977145 -2.18393119151551
0.464495 36.3807984662645 -2.29503324509117
0.464995 36.4199601348145 -2.47880755863462
0.465495 36.4591218033645 -2.86210835211838
0.465995 36.4982834719145 -2.67765182079826
0.466495 36.5374451404645 -2.63134514686537
0.466995 36.5766068090145 -2.24399773603168
0.467495 36.6157684775645 -2.36921868230805
0.467995000000001 36.6549301461145 -2.17810177419062
0.468495 36.6940918146645 -1.86399817474474
0.468995 36.7332534832145 -1.74698681441621
0.469495 36.7724151517645 -1.30353934962782
0.469995 36.8115768203145 -1.01318315881107
0.470495 36.8507384888645 -0.669135282288085
0.470995 36.8899001574145 -0.346740174039679
0.471495 36.9290618259645 -0.310348965522884
0.471995 36.9682234945145 -0.281705045080372
0.472495 37.0073851630645 -0.324697499761348
0.472995 37.0465468316145 -0.45544530565946
0.473495 37.0857085001645 -0.382774324747548
0.473995 37.1248701687145 -0.490413212504443
0.474495 37.1640318372645 -0.516406697703599
0.474995 37.2031935058145 -0.469791086430396
0.475495 37.2423551743645 -0.464870553685292
0.475995000000001 37.2815168429145 -0.674560460806379
0.476495 37.3206785114645 -0.625962869277327
0.476995 37.3598401800145 -0.70065469516763
0.477495 37.3990018485645 -0.498563393366324
0.477995 37.4381635171145 -0.67837446997018
0.478495 37.4773251856645 -0.878819553304665
0.478995 37.5164868542145 -0.974711023694475
0.479495 37.5556485227645 -1.05509646960946
0.479995 37.5948101913145 -1.17547034548318
0.480495 37.6339718598645 -1.14402789850537
0.480995000000001 37.6731335284145 -1.27002961906954
0.481495 37.7122951969645 -1.3407362102955
0.481995 37.7514568655145 -1.20032906909126
0.482495 37.7906185340645 -1.11971494887817
0.482995 37.8297802026145 -0.91945415013729
0.483495 37.8689418711645 -0.849655296557816
0.483995 37.9081035397145 -0.869297195990336
0.484495 37.9472652082645 -0.976827330060277
0.484995 37.9864268768145 -1.16450450565421
0.485495 38.0255885453645 -1.19827876207749
0.485995000000001 38.0647502139145 -1.05841486168242
0.486495 38.1039118824645 -0.572821834198101
0.486995 38.1430735510145 -0.256608135861682
0.487495000000001 38.1822352195645 -0.0282781662758008
0.487995 38.2213968881145 -0.0307131508278042
0.488495 38.2605585566645 0.102438363899585
0.488995 38.2997202252145 0.147613188347087
0.489495 38.3388818937645 0.38427349098496
0.489995 38.3780435623145 0.459874724182436
0.490495 38.4172052308645 0.458181369252909
0.490995 38.4563668994145 0.577575919695146
0.491495 38.4955285679645 0.572304867099124
0.491995 38.5346902365145 0.490547637983779
0.492495000000001 38.5738519050645 0.6361439441054
0.492995 38.6130135736145 0.760644414374702
0.493495 38.6521752421645 0.967325385031667
0.493995 38.6913369107145 1.2461050262983
0.494495 38.7304985792645 1.30357559540387
0.494995 38.7696602478145 1.58691574897858
0.495495 38.8088219163645 1.88944405125616
0.495995 38.8479835849145 2.37702872084804
0.496495 38.8871452534645 2.78581532045909
0.496995 38.9263069220145 2.98853635862783
0.497495 38.9654685905645 2.94729799167064
0.497995 39.0046302591145 3.24994075419218
0.498495 39.0437919276645 3.31625800931384
0.498995000000001 39.0829535962145 3.43751310820854
0.499495 39.1221152647645 3.36744304228269
0.499995 39.1612769333145 3.5352268677163
