# Fix print output for fix Step
0 0 0.70102499723956
0.00049499999999998 0.0367295230151967 0.866841693358052
0.000994999999999901 0.0738300513133709 0.972585769653262
0.00149500000000013 0.110930579611568 1.46489236887112
0.00199500000000005 0.148031107909742 1.67770041246661
0.00249499999999997 0.185131636207916 1.56605557410355
0.00299499999999989 0.22223216450609 1.99618545394637
0.00349500000000012 0.259332692804287 2.41346389048042
0.00399500000000004 0.296433221102461 2.32716580531888
0.00449499999999996 0.333533749400635 2.51684749554258
0.00499500000000004 0.370634277698821 3.01584858447513
0.00549500000000011 0.407734805997006 3.08719095984301
0.00599500000000003 0.44483533429518 3.10269847897386
0.00649499999999995 0.481935862593355 3.58062903442955
0.00699500000000003 0.51903639089154 3.80058235311984
0.0074950000000001 0.556136919189726 3.78276315272988
0.00799500000000002 0.5932374474879 4.13939975239317
0.00849499999999994 0.630337975786074 4.47012552682922
0.00899500000000002 0.667438504084259 4.44077079086392
0.00949500000000009 0.704539032382445 4.68100307336632
0.00999500000000001 0.741639560680619 5.0968720909425
0.0104949999999999 0.778740088978793 5.15145389988837
0.010995 0.815840617276979 5.22271144489339
0.0114950000000001 0.852941145575164 5.65117407711898
0.011995 0.890041673873338 5.88684230877792
0.0124949999999999 0.927142202171513 5.86034616030449
0.0129950000000002 0.964242730469709 6.13366908262301
0.0134950000000001 1.00134325876788 6.48556290299935
0.013995 1.03844378706606 6.53936305708663
0.0144949999999999 1.07554431536423 6.72337401420022
0.0149950000000001 1.11264484366243 7.05313108852721
0.0154950000000001 1.1497453719606 7.19603371594446
0.015995 1.18684590025878 7.2782651372636
0.0164949999999999 1.22394642855695 7.6346399274135
0.0169950000000001 1.26104695685515 7.89723828644668
0.0174950000000001 1.29814748515332 7.89657860838412
0.017995 1.3352480134515 8.06575652577789
0.0184949999999999 1.37234854174967 8.4534663249288
0.0189950000000001 1.40944907004787 8.59647434294273
0.019495 1.44654959834604 8.69481629702372
0.019995 1.48365012664422 8.94610773486137
0.020495 1.5207506549424 9.16587785013776
0.0209950000000001 1.55785118324059 9.29607414901512
0.021495 1.59495171153876 9.54524836972197
0.021995 1.63205223983693 9.72184771575651
0.022495 1.66915276813512 9.80212306176581
0.0229950000000001 1.70625329643331 10.0335780099853
0.023495 1.74335382473148 10.3570469543886
0.0239949999999999 1.78045435302965 10.5598771424563
0.024495 1.81755488132784 10.5990662284123
0.0249950000000001 1.85465540962603 10.8016535535647
0.025495 1.8917559379242 11.0441329389982
0.0259949999999999 1.92885646622237 11.1943310930587
0.026495 1.96595699452056 11.3286698212633
0.0269950000000001 2.00305752281874 11.6122900913404
0.027495 2.04015805111692 11.7785640190487
0.0279949999999999 2.07725857941509 11.8935680826127
0.0284950000000002 2.11435910771329 12.117181092762
0.0289950000000001 2.15145963601146 12.3469809703886
0.029495 2.18856016430964 12.4645899117159
0.0299949999999999 2.22566069260781 12.6329511901803
0.0304950000000001 2.26276122090601 12.8528073777499
0.0309950000000001 2.29986174920418 13.015047618988
0.031495 2.33696227750236 13.1622479385616
0.0319949999999999 2.37406280580053 13.3638764517752
0.0324950000000001 2.41116333409873 13.6030862531101
0.0329950000000001 2.4482638623969 13.7713920194939
0.033495 2.48536439069508 13.9112192471524
0.0339949999999999 2.52246491899325 14.033074582246
0.0344950000000001 2.55956544729145 14.2232300841455
0.034995 2.59666597558962 14.423646571683
0.035495 2.6337665038878 14.6443205225752
0.035995 2.67086703218598 14.8274791697246
0.0364950000000001 2.70796756048417 14.9561298381776
0.036995 2.74506808878234 15.1243113418592
0.037495 2.78216861708052 15.3106926342937
0.037995 2.8192691453787 15.4500409466886
0.0384950000000001 2.85636967367689 15.6472401004378
0.038995 2.89347020197506 15.85454201299
0.0394949999999999 2.93057073027323 16.0027434012183
0.039995 2.96767125857142 16.1734712166938
0.0404950000000001 3.00477178686961 16.3579034177253
0.040995 3.04187231516778 16.4977885324404
0.0414949999999999 3.07897284346595 16.6537492470697
0.041995 3.11607337176414 16.8486186930241
0.0424950000000001 3.15317390006232 17.0130006686962
0.042995 3.1902744283605 17.1582263089371
0.0434949999999999 3.22737495665867 17.37754451098
0.0439950000000002 3.26447548495687 17.5281682576707
0.0444950000000001 3.30157601325504 17.6996125004283
0.044995 3.33867654155322 17.8757349292682
0.0454949999999999 3.37577706985139 18.0622063134364
0.0459950000000001 3.41287759814959 18.2047978526018
0.0464950000000001 3.44997812644776 18.3676537619676
0.046995 3.48707865474594 18.5829763834079
0.0474949999999999 3.52417918304411 18.7267122197116
0.0479950000000001 3.56127971134231 18.8611472139023
0.0484950000000001 3.59838023964048 19.0671367916668
0.048995 3.63548076793866 19.2159459337244
0.0494949999999999 3.67258129623683 19.3643608318235
0.0499950000000001 3.70968182453503 19.532831882486
0.050495 3.7467823528332 19.7135683288885
0.050995 3.78388288113138 19.8376874231598
0.0514949999999999 3.82098340942955 19.9891088845422
0.0519950000000001 3.85808393772775 20.1776792778755
0.052495 3.89518446602592 20.3496205953385
0.052995 3.9322849943241 20.4840216202217
0.053495 3.96938552262228 20.6417455163169
0.0539950000000001 4.00648605092047 20.8294108854504
0.054495 4.04358657921864 20.9627529443755
0.054995 4.08068710751681 21.124858490208
0.055495 4.117787635815 21.3095991455595
0.0559950000000001 4.15488816411319 21.4564568142328
0.056495 4.19198869241136 21.5903732007166
0.0569949999999999 4.22908922070953 21.7655410329776
0.057495 4.26618974900772 21.9437266231257
0.0579950000000001 4.3032902773059 22.076053112781
0.058495 4.34039080560408 22.2355922066122
0.0589949999999999 4.37749133390225 22.409240582241
0.059495 4.41459186220044 22.547985348175
0.0599950000000001 4.45169239049862 22.7118911855597
0.060495 4.4887929187968 22.8699738227242
0.0609949999999999 4.52589344709497 23.0321270695758
0.0614950000000001 4.56299397539317 23.1751128375594
0.0619950000000001 4.60009450369134 23.3145527518893
0.062495 4.63719503198952 23.4891248754093
0.0629949999999999 4.67429556028769 23.656359426397
0.0634950000000001 4.71139608858589 23.7973125572985
0.0639950000000001 4.74849661688406 23.9444030179551
0.064495 4.78559714518224 24.1069525110017
0.0649949999999999 4.82269767348041 24.2476337162356
0.0654950000000001 4.85979820177861 24.378445587168
0.0659950000000001 4.89689873007678 24.5637115544051
0.066495 4.93399925837496 24.7010055556164
0.0669949999999999 4.97109978667313 24.8328108202273
0.0674950000000001 5.00820031497133 25.0107164510901
0.067995 5.0453008432695 25.1426477992641
0.068495 5.08240137156768 25.285291005705
0.068995 5.11950189986586 25.4119035267046
0.0694950000000001 5.15660242816405 25.5509909937095
0.069995 5.19370295646222 25.6725287979874
0.070495 5.2308034847604 25.8076926461854
0.070995 5.26790401305858 25.9505155378971
0.0714950000000001 5.30500454135677 26.1220507109546
0.071995 5.34210506965494 26.2509614045392
0.0724949999999999 5.37920559795311 26.4043763636013
0.072995 5.4163061262513 26.5602156251659
0.0734950000000001 5.45340665454949 26.701857000978
0.073995 5.49050718284766 26.8707573826384
0.0744949999999999 5.52760771114583 27.0293233388919
0.0749950000000002 5.56470823944403 27.1597201837173
0.0754950000000001 5.6018087677422 27.2969195220609
0.075995 5.63890929604038 27.4690807579119
0.0764949999999999 5.67600982433855 27.5956045821958
0.0769950000000001 5.71311035263675 27.7499445568507
0.0774950000000001 5.75021088093492 27.8582982771941
0.077995 5.7873114092331 28.001147998384
0.0784949999999999 5.82441193753127 28.1419942356385
0.0789950000000001 5.86151246582947 28.2667853559863
0.0794950000000001 5.89861299412764 28.3854078952146
0.079995 5.93571352242582 28.5265811629854
0.0804949999999999 5.97281405072399 28.6810873024839
0.0809950000000001 6.00991457902219 28.8055433514013
0.0814950000000001 6.04701510732036 28.9308076598296
0.081995 6.08411563561854 29.1023590200458
0.0824950000000001 6.12121616391672 29.2449336605134
0.0829950000000001 6.15831669221491 29.3565199520042
0.083495 6.19541722051308 29.4831858566326
0.083995 6.23251774881126 29.6279482083485
0.084495 6.26961827710944 29.7404065943809
0.0849950000000001 6.30671880540763 29.8776782611386
0.085495 6.3438193337058 30.0050908292838
0.085995 6.38091986200398 30.1353038248017
0.086495 6.41802039030216 30.2677625419359
0.0869950000000001 6.45512091860035 30.4148002355653
0.087495 6.49222144689852 30.547632733399
0.0879949999999999 6.52932197519669 30.6813610132753
0.0884950000000002 6.56642250349489 30.8080417384415
0.0889950000000001 6.60352303179307 30.922659912795
0.089495 6.64062356009124 31.0550702987297
0.0899949999999999 6.67772408838941 31.1789498257784
0.090495 6.7148246166876 31.3136615146551
0.0909950000000001 6.75192514498579 31.452194490192
0.091495 6.78902567328396 31.5750534562574
0.0919949999999999 6.82612620158213 31.6987377783823
0.0924950000000002 6.86322672988033 31.8183361175058
0.0929950000000001 6.9003272581785 31.9412365484908
0.093495 6.93742778647668 32.0764852184891
0.0939949999999999 6.97452831477485 32.2192603795437
0.0944950000000001 7.01162884307305 32.3288434618201
0.0949950000000001 7.04872937137122 32.4493259294265
0.095495 7.0858298996694 32.5406744355189
0.0959949999999999 7.12293042796757 32.6739340078022
0.0964950000000001 7.16003095626577 32.811684767259
0.0969950000000001 7.19713148456394 32.941508037049
0.097495 7.23423201286212 33.0678867364978
0.0979949999999999 7.27133254116029 33.1848839144029
0.0984950000000001 7.30843306945849 33.2947327040082
0.0989950000000001 7.34553359775666 33.3873964730368
0.099495 7.38263412605484 33.5259261905938
0.099995 7.41973465435302 33.6873836367539
0.100495 7.45683518265121 33.7806978964932
0.100995 7.49393571094938 33.8920752292908
0.101495 7.53103623924756 34.004892564019
0.101995 7.56813676754574 34.1502034426043
0.102495 7.60523729584393 34.2875611559204
0.102995 7.6423378241421 34.3790115439966
0.103495 7.67943835244027 34.4853463913863
0.103995 7.71653888073846 34.5843924370313
0.104495 7.75363940903665 34.7064785112721
0.104995 7.79073993733482 34.8261703933381
0.105495 7.82784046563299 34.9773592632429
0.105995 7.86494099393119 35.049457324969
0.106495 7.90204152222937 35.140999634304
0.106995 7.93914205052754 35.2760238980369
0.107495 7.97624257882571 35.4105789193315
0.107995 8.0133431071239 35.5129180785191
0.108495 8.05044363542208 35.6030781855717
0.108995 8.08754416372026 35.7293597037602
0.109495 8.12464469201843 35.8540142894258
0.109995 8.16174522031663 35.9622951992221
0.110495 8.1988457486148 36.0664713346357
0.110995 8.23594627691298 36.1924720544499
0.111495 8.27304680521115 36.2955183880841
0.111995 8.31014733350935 36.3838414516732
0.112495 8.34724786180752 36.4961512350392
0.112995 8.3843483901057 36.6151174322195
0.113495 8.42144891840387 36.7150491398282
0.113995 8.45854944670207 36.8122984373774
0.114495 8.49564997500024 36.9336076303961
0.114995 8.53275050329842 37.0349157683708
0.115495 8.5698510315966 37.1151558890838
0.115995 8.60695155989479 37.2317740567181
0.116495 8.64405208819296 37.3599218447152
0.116995 8.68115261649114 37.4646762446471
0.117495 8.71825314478932 37.5436729528155
0.117995 8.75535367308751 37.6551689684886
0.118495 8.79245420138568 37.7694459369365
0.118995 8.82955472968385 37.8744172131889
0.119495 8.86665525798205 37.9566820819878
0.119995 8.90375578628023 38.0664123419943
0.120495 8.9408563145784 38.1708682497004
0.120995 8.97795684287657 38.2737238757013
0.121495 9.01505737117476 38.3703825609224
0.121995 9.05215789947295 38.4503513368912
0.122495 9.08925842777112 38.5693233115146
0.122995 9.12635895606929 38.68143418509
0.123495 9.16345948436749 38.7642077663348
0.123995 9.20056001266567 38.8644209028721
0.124495 9.23766054096384 38.9684614709858
0.124995 9.27476106926201 39.0553368919946
0.125495 9.31186159756021 39.1378211717671
0.125995 9.34896212585838 39.2505571270759
0.126495 9.38606265415656 39.3512368364524
0.126995 9.42316318245473 39.4420950765275
0.127495 9.46026371075293 39.5320972541757
0.127995 9.4973642390511 39.6383649146559
0.128495 9.53446476734928 39.699668012485
0.128995 9.57156529564745 39.8261678450291
0.129495 9.60866582394565 39.9433945981457
0.129995 9.64576635224382 39.9900349499811
0.130495 9.682866880542 40.1116229279285
0.130995 9.71996740884017 40.1933386295777
0.131495 9.75706793713837 40.2568617181527
0.131995 9.79416846543654 40.3874706720642
0.132495 9.83126899373472 40.4629397447985
0.132995 9.8683695220329 40.5349405016971
0.133495 9.90547005033109 40.6785596797646
0.133995 9.94257057862926 40.7186756704665
0.134495 9.97967110692744 40.799894285925
0.134995 10.0167716352256 40.9409828505567
0.135495 10.0538721635238 40.9963218300436
0.135995 10.090972691822 41.0785732645435
0.136495 10.1280732201202 41.1829983499741
0.136995 10.1651737484184 41.2615616304075
0.137495 10.2022742767165 41.3504307868903
0.137995 10.2393748050147 41.4459586229685
0.138495 10.2764753333129 41.530462467671
0.138995 10.3135758616111 41.6110378752288
0.139495 10.3506763899092 41.6724669613081
0.139995 10.3877769182074 41.7862440142075
0.140495 10.4248774465056 41.8446404951599
0.140995 10.4619779748038 41.9397633243843
0.141495 10.499078503102 42.048865802545
0.141995 10.5361790314001 42.1090900837089
0.142495 10.5732795596983 42.2069203952969
0.142995 10.6103800879965 42.2625121687248
0.143495 10.6474806162947 42.3371208319087
0.143995 10.6845811445929 42.4378807183133
0.144495 10.721681672891 42.5192974904404
0.144995 10.7587822011892 42.5840613274743
0.145495 10.7958827294874 42.7034182654272
0.145995 10.8329832577856 42.745174146645
0.146495 10.8700837860838 42.8434715236848
0.146995 10.9071843143819 42.9110793491424
0.147495 10.9442848426801 42.9993688600368
0.147995 10.9813853709783 43.0891420439704
0.148495 11.0184858992765 43.1413656253145
0.148995 11.0555864275747 43.2352268071714
0.149495 11.0926869558728 43.2882814212143
0.149995 11.129787484171 43.3731194121015
0.150495 11.1668880124692 43.4334170198054
0.150995 11.2039885407674 43.5286869349179
0.151495 11.2410890690656 43.6348896044119
0.151995 11.2781895973637 43.6698273521421
0.152495 11.3152901256619 43.7676160835473
0.152995 11.3523906539601 43.8163631805504
0.153495 11.3894911822583 43.9133863557493
0.153995 11.4265917105565 43.9583872690163
0.154495 11.4636922388547 44.066068801514
0.154995 11.5007927671528 44.134410109087
0.155495 11.537893295451 44.1809488206856
0.155995 11.5749938237492 44.2807437191429
0.156495 11.6120943520474 44.3228634994198
0.156995 11.6491948803455 44.4167357997111
0.157495 11.6862954086437 44.4697257195496
0.157995 11.7233959369419 44.5687410293164
0.158495 11.7604964652401 44.6159034468919
0.158995 11.7975969935383 44.6996544787686
0.159495 11.8346975218364 44.7550378163701
0.159995 11.8717980501346 44.8232222727696
0.160495 11.9088985784328 44.9198561022389
0.160995 11.945999106731 44.9584170838074
0.161495 11.9830996350292 45.0584221002471
0.161995 12.0202001633273 45.1010870011534
0.162495 12.0573006916255 45.1754183510494
0.162995 12.0944012199237 45.2348707641277
0.163495 12.1315017482219 45.2994236081839
0.163995 12.1686022765201 45.3776123586362
0.164495 12.2057028048182 45.4161744643447
0.164995 12.2428033331164 45.5175302112998
0.165495 12.2799038614146 45.5768787377742
0.165995 12.3170043897128 45.6425795148445
0.166495 12.354104918011 45.6857029520594
0.166995 12.3912054463091 45.7706257013148
0.167495 12.4283059746073 45.8141246812926
0.167995 12.4654065029055 45.9091222880328
0.168495 12.5025070312037 45.9643780699943
0.168995 12.5396075595019 46.0185716395755
0.169495 12.5767080878 46.0711625972233
0.169995 12.6138086160982 46.126818431059
0.170495 12.6509091443964 46.201491555781
0.170995 12.6880096726946 46.2386598639404
0.171495 12.7251102009928 46.322291840315
0.171995 12.762210729291 46.3974680435559
0.172495 12.7993112575891 46.4472414848802
0.172995 12.8364117858873 46.5080224609355
0.173495 12.8735123141855 46.5461420940896
0.173995 12.9106128424837 46.6246734463507
0.174495 12.9477133707818 46.6858768923556
0.174995 12.98481389908 46.7509625945556
0.175495 13.0219144273782 46.785900912193
0.175995 13.0590149556764 46.8604083835294
0.176495 13.0961154839746 46.8975553207409
0.176995 13.1332160122727 46.9444278192275
0.177495 13.1703165405709 47.0464416155748
0.177995 13.2074170688691 47.07270459068
0.178495 13.2445175971673 47.1692174796005
0.178995 13.2816181254655 47.1629273274765
0.179495 13.3187186537636 47.2417814332424
0.179995 13.3558191820618 47.3084205451496
0.180495 13.39291971036 47.3623357775128
0.180995 13.4300202386582 47.4414535737362
0.181495 13.4671207669564 47.4562348727204
0.181995 13.5042212952545 47.5609980327316
0.182495 13.5413218235527 47.5699505182554
0.182995 13.5784223518509 47.640411125278
0.183495 13.6155228801491 47.6911660439152
0.183995 13.6526234084473 47.7399875483109
0.184495 13.6897239367454 47.8017359058085
0.184995 13.7268244650436 47.8380990295012
0.185495 13.7639249933418 47.902818997273
0.185995 13.80102552164 47.9420901265171
0.186495 13.8381260499382 47.9901428454318
0.186995 13.8752265782363 48.0572898419767
0.187495 13.9123271065345 48.1069560713379
0.187995 13.9494276348327 48.1580700968891
0.188495 13.9865281631309 48.2186910384344
0.188995 14.0236286914291 48.2405645627671
0.189495 14.0607292197272 48.3163557988223
0.189995 14.0978297480254 48.3484449906796
0.190495 14.1349302763236 48.4101113009907
0.190995 14.1720308046218 48.4555883434346
0.191495 14.20913133292 48.5205967489089
0.191995 14.2462318612181 48.5696559765112
0.192495 14.2833323895163 48.6080592190399
0.192995 14.3204329178145 48.6648940243622
0.193495 14.3575334461127 48.7052656785616
0.193995 14.3946339744109 48.7633275825359
0.194495 14.431734502709 48.8119316897651
0.194995 14.4688350310072 48.8473184117037
0.195495 14.5059355593054 48.9146824136874
0.195995 14.5430360876036 48.9172233246625
0.196495 14.5801366159018 48.9975159788668
0.196995 14.6172371441999 49.0317133212282
0.197495 14.6543376724981 49.0905586543624
0.197995 14.6914382007963 49.1119656605185
0.198495 14.7285387290945 49.1862356671045
0.198995 14.7656392573927 49.2386558123019
0.199495 14.8027397856908 49.2798523010414
0.199995 14.839840313989 49.3021140004868
0.200495 14.8769408422872 49.3630442863717
0.200995 14.9140413705854 49.4217663129199
0.201495 14.9511418988836 49.4685882248496
0.201995 14.9882424271817 49.4879219294706
0.202495 15.0253429554799 49.5439391087436
0.202995 15.0624434837781 49.5917754931275
0.203495 15.0995440120763 49.6573880346634
0.203995 15.1366445403745 49.6817756589106
0.204495 15.1737450686726 49.7376425048431
0.204995 15.2108455969708 49.808248665372
0.205495 15.247946125269 49.8299820381117
0.205995 15.2850466535672 49.8469806044799
0.206495 15.3221471818654 49.9257824332313
0.206995 15.3592477101635 49.9475997505323
0.207495 15.3963482384617 50.0200814745314
0.207995 15.4334487667599 50.0385234337345
0.208495 15.4705492950581 50.0972045575359
0.208995 15.5076498233563 50.1319584673
0.209495 15.5447503516544 50.1788133624344
0.209995 15.5818508799526 50.20347217592
0.210495 15.6189514082508 50.2788653774478
0.210995 15.656051936549 50.3228717022599
0.211495 15.6931524648472 50.3118268335847
0.211995 15.7302529931453 50.4119943419214
0.212495 15.7673535214435 50.4282016186861
0.212995 15.8044540497417 50.4894276303864
0.213495 15.8415545780399 50.5295022035559
0.213995 15.8786551063381 50.5664215568175
0.214495 15.9157556346362 50.6139127068831
0.214995 15.9528561629344 50.6409150805559
0.215495 15.9899566912326 50.7357878387803
0.215995 16.0270572195308 50.7299091350111
0.216495 16.064157747829 50.7656158263927
0.216995 16.1012582761271 50.8449800095622
0.217495 16.1383588044253 50.8434299682089
0.217995 16.1754593327235 50.8828712671994
0.218495 16.2125598610217 50.9662881746577
0.218995 16.2496603893199 51.0305465240474
0.219495 16.286760917618 51.0315974619192
0.219995 16.3238614459162 51.0761162414107
0.220495 16.3609619742144 51.1493788801395
0.220995 16.3980625025126 51.1628999072404
0.221495 16.4351630308108 51.2178285032952
0.221995 16.4722635591089 51.236684770706
0.222495 16.5093640874071 51.3005720829425
0.222995 16.5464646157053 51.3442884333144
0.223495 16.5835651440035 51.3811672951143
0.223995 16.6206656723017 51.4446415446749
0.224495 16.6577662005998 51.4906647925696
0.224995 16.694866728898 51.5192353556637
0.225495 16.7319672571962 51.5562385041722
0.225995 16.7690677854944 51.5885265524572
0.226495 16.8061683137926 51.6312668218088
0.226995 16.8432688420907 51.6450670913414
0.227495 16.8803693703889 51.7329643996344
0.227995 16.9174698986871 51.7756941647508
0.228495 16.9545704269853 51.7859965238687
0.228995 16.9916709552835 51.8062543214304
0.229495 17.0287714835816 51.9002958580896
0.229995 17.0658720118798 51.9379904986975
0.230495 17.102972540178 51.9609164894148
0.230995 17.1400730684762 52.0476320420631
0.231495 17.1771735967744 52.0456467656794
0.231995 17.2142741250725 52.1378529676353
0.232495 17.2513746533707 52.1264796375957
0.232995 17.2884751816689 52.1401626544342
0.233495 17.3255757099671 52.210088054511
0.233995 17.3626762382653 52.2628455726443
0.234495 17.3997767665634 52.3229626844426
0.234995 17.4368772948616 52.3467539212994
0.235495 17.4739778231598 52.3979533803266
0.235995 17.511078351458 52.410978584621
0.236495 17.5481788797562 52.4747518976381
0.236995 17.5852794080543 52.5140938323941
0.237495 17.6223799363525 52.5685443311824
0.237995 17.6594804646507 52.6211476533874
0.238495 17.6965809929489 52.6375454837036
0.238995 17.7336815212471 52.6769366485866
0.239495 17.7707820495452 52.7379318419143
0.239995 17.8078825778434 52.7174755721161
0.240495 17.8449831061416 52.8154766884097
0.240995 17.8820836344398 52.8897738684543
0.241495 17.919184162738 52.9379310743667
0.241995 17.9562846910361 52.9188428682594
0.242495 17.9933852193343 53.0196256704084
0.242995 18.0304857476325 53.052341026801
0.243495 18.0675862759307 53.0759762438049
0.243995 18.1046868042289 53.0988504208842
0.244495 18.141787332527 53.1324328900596
0.244995 18.1788878608252 53.1786055896722
0.245495 18.2159883891234 53.2933554363958
0.245995 18.2530889174216 53.2718635001574
0.246495 18.2901894457198 53.3629698916027
0.246995 18.3272899740179 53.396139432955
0.247495 18.3643905023161 53.4419500128267
0.247995 18.4014910306143 53.5396758511502
0.248495 18.4385915589125 53.5796713646823
0.248995 18.4756920872107 53.533407552872
0.249495 18.5127926155088 53.618537542523
0.249995 18.549893143807 53.6958277232506
0.250495 18.5869936721052 53.7226257357538
0.250995 18.6240942004034 53.774211581846
0.251495 18.6611947287016 53.7293546549914
0.251995 18.6982952569997 53.8077385029958
0.252495 18.7353957852979 53.8543115789955
0.252995 18.7724963135961 53.9667394106228
0.253495 18.8095968418943 53.9862773489238
0.253995 18.8466973701925 54.1047069292017
0.254495 18.8837978984906 54.034165420793
0.254995 18.9208984267888 54.0722846504732
0.255495 18.957998955087 54.1366402050867
0.255995 18.9950994833852 54.2362751924113
0.256495 19.0322000116834 54.2588852459793
0.256995 19.0693005399815 54.2953687417987
0.257495 19.1064010682797 54.3293912283311
0.257995 19.1435015965779 54.4696389532687
0.258495 19.1806021248761 54.4055077128871
0.258995 19.2177026531742 54.516576479962
0.259495 19.2548031814724 54.5169119450876
0.259995 19.2919037097706 54.6217103366836
0.260495 19.3290042380688 54.5379873346489
0.260995 19.366104766367 54.7179569236136
0.261495 19.4032052946652 54.705848795079
0.261995 19.4403058229633 54.6934942755924
0.262495 19.4774063512615 54.8937624824282
0.262995 19.5145068795597 54.9763002120852
0.263495 19.5516074078579 54.8759223711473
0.263995 19.5887079361561 54.989664622102
0.264495 19.6258084644542 55.0348053848538
0.264995 19.6629089927524 55.0248524005849
0.265495 19.7000095210506 55.1977985005232
0.265995 19.7371100493488 55.1776086071402
0.266495 19.774210577647 55.2225722545087
0.266995 19.8113111059451 55.3675604805594
0.267495 19.8484116342433 55.3578709462247
0.267995 19.8855121625415 55.4134144441737
0.268495 19.9226126908397 55.4381981527428
0.268995 19.9597132191379 55.5039650043993
0.269495 19.996813747436 55.5347354615714
0.269995 20.0339142757342 55.6286476039393
0.270495 20.0710148040324 55.7197706245062
0.270995 20.1081153323306 55.7215361790323
0.271495 20.1452158606288 55.7732013779336
0.271995 20.1823163889269 55.8229049037061
0.272495 20.2194169172251 56.0193261626901
0.272995 20.2565174455233 56.0047863894614
0.273495 20.2936179738215 56.0231875040675
0.273995 20.3307185021197 56.0581528460043
0.274495 20.3678190304178 56.1876861698236
0.274995 20.404919558716 56.2467289261754
0.275495 20.4420200870142 56.1997291852685
0.275995 20.4791206153124 56.2490831164867
0.276495 20.5162211436106 56.4227413138379
0.276995 20.5533216719087 56.4818430542364
0.277495 20.5904222002069 56.528349520728
0.277995 20.6275227285051 56.5509886226305
0.278495 20.6646232568033 56.6731633384043
0.278995 20.7017237851015 56.6454242779417
0.279495 20.7388243133996 56.7025959576575
0.279995 20.7759248416978 56.8289200419125
0.280495 20.813025369996 57.0581863009607
0.280995 20.8501258982942 56.9429942097087
0.281495 20.8872264265924 56.993539059403
0.281995 20.9243269548905 57.0541480894238
0.282495 20.9614274831887 57.1740417648914
0.282995 20.9985280114869 57.1756529436072
0.283495 21.0356285397851 57.4197442388892
0.283995 21.0727290680833 57.436398980554
0.284495 21.1098295963815 57.4569740542146
0.284995 21.1469301246796 57.4542653257505
0.285495 21.1840306529778 57.5997435957091
0.285995 21.221131181276 57.5696101886862
0.286495 21.2582317095742 57.6820491779734
0.286995 21.2953322378723 57.8117969301132
0.287495 21.3324327661705 57.8083235635856
0.287995 21.3695332944687 57.8853462197484
0.288495 21.4066338227669 58.0140871124337
0.288995 21.4437343510651 58.1717775271877
0.289495 21.4808348793632 58.1717090003869
0.289995 21.5179354076614 58.3210751449432
0.290495 21.5550359359596 58.3871405567938
0.290995 21.5921364642578 58.4275090631972
0.291495 21.629236992556 58.4725385425228
0.291995 21.6663375208541 58.4868886227492
0.292495 21.7034380491523 58.5837502233211
0.292995 21.7405385774505 58.70094490461
0.293495 21.7776391057487 58.8458574679237
0.293995 21.8147396340469 58.9633149038248
0.294495 21.851840162345 59.0052275624992
0.294995 21.8889406906432 59.2400477293256
0.295495 21.9260412189414 59.2496278695367
0.295995 21.9631417472396 59.2497732464454
0.296495 22.0002422755378 59.2761927607313
0.296995 22.0373428038359 59.4940265055654
0.297495 22.0744433321341 59.623824444422
0.297995 22.1115438604323 59.6183382092151
0.298495 22.1486443887305 59.8831148475927
0.298995 22.1857449170287 59.9481118354136
0.299495 22.2228454453268 60.0277878967799
0.299995 22.259945973625 60.0475442196778
0.300495 22.2970465019232 60.3589587260824
0.300995 22.3341470302214 60.3396352432844
0.301495 22.3712475585196 60.3143917462199
0.301995 22.4083480868177 60.5279685240116
0.302495 22.4454486151159 60.6481280357548
0.302995 22.4825491434141 60.7406888992918
0.303495 22.5196496717123 60.9313998410295
0.303995 22.5567502000105 61.0201622347588
0.304495 22.5938507283086 61.195724242457
0.304995 22.6309512566068 61.2110350911733
0.305495 22.668051784905 61.4162099712446
0.305995 22.7051523132032 61.6391285376105
0.306495 22.7422528415014 61.6208493657851
0.306995 22.7793533697995 61.7656408498357
0.307495 22.8164538980977 62.0238529897102
0.307995 22.8535544263959 61.9497636459733
0.308495 22.8906549546941 62.3163811628305
0.308995 22.9277554829923 62.3371732891721
0.309495 22.9648560112904 62.4693408362561
0.309995 23.0019565395886 62.5651101952056
0.310495 23.0390570678868 62.773071981981
0.310995 23.076157596185 62.9476886093879
0.311495 23.1132581244832 63.1424625419577
0.311995 23.1503586527813 63.1124643320994
0.312495 23.1874591810795 63.4253659932315
0.312995 23.2245597093777 63.4822102360862
0.313495 23.2616602376759 63.7085858934564
0.313995 23.2987607659741 63.891961310631
0.314495 23.3358612942722 64.0243778792118
0.314995 23.3729618225704 64.1428441680106
0.315495 23.4100623508686 64.2207126189891
0.315995 23.4471628791668 64.6550015395787
0.316495 23.484263407465 64.6327924478576
0.316995 23.5213639357631 64.8660554438911
0.317495 23.5584644640613 65.1338643357353
0.317995 23.5955649923595 65.1611978447511
0.318495 23.6326655206577 65.1651626400464
0.318995 23.6697660489559 65.4776887133887
0.319495 23.706866577254 65.7281446508721
0.319995 23.7439671055522 65.8270677730423
0.320495 23.7810676338504 66.0060026470091
0.320995 23.8181681621486 66.3775619152583
0.321495 23.8552686904468 66.3824578272592
0.321995 23.8923692187449 66.7013650342479
0.322495 23.9294697470431 66.6728441598382
0.322995 23.9665702753413 66.9798826669833
0.323495 24.0036708036395 67.2013153514964
0.323995 24.0407713319377 67.4509834625273
0.324495 24.0778718602358 67.5319417805638
0.324995 24.114972388534 67.8757608814656
0.325495 24.1520729168322 67.9778424271417
0.325995 24.1891734451304 68.3362153116042
0.326495 24.2262739734286 68.4026482019672
0.326995 24.2633745017267 68.761535402641
0.327495 24.3004750300249 68.7892879281589
0.327995 24.3375755583231 69.015572326846
0.328495 24.3746760866213 69.3315682094536
0.328995 24.4117766149195 69.5427047139777
0.329495 24.4488771432176 69.6621483016752
0.329995 24.4859776715158 69.9570705838724
0.330495 24.523078199814 70.230794472417
0.330995 24.5601787281122 70.3564084857916
0.331495 24.5972792564104 70.5182899060423
0.331995 24.6343797847085 70.9500566154869
0.332495 24.6714803130067 71.113076782696
0.332995 24.7085808413049 71.2769122725561
0.333495 24.7456813696031 71.5272193388533
0.333995 24.7827818979013 71.8921936573506
0.334495 24.8198824261994 71.9561545843463
0.334995 24.8569829544976 72.295533433578
0.335495 24.8940834827958 72.4661066737288
0.335995 24.931184011094 72.8200117497036
0.336495 24.9682845393922 73.0117631300414
0.336995 25.0053850676903 73.0871823749183
0.337495 25.0424855959885 73.5499661335076
0.337995 25.0795861242867 73.7599951087956
0.338495 25.1166866525849 73.846526045839
0.338995 25.1537871808831 74.2764648261051
0.339495 25.1908877091812 74.6048723325198
0.339995 25.2279882374794 74.7674299234221
0.340495 25.2650887657776 74.9548661636766
0.340995 25.3021892940758 75.2274339251771
0.341495 25.339289822374 75.5245915392221
0.341995 25.3763903506721 75.700305027998
0.342495 25.4134908789703 75.9886172727141
0.342995 25.4505914072685 76.3961079132799
0.343495 25.4876919355667 76.3961499364747
0.343995 25.5247924638649 76.8721773916831
0.344495 25.561892992163 77.1470801394592
0.344995 25.5989935204612 77.2889172727303
0.345495 25.6360940487594 77.5633994132338
0.345995 25.6731945770576 77.8950013838252
0.346495 25.7102951053558 78.1516271566319
0.346995 25.7473956336539 78.3852443964322
0.347495 25.7844961619521 78.6954893104249
0.347995 25.8215966902503 78.9336800588144
0.348495 25.8586972185485 79.1420409288792
0.348995 25.8957977468467 79.6690850425689
0.349495 25.9328982751448 79.722521769595
0.349995 25.969998803443 80.2150436877038
0.350495 26.0070993317412 80.2802092944113
0.350995 26.0441998600394 80.6518003473661
0.351495 26.0813003883376 81.029191488266
0.351995 26.1184009166357 81.1078752626451
0.352495 26.1555014449339 81.5633700431383
0.352995 26.1926019732321 81.65602699785
0.353495 26.2297025015303 82.1771446687949
0.353995 26.2668030298285 82.1831905587439
0.354495 26.3039035581266 82.6741513416093
0.354995 26.3410040864248 83.0451295438544
0.355495 26.378104614723 83.152872894813
0.355995 26.4152051430212 83.5084577294253
0.356495 26.4523056713194 83.9450640096293
0.356995 26.4894061996175 84.1893507724313
0.357495 26.5265067279157 84.4423724866257
0.357995 26.5636072562139 84.6418777148968
0.358495 26.6007077845121 85.0899806343924
0.358995 26.6378083128103 85.2495677146019
0.359495 26.6749088411084 85.5797033414459
0.359995 26.7120093694066 85.8190621754454
0.360495 26.7491098977048 86.3513368485583
0.360995 26.786210426003 86.5585751320432
0.361495 26.8233109543012 86.7786645716987
0.361995 26.8604114825994 87.1468143666907
0.362495 26.8975120108975 87.4035131031071
0.362995 26.9346125391957 87.8879065616523
0.363495 26.9717130674939 88.1087009965954
0.363995 27.0088135957921 88.2249182089514
0.364495 27.0459141240902 88.8023340606504
0.364995 27.0830146523884 89.2357764559839
0.365495 27.1201151806866 89.4704703188761
0.365995 27.1572157089848 89.7108456889363
0.366495 27.194316237283 89.9691000946478
0.366995 27.2314167655811 90.4970124635193
0.367495 27.2685172938793 90.7582289020178
0.367995 27.3056178221775 90.9109945266041
0.368495 27.3427183504757 91.4502946231222
0.368995 27.3798188787739 91.7658300663649
0.369495 27.416919407072 92.1254126945268
0.369995 27.4540199353702 92.3263747896786
0.370495 27.4911204636684 92.7358945109603
0.370995 27.5282209919666 93.2668898780946
0.371495 27.5653215202648 93.5347234410911
0.371995 27.6024220485629 94.0111633554342
0.372495 27.6395225768611 94.2037087650092
0.372995 27.6766231051593 94.6151650454503
0.373495 27.7137236334575 95.0634634868023
0.373995 27.7508241617557 95.4837217330249
0.374495 27.7879246900538 95.8623231278932
0.374995 27.825025218352 96.2345006416765
0.375495 27.8621257466502 96.4619027620637
0.375995 27.8992262749484 96.883284493076
0.376495 27.9363268032466 97.1968101727372
0.376995 27.9734273315447 97.9052011942309
0.377495 28.0105278598429 98.2255929957181
0.377995 28.0476283881411 98.6026109876173
0.378495 28.0847289164393 98.9318369828874
0.378995 28.1218294447375 99.2779631710564
0.379495 28.1589299730357 99.5931677750588
0.379995 28.1960305013338 100.123950310569
0.380495 28.233131029632 100.635721445622
0.380995 28.2702315579302 100.983907148096
0.381495 28.3073320862284 101.49397647628
0.381995 28.3444326145265 101.781869455201
0.382495 28.3815331428247 102.225591658888
0.382995 28.4186336711229 102.497086781986
0.383495 28.4557341994211 102.980606874413
0.383995 28.4928347277193 103.289013566101
0.384495 28.5299352560174 103.761267904691
0.384995 28.5670357843156 104.186078858921
0.385495 28.6041363126138 104.65409503014
0.385995 28.641236840912 105.144877588011
0.386495 28.6783373692102 105.464647467595
0.386995 28.7154378975083 106.055537656334
0.387495 28.7525384258065 106.536288447716
0.387995 28.7896389541047 106.864571310692
0.388495 28.8267394824029 106.345791694157
0.388995 28.8638400107011 103.885180271042
0.389495 28.9009405389992 98.186930153813
0.389995 28.9380410672974 89.8009445812261
0.390495 28.9751415955956 80.2376504714048
0.390995 29.0122421238938 71.2486273631602
0.391495 29.049342652192 62.8109563400315
0.391995 29.0864431804902 55.594922811681
0.392495 29.1235437087883 49.2611545569582
0.392995 29.1606442370865 44.436361489759
0.393495 29.1977447653847 41.3069894641273
0.393995 29.2348452936828 38.618119704742
0.394495 29.271945821981 36.1172152986949
0.394995 29.3090463502792 33.6491546996712
0.395495 29.3461468785774 31.2553847525178
0.395995 29.3832474068756 29.1272528358284
0.396495 29.4203479351738 27.2073834064044
0.396995 29.4574484634719 25.5002309374773
0.397495 29.4945489917701 23.8314900148743
0.397995 29.5316495200683 22.3195764479207
0.398495 29.5687500483665 20.822947570175
0.398995 29.6058505766647 19.2880543266835
0.399495 29.6429511049628 17.7504766159833
0.399995 29.680051633261 16.2579171531028
0.400495 29.7171521615592 14.9841360399153
0.400995 29.7542526898574 13.9173976480064
0.401495 29.7913532181556 13.0526882918742
0.401995 29.8284537464538 12.2602143890472
0.402495 29.8655542747519 11.5759021938531
0.402995 29.9026548030501 11.0374102081123
0.403495 29.9397553313483 10.5975333161832
0.403995 29.9768558596465 10.2439134105464
0.404495 30.0139563879446 9.97395862600052
0.404995 30.0510569162428 9.7700606728663
0.405495 30.088157444541 9.41666149128086
0.405995 30.1252579728392 8.95324044007049
0.406495 30.1623585011374 8.38299122107544
0.406995 30.1994590294355 7.69757097362482
0.407495 30.2365595577337 6.92028298219738
0.407995 30.2736600860319 6.05943459302339
0.408495 30.3107606143301 5.10088024918135
0.408995 30.3478611426283 4.03458052470572
0.409495 30.3849616709265 2.86426955185578
0.409995 30.4220621992246 1.59757577321784
0.410495 30.4591627275228 0.199990225615412
0.410995 30.496263255821 -1.22548431178278
0.411495 30.5333637841192 -2.73885671139421
0.411995 30.5704643124173 -4.19711121487091
0.412495 30.6075648407155 -5.72091601044263
0.412995 30.6446653690137 -7.3951225965305
0.413495 30.6817658973119 -9.06466950667827
0.413995 30.7188664256101 -7.54371473286259
0.414495 30.7559669539082 -6.78769859834053
0.414995 30.7930674822064 -5.11590441276203
0.415495 30.8301680105046 -4.05647331693691
0.415995 30.8672685388028 -2.35244347762728
0.416495 30.904369067101 -1.38106242464188
0.416995 30.9414695953991 -0.836699518249104
0.417495 30.9785701236973 -0.294969980572699
0.417995 31.0156706519955 0.0628033018408747
0.418495 31.0527711802937 -0.242054637754147
0.418995 31.0898717085919 -0.782249354548633
0.419495 31.12697223689 -1.45918684540572
0.419995 31.1640727651882 -1.92013734348206
0.420495 31.2011732934864 -1.60601671569552
0.420995 31.2382738217846 -0.966734351637399
0.421495 31.2753743500828 -0.373773506752898
0.421995 31.3124748783809 0.109935160466466
0.422495 31.3495754066791 0.371559769904824
0.422995 31.3866759349773 0.710581265935688
0.423495 31.4237764632755 0.191205481357006
0.423995 31.4608769915737 -0.218011769721389
0.424495 31.4979775198719 -0.894627898863691
0.424995 31.53507804817 -0.94787965819972
0.425495 31.5721785764682 -1.14682074983112
0.425995 31.6092791047664 -1.30627923339165
0.426495 31.6463796330646 -1.38944437422051
0.426995 31.6834801613628 -1.39493562430941
0.427495 31.7205806896609 -1.43985669563138
0.427995 31.7576812179591 -1.4518339429217
0.428495 31.7947817462573 -1.30342089274816
0.428995 31.8318822745555 -1.19635039135287
0.429495 31.8689828028536 -0.913395380248592
0.429995 31.9060833311518 -0.665516911181947
0.430495 31.94318385945 -0.478469406552665
0.430995 31.9802843877482 -0.25485259158181
0.431495 32.0173849160464 -0.199691036056101
0.431995 32.0544854443445 0.0305460723352977
0.432495 32.0915859726427 0.232014771102702
0.432995 32.1286865009409 0.341340295459699
0.433495 32.1657870292391 0.348434728301313
0.433995 32.2028875575373 0.211253331369395
0.434495 32.2399880858354 0.193644452430482
0.434995 32.2770886141336 0.149729527656141
0.435495 32.3141891424318 0.167149822694194
0.435995 32.35128967073 -0.0809949187627472
0.436495 32.3883901990282 -0.347904858689051
0.436995 32.4254907273263 -0.401818839762501
0.437495 32.4625912556245 -0.49489779080467
0.437995 32.4996917839227 -0.57986708336628
0.438495 32.5367923122209 -0.653302224297902
0.438995 32.5738928405191 -0.754894861400961
0.439495 32.6109933688172 -0.796410165614181
0.439995 32.6480938971154 -0.836169428099377
0.440495 32.6851944254136 -0.649190200383809
0.440995 32.7222949537118 -0.616490301119353
0.441495 32.75939548201 -0.356046976369488
0.441995 32.7964960103082 -0.130271676521851
0.442495 32.8335965386063 -0.157721191593117
0.442995 32.8706970669045 0.164860516950748
0.443495 32.9077975952027 0.0649007751538356
0.443995 32.9448981235009 0.277699225636917
0.444495 32.9819986517991 0.387541468237531
0.444995 33.0190991800972 0.313579680719201
0.445495 33.0561997083954 0.323799871759542
0.445995 33.0933002366936 0.393472069886336
0.446495 33.1304007649918 0.192078590625351
0.446995 33.1675012932899 0.178632291491377
0.447495 33.2046018215881 0.16448511289483
0.447995 33.2417023498863 0.0729246592585219
0.448495 33.2788028781845 0.0639620195857799
0.448995 33.3159034064827 -0.105441076230978
0.449495 33.3530039347808 -0.234310327822182
0.449995 33.390104463079 -0.264305336176143
0.450495 33.4272049913772 -0.458404837796605
0.450995 33.4643055196754 -0.665374790199609
0.451495 33.5014060479736 -0.627970693198868
0.451995 33.5385065762717 -0.812652822099575
0.452495 33.5756071045699 -0.779917405448045
0.452995 33.6127076328681 -0.75815529446653
0.453495 33.6498081611663 -0.546157657981834
0.453995 33.6869086894645 -0.446912022155578
0.454495 33.7240092177626 -0.161171633064854
0.454995 33.7611097460608 0.0211777813848033
0.455495 33.798210274359 0.188476617394314
0.455995 33.8353108026572 0.252286280304782
0.456495 33.8724113309554 0.215869098196051
0.456995 33.9095118592535 0.198307253780722
0.457495 33.9466123875517 0.3116753588181
0.457995 33.9837129158499 0.27123975661638
0.458495 34.0208134441481 0.213355104004046
0.458995 34.0579139724463 0.338643664244037
0.459495 34.0950145007445 0.172966841362358
0.459995 34.1321150290426 0.0278847845543825
0.460495 34.1692155573408 -0.139463960780078
0.460995 34.206316085639 -0.130086800301709
0.461495 34.2434166139372 -0.325374808542278
0.461995 34.2805171422354 -0.44924346613028
0.462495 34.3176176705335 -0.42593057668749
0.462995 34.3547181988317 -0.590126597216057
0.463495 34.3918187271299 -0.695358089205917
0.463995 34.4289192554281 -0.711279493072123
0.464495 34.4660197837262 -0.668027911361683
0.464995 34.5031203120244 -0.612795160915659
0.465495 34.5402208403226 -0.598733385970596
0.465995 34.5773213686208 -0.514710602643269
0.466495 34.614421896919 -0.408192867831259
0.466995 34.6515224252171 -0.280178712267286
0.467495 34.6886229535153 -0.0687825898176776
0.467995 34.7257234818135 0.114480286198849
0.468495 34.7628240101117 0.140165196617101
0.468995 34.7999245384099 0.326319545764296
0.469495 34.837025066708 0.347261900205351
0.469995 34.8741255950062 0.262453022751293
0.470495 34.9112261233044 0.212892430578149
0.470995 34.9483266516026 0.144864680138835
0.471495 34.9854271799008 0.100716501347309
0.471995 35.022527708199 0.0633955432678409
0.472495 35.0596282364971 -0.00704260687640409
0.472995 35.0967287647953 -0.120345852286793
0.473495 35.1338292930935 -0.20699258667406
0.473995 35.1709298213917 -0.289831506441032
0.474495 35.2080303496898 -0.490360651835429
0.474995 35.245130877988 -0.559381188231594
0.475495 35.2822314062862 -0.592517285040992
0.475995 35.3193319345844 -0.581492510802679
0.476495 35.3564324628826 -0.437271897839836
0.476995 35.3935329911808 -0.371250624327351
0.477495 35.4306335194789 -0.183065350985159
0.477995 35.4677340477771 -0.113603051517872
0.478495 35.5048345760753 -0.0465518973839203
0.478995 35.5419351043735 0.0557620014094192
0.479495 35.5790356326716 0.233801078603741
0.479995 35.6161361609698 0.316267521742528
0.480495 35.653236689268 0.306376519196735
0.480995 35.6903372175662 0.464922542814729
0.481495 35.7274377458644 0.474074875164501
0.481995 35.7645382741625 0.299570367857607
0.482495 35.8016388024607 0.232658556637442
0.482995 35.8387393307589 0.119264621431315
0.483495 35.8758398590571 0.0130639347896236
0.483995 35.9129403873553 0.00754576188807789
0.484495 35.9500409156534 -0.0135419052929963
0.484995 35.9871414439516 -0.135756658817348
0.485495 36.0242419722498 -0.225086578853945
0.485995 36.061342500548 -0.223126895229046
0.486495 36.0984430288462 -0.34323878963202
0.486995 36.1355435571444 -0.223327164787167
0.487495 36.1726440854425 -0.150708480129439
0.487995 36.2097446137407 -0.149513414808555
0.488495 36.2468451420389 -0.0838424956034889
0.488995 36.2839456703371 -0.0129723434975417
0.489495 36.3210461986352 0.0951800231051815
0.489995 36.3581467269334 0.118842928375516
0.490495 36.3952472552316 0.174731722515966
0.490995 36.4323477835298 0.232346397198913
0.491495 36.469448311828 0.175898796481089
0.491995 36.5065488401261 0.197030069809834
0.492495 36.5436493684243 0.255899177940424
0.492995 36.5807498967225 0.365607363822082
0.493495 36.6178504250207 0.410665225546042
0.493995 36.6549509533189 0.412646855179354
0.494495 36.6920514816171 0.404155853078649
0.494995 36.7291520099152 0.306328193107397
0.495495 36.7662525382134 0.293117285560805
0.495995 36.8033530665116 0.205868577021209
0.496495 36.8404535948098 0.197632982518312
0.496995 36.8775541231079 0.147541264344712
0.497495 36.9146546514061 0.0707475405123247
0.497995 36.9517551797043 -0.0672414298677689
0.498495 36.9888557080025 -0.0636548234620985
0.498995 37.0259562363007 -0.0556417680649768
0.499495 37.0630567645988 0.0339885403866677
0.499995 37.100157292897 0.14023051653099
