# Fix print output for fix Step
0 0 0.967450395640048
0.000494999999999814 0.0142837033184946 2.89699560147229
0.000994999999999816 0.0287116864684947 0.141661852342358
0.00149499999999982 0.0431396696184947 5.11162955715502
0.00199499999999982 0.0575676527684948 4.5084415530539
0.00249499999999982 0.0719956359184948 2.8655129722593
0.00299499999999982 0.0864236190684949 3.85313110298911
0.00349499999999982 0.100851602218495 5.2719936075546
0.00399499999999983 0.115279585368495 4.62943141817245
0.00449499999999983 0.129707568518495 5.54374228191119
0.00499499999999983 0.144135551668495 5.60986655625065
0.00549499999999983 0.158563534818495 5.66998957884777
0.00599499999999983 0.172991517968495 5.2327277157101
0.00649499999999983 0.187419501118495 5.53379274756851
0.00699499999999983 0.201847484268495 6.47936540005503
0.00749499999999984 0.216275467418495 5.77475764486688
0.00799499999999984 0.230703450568495 6.3443591267109
0.00849499999999984 0.245131433718495 6.62841432261667
0.00899499999999984 0.259559416868495 6.78768157769368
0.00949499999999984 0.273987400018495 7.3813623222963
0.00999499999999984 0.288415383168496 6.60223382573186
0.0104949999999998 0.302843366318496 7.41389046064465
0.0109949999999998 0.317271349468496 7.68317429007494
0.0114949999999998 0.331699332618496 7.76481536594169
0.0119949999999999 0.346127315768496 7.76570456602177
0.0124949999999999 0.360555298918496 8.01380163317521
0.0129949999999999 0.374983282068496 8.35331166430562
0.0134949999999999 0.389411265218496 8.39522288340502
0.0139949999999999 0.403839248368496 8.60077923714256
0.0144949999999999 0.418267231518496 8.81111410347986
0.0149949999999999 0.432695214668496 8.99078777860882
0.0154949999999999 0.447123197818496 9.18629630386634
0.0159949999999999 0.461551180968496 9.15135022306177
0.0164949999999999 0.475979164118496 9.4346846524162
0.0169949999999999 0.490407147268496 9.80676086438936
0.0174949999999999 0.504835130418496 9.84732227807442
0.0179949999999999 0.519263113568496 10.0914618339532
0.0184949999999999 0.533691096718496 10.3988008103319
0.0189949999999999 0.548119079868496 10.5203474867416
0.0194949999999999 0.562547063018496 10.7520786350212
0.0199949999999999 0.576975046168496 10.9109703268065
0.0204949999999999 0.591403029318496 10.9992194414162
0.0209949999999999 0.605831012468496 11.2966766855828
0.0214949999999999 0.620258995618497 11.6035539859119
0.0219949999999999 0.634686978768497 11.7718799616054
0.0224949999999999 0.649114961918497 11.8837057958286
0.0229949999999999 0.663542945068497 11.9792043894025
0.0234949999999999 0.677970928218497 12.2354460186387
0.0239949999999999 0.692398911368497 12.4549184708371
0.0244949999999999 0.706826894518497 12.49022671202
0.0249949999999999 0.721254877668497 12.6853246972982
0.0254949999999999 0.735682860818497 13.002840899813
0.0259949999999999 0.750110843968497 13.1824425651884
0.0264949999999999 0.764538827118497 13.2805276134275
0.0269949999999999 0.778966810268497 13.3921589481067
0.0274949999999999 0.793394793418497 13.7641689385634
0.0279949999999999 0.807822776568497 14.0120868226112
0.0284949999999999 0.822250759718497 14.0127151587447
0.0289949999999999 0.836678742868497 14.1308830860999
0.0294949999999999 0.851106726018497 14.3361922369618
0.0299949999999999 0.865534709168497 14.4837514991947
0.0304949999999999 0.879962692318497 14.7933837094829
0.0309949999999999 0.894390675468497 14.9897443227124
0.0314949999999999 0.908818658618497 15.3089543688675
0.0319949999999999 0.923246641768497 15.1519758522109
0.0324949999999999 0.937674624918498 15.3635693942812
0.0329949999999999 0.952102608068498 15.6148619054971
0.0334949999999999 0.966530591218498 15.8263292922304
0.0339949999999999 0.980958574368498 15.9071749140267
0.0344949999999999 0.995386557518498 16.0587691311731
0.0349949999999999 1.0098145406685 16.1854965457558
0.0354949999999999 1.0242425238185 16.6515010120348
0.0359949999999999 1.0386705069685 16.7772329982033
0.0364949999999999 1.0530984901185 16.7565350624419
0.0369949999999999 1.0675264732685 16.927265892334
0.0374949999999999 1.0819544564185 17.374537073114
0.0379949999999999 1.0963824395685 17.1835896842142
0.0384949999999999 1.1108104227185 17.5191270681916
0.0389949999999999 1.1252384058685 17.6222693514602
0.0394949999999999 1.1396663890185 17.7802358721666
0.0399949999999999 1.1540943721685 18.0524978147148
0.0404949999999999 1.1685223553185 18.4493577346891
0.0409949999999999 1.1829503384685 18.6406566342391
0.0414949999999999 1.1973783216185 18.7175149004254
0.0419949999999999 1.2118063047685 18.8007216950626
0.0424949999999999 1.2262342879185 18.9541268665696
0.0429949999999999 1.2406622710685 19.0176715254595
0.043495 1.2550902542185 19.0549730525975
0.043995 1.2695182373685 19.5637668501231
0.044495 1.2839462205185 19.5801235094925
0.044995 1.2983742036685 19.9569904357621
0.045495 1.3128021868185 20.0878413906426
0.045995 1.3272301699685 20.251130182407
0.046495 1.3416581531185 20.3230577473554
0.046995 1.3560861362685 20.5476816159743
0.047495 1.3705141194185 20.7461175392117
0.047995 1.3849421025685 21.0415849459071
0.048495 1.3993700857185 20.8655967743783
0.048995 1.4137980688685 21.29833659075
0.049495 1.4282260520185 21.4938172615163
0.049995 1.4426540351685 21.526806976902
0.050495 1.4570820183185 21.6666735111059
0.050995 1.4715100014685 21.9962394333417
0.051495 1.4859379846185 22.2548767708806
0.051995 1.5003659677685 22.2906108504951
0.052495 1.5147939509185 22.247076061025
0.052995 1.5292219340685 22.5497740893533
0.053495 1.5436499172185 22.7442068176069
0.053995 1.5580779003685 22.8114606321542
0.054495 1.5725058835185 23.0181419102412
0.054995 1.5869338666685 23.2542037583729
0.055495 1.6013618498185 23.2330045038468
0.055995 1.6157898329685 23.5769542786356
0.056495 1.6302178161185 23.5545818319731
0.0569949999999998 1.64464579926849 23.9255634877481
0.057495 1.6590737824185 23.9753575625602
0.057995 1.6735017655685 24.2636160826608
0.058495 1.6879297487185 24.3834221271325
0.0589949999999998 1.70235773186849 24.6729961898115
0.059495 1.7167857150185 24.9725537909767
0.059995 1.7312136981685 24.9014478820989
0.060495 1.7456416813185 25.2141333865005
0.0609949999999998 1.76006966446849 25.3097345576342
0.061495 1.7744976476185 25.4267525358777
0.0619949999999998 1.78892563076849 25.6600050578839
0.0624949999999998 1.80335361391849 25.771609389381
0.0629949999999998 1.81778159706849 25.9868883750641
0.0634949999999998 1.83220958021849 26.1163835030733
0.0639949999999998 1.84663756336849 26.2892662694516
0.0644949999999998 1.86106554651849 26.4578184519538
0.0649949999999998 1.87549352966849 26.6627967805231
0.0654949999999998 1.88992151281849 26.6254932989548
0.0659949999999998 1.9043494959685 26.9233699076049
0.0664949999999998 1.9187774791185 27.0576283311013
0.0669949999999998 1.9332054622685 27.36352719938
0.0674949999999998 1.9476334454185 27.3305153428757
0.0679949999999998 1.9620614285685 27.4310378459062
0.0684949999999998 1.9764894117185 27.7573474022088
0.0689949999999998 1.9909173948685 27.8938286526854
0.0694949999999998 2.0053453780185 27.9161259415123
0.0699949999999998 2.0197733611685 28.0109276491201
0.0704949999999998 2.0342013443185 28.3486640840225
0.0709949999999998 2.0486293274685 28.507831566962
0.0714949999999998 2.0630573106185 28.6156835892789
0.0719949999999998 2.0774852937685 28.8056743637753
0.0724949999999999 2.0919132769185 28.945474706233
0.0729949999999999 2.1063412600685 28.9707740565349
0.0734949999999999 2.1207692432185 29.1272291286112
0.0739949999999999 2.1351972263685 29.3623819277541
0.0744949999999999 2.1496252095185 29.3926722425532
0.0749949999999999 2.1640531926685 29.4746064141485
0.0754949999999999 2.1784811758185 29.8457740221211
0.0759949999999999 2.1929091589685 29.9780284848396
0.0764949999999999 2.2073371421185 30.05028585862
0.0769949999999999 2.2217651252685 30.17723585775
0.0774949999999999 2.2361931084185 30.3838172238213
0.0779949999999999 2.2506210915685 30.5711725832938
0.0784949999999999 2.2650490747185 30.7414597966606
0.0789949999999999 2.2794770578685 30.8794068801362
0.0794949999999999 2.2939050410185 31.0250267651249
0.0799949999999999 2.3083330241685 31.2638597931257
0.0804949999999999 2.3227610073185 31.4788756134354
0.0809949999999999 2.3371889904685 31.4797443918931
0.0814949999999999 2.3516169736185 31.4417555070611
0.0819949999999999 2.3660449567685 31.6626155227968
0.0824949999999999 2.3804729399185 31.9443854312837
0.0829949999999999 2.3949009230685 32.0546023971034
0.0834949999999999 2.4093289062185 32.2105572909386
0.0839949999999999 2.4237568893685 32.333738221472
0.0844949999999999 2.4381848725185 32.6067114113142
0.0849949999999999 2.4526128556685 32.5732351643969
0.0854949999999999 2.4670408388185 32.8074672934776
0.0859949999999999 2.4814688219685 32.8938694341835
0.0864949999999999 2.4958968051185 33.0913799436502
0.0869949999999999 2.5103247882685 33.2360567161021
0.0874949999999999 2.5247527714185 33.3243098580045
0.0879949999999999 2.5391807545685 33.4839303551397
0.0884949999999999 2.5536087377185 33.7115372622898
0.0889949999999999 2.5680367208685 33.6534388119602
0.0894949999999999 2.5824647040185 33.8727733611133
0.0899949999999999 2.5968926871685 34.0019350616978
0.0904949999999999 2.6113206703185 34.246593002994
0.0909949999999999 2.6257486534685 34.3792506489366
0.0914949999999999 2.6401766366185 34.4861542646541
0.0919949999999999 2.6546046197685 34.6605070652506
0.0924949999999999 2.6690326029185 34.8609998136795
0.0929949999999999 2.6834605860685 34.7918519674129
0.0934949999999999 2.6978885692185 34.9880958538545
0.0939949999999999 2.7123165523685 35.1566251115199
0.0944949999999999 2.7267445355185 35.3608342376415
0.0949949999999999 2.7411725186685 35.2229056905086
0.0954949999999999 2.7556005018185 35.5844403752556
0.0959949999999999 2.7700284849685 35.7630732056412
0.0964949999999999 2.7844564681185 35.7440669888465
0.0969949999999999 2.7988844512685 36.0080921650977
0.0974949999999999 2.8133124344185 36.1201526314818
0.0979949999999999 2.8277404175685 36.2069086599656
0.0984949999999999 2.8421684007185 36.3468265492063
0.0989949999999999 2.8565963838685 36.4832435878285
0.0994949999999999 2.8710243670185 36.7183746927681
0.0999949999999999 2.8854523501685 36.6946800043648
0.100495 2.8998803333185 36.7565312694469
0.100995 2.9143083164685 36.8601804767662
0.101495 2.9287362996185 37.1948052818758
0.101995 2.9431642827685 37.2248769529864
0.102495 2.9575922659185 37.2740837248348
0.102995 2.9720202490685 37.1850926946494
0.103495 2.9864482322185 37.4502610303882
0.103995 3.0008762153685 37.5630539494501
0.104495 3.0153041985185 37.5220591039099
0.104995 3.0297321816685 37.5917517927053
0.105495 3.0441601648185 37.7620607452927
0.105995 3.0585881479685 37.9697657398251
0.106495 3.0730161311185 38.0161157828768
0.106995 3.0874441142685 38.117079805914
0.107495 3.1018720974185 38.1814249541937
0.107995 3.1163000805685 38.4580818877302
0.108495 3.1307280637185 38.3980601779378
0.108995 3.1451560468685 38.5627671621899
0.109495 3.1595840300185 38.6525544650602
0.109995 3.1740120131685 38.8683457053258
0.110495 3.1884399963185 38.9425189793553
0.110995 3.2028679794685 39.1057705784003
0.111495 3.2172959626185 39.2573689822334
0.111995 3.2317239457685 39.3935752576397
0.112495 3.2461519289185 39.4155921413539
0.112995 3.2605799120685 39.5527913149547
0.113495 3.2750078952185 39.7318096405072
0.113995 3.2894358783685 39.7748572938387
0.114495 3.3038638615185 40.0455604681722
0.114995 3.3182918446685 40.0689223235359
0.115495 3.3327198278185 40.3568885143044
0.115995 3.3471478109685 40.2773002989561
0.116495 3.3615757941185 40.4797631569093
0.116995 3.3760037772685 40.5958321771967
0.117495 3.3904317604185 40.8917385545318
0.117995 3.4048597435685 40.7741634483653
0.118495 3.4192877267185 41.2161428767591
0.118995 3.4337157098685 41.1513125065964
0.119495 3.44814369301849 41.3620318844422
0.119995 3.4625716761685 41.3921321811127
0.120495 3.4769996593185 41.6353794519065
0.120995 3.4914276424685 41.5949171846503
0.121495 3.50585562561849 41.8926943102333
0.121995 3.5202836087685 42.0832829267254
0.122495 3.5347115919185 42.1611435036727
0.122995 3.5491395750685 42.1446473736715
0.123495 3.56356755821849 42.2957342954614
0.123995 3.57799554136849 42.4600422764313
0.124495 3.59242352451849 42.5837884312343
0.124995 3.60685150766849 42.6635406378508
0.125495 3.62127949081849 42.7144137032672
0.125995 3.63570747396849 42.9887881782984
0.126495 3.65013545711849 42.9620623193927
0.126995 3.66456344026849 43.15511191626
0.127495 3.67899142341849 43.2208850854684
0.127995 3.69341940656849 43.3079121152735
0.128495 3.70784738971849 43.4356254999441
0.128995 3.72227537286849 43.6054549387779
0.129495 3.7367033560185 43.6898660114084
0.129995 3.7511313391685 43.7521470441307
0.130495 3.7655593223185 43.9862965008598
0.130995 3.7799873054685 44.2031728281055
0.131495 3.7944152886185 44.1068751402353
0.131995 3.8088432717685 44.258838478181
0.132495 3.8232712549185 44.4067921187966
0.132995 3.8376992380685 44.6357700290986
0.133495 3.8521272212185 44.5704483556203
0.133995 3.8665552043685 44.7017910457923
0.134495 3.8809831875185 44.8129126208075
0.134995 3.8954111706685 44.8937739018425
0.135495 3.9098391538185 45.0848166477773
0.135995 3.9242671369685 45.0614905820099
0.136495 3.9386951201185 45.3234733348294
0.136995 3.9531231032685 45.2941634193669
0.137495 3.9675510864185 45.4726905217267
0.137995 3.9819790695685 45.4853660911661
0.138495 3.9964070527185 45.6763382252766
0.138995 4.0108350358685 45.6816337395554
0.139495 4.0252630190185 45.9607640019299
0.139995 4.0396910021685 45.8542164983809
0.140495 4.0541189853185 45.9797636058464
0.140995 4.0685469684685 46.0217128118915
0.141495 4.0829749516185 46.2636200230184
0.141995 4.0974029347685 46.2766942857609
0.142495 4.1118309179185 46.3085008353415
0.142995 4.1262589010685 46.4792366229059
0.143495 4.1406868842185 46.5877046498937
0.143995 4.1551148673685 46.7864707815885
0.144495 4.1695428505185 46.7227778455142
0.144995 4.1839708336685 46.92224915493
0.145495 4.1983988168185 46.8521330891275
0.145995 4.2128267999685 47.2157772765165
0.146495 4.2272547831185 47.1268717316512
0.146995 4.2416827662685 47.3709987457928
0.147495 4.2561107494185 47.37137397055
0.147995 4.2705387325685 47.560384029362
0.148495 4.2849667157185 47.6586485742839
0.148995 4.2993946988685 47.6334781036605
0.149495 4.3138226820185 47.8670107925711
0.149995 4.3282506651685 47.9053294008229
0.150495 4.3426786483185 47.9522927439509
0.150995 4.3571066314685 47.9869852952095
0.151495 4.3715346146185 48.2557773480418
0.151995 4.3859625977685 48.1588391175897
0.152495 4.4003905809185 48.3742312724316
0.152995 4.4148185640685 48.4233675703488
0.153495 4.4292465472185 48.625524576687
0.153995 4.4436745303685 48.5778468947898
0.154495 4.4581025135185 48.7822132105445
0.154995 4.4725304966685 48.6619522203619
0.155495 4.4869584798185 48.8291608093844
0.155995 4.5013864629685 48.8785524471518
0.156495 4.5158144461185 49.0027670222868
0.156995 4.5302424292685 49.1072558390701
0.157495 4.5446704124185 49.1347901762049
0.157995 4.5590983955685 49.3125171656497
0.158495 4.5735263787185 49.2640129354456
0.158995 4.5879543618685 49.4462208861104
0.159495 4.6023823450185 49.4193045198998
0.159995 4.6168103281685 49.6884941166095
0.160495 4.6312383113185 49.597453031315
0.160995 4.6456662944685 49.7610866689442
0.161495 4.6600942776185 49.736687060441
0.161995 4.6745222607685 49.9399870170463
0.162495 4.6889502439185 49.9273999157201
0.162995 4.7033782270685 50.0726471421746
0.163495 4.7178062102185 50.1239668981657
0.163995 4.7322341933685 50.2980176050113
0.164495 4.7466621765185 50.3933270136736
0.164995 4.7610901596685 50.3485342604588
0.165495 4.7755181428185 50.5077933233323
0.165995 4.7899461259685 50.4663140910824
0.166495 4.8043741091185 50.7593940596986
0.166995 4.8188020922685 50.633381166892
0.167495 4.8332300754185 50.8537906081814
0.167995 4.8476580585685 50.8290256652496
0.168495 4.8620860417185 51.0403096213347
0.168995 4.8765140248685 50.9488902688247
0.169495 4.8909420080185 51.1083913590189
0.169995 4.9053699911685 51.1446135047813
0.170495 4.9197979743185 51.2570907217344
0.170995 4.9342259574685 51.4074521394465
0.171495 4.9486539406185 51.2556532948124
0.171995 4.9630819237685 51.5041087746614
0.172495 4.9775099069185 51.4930076550485
0.172995 4.9919378900685 51.7105083423417
0.173495 5.0063658732185 51.5262337946834
0.173995 5.0207938563685 51.6951419732322
0.174495 5.0352218395185 51.7532247500853
0.174995 5.0496498226685 51.8914754569582
0.175495 5.0640778058185 51.9014411946331
0.175995 5.0785057889685 51.8974713290794
0.176495 5.0929337721185 52.1692429750007
0.176995 5.1073617552685 51.9855928087463
0.177495 5.1217897384185 52.2188982014228
0.177995 5.13621772156849 52.0986459723826
0.178495 5.1506457047185 52.3491101236312
0.178995 5.1650736878685 52.3736329123633
0.179495 5.1795016710185 52.4266712878693
0.179995 5.19392965416849 52.3914547954811
0.180495 5.2083576373185 52.4522467280549
0.180995 5.2227856204685 52.6334424388116
0.181495 5.2372136036185 52.5978980267884
0.181995 5.25164158676849 52.7305096120344
0.182495 5.2660695699185 52.7454114219621
0.182995 5.2804975530685 52.9104468166906
0.183495 5.2949255362185 52.7944604348646
0.183995 5.30935351936849 52.86736300917
0.184495 5.3237815025185 53.0745014485284
0.184995 5.3382094856685 53.077595419444
0.185495 5.3526374688185 53.2027072085726
0.185995 5.36706545196849 53.1425201195247
0.186495 5.38149343511849 53.3398402072942
0.186995 5.39592141826849 53.2876479076013
0.187495 5.41034940141849 53.4292156156019
0.187995 5.4247773845685 53.4328776231843
0.188495 5.4392053677185 53.6095453013703
0.188995 5.4536333508685 53.6113850209101
0.189495 5.4680613340185 53.572280328401
0.189995 5.4824893171685 53.6986373310179
0.190495 5.4969173003185 53.7222508365558
0.190995 5.5113452834685 53.9991323249603
0.191495 5.5257732666185 53.8320317419396
0.191995 5.5402012497685 53.9351317494928
0.192495 5.5546292329185 53.859805536122
0.192995 5.5690572160685 54.1437167966531
0.193495 5.5834851992185 54.1595340269245
0.193995 5.5979131823685 54.2373777862675
0.194495 5.6123411655185 54.1036377222036
0.194995 5.6267691486685 54.2768771612999
0.195495 5.6411971318185 54.4254184251389
0.195995 5.6556251149685 54.3558820618345
0.196495 5.6700530981185 54.5067031452117
0.196995 5.6844810812685 54.3085185889737
0.197495 5.6989090644185 54.5861945766189
0.197995 5.7133370475685 54.6244548500832
0.198495 5.7277650307185 54.7150316790513
0.198995 5.7421930138685 54.5690166755094
0.199495 5.7566209970185 54.7392139012406
0.199995 5.7710489801685 54.7879973531434
0.200495 5.7854769633185 55.010043608699
0.200995 5.7999049464685 54.9268502275703
0.201495 5.8143329296185 54.7512786393199
0.201995 5.8287609127685 55.070064119557
0.202495 5.8431888959185 55.119449274832
0.202995 5.8576168790685 55.1011598931785
0.203495 5.8720448622185 55.0013438847959
0.203995 5.8864728453685 55.2287333604871
0.204495 5.9009008285185 55.2874848315362
0.204995 5.9153288116685 55.3599870606407
0.205495 5.9297567948185 55.2999063048158
0.205995 5.9441847779685 55.2670218991384
0.206495 5.9586127611185 55.5653920342795
0.206995 5.9730407442685 55.4622936051816
0.207495 5.9874687274185 55.5674463539676
0.207995 6.0018967105685 55.5895219513677
0.208495 6.0163246937185 55.6584011807153
0.208995 6.0307526768685 55.639252397546
0.209495 6.0451806600185 55.6107260043349
0.209995 6.0596086431685 55.8515069189441
0.210495 6.0740366263185 55.8256367720617
0.210995 6.0884646094685 55.9452678011039
0.211495 6.1028925926185 55.919931927508
0.211995 6.1173205757685 56.0546079350921
0.212495 6.1317485589185 56.0390213067102
0.212995 6.1461765420685 56.032366967632
0.213495 6.1606045252185 56.1069616211814
0.213995 6.1750325083685 56.1510240454564
0.214495 6.1894604915185 56.221957517815
0.214995 6.2038884746685 56.1679454758946
0.215495 6.2183164578185 56.3288454357068
0.215995 6.2327444409685 56.324128279197
0.216495 6.2471724241185 56.4108174969621
0.216995 6.2616004072685 56.3456520702042
0.217495 6.2760283904185 56.4923064266238
0.217995 6.2904563735685 56.5936482996681
0.218495 6.3048843567185 56.6214634558542
0.218995 6.3193123398685 56.6320709082959
0.219495 6.3337403230185 56.584268867324
0.219995 6.3481683061685 56.8762059058475
0.220495 6.3625962893185 56.7213183488257
0.220995 6.3770242724685 56.8861394347216
0.221495 6.3914522556185 56.8772348188085
0.221995 6.4058802387685 57.0213095577541
0.222495 6.4203082219185 57.0080464744971
0.222995 6.4347362050685 57.0529106927754
0.223495 6.4491641882185 57.0428460849427
0.223995 6.4635921713685 57.0777544547639
0.224495 6.4780201545185 57.2518634925501
0.224995 6.4924481376685 57.2801238358184
0.225495 6.5068761208185 57.3369571933315
0.225995 6.5213041039685 57.2686870785518
0.226495 6.5357320871185 57.4289050128187
0.226995 6.5501600702685 57.3250142853637
0.227495 6.5645880534185 57.477602309321
0.227995 6.5790160365685 57.4849667867642
0.228495 6.5934440197185 57.613810594162
0.228995 6.6078720028685 57.49516192705
0.229495 6.6222999860185 57.5193811063626
0.229995 6.6367279691685 57.7280519566347
0.230495 6.6511559523185 57.8335195294846
0.230995 6.6655839354685 57.7938796717505
0.231495 6.6800119186185 57.7256979546743
0.231995 6.6944399017685 57.8634275260878
0.232495 6.7088678849185 57.9269290357611
0.232995 6.7232958680685 57.9698473095705
0.233495 6.7377238512185 57.9536620827916
0.233995 6.7521518343685 57.9039111519351
0.234495 6.7665798175185 58.193198544662
0.234995 6.7810078006685 58.0703868310959
0.235495 6.7954357838185 58.0796546937078
0.235995 6.8098637669685 58.2174165542178
0.236495 6.8242917501185 58.360775407324
0.236995 6.8387197332685 58.301331161507
0.237495 6.8531477164185 58.3020548410506
0.237995 6.8675756995685 58.3408252375034
0.238495 6.8820036827185 58.5580803378587
0.238995 6.8964316658685 58.560700478864
0.239495 6.9108596490185 58.4654937595177
0.239995 6.9252876321685 58.5508921491616
0.240495 6.93971561531849 58.7041797304576
0.240995 6.9541435984685 58.8313199183562
0.241495 6.9685715816185 58.6464553236029
0.241995 6.9829995647685 58.8105973911079
0.242495 6.99742754791849 58.7898961172351
0.242995 7.0118555310685 58.7240789823871
0.243495 7.0262835142185 58.894955742588
0.243995 7.0407114973685 58.9524292004214
0.244495 7.05513948051849 59.0424799588564
0.244995 7.0695674636685 58.9639518509716
0.245495 7.0839954468185 59.0313835974594
0.245995 7.0984234299685 58.8817845675465
0.246495 7.11285141311849 59.181243405765
0.246995 7.1272793962685 59.127557023319
0.247495 7.1417073794185 59.160331478951
0.247995 7.1561353625685 59.3166113876704
0.248495 7.17056334571849 59.2551924917416
0.248995 7.1849913288685 59.4766747663408
0.249495 7.1994193120185 59.3591254124354
0.249995 7.2138472951685 59.5094516094917
0.250495 7.22827527831849 59.5629221798981
0.250995 7.2427032614685 59.6217250933235
0.251495 7.2571312446185 59.4493994758915
0.251995 7.2715592277685 59.5334786127025
0.252495 7.28598721091849 59.9096821317276
0.252995 7.3004151940685 59.7168478340282
0.253495 7.3148431772185 59.7285557091067
0.253995 7.3292711603685 59.7365000655167
0.254495 7.34369914351849 59.9720529235367
0.254995 7.3581271266685 59.8860457130012
0.255495 7.3725551098185 60.018231018965
0.255995 7.38698309296849 60.0869870942431
0.256495 7.4014110761185 60.2037698810192
0.256995 7.4158390592685 60.2666414180567
0.257495 7.4302670424185 60.2177607985896
0.257995 7.4446950255685 60.2509653617324
0.258495 7.4591230087185 60.3125994192672
0.258995 7.4735509918685 60.2418165063431
0.259495 7.4879789750185 60.3527607241899
0.259995 7.5024069581685 60.5220596733904
0.260495 7.5168349413185 60.5117625096619
0.260995 7.5312629244685 60.4826606196614
0.261495 7.5456909076185 60.5266214676095
0.261995 7.5601188907685 60.6990290828467
0.262495 7.5745468739185 60.8021456837653
0.262995 7.5889748570685 60.7284297293263
0.263495 7.6034028402185 60.9879722304014
0.263995 7.6178308233685 60.934874491875
0.264495 7.6322588065185 60.8930096938493
0.264995 7.6466867896685 60.9462480931665
0.265495 7.6611147728185 60.9771119397839
0.265995 7.6755427559685 61.179959712876
0.266495 7.6899707391185 61.2374164883411
0.266995 7.7043987222685 61.087340167487
0.267495 7.7188267054185 61.2006740924667
0.267995 7.7332546885685 61.2842347640731
0.268495 7.7476826717185 61.19629118023
0.268995 7.7621106548685 61.4906596040359
0.269495 7.7765386380185 61.4788420544544
0.269995 7.7909666211685 61.592729684969
0.270495 7.8053946043185 61.7306850962326
0.270995 7.8198225874685 61.6555692818803
0.271495 7.8342505706185 61.5830311645801
0.271995 7.8486785537685 61.8478588750235
0.272495 7.8631065369185 61.8043730557283
0.272995 7.8775345200685 61.9904291076739
0.273495 7.8919625032185 61.9684156024303
0.273995 7.9063904863685 61.9459877946856
0.274495 7.9208184695185 62.1907633740257
0.274995 7.9352464526685 62.0394295948891
0.275495 7.9496744358185 62.4198588925383
0.275995 7.9641024189685 62.4085003335631
0.276495 7.9785304021185 62.2907718047528
0.276995 7.9929583852685 62.4217257613957
0.277495 8.0073863684185 62.5976316405782
0.277995 8.0218143515685 62.7229321766313
0.278495 8.0362423347185 62.4994699049976
0.278995 8.0506703178685 62.6927323857031
0.279495 8.0650983010185 62.8350376929495
0.279995 8.0795262841685 62.9130367151457
0.280495 8.0939542673185 63.1050954532685
0.280995 8.1083822504685 62.9334894343194
0.281495 8.1228102336185 63.0275980690751
0.281995 8.1372382167685 63.2147977931956
0.282495 8.1516661999185 63.320145925902
0.282995 8.1660941830685 63.23228988321
0.283495 8.1805221662185 63.4443499998248
0.283995 8.1949501493685 63.3484647777489
0.284495 8.2093781325185 63.8341801454337
0.284995 8.2238061156685 63.826593927529
0.285495 8.2382340988185 63.5937236056319
0.285995 8.2526620819685 63.8162046726216
0.286495 8.2670900651185 63.8636700831987
0.286995 8.2815180482685 63.783095436716
0.287495 8.2959460314185 64.1787950935568
0.287995 8.3103740145685 64.1944891354303
0.288495 8.3248019977185 64.4013872096789
0.288995 8.3392299808685 64.1091104936039
0.289495 8.3536579640185 64.2465943621924
0.289995 8.3680859471685 64.5964269943667
0.290495 8.3825139303185 64.711209483528
0.290995 8.3969419134685 64.6829064356659
0.291495 8.4113698966185 64.5397449427024
0.291995 8.4257978797685 64.8199594680381
0.292495 8.4402258629185 64.9134359614163
0.292995 8.4546538460685 65.1016726702355
0.293495 8.4690818292185 65.2217712959304
0.293995 8.4835098123685 65.131100474117
0.294495 8.4979377955185 65.2856545092257
0.294995 8.5123657786685 65.3055428685488
0.295495 8.5267937618185 65.2667143208836
0.295995 8.5412217449685 65.542666424038
0.296495 8.5556497281185 65.7772467644802
0.296995 8.5700777112685 65.9768730351184
0.297495 8.5845056944185 65.8246348093344
0.297995 8.5989336775685 66.0264641802658
0.298495 8.6133616607185 66.492534253773
0.298995 8.6277896438685 66.4721829790505
0.299495 8.6422176270185 66.7085609321985
0.299995 8.6566456101685 66.5872800859275
0.300495 8.6710735933185 66.8283987717223
0.300995 8.6855015764685 67.2380874538933
0.301495 8.6999295596185 66.9492371103271
0.301995 8.7143575427685 67.1790214614175
0.302495 8.7287855259185 67.4401879864442
0.302995 8.7432135090685 67.3525621286756
0.303495 8.7576414922185 67.3121865363351
0.303995 8.7720694753685 67.7255340250944
0.304495 8.7864974585185 67.7537459030557
0.304995 8.8009254416685 68.1884438759028
0.305495 8.8153534248185 67.9898755236049
0.305995 8.8297814079685 68.315411069853
0.306495 8.8442093911185 68.6931295633997
0.306995 8.8586373742685 68.2587499611889
0.307495 8.8730653574185 68.7935757161197
0.307995 8.8874933405685 68.768138652349
0.308495 8.9019213237185 68.8543120119182
0.308995 8.91634930686849 69.2644027267733
0.309495 8.9307772900185 69.2946814491445
0.309995 8.9452052731685 69.6881977325858
0.310495 8.9596332563185 69.651912017609
0.310995 8.97406123946849 69.7325373916072
0.311495 8.9884892226185 69.8831593823428
0.311995 9.0029172057685 70.1269300636018
0.312495 9.0173451889185 70.0645619748756
0.312995 9.03177317206849 70.2876021198661
0.313495 9.0462011552185 70.4738083721117
0.313995 9.0606291383685 70.9404063308151
0.314495 9.0750571215185 70.8464905528017
0.314995 9.08948510466849 71.1136374332264
0.315495 9.1039130878185 71.2948770224796
0.315995 9.1183410709685 71.3791540556828
0.316495 9.1327690541185 72.0882261963559
0.316995 9.14719703726849 71.6654912747424
0.317495 9.1616250204185 71.9142727991538
0.317995 9.1760530035685 72.0688227542712
0.318495 9.19048098671849 72.245820199633
0.318995 9.20490896986849 72.5937934778499
0.319495 9.21933695301849 72.7857718061071
0.319995 9.23376493616849 72.7222456812354
0.320495 9.24819291931849 73.3067972233745
0.320995 9.26262090246849 73.5320328084384
0.321495 9.27704888561849 73.7919810368267
0.321995 9.29147686876849 73.9243238206425
0.322495 9.30590485191849 74.0245821099568
0.322995 9.32033283506849 74.5539857960594
0.323495 9.33476081821849 74.2559705716597
0.323995 9.34918880136849 74.7127559450433
0.324495 9.36361678451849 75.0960980032883
0.324995 9.3780447676685 75.1441226514982
0.325495 9.3924727508185 75.4196428889884
0.325995 9.4069007339685 75.4888543218868
0.326495 9.4213287171185 76.082547508733
0.326995 9.4357567002685 76.193578900355
0.327495 9.4501846834185 76.6536542430572
0.327995 9.4646126665685 76.3828621585209
0.328495 9.4790406497185 77.1375372677276
0.328995 9.4934686328685 76.900171609134
0.329495 9.5078966160185 77.331367479851
0.329995 9.5223245991685 77.4693045716704
0.330495 9.5367525823185 77.8371432510872
0.330995 9.5511805654685 78.3608592567221
0.331495 9.5656085486185 77.9712337716301
0.331995 9.5800365317685 78.4325831919134
0.332495 9.5944645149185 78.4110544684672
0.332995 9.6088924980685 79.0043600281785
0.333495 9.6233204812185 79.2239317373591
0.333995 9.6377484643685 79.179668063063
0.334495 9.6521764475185 79.6640465743018
0.334995 9.6666044306685 79.8570811913548
0.335495 9.6810324138185 80.1007113573806
0.335995 9.6954603969685 80.6153456484934
0.336495 9.7098883801185 80.8481887363058
0.336995 9.7243163632685 81.0606654160993
0.337495 9.7387443464185 81.2872348824984
0.337995 9.7531723295685 81.5095091829478
0.338495 9.7676003127185 82.0403406269949
0.338995 9.7820282958685 82.1545676481021
0.339495 9.7964562790185 82.162725441111
0.339995 9.8108842621685 82.8790380625484
0.340495 9.8253122453185 83.0363413678205
0.340995 9.8397402284685 83.2394834997278
0.341495 9.8541682116185 83.7555299051156
0.341995 9.8685961947685 83.4433411202768
0.342495 9.8830241779185 83.9779595518003
0.342995 9.8974521610685 83.9209276645912
0.343495 9.9118801442185 84.8607790774427
0.343995 9.9263081273685 85.3577555693105
0.344495 9.9407361105185 85.2233345855728
0.344995 9.9551640936685 85.3312421009156
0.345495 9.9695920768185 86.162842614899
0.345995 9.9840200599685 85.7806922115276
0.346495 9.9984480431185 86.8494270778131
0.346995 10.0128760262685 86.3562317597209
0.347495 10.0273040094185 87.0434022698805
0.347995 10.0417319925685 87.6302506035593
0.348495 10.0561599757185 87.6735241042106
0.348995 10.0705879588685 87.9760235477245
0.349495 10.0850159420185 88.0843368505151
0.349995 10.0994439251685 88.6324772151038
0.350495 10.1138719083185 88.8961535412487
0.350995 10.1282998914685 89.234574498719
0.351495 10.1427278746185 89.4351260868897
0.351995 10.1571558577685 89.5483526065822
0.352495 10.1715838409185 89.9292275815987
0.352995 10.1860118240685 90.1845453208552
0.353495 10.2004398072185 90.657933002544
0.353995 10.2148677903685 91.2479611705637
0.354495 10.2292957735185 91.1386571530051
0.354995 10.2437237566685 91.607564987539
0.355495 10.2581517398185 91.8781965550639
0.355995 10.2725797229685 92.360721737369
0.356495 10.2870077061185 92.7026582170007
0.356995 10.3014356892685 93.0231780640101
0.357495 10.3158636724185 93.4455349446845
0.357995 10.3302916555685 93.8275946881149
0.358495 10.3447196387185 94.0803583334993
0.358995 10.3591476218685 94.4633484314422
0.359495 10.3735756050185 95.0444814572465
0.359995 10.3880035881685 94.9736208378191
0.360495 10.4024315713185 95.3376768645373
0.360995 10.4168595544685 96.4341767461795
0.361495 10.4312875376185 96.7256153860706
0.361995 10.4457155207685 96.3386583180422
0.362495 10.4601435039185 96.6547089397472
0.362995 10.4745714870685 96.9848862236483
0.363495 10.4889994702185 97.6907545775638
0.363995 10.5034274533685 97.9379707255814
0.364495 10.5178554365185 98.1492193959348
0.364995 10.5322834196685 98.2664318454532
0.365495 10.5467114028185 99.0590060909927
0.365995 10.5611393859685 99.7836779213019
0.366495 10.5755673691185 100.026052650804
0.366995 10.5899953522685 100.05547755092
0.367495 10.6044233354185 100.510527225908
0.367995 10.6188513185685 100.769868542439
0.368495 10.6332793017185 101.132938185614
0.368995 10.6477072848685 101.639213500255
0.369495 10.6621352680185 102.226025846277
0.369995 10.6765632511685 102.600968614316
0.370495 10.6909912343185 102.871768381242
0.370995 10.7054192174685 103.423487282493
0.371495 10.7198472006185 103.703851091374
0.371995 10.7342751837685 104.020407159525
0.372495 10.7487031669185 104.839180808063
0.372995 10.7631311500685 104.998467418282
0.373495 10.7775591332185 105.362752412874
0.373995 10.7919871163685 105.780801073733
0.374495 10.8064150995185 106.083067422529
0.374995 10.8208430826685 106.265088101631
0.375495 10.8352710658185 107.03739630311
0.375995 10.8496990489685 107.775959609556
0.376495 10.8641270321185 107.774685058998
0.376995 10.8785550152685 108.394170162268
0.377495 10.8929829984185 108.710230597238
0.377995 10.9074109815685 108.938346830544
0.378495 10.9218389647185 109.705449113469
0.378995 10.9362669478685 110.232302592226
0.379495 10.9506949310185 110.298232510972
0.379995 10.9651229141685 110.728654557381
0.380495 10.9795508973185 108.579258009485
0.380995 10.9939788804685 102.114601586419
0.381495 11.0084068636185 92.7906766171547
0.381995 11.0228348467685 79.3560312115977
0.382495 11.0372628299185 69.55405983351
0.382995 11.0516908130685 61.6206633792624
0.383495 11.0661187962185 54.3354849717637
0.383995 11.0805467793685 47.8989503148058
0.384495 11.0949747625185 42.6500054379701
0.384995 11.1094027456685 38.5730805577647
0.385495 11.1238307288185 35.998596262283
0.385995 11.1382587119685 34.0227817231589
0.386495 11.1526866951185 32.0273950944169
0.386995 11.1671146782685 30.0023825443651
0.387495 11.1815426614185 28.0398684416878
0.387995 11.1959706445685 26.1841794039641
0.388495 11.2103986277185 24.4011990700146
0.388995 11.2248266108685 22.7371416492916
0.389495 11.2392545940185 21.1270961316737
0.389995 11.2536825771685 19.3430834227504
0.390495 11.2681105603185 17.2069794592845
0.390995 11.2825385434685 14.8303652160618
0.391495 11.2969665266185 12.2686252318612
0.391995 11.3113945097685 9.47001687280985
0.392495 11.3258224929185 6.44501437313146
0.392995 11.3402504760685 3.17329836188914
0.393495 11.3546784592185 -0.30065693018552
0.393995 11.3691064423685 -3.68828360761794
0.394495 11.3835344255185 -6.9167445905137
0.394995 11.3979624086685 -10.0650602614334
0.395495 11.4123903918185 -12.4042668355764
0.395995 11.4268183749685 -11.3492780111847
0.396495 11.4412463581185 -10.0406655431915
0.396995 11.4556743412685 -10.8258265476067
0.397495 11.4701023244185 -8.62370118429308
0.397995 11.4845303075685 -7.42424006083765
0.398495 11.4989582907185 -6.37243576920652
0.398995 11.5133862738685 -5.57330600387949
0.399495 11.5278142570185 -4.86350050783998
0.399995 11.5422422401685 -4.28966928251962
0.400495 11.5566702233185 -4.02929705177351
0.400995 11.5710982064685 -3.87714189159356
0.401495 11.5855261896185 -4.2180356615664
0.401995 11.5999541727685 -3.55719177650407
0.402495 11.6143821559185 -2.95550084261792
0.402995 11.6288101390685 -2.80940831141517
0.403495 11.6432381222185 -3.28195293404296
0.403995 11.6576661053685 -3.53621993322804
0.404495 11.6720940885185 -3.01013454036671
0.404995 11.6865220716685 -2.63956904405575
0.405495 11.7009500548185 -2.76763058753025
0.405995 11.7153780379685 -2.79517197852734
0.406495 11.7298060211185 -2.51814078229337
0.406995 11.7442340042685 -2.4318611421529
0.407495 11.7586619874185 -2.17787076627071
0.407995 11.7730899705685 -1.90014608879425
0.408495 11.7875179537185 -1.89634414900479
0.408995 11.8019459368685 -2.02441787043906
0.409495 11.8163739200185 -1.96049828630561
0.409995 11.8308019031685 -1.75475300410939
0.410495 11.8452298863185 -2.13583532015027
0.410995 11.8596578694685 -2.06325186604577
0.411495 11.8740858526185 -1.92544959786316
0.411995 11.8885138357685 -1.61175656560217
0.412495 11.9029418189185 -1.47226435624761
0.412995 11.9173698020685 -1.01043255886191
0.413495 11.9317977852185 -0.532743099070078
0.413995 11.9462257683685 -0.138426474907987
0.414495 11.9606537515185 0.535889697121215
0.414995 11.9750817346685 0.931087746933983
0.415495 11.9895097178185 1.39280107136315
0.415995 12.0039377009685 2.0989297725692
0.416495 12.0183656841185 2.72874225954093
0.416995 12.0327936672685 3.79548737180159
0.417495 12.0472216504185 4.37281345715005
0.417995 12.0616496335685 4.57215400398905
0.418495 12.0760776167185 4.90127147152862
0.418995 12.0905055998685 4.80037773231852
0.419495 12.1049335830185 4.64654716105322
0.419995 12.1193615661685 4.10664346540616
0.420495 12.1337895493185 3.38355468710017
0.420995 12.1482175324685 2.2923585756812
0.421495 12.1626455156185 1.1476931775075
0.421995 12.1770734987685 0.273095426514238
0.422495 12.1915014819185 -0.764382206307255
0.422995 12.2059294650685 -1.67248319824848
0.423495 12.2203574482185 -2.37414064216039
0.423995 12.2347854313685 -3.23007585833124
0.424495 12.2492134145185 -3.70149791583457
0.424995 12.2636413976685 -3.66900160678965
0.425495 12.2780693808185 -3.45600989383741
0.425995 12.2924973639685 -3.70733616690729
0.426495 12.3069253471185 -3.52734688025378
0.426995 12.3213533302685 -2.87656410802513
0.427495 12.3357813134185 -2.62961680426299
0.427995 12.3502092965685 -1.8247187718457
0.428495 12.3646372797185 -1.17485186208356
0.428995 12.3790652628685 -0.706259327918481
0.429495 12.3934932460185 -0.00723799728693195
0.429995 12.4079212291685 0.600998893944153
0.430495 12.4223492123185 1.18988194350053
0.430995 12.4367771954685 2.05330355539731
0.431495 12.4512051786185 2.41492592838963
0.431995 12.4656331617685 3.01665131885404
0.432495 12.4800611449185 3.55923947779824
0.432995 12.4944891280685 3.33494143478623
0.433495 12.5089171112185 3.55484038526618
0.433995 12.5233450943685 3.12400385020493
0.434495 12.5377730775185 2.71010819042287
0.434995 12.5522010606685 2.42300128043534
0.435495 12.5666290438185 1.69631012934673
0.435995 12.5810570269685 1.22723040174792
0.436495 12.5954850101185 0.734895330534989
0.436995 12.6099129932685 -0.0578910801408545
0.437495 12.6243409764185 -0.800306250275993
0.437995 12.6387689595685 -1.55982652093318
0.438495 12.6531969427185 -2.03169132655679
0.438995 12.6676249258685 -2.69972133521968
0.439495 12.6820529090185 -2.84552947746656
0.439995 12.6964808921685 -2.89088907654433
0.440495 12.7109088753185 -2.83471771468181
0.440995 12.7253368584685 -2.71668386709677
0.441495 12.7397648416185 -2.30125961759668
0.441995 12.7541928247685 -1.91663384674945
0.442495 12.7686208079185 -1.37192155238261
0.442995 12.7830487910685 -0.901785301031759
0.443495 12.7974767742185 -0.338991366184176
0.443995 12.8119047573685 0.15642777402213
0.444495 12.8263327405185 0.910979403008786
0.444995 12.8407607236685 1.58864899931111
0.445495 12.8551887068185 2.12241887356671
0.445995 12.8696166899685 2.41247085711918
0.446495 12.8840446731185 2.87545829449453
0.446995 12.8984726562685 3.08035634799182
0.447495 12.9129006394185 3.18159554502186
0.447995 12.9273286225685 2.98834421344944
0.448495 12.9417566057185 2.79445236685991
0.448995 12.9561845888685 2.40339936613993
0.449495 12.9706125720185 1.92010592757194
0.449995 12.9850405551685 1.476549578361
0.450495 12.9994685383185 1.01852457059439
0.450995 13.0138965214685 0.221907288790914
0.451495 13.0283245046185 0.0234735586178108
0.451995 13.0427524877685 -0.818872801999767
0.452495 13.0571804709185 -1.21504362425036
0.452995 13.0716084540685 -1.44125232175303
0.453495 13.0860364372185 -1.9781740409182
0.453995 13.1004644203685 -2.17645493865112
0.454495 13.1148924035185 -2.43799591238974
0.454995 13.1293203866685 -2.47417987694385
0.455495 13.1437483698185 -2.24375946971749
0.455995 13.1581763529685 -1.91510748652662
0.456495 13.1726043361185 -1.61987228816323
0.456995 13.1870323192685 -1.19293437077615
0.457495 13.2014603024185 -0.816066152760556
0.457995 13.2158882855685 -0.374854345458097
0.458495 13.2303162687185 -0.00924439434102646
0.458995 13.2447442518685 0.330093420163997
0.459495 13.2591722350185 0.632904851855617
0.459995 13.2736002181685 1.04239098686534
0.460495 13.2880282013185 1.40784188109609
0.460995 13.3024561844685 1.8435285996404
0.461495 13.3168841676185 1.74493937564357
0.461995 13.3313121507685 1.89857752555001
0.462495 13.3457401339185 1.82477351756973
0.462995 13.3601681170685 1.73901594422833
0.463495 13.3745961002185 1.23017000366685
0.463995 13.3890240833685 1.0775377951951
0.464495 13.4034520665185 0.856800264727995
0.464995 13.4178800496685 0.56126527258602
0.465495 13.4323080328185 0.271480883756253
0.465995 13.4467360159685 0.025354596570188
0.466495 13.4611639991185 -0.156390490811764
0.466995 13.4755919822685 -0.686640298097006
0.467495 13.4900199654185 -1.07646718849894
0.467995 13.5044479485685 -1.13520126278701
0.468495 13.5188759317185 -1.65271447692912
0.468995 13.5333039148685 -1.63749557090268
0.469495 13.5477318980185 -1.4584271395143
0.469995 13.5621598811685 -1.25330966685317
0.470495 13.5765878643185 -1.09794805538331
0.470995 13.5910158474685 -0.902754143916387
0.471495 13.6054438306185 -0.649527374522654
0.471995 13.6198718137685 -0.346286135132468
0.472495 13.6342997969185 -0.0841338224857232
0.472995 13.6487277800685 0.232902573962968
0.473495 13.6631557632185 0.472299953955834
0.473995 13.6775837463685 0.843757879459021
0.474495 13.6920117295185 0.973300725261227
0.474995 13.7064397126685 1.0962751242207
0.475495 13.7208676958185 1.14729312089735
0.475995 13.7352956789685 1.05890266668759
0.476495 13.7497236621185 0.982070562010596
0.476995 13.7641516452685 0.715906371247401
0.477495 13.7785796284185 0.62303143092764
0.477995 13.7930076115685 0.53979910454817
0.478495 13.8074355947185 0.173624654222682
0.478995 13.8218635778685 0.172325809817116
0.479495 13.8362915610185 -0.0402822574236834
0.479995 13.8507195441685 -0.378337879377364
0.480495 13.8651475273185 -0.494750285263233
0.480995 13.8795755104685 -0.673729120124321
0.481495 13.8940034936185 -0.755754688898559
0.481995 13.9084314767685 -0.889351075742674
0.482495 13.9228594599185 -0.767326387649545
0.482995 13.9372874430685 -0.893846741703935
0.483495 13.9517154262185 -0.762437124847861
0.483995 13.9661434093685 -0.702065386866728
0.484495 13.9805713925185 -0.356433756392066
0.484995 13.9949993756685 -0.312759406851251
0.485495 14.0094273588185 -0.0528214723865688
0.485995 14.0238553419685 -0.17821990665227
0.486495 14.0382833251185 0.0801264743097604
0.486995 14.0527113082685 0.236461308043077
0.487495 14.0671392914185 0.366534415199661
0.487995 14.0815672745685 0.612828248623266
0.488495 14.0959952577185 0.676369306410531
0.488995 14.1104232408685 0.640344021821483
0.489495 14.1248512240185 0.657555587592497
0.489995 14.1392792071685 0.765927105329473
0.490495 14.1537071903185 0.372987531627489
0.490995 14.1681351734685 0.37953320663097
0.491495 14.1825631566185 0.209288716118144
0.491995 14.1969911397685 0.239452539188167
0.492495 14.2114191229185 0.067045273588055
0.492995 14.2258471060685 -0.122658820851316
0.493495 14.2402750892185 -0.190426692932981
0.493995 14.2547030723685 -0.174212353067132
0.494495 14.2691310555185 -0.287735995081133
0.494995 14.2835590386685 -0.45642411375956
0.495495 14.2979870218185 -0.598219772973149
0.495995 14.3124150049685 -0.712130059306066
0.496495 14.3268429881185 -0.634840143324059
0.496995 14.3412709712685 -0.417262746355567
0.497495 14.3556989544185 -0.522536872188269
0.497995 14.3701269375685 -0.220372281641651
0.498495 14.3845549207185 -0.419053887522635
0.498995 14.3989829038685 -0.25940779824021
0.499495 14.4134108870185 0.0139535204891858
0.499995 14.4278388701685 -0.0469181817712152
