# Fix print output for fix Step
1.62227203935763e-16 1.13686837721616e-14 -1.60363581522269
0.000495000000000324 0.0346889937735227 2.95095048900025
0.000995000000000314 0.069728381423522 0.572435716675343
0.0014950000000003 0.104767769073521 3.73538398975117
0.00199500000000029 0.139807156723521 0.511000547878545
0.00249500000000028 0.17484654437352 3.94093933043046
0.00299500000000027 0.209885932023519 2.90891089792014
0.00349500000000026 0.244925319673519 4.29750094142649
0.00399500000000025 0.279964707323518 3.31307464955631
0.00449500000000024 0.315004094973517 3.69272569032204
0.00499500000000023 0.350043482623516 5.17235134621598
0.00549500000000022 0.385082870273516 4.51639882485746
0.00599500000000021 0.420122257923515 6.37871964695436
0.0064950000000002 0.455161645573514 4.16105668997558
0.00699500000000019 0.490201033223514 7.16321574134127
0.00749500000000018 0.525240420873513 5.04525844996149
0.00799500000000017 0.560279808523512 8.88231724394483
0.00849500000000016 0.595319196173511 5.01516645625313
0.00899500000000015 0.630358583823511 9.27722680419315
0.00949500000000014 0.66539797147351 5.80615654451007
0.0099950000000003 0.700437359123521 10.3407421048656
0.0104950000000003 0.73547674677352 6.88077235110896
0.0109950000000003 0.770516134423519 10.4260433670065
0.0114950000000003 0.805555522073519 7.49206318960931
0.0119950000000003 0.840594909723518 11.0384626834061
0.0124950000000002 0.875634297373517 9.26382729717187
0.0129950000000002 0.910673685023517 11.0375822732935
0.0134950000000002 0.945713072673516 10.2831735703012
0.0139950000000002 0.980752460323515 11.0805098215954
0.0144950000000002 1.01579184797351 11.5765082294648
0.0149950000000002 1.05083123562351 11.4225600111642
0.0154950000000002 1.08587062327351 12.6067447637859
0.0159950000000002 1.12091001092351 11.5237859307649
0.0164950000000002 1.15594939857351 13.6756711196238
0.0169950000000003 1.19098878622352 12.0878263313646
0.0174950000000003 1.22602817387352 14.6023244359522
0.0179950000000003 1.26106756152352 12.2851420971385
0.0184950000000003 1.29610694917352 15.2887260834002
0.0189950000000003 1.33114633682352 13.0843444592051
0.0194950000000003 1.36618572447352 16.1190771870386
0.0199950000000003 1.40122511212352 13.7246309568721
0.0204950000000002 1.43626449977352 16.5472346038945
0.0209950000000002 1.47130388742352 14.7170713900943
0.0214950000000002 1.50634327507352 17.1801665801071
0.0219950000000002 1.54138266272352 15.6130542560654
0.0224950000000002 1.57642205037351 17.2819223791553
0.0229950000000002 1.61146143802351 16.454372030019
0.0234950000000002 1.64650082567351 17.7722209682267
0.0239950000000002 1.68154021332351 17.6174682186847
0.0244950000000002 1.71657960097351 18.0211426199635
0.0249950000000002 1.75161898862351 18.4856874348502
0.0254950000000001 1.78665837627351 18.3276593819249
0.0259950000000001 1.82169776392351 19.4810629355767
0.0264950000000003 1.85673715157352 18.7319094756579
0.0269950000000003 1.89177653922352 20.5023171210426
0.0274950000000003 1.92681592687352 19.0903495831116
0.0279950000000003 1.96185531452352 21.0386055158023
0.0284950000000003 1.99689470217352 19.3081058448811
0.0289950000000002 2.03193408982352 21.8487363333748
0.0294950000000002 2.06697347747352 20.221849132453
0.0299950000000002 2.10201286512352 22.5448645306083
0.0304950000000002 2.13705225277351 20.6220834619291
0.0309950000000002 2.17209164042351 23.0216967844438
0.0314950000000002 2.20713102807351 21.4379886952605
0.0319950000000002 2.24217041572351 23.6654851813487
0.0324950000000003 2.27720980337352 22.0807644085236
0.0329950000000002 2.31224919102351 24.0272377340284
0.0334950000000003 2.34728857867352 22.8250798548543
0.0339950000000003 2.38232796632352 24.5486021873392
0.0344950000000003 2.41736735397352 23.7067038475132
0.0349950000000003 2.45240674162352 24.8342103685032
0.0354950000000003 2.48744612927352 24.3549626479875
0.0359950000000003 2.52248551692352 25.3138714095697
0.0364950000000003 2.55752490457352 25.4795314003497
0.0369950000000002 2.59256429222352 25.755846227042
0.0374950000000002 2.62760367987352 26.0402478191587
0.0379950000000002 2.66264306752352 26.0748294624184
0.0384950000000002 2.69768245517351 26.8620105007149
0.0389950000000002 2.73272184282351 26.5508137533017
0.0394950000000002 2.76776123047351 27.5546340470103
0.0399950000000002 2.80280061812351 26.8416917990455
0.0404950000000002 2.83784000577351 28.313997111931
0.0409950000000002 2.87287939342351 27.413807822139
0.0414950000000002 2.90791878107351 29.0203842405034
0.0419950000000001 2.94295816872351 27.9521826806703
0.0424950000000001 2.97799755637351 29.7158183371065
0.0429950000000003 3.01303694402352 28.6078278414202
0.0434950000000003 3.04807633167352 30.2145552689881
0.0439950000000003 3.08311571932352 29.0965982998513
0.0444950000000003 3.11815510697352 30.8483956408234
0.0449950000000003 3.15319449462352 29.8645050942004
0.0454950000000002 3.18823388227352 31.2570330945138
0.0459950000000002 3.22327326992352 30.215554730448
0.0464950000000002 3.25831265757351 31.7460071849724
0.0469950000000002 3.29335204522351 31.0671904409133
0.0474950000000002 3.32839143287351 32.2233462261056
0.0479950000000002 3.36343082052351 31.6422399620559
0.0484950000000002 3.39847020817351 32.6431989651672
0.0489950000000003 3.43350959582352 32.3010236936227
0.0494950000000003 3.46854898347352 33.1178402045634
0.0499950000000003 3.50358837112352 32.9886178134181
0.0504950000000003 3.53862775877352 33.5937366121891
0.0509950000000003 3.57366714642352 33.5936766918335
0.0514950000000003 3.60870653407352 34.1505079998313
0.0519950000000003 3.64374592172352 34.30400572118
0.0524950000000003 3.67878530937352 34.4442500685679
0.0529950000000003 3.71382469702352 34.8835945272263
0.0534950000000002 3.74886408467352 35.0245582996392
0.0539950000000002 3.78390347232352 35.5072833798058
0.0544950000000002 3.81894285997352 35.4032429830596
0.0549950000000002 3.85398224762351 36.1321137602532
0.0554950000000002 3.88902163527351 35.9896341011221
0.0559950000000002 3.92406102292351 36.6621490520392
0.0564950000000002 3.95910041057351 36.3132074539755
0.0569950000000002 3.99413979822351 37.1424035974779
0.0574950000000002 4.02917918587351 36.9249107314746
0.0579950000000002 4.06421857352351 37.7829099323528
0.0584950000000001 4.09925796117351 37.4116863974336
0.0589950000000003 4.13429734882352 38.3671301627851
0.0594950000000003 4.16933673647352 37.9508637347662
0.0599950000000003 4.20437612412352 38.9473720113799
0.0604950000000003 4.23941551177352 38.5123755702865
0.0609950000000003 4.27445489942352 39.5088179640258
0.0614950000000002 4.30949428707352 39.0967513267294
0.0619950000000002 4.34453367472352 39.9773271405969
0.0624950000000002 4.37957306237351 39.5236228351816
0.0629950000000002 4.41461245002351 40.4486671588108
0.0634950000000002 4.44965183767351 40.1302540425905
0.0639950000000002 4.48469122532351 40.9792832636377
0.0644950000000002 4.51973061297351 40.842721847057
0.0649950000000002 4.55477000062351 41.5039399325968
0.0654950000000003 4.58980938827352 41.2828913289546
0.0659950000000003 4.62484877592352 41.8192139703819
0.0664950000000003 4.65988816357352 41.838703525145
0.0669950000000003 4.69492755122352 42.3504568111597
0.0674950000000003 4.72996693887352 42.4021775610254
0.0679950000000003 4.76500632652352 42.7072162033764
0.0684950000000003 4.80004571417352 42.8107317025268
0.0689950000000003 4.83508510182352 43.1971768470308
0.0694950000000003 4.87012448947352 43.4777695930438
0.0699950000000002 4.90516387712352 43.6985572269748
0.0704950000000002 4.94020326477352 43.9782363038312
0.0709950000000002 4.97524265242351 44.1060333469765
0.0714950000000002 5.01028204007351 44.6214171112571
0.0719950000000002 5.04532142772351 44.5685079905054
0.0724950000000002 5.08036081537351 45.0366434321014
0.0729950000000002 5.11540020302351 45.0610147976862
0.0734950000000002 5.15043959067351 45.6919557043
0.0739950000000002 5.18547897832351 45.5011677493212
0.0744950000000001 5.22051836597351 46.0378297691106
0.0749950000000003 5.25555775362352 45.8242145022788
0.0754950000000003 5.29059714127352 46.6974244946452
0.0759950000000003 5.32563652892352 46.4516090923264
0.0764950000000003 5.36067591657352 47.099644898921
0.0769950000000003 5.39571530422352 46.8406595030513
0.0774950000000002 5.43075469187352 47.5806395028904
0.0779950000000002 5.46579407952352 47.4153271445568
0.0784950000000002 5.50083346717352 48.0244101456052
0.0789950000000002 5.53587285482351 47.8062621983972
0.0794950000000002 5.57091224247351 48.4810075339429
0.0799950000000002 5.60595163012351 48.2426842066822
0.0804950000000002 5.64099101777351 48.9985781795419
0.0809950000000002 5.67603040542351 48.8504550490582
0.0814950000000003 5.71106979307352 49.3971244439994
0.0819950000000003 5.74610918072352 49.2272631312387
0.0824950000000003 5.78114856837352 49.8325911977621
0.0829950000000003 5.81618795602352 49.7070134296782
0.0834950000000003 5.85122734367352 50.1764946265854
0.0839950000000003 5.88626673132352 50.1551665996216
0.0844950000000003 5.92130611897352 50.6907483939111
0.0849950000000003 5.95634550662352 50.7810902446633
0.0854950000000003 5.99138489427352 51.2372617425798
0.0859950000000002 6.02642428192352 51.1355076832984
0.0864950000000002 6.06146366957352 51.5115830869526
0.0869950000000002 6.09650305722352 51.61844834139
0.0874950000000002 6.13154244487351 52.0396030157315
0.0879950000000002 6.16658183252351 52.074645060229
0.0884950000000002 6.20162122017351 52.3309457531791
0.0889950000000002 6.23666060782351 52.4720493642816
0.0894950000000002 6.27169999547351 52.7572475617466
0.0899950000000002 6.30673938312351 52.993556731252
0.0904950000000001 6.34177877077351 53.2838019041273
0.0909950000000003 6.37681815842352 53.4935633850574
0.0914950000000003 6.41185754607352 53.5874429192624
0.0919950000000003 6.44689693372352 53.7715733082329
0.0924950000000003 6.48193632137352 54.0439084121381
0.0929950000000003 6.51697570902352 54.406551491625
0.0934950000000003 6.55201509667352 54.5209477876693
0.0939950000000002 6.58705448432352 54.7624235651974
0.0944950000000002 6.62209387197352 54.8611424658329
0.0949950000000002 6.65713325962352 55.2502695626327
0.0954950000000002 6.69217264727351 55.2459438269166
0.0959950000000002 6.72721203492351 55.5643362287541
0.0964950000000002 6.76225142257351 55.6764650228581
0.0969950000000002 6.79729081022351 56.0578528563449
0.0974950000000003 6.83233019787352 55.9902853771115
0.0979950000000003 6.86736958552352 56.3485238260291
0.0984950000000003 6.90240897317352 56.4145054168034
0.0989950000000003 6.93744836082352 56.8878144034972
0.0994950000000003 6.97248774847352 56.9299584762171
0.0999950000000003 7.00752713612352 57.2444113037827
0.100495 7.04256652377352 57.2016069162364
0.100995 7.07760591142352 57.5727652369337
0.101495 7.11264529907352 57.7332005219594
0.101995 7.14768468672352 58.0559675070355
0.102495 7.18272407437352 58.05442476687
0.102995 7.21776346202352 58.3619426298693
0.103495 7.25280284967351 58.3813495977132
0.103995 7.28784223732351 58.7891048741143
0.104495 7.32288162497351 58.8750457639841
0.104995 7.35792101262351 59.2182105025044
0.105495 7.39296040027351 59.1851018867824
0.105995 7.42799978792351 59.6596592175997
0.106495 7.46303917557351 59.760959170448
0.106995 7.49807856322352 60.0134442241605
0.107495 7.53311795087352 59.8922668005581
0.107995 7.56815733852352 60.295549432158
0.108495 7.60319672617352 60.4535994602813
0.108995 7.63823611382352 60.7756458695095
0.109495 7.67327550147352 60.7366709233873
0.109995 7.70831488912352 60.9864211514636
0.110495 7.74335427677352 61.1886963472151
0.110995 7.77839366442352 61.4805727744156
0.111495 7.81343305207352 61.570586155741
0.111995 7.84847243972351 61.8262479026415
0.112495 7.88351182737351 61.9561580834008
0.112995 7.91855121502352 62.1917921087058
0.113495 7.95359060267351 62.3340702372691
0.113995 7.98862999032352 62.5027759876151
0.114495 8.02366937797352 62.7912556974019
0.114995 8.05870876562352 62.8659462955874
0.115495 8.09374815327352 63.119727422787
0.115995 8.12878754092352 63.1917104357058
0.116495 8.16382692857352 63.4124739574342
0.116995 8.19886631622352 63.617626878972
0.117495 8.23390570387352 63.8229965168418
0.117995 8.26894509152352 63.8894495619645
0.118495 8.30398447917352 64.0770357376378
0.118995 8.33902386682352 64.1459802911738
0.119495 8.37406325447352 64.5401055048863
0.119995 8.40910264212351 64.6208693145972
0.120495 8.44414202977351 64.7045383230118
0.120995 8.47918141742351 64.9991583426924
0.121495 8.51422080507351 65.2595856015102
0.121995 8.54926019272351 65.2007113954705
0.122495 8.58429958037351 65.4348159706458
0.122995 8.61933896802351 65.5958120785896
0.123495 8.65437835567352 65.8002815986984
0.123995 8.68941774332352 66.0637206669715
0.124495 8.72445713097352 66.3197993401046
0.124995 8.75949651862352 66.2737876796263
0.125495 8.79453590627352 66.3958016665405
0.125995 8.82957529392352 66.5366017327095
0.126495 8.86461468157352 66.8936715008164
0.126995 8.89965406922352 66.8929430609211
0.127495 8.93469345687351 67.2028548373532
0.127995 8.96973284452351 67.2669769756182
0.128495 9.00477223217351 67.5030069254957
0.128995 9.03981161982351 67.55416141567
0.129495 9.07485100747352 67.7839625329825
0.129995 9.10989039512351 67.8141479770583
0.130495 9.14492978277352 68.1098716465239
0.130995 9.17996917042352 68.1507097128158
0.131495 9.21500855807352 68.3271744881464
0.131995 9.25004794572352 68.4754125685485
0.132495 9.28508733337352 68.6709205282168
0.132995 9.32012672102352 68.7284935550683
0.133495 9.35516610867352 68.9920236203189
0.133995 9.39020549632352 69.1159838147253
0.134495 9.42524488397352 69.3788854606123
0.134995 9.46028427162352 69.2540584544409
0.135495 9.49532365927351 69.5690061593905
0.135995 9.53036304692352 69.6239565227711
0.136495 9.56540243457351 69.9964103380737
0.136995 9.60044182222351 70.0158018888099
0.137495 9.63548120987351 70.1741673727267
0.137995 9.67052059752351 70.3496080412507
0.138495 9.70555998517351 70.4325582021594
0.138995 9.74059937282352 70.6263824967245
0.139495 9.77563876047352 70.6705515439922
0.139995 9.81067814812352 70.9685442172432
0.140495 9.84571753577352 71.0902172665117
0.140995 9.88075692342352 71.1996523153881
0.141495 9.91579631107352 71.1855813675538
0.141995 9.95083569872352 71.4797018521888
0.142495 9.98587508637352 71.5226145262954
0.142995 10.0209144740235 71.8483432599191
0.143495 10.0559538616735 71.8475592846555
0.143995 10.0909932493235 72.0083759625431
0.144495 10.1260326369735 72.0577414092457
0.144995 10.1610720246235 72.2715246250242
0.145495 10.1961114122735 72.4225361165609
0.145995 10.2311507999235 72.5953962268687
0.146495 10.2661901875735 72.6768179165584
0.146995 10.3012295752235 72.7635210852143
0.147495 10.3362689628735 72.9713245837866
0.147995 10.3713083505235 73.1349119623087
0.148495 10.4063477381735 73.1039522989422
0.148995 10.4413871258235 73.2612183505234
0.149495 10.4764265134735 73.4827407534648
0.149995 10.5114659011235 73.6207868145902
0.150495 10.5465052887735 73.7140173273382
0.150995 10.5815446764235 73.8726478006217
0.151495 10.6165840640735 73.9174629301576
0.151995 10.6516234517235 74.1125381045269
0.152495 10.6866628393735 74.1716340310096
0.152995 10.7217022270235 74.3338515635424
0.153495 10.7567416146735 74.3965949262088
0.153995 10.7917810023235 74.6364986790346
0.154495 10.8268203899735 74.6862605113315
0.154995 10.8618597776235 74.9243702434737
0.155495 10.8968991652735 74.8687579306146
0.155995 10.9319385529235 75.1273996288882
0.156495 10.9669779405735 75.1780245201319
0.156995 11.0020173282235 75.4557319138505
0.157495 11.0370567158735 75.4064139564126
0.157995 11.0720961035235 75.650678937096
0.158495 11.1071354911735 75.6107720785496
0.158995 11.1421748788235 75.9245204255924
0.159495 11.1772142664735 75.9383355033056
0.159995 11.2122536541235 76.0468317931118
0.160495 11.2472930417735 76.094686496278
0.160995 11.2823324294235 76.3845496841977
0.161495 11.3173718170735 76.4532507256889
0.161995 11.3524112047235 76.5825434117548
0.162495 11.3874505923735 76.544409757801
0.162995 11.4224899800235 76.7443558862005
0.163495 11.4575293676735 76.8596199228457
0.163995 11.4925687553235 76.9820507995876
0.164495 11.5276081429735 76.969469284808
0.164995 11.5626475306235 77.2192074375775
0.165495 11.5976869182735 77.2841675500862
0.165995 11.6327263059235 77.4822535134467
0.166495 11.6677656935735 77.5148926049652
0.166995 11.7028050812235 77.5411797757562
0.167495 11.7378444688735 77.6979960765814
0.167995 11.7728838565235 77.9093872841356
0.168495 11.8079232441735 77.931052664735
0.168995 11.8429626318235 78.0339410711313
0.169495 11.8780020194735 78.1155622294352
0.169995 11.9130414071235 78.3489495194445
0.170495 11.9480807947735 78.3404221871583
0.170995 11.9831201824235 78.4618955639662
0.171495 12.0181595700735 78.5254037785937
0.171995 12.0531989577235 78.6462922894865
0.172495 12.0882383453735 78.7452858085067
0.172995 12.1232777330235 78.8253668004033
0.173495 12.1583171206735 79.035337640528
0.173995 12.1933565083235 78.9979416209888
0.174495 12.2283958959735 79.2297977888788
0.174995 12.2634352836235 79.2956790224414
0.175495 12.2984746712735 79.3166226365593
0.175995 12.3335140589235 79.4731099837607
0.176495 12.3685534465735 79.5809682055244
0.176995 12.4035928342235 79.6928720761635
0.177495 12.4386322218735 79.8946267605616
0.177995 12.4736716095235 79.8275518925925
0.178495 12.5087109971735 79.9299350584175
0.178995 12.5437503848235 79.9387972973015
0.179495 12.5787897724735 80.1578264845643
0.179995 12.6138291601235 80.2955628500334
0.180495 12.6488685477735 80.3671080608173
0.180995 12.6839079354235 80.3952927951426
0.181495 12.7189473230735 80.4794770114584
0.181995 12.7539867107235 80.60152578908
0.182495 12.7890260983735 80.7539672877164
0.182995 12.8240654860235 80.7377317452298
0.183495 12.8591048736735 80.8766760422725
0.183995 12.8941442613235 80.8504655537027
0.184495 12.9291836489735 81.0705015231438
0.184995 12.9642230366235 81.2486132809998
0.185495 12.9992624242735 81.3700870469873
0.185995 13.0343018119235 81.3158274392311
0.186495 13.0693411995735 81.367987723658
0.186995 13.1043805872235 81.519094161702
0.187495 13.1394199748735 81.5655534278707
0.187995 13.1744593625235 81.5843039417943
0.188495 13.2094987501735 81.774960354979
0.188995 13.2445381378235 81.8824519214432
0.189495 13.2795775254735 82.0245657092114
0.189995 13.3146169131235 82.0108173722227
0.190495 13.3496563007735 82.1501839139703
0.190995 13.3846956884235 82.2166756100981
0.191495 13.4197350760735 82.3515231106867
0.191995 13.4547744637235 82.3414088910616
0.192495 13.4898138513735 82.4473908497502
0.192995 13.5248532390235 82.5287876403281
0.193495 13.5598926266735 82.4960958745702
0.193995 13.5949320143235 82.6632541542135
0.194495 13.6299714019735 82.739078404215
0.194995 13.6650107896235 82.9135085716039
0.195495 13.7000501772735 82.8040873079304
0.195995 13.7350895649235 83.0564828938243
0.196495 13.7701289525735 83.1387261514438
0.196995 13.8051683402235 83.1653742517601
0.197495 13.8402077278735 83.200525478668
0.197995 13.8752471155235 83.4447817111669
0.198495 13.9102865031735 83.4081362803676
0.198995 13.9453258908235 83.4172026371184
0.199495 13.9803652784735 83.5651851899525
0.199995 14.0154046661235 83.7168297064865
0.200495 14.0504440537735 83.7956913225159
0.200995 14.0854834414235 83.8015290872437
0.201495 14.1205228290735 83.7925735900748
0.201995 14.1555622167235 83.9943556517633
0.202495 14.1906016043735 84.019941687773
0.202995 14.2256409920235 83.981817381721
0.203495 14.2606803796735 84.1846194358658
0.203995 14.2957197673235 84.2361671249514
0.204495 14.3307591549735 84.4134683395984
0.204995 14.3657985426235 84.435968591805
0.205495 14.4008379302735 84.6251038561506
0.205995 14.4358773179235 84.5293061875527
0.206495 14.4709167055735 84.6723680695341
0.206995 14.5059560932235 84.7735729604606
0.207495 14.5409954808735 84.9398890168435
0.207995 14.5760348685235 84.8133761821009
0.208495 14.6110742561735 85.0080797346072
0.208995 14.6461136438235 85.0647045053771
0.209495 14.6811530314735 85.1741012116251
0.209995 14.7161924191235 85.0225766416831
0.210495 14.7512318067735 85.252088880606
0.210995 14.7862711944235 85.3253866677289
0.211495 14.8213105820735 85.4581394472989
0.211995 14.8563499697235 85.3975887376315
0.212495 14.8913893573735 85.5661246531513
0.212995 14.9264287450235 85.6321496545553
0.213495 14.9614681326735 85.6981661243349
0.213995 14.9965075203235 85.8105572909865
0.214495 15.0315469079735 85.9488145394557
0.214995 15.0665862956235 85.8609206216845
0.215495 15.1016256832735 85.9781085270747
0.215995 15.1366650709235 86.1139782840772
0.216495 15.1717044585735 86.2473518817183
0.216995 15.2067438462235 86.2086807286089
0.217495 15.2417832338735 86.2309100281033
0.217995 15.2768226215235 86.319484024552
0.218495 15.3118620091735 86.5692793288783
0.218995 15.3469013968235 86.5308374810543
0.219495 15.3819407844735 86.7197981376069
0.219995 15.4169801721235 86.6253962475413
0.220495 15.4520195597735 86.8100767232049
0.220995 15.4870589474235 86.7136945957682
0.221495 15.5220983350735 86.8220368553811
0.221995 15.5571377227235 86.8721490915178
0.222495 15.5921771103735 87.0576132474402
0.222995 15.6272164980235 87.1095482598746
0.223495 15.6622558856735 87.2291561048083
0.223995 15.6972952733235 87.1648682676301
0.224495 15.7323346609735 87.3139759468301
0.224995 15.7673740486235 87.2705349140931
0.225495 15.8024134362735 87.4109600159458
0.225995 15.8374528239235 87.528161484308
0.226495 15.8724922115735 87.5824715299601
0.226995 15.9075315992235 87.6599151028411
0.227495 15.9425709868735 87.7603637988506
0.227995 15.9776103745235 87.8582583144855
0.228495 16.0126497621735 87.8001991515111
0.228995 16.0476891498235 88.0091582983876
0.229495 16.0827285374735 88.0206477077771
0.229995 16.1177679251235 87.9417790837369
0.230495 16.1528073127735 88.0552340405254
0.230995 16.1878467004235 88.1897168254654
0.231495 16.2228860880735 88.2301472042564
0.231995 16.2579254757235 88.2471154482245
0.232495 16.2929648633735 88.5188657581687
0.232995 16.3280042510235 88.4404105539346
0.233495 16.3630436386735 88.5303158354043
0.233995 16.3980830263235 88.7320832132618
0.234495 16.4331224139735 88.8361572185922
0.234995 16.4681618016235 88.6949381825965
0.235495 16.5032011892735 88.8772106249589
0.235995 16.5382405769235 88.9998505652953
0.236495 16.5732799645735 88.9332696694547
0.236995 16.6083193522235 89.1243913991079
0.237495 16.6433587398735 89.1507710592962
0.237995 16.6783981275235 89.2832334375836
0.238495 16.7134375151735 89.3061729909712
0.238995 16.7484769028235 89.3517770424493
0.239495 16.7835162904735 89.4547116369434
0.239995 16.8185556781235 89.634363169539
0.240495 16.8535950657735 89.6173021163325
0.240995 16.8886344534235 89.6494676908297
0.241495 16.9236738410735 89.7396557129673
0.241995 16.9587132287235 89.8407002600974
0.242495 16.9937526163735 89.8186244947518
0.242995 17.0287920040235 90.0364294134941
0.243495 17.0638313916735 89.9301060250887
0.243995 17.0988707793235 90.1461844478274
0.244495 17.1339101669735 90.1322468678467
0.244995 17.1689495546235 90.274402037757
0.245495 17.2039889422735 90.2965855786053
0.245995 17.2390283299235 90.4697056446214
0.246495 17.2740677175735 90.4308081037021
0.246995 17.3091071052235 90.6162858404378
0.247495 17.3441464928735 90.6534673677242
0.247995 17.3791858805235 90.8136707836591
0.248495 17.4142252681735 90.8383991122688
0.248995 17.4492646558235 90.8852510569514
0.249495 17.4843040434735 90.9890786028892
0.249995 17.5193434311235 90.9428836582275
0.250495 17.5543828187735 91.0027452430095
0.250995 17.5894222064235 91.1466075387157
0.251495 17.6244615940735 91.2589162705519
0.251995 17.6595009817235 91.4315028070218
0.252495 17.6945403693735 91.4000527595976
0.252995 17.7295797570235 91.6036491719398
0.253495 17.7646191446735 91.5173612286723
0.253995 17.7996585323235 91.7861318102649
0.254495 17.8346979199735 91.584792925479
0.254995 17.8697373076235 91.8747064525955
0.255495 17.9047766952735 92.0138824592882
0.255995 17.9398160829235 92.0577896305752
0.256495 17.9748554705735 91.9322127954618
0.256995 18.0098948582235 92.2100846161699
0.257495 18.0449342458735 92.1479541496462
0.257995 18.0799736335235 92.4048479075347
0.258495 18.1150130211735 92.3709371317773
0.258995 18.1500524088235 92.3988739889221
0.259495 18.1850917964735 92.3449526035121
0.259995 18.2201311841235 92.6742305448272
0.260495 18.2551705717735 92.8482040768604
0.260995 18.2902099594235 92.6789087063854
0.261495 18.3252493470735 92.8972285987377
0.261995 18.3602887347235 93.1298095270268
0.262495 18.3953281223735 93.1938686389106
0.262995 18.4303675100235 93.1739382794397
0.263495 18.4654068976735 93.43890384344
0.263995 18.5004462853235 93.5108718061353
0.264495 18.5354856729735 93.3574772580335
0.264995 18.5705250606235 93.4787916990702
0.265495 18.6055644482735 93.5339673999814
0.265995 18.6406038359235 93.7059654136323
0.266495 18.6756432235735 93.7504704733577
0.266995 18.7106826112235 93.7487981141741
0.267495 18.7457219988735 94.1149689771654
0.267995 18.7807613865235 94.0741195009884
0.268495 18.8158007741735 94.2024802084012
0.268995 18.8508401618235 94.4935740576312
0.269495 18.8858795494735 94.341780023604
0.269995 18.9209189371235 94.6622116866578
0.270495 18.9559583247735 94.4711841028278
0.270995 18.9909977124235 94.7205012097181
0.271495 19.0260371000735 94.7844430840302
0.271995 19.0610764877235 94.9226475252587
0.272495 19.0961158753735 94.981039925254
0.272995 19.1311552630235 95.0544333842988
0.273495 19.1661946506735 95.1030489536514
0.273995 19.2012340383235 95.4980046767546
0.274495 19.2362734259735 95.4101340859647
0.274995 19.2713128136235 95.5175156189822
0.275495 19.3063522012735 95.2769253359244
0.275995 19.3413915889235 95.7946876407791
0.276495 19.3764309765735 95.904411262726
0.276995 19.4114703642235 96.107040065835
0.277495 19.4465097518735 96.0987427543227
0.277995 19.4815491395235 96.0720713944637
0.278495 19.5165885271735 96.1789000765806
0.278995 19.5516279148235 96.3551891473401
0.279495 19.5866673024735 96.3451140904238
0.279995 19.6217066901235 96.4356421179749
0.280495 19.6567460777735 96.9634301791797
0.280995 19.6917854654235 96.6273563341972
0.281495 19.7268248530735 96.8011608690853
0.281995 19.7618642407235 96.8779769937673
0.282495 19.7969036283735 97.2708103854073
0.282995 19.8319430160235 97.1294810955221
0.283495 19.8669824036735 97.3060658237971
0.283995 19.9020217913235 97.5413861195757
0.284495 19.9370611789735 97.9112362112594
0.284995 19.9721005666235 97.8430542484673
0.285495 20.0071399542735 97.950665005028
0.285995 20.0421793419235 97.9955757451791
0.286495 20.0772187295735 98.269929367502
0.286995 20.1122581172235 98.2792277156409
0.287495 20.1472975048735 98.622727922557
0.287995 20.1823368925235 98.6034396416335
0.288495 20.2173762801735 98.6393316707163
0.288995 20.2524156678235 99.0541075724547
0.289495 20.2874550554735 99.4155020599739
0.289995 20.3224944431235 99.1459565954189
0.290495 20.3575338307735 99.4576424244875
0.290995 20.3925732184235 99.454735693519
0.291495 20.4276126060735 99.7373578925697
0.291995 20.4626519937235 99.6524523725039
0.292495 20.4976913813735 100.052713108143
0.292995 20.5327307690235 100.241303204186
0.293495 20.5677701566735 100.111533987266
0.293995 20.6028095443235 100.539509371824
0.294495 20.6378489319735 100.762491110947
0.294995 20.6728883196235 100.876536445034
0.295495 20.7079277072735 100.889043104513
0.295995 20.7429670949235 101.151656340815
0.296495 20.7780064825735 101.548279220452
0.296995 20.8130458702235 101.513601710322
0.297495 20.8480852578735 101.900130943512
0.297995 20.8831246455235 102.019543067225
0.298495 20.9181640331735 102.024466267042
0.298995 20.9532034208235 102.410883133483
0.299495 20.9882428084735 102.332505738552
0.299995 21.0232821961235 102.687053697596
0.300495 21.0583215837735 102.987753868652
0.300995 21.0933609714235 103.04844503694
0.301495 21.1284003590735 103.334202224506
0.301995 21.1634397467235 103.728489963444
0.302495 21.1984791343735 103.949083482198
0.302995 21.2335185220235 104.178392760269
0.303495 21.2685579096735 104.222931151217
0.303995 21.3035972973235 104.209480573499
0.304495 21.3386366849735 104.822258894275
0.304995 21.3736760726235 104.89156319234
0.305495 21.4087154602735 105.084267551891
0.305995 21.4437548479235 105.170442483965
0.306495 21.4787942355735 105.613062808948
0.306995 21.5138336232235 105.886529676157
0.307495 21.5488730108735 106.270152468156
0.307995 21.5839123985235 106.37916351997
0.308495 21.6189517861735 106.784738095976
0.308995 21.6539911738235 106.495522575619
0.309495 21.6890305614735 107.124163195008
0.309995 21.7240699491235 106.857041537426
0.310495 21.7591093367735 107.625193238229
0.310995 21.7941487244235 107.664981377469
0.311495 21.8291881120735 108.097970276214
0.311995 21.8642274997235 108.222478673729
0.312495 21.8992668873735 108.589889729282
0.312995 21.9343062750235 108.817706190188
0.313495 21.9693456626735 109.415584781762
0.313995 22.0043850503235 109.224580601554
0.314495 22.0394244379735 109.888964470471
0.314995 22.0744638256235 109.617102526738
0.315495 22.1095032132735 110.468192391982
0.315995 22.1445426009235 110.665684440921
0.316495 22.1795819885735 110.851011137567
0.316995 22.2146213762235 111.282978095316
0.317495 22.2496607638735 111.565297535557
0.317995 22.2847001515235 111.21107630088
0.318495 22.3197395391735 112.136442598964
0.318995 22.3547789268235 112.502544252925
0.319495 22.3898183144735 113.12213710189
0.319995 22.4248577021235 112.894061507951
0.320495 22.4598970897735 113.792184464556
0.320995 22.4949364774235 113.614256791648
0.321495 22.5299758650735 114.559601964339
0.321995 22.5650152527235 114.247514512832
0.322495 22.6000546403735 114.945665708853
0.322995 22.6350940280235 115.368539779898
0.323495 22.6701334156735 115.561434587398
0.323995 22.7051728033235 116.06166190688
0.324495 22.7402121909735 116.236312414967
0.324995 22.7752515786235 116.677690644321
0.325495 22.8102909662735 116.995570513727
0.325995 22.8453303539235 117.093850141892
0.326495 22.8803697415735 117.883985226978
0.326995 22.9154091292235 118.091391634858
0.327495 22.9504485168735 118.5503853386
0.327995 22.9854879045235 118.845818946592
0.328495 23.0205272921735 118.804432830589
0.328995 23.0555666798235 119.763905397193
0.329495 23.0906060674735 119.938421730643
0.329995 23.1256454551235 120.427885377841
0.330495 23.1606848427735 120.85071985841
0.330995 23.1957242304235 120.755869997703
0.331495 23.2307636180735 121.557872706265
0.331995 23.2658030057235 121.825021376524
0.332495 23.3008423933735 122.404813236845
0.332995 23.3358817810235 122.512780932833
0.333495 23.3709211686735 123.228965022458
0.333995 23.4059605563235 123.599700284151
0.334495 23.4409999439735 124.097351167984
0.334995 23.4760393316235 124.225909902254
0.335495 23.5110787192735 124.72219297668
0.335995 23.5461181069235 125.226670409769
0.336495 23.5811574945735 125.929004355153
0.336995 23.6161968822235 126.061741167586
0.337495 23.6512362698735 126.607634813781
0.337995 23.6862756575235 126.848821795368
0.338495 23.7213150451735 127.8270573606
0.338995 23.7563544328235 127.496267240948
0.339495 23.7913938204735 128.244938744137
0.339995 23.8264332081235 128.586866524215
0.340495 23.8614725957735 129.146796339888
0.340995 23.8965119834235 129.730150034737
0.341495 23.9315513710735 129.933842444428
0.341995 23.9665907587235 130.785298799335
0.342495 24.0016301463735 130.658429784235
0.342995 24.0366695340235 131.736582255239
0.343495 24.0717089216735 131.648029464316
0.343995 24.1067483093235 132.488738472067
0.344495 24.1417876969735 132.861472932749
0.344995 24.1768270846235 133.531884771412
0.345495 24.2118664722735 133.528995335326
0.345995 24.2469058599235 134.601811329183
0.346495 24.2819452475735 134.599719805818
0.346995 24.3169846352235 135.507308699458
0.347495 24.3520240228735 135.663757591876
0.347995 24.3870634105235 136.473473558461
0.348495 24.4221027981735 136.044059626645
0.348995 24.4571421858235 137.597087914774
0.349495 24.4921815734735 137.203117668832
0.349995 24.5272209611235 138.434108464461
0.350495 24.5622603487735 138.557888667473
0.350995 24.5972997364235 138.762951196046
0.351495 24.6323391240735 139.574980781505
0.351995 24.6673785117235 140.391566573861
0.352495 24.7024178993735 140.170280496908
0.352995 24.7374572870235 141.345887148104
0.353495 24.7724966746735 141.426529279201
0.353995 24.8075360623235 142.299925492999
0.354495 24.8425754499735 142.366277169579
0.354995 24.8776148376235 143.148680759756
0.355495 24.9126542252735 143.479409977931
0.355995 24.9476936129235 144.152633034596
0.356495 24.9827330005735 144.831363056634
0.356995 25.0177723882235 144.784229335715
0.357495 25.0528117758735 145.593663372967
0.357995 25.0878511635235 146.083743207734
0.358495 25.1228905511735 146.943398248194
0.358995 25.1579299388235 147.222350421995
0.359495 25.1929693264735 147.833084334083
0.359995 25.2280087141235 148.224818967159
0.360495 25.2630481017735 148.824725512995
0.360995 25.2980874894235 149.600648581758
0.361495 25.3331268770735 150.176357602973
0.361995 25.3681662647235 150.231018594693
0.362495 25.4032056523735 151.563267906923
0.362995 25.4382450400235 151.677722616751
0.363495 25.4732844276735 152.493411489122
0.363995 25.5083238153235 152.375435239618
0.364495 25.5433632029735 153.250146510061
0.364995 25.5784025906235 153.911222880876
0.365495 25.6134419782735 155.100074230756
0.365995 25.6484813659235 155.323846508535
0.366495 25.6835207535735 155.970215328644
0.366995 25.7185601412235 156.299448316034
0.367495 25.7535995288735 156.818638769462
0.367995 25.7886389165235 157.564811018546
0.368495 25.8236783041735 158.451066127398
0.368995 25.8587176918235 159.060912054433
0.369495 25.8937570794735 159.522030824938
0.369995 25.9287964671235 160.198742784395
0.370495 25.9638358547735 160.53609493016
0.370995 25.9988752424235 161.070807787632
0.371495 26.0339146300735 161.71882607218
0.371995 26.0689540177235 162.459942280581
0.372495 26.1039934053735 163.426770305942
0.372995 26.1390327930235 163.950895970155
0.373495 26.1740721806735 164.977581486323
0.373995 26.2091115683235 165.199855857838
0.374495 26.2441509559735 165.774204636782
0.374995 26.2791903436235 166.232582085812
0.375495 26.3142297312735 167.206251782078
0.375995 26.3492691189235 167.539240556513
0.376495 26.3843085065735 168.575124387916
0.376995 26.4193478942235 168.799498837091
0.377495 26.4543872818735 170.033642153237
0.377995 26.4894266695235 170.496606523965
0.378495 26.5244660571735 171.541588213371
0.378995 26.5595054448235 172.191098375409
0.379495 26.5945448324735 173.006094818717
0.379995 26.6295842201235 173.498210111471
0.380495 26.6646236077735 174.330926460497
0.380995 26.6996629954235 174.766797529598
0.381495 26.7347023830735 175.911551109451
0.381995 26.7697417707235 176.75368001724
0.382495 26.8047811583735 177.272964956638
0.382995 26.8398205460235 177.946303772554
0.383495 26.8748599336735 178.521157602033
0.383995 26.9098993213235 179.117259206978
0.384495 26.9449387089735 179.397435346055
0.384995 26.9799780966235 180.326239397502
0.385495 27.0150174842735 180.550722253099
0.385995 27.0500568719235 177.634875094394
0.386495 27.0850962595735 168.207399823193
0.386995 27.1201356472235 152.33192906738
0.387495 27.1551750348735 135.997431437958
0.387995 27.1902144225235 123.194491795477
0.388495 27.2252538101735 113.139880382567
0.388995 27.2602931978235 105.783270461558
0.389495 27.2953325854735 99.5884628811357
0.389995 27.3303719731235 93.0798375234514
0.390495 27.3654113607735 87.0076858184467
0.390995 27.4004507484235 80.5006920974227
0.391495 27.4354901360735 74.2504013556346
0.391995 27.4705295237235 68.1759128095057
0.392495 27.5055689113735 62.0773467198389
0.392995 27.5406082990235 57.2560550589375
0.393495 27.5756476866735 53.8337097706457
0.393995 27.6106870743235 51.242280089646
0.394495 27.6457264619735 49.1923570312735
0.394995 27.6807658496235 47.4934999981183
0.395495 27.7158052372735 46.3182606784669
0.395995 27.7508446249235 45.480207920535
0.396495 27.7858840125735 44.7194162920515
0.396995 27.8209234002235 43.9528206699118
0.397495 27.8559627878735 42.9026140666908
0.397995 27.8910021755235 41.6187893628785
0.398495 27.9260415631735 40.2743819371669
0.398995 27.9610809508235 39.0114118361144
0.399495 27.9961203384735 37.7054859294244
0.399995 28.0311597261235 36.480862909946
0.400495 28.0661991137735 35.1085640196655
0.400995 28.1012385014235 33.808477722741
0.401495 28.1362778890735 32.6196968411079
0.401995 28.1713172767235 31.6744161267596
0.402495 28.2063566643735 30.768674507283
0.402995 28.2413960520235 29.9493636718407
0.403495 28.2764354396735 29.2476849655788
0.403995 28.3114748273235 28.5595538858764
0.404495 28.3465142149735 27.803557030745
0.404995 28.3815536026235 27.1003901067603
0.405495 28.4165929902735 26.3937779134941
0.405995 28.4516323779235 25.7261956980855
0.406495 28.4866717655735 24.8297334786022
0.406995 28.5217111532235 23.7635041863808
0.407495 28.5567505408735 22.5807445231229
0.407995 28.5917899285235 21.3245758580957
0.408495 28.6268293161735 19.9659414505072
0.408995 28.6618687038235 18.4815892934617
0.409495 28.6969080914735 16.8680263493377
0.409995 28.7319474791235 15.212152779237
0.410495 28.7669868667735 13.4367630337472
0.410995 28.8020262544235 11.5910486948463
0.411495 28.8370656420735 9.71076749389367
0.411995 28.8721050297235 7.75657940441677
0.412495 28.9071444173735 5.6017914498355
0.412995 28.9421838050235 3.33263807276897
0.413495 28.9772231926735 0.930501262599653
0.413995 29.0122625803235 -1.36459985670113
0.414495 29.0473019679735 -3.30918584966359
0.414995 29.0823413556235 -5.32921226482807
0.415495 29.1173807432735 -7.57541081097465
0.415995 29.1524201309235 -9.83365831218045
0.416495 29.1874595185735 -12.3441061080388
0.416995 29.2224989062235 -14.9801220700262
0.417495 29.2575382938735 -17.7900269340907
0.417995 29.2925776815235 -20.7032089068907
0.418495 29.3276170691735 -22.8091364540714
0.418995 29.3626564568235 -20.5739164269801
0.419495 29.3976958444735 -18.5554126551844
0.419995 29.4327352321235 -17.7615907881305
0.420495 29.4677746197735 -16.5230762796045
0.420995 29.5028140074235 -14.3820841174921
0.421495 29.5378533950735 -12.2018182341849
0.421995 29.5728927827235 -9.37338261071303
0.422495 29.6079321703735 -6.41872413560342
0.422995 29.6429715580235 -4.41334221713177
0.423495 29.6780109456735 -2.9348202549873
0.423995 29.7130503333235 -2.07643775693802
0.424495 29.7480897209735 -1.23905658409172
0.424995 29.7831291086235 -0.152083414364268
0.425495 29.8181684962735 0.959224905152072
0.425995 29.8532078839235 1.70283428928317
0.426495 29.8882472715735 2.23095714703846
0.426995 29.9232866592235 2.05169112972311
0.427495 29.9583260468735 1.67679771445633
0.427995 29.9933654345235 0.863729044550145
0.428495 30.0284048221735 -0.373322514199581
0.428995 30.0634442098235 -0.795520672021431
0.429495 30.0984835974735 -1.58892617735869
0.429995 30.1335229851235 -1.65153209478367
0.430495 30.1685623727735 -2.10001439132884
0.430995 30.2036017604235 -2.36901208727574
0.431495 30.2386411480735 -2.61936925981268
0.431995 30.2736805357235 -2.64341104360223
0.432495 30.3087199233735 -2.18529920165568
0.432995 30.3437593110235 -1.76697556350317
0.433495 30.3787986986735 -1.37004224828511
0.433995 30.4138380863235 -1.35528014285379
0.434495 30.4488774739735 -1.23568051547722
0.434995 30.4839168616235 -1.18870263233831
0.435495 30.5189562492735 -0.825714223802537
0.435995 30.5539956369235 -0.591005425043139
0.436495 30.5890350245735 -0.42105662609417
0.436995 30.6240744122235 -0.463600053419562
0.437495 30.6591137998735 -0.635752592962798
0.437995 30.6941531875235 -0.893823855680903
0.438495 30.7291925751735 -0.930616685783336
0.438995 30.7642319628235 -0.653702704929832
0.439495 30.7992713504735 -0.497775762955775
0.439995 30.8343107381235 -0.725450353281439
0.440495 30.8693501257735 -0.914072056992166
0.440995 30.9043895134235 -0.921056995338614
0.441495 30.9394289010735 -0.834240381255023
0.441995 30.9744682887235 -0.258903525487457
0.442495 31.0095076763735 -0.581650656394342
0.442995 31.0445470640235 -0.186781581599558
0.443495 31.0795864516735 -0.513445032950632
0.443995 31.1146258393235 -0.809315023350744
0.444495 31.1496652269735 -0.772650363257202
0.444995 31.1847046146235 -0.820921636846147
0.445495 31.2197440022735 -0.96100479990917
0.445995 31.2547833899235 -1.05639848136568
0.446495 31.2898227775735 -1.12490177718045
0.446995 31.3248621652235 -1.45550176080242
0.447495 31.3599015528735 -1.37490427727624
0.447995 31.3949409405235 -1.25879378384522
0.448495 31.4299803281735 -1.10762348837003
0.448995 31.4650197158235 -1.12523968918803
0.449495 31.5000591034735 -1.1176764541348
0.449995 31.5350984911235 -0.972401215677772
0.450495 31.5701378787735 -1.14522723996903
0.450995 31.6051772664235 -0.960629599500234
0.451495 31.6402166540735 -0.879519789828157
0.451995 31.6752560417235 -0.629158232925145
0.452495 31.7102954293735 -0.235266432418794
0.452995 31.7453348170235 -0.15508544663716
0.453495 31.7803742046735 -0.216533960237453
0.453995 31.8154135923235 -0.229916097135439
0.454495 31.8504529799735 -0.0313219254385079
0.454995 31.8854923676235 -0.0978161405413576
0.455495 31.9205317552735 -0.232366231760133
0.455995 31.9555711429235 -0.47912884517425
0.456495 31.9906105305735 -0.719991960901302
0.456995 32.0256499182235 -1.10714233851348
0.457495 32.0606893058735 -0.967054765487109
0.457995 32.0957286935235 -1.17642376626798
0.458495 32.1307680811735 -1.26752696113353
0.458995 32.1658074688235 -1.31511402396759
0.459495 32.2008468564735 -1.61272772786897
0.459995 32.2358862441235 -1.5753067644164
0.460495 32.2709256317735 -1.20973724385966
0.460995 32.3059650194235 -1.07329499254321
0.461495 32.3410044070735 -1.26959926708875
0.461995 32.3760437947235 -1.04395116518076
0.462495 32.4110831823735 -1.10412880623495
0.462995 32.4461225700235 -0.871318654486882
0.463495 32.4811619576735 -0.570781092852797
0.463995 32.5162013453235 -0.667721084454646
0.464495 32.5512407329735 -0.645890747174595
0.464995 32.5862801206235 -0.478616509141832
0.465495 32.6213195082735 -0.383467683703587
0.465995 32.6563588959235 -0.338265113282094
0.466495 32.6913982835735 -0.127039331706913
0.466995 32.7264376712235 -0.10261434026183
0.467495 32.7614770588735 0.0182181316647565
0.467995 32.7965164465235 0.165966747704184
0.468495 32.8315558341735 0.163290674327225
0.468995 32.8665952218235 0.331414360393454
0.469495 32.9016346094735 0.449284165557826
0.469995 32.9366739971235 0.4117701907388
0.470495 32.9717133847735 0.320090378005159
0.470995 33.0067527724235 0.266060035571663
0.471495 33.0417921600735 0.265572203094483
0.471995 33.0768315477235 -0.0460402276925239
0.472495 33.1118709353735 -0.00285217701154091
0.472995 33.1469103230235 -0.0111937655907421
0.473495 33.1819497106735 0.00867599915003822
0.473995 33.2169890983235 0.00775194694869224
0.474495 33.2520284859735 -0.0332053764092484
0.474995 33.2870678736235 0.0679784082451262
0.475495 33.3221072612735 0.298418816420512
0.475995 33.3571466489235 0.455705414478185
0.476495 33.3921860365735 0.524071611532732
0.476995 33.4272254242235 0.998412917123564
0.477495 33.4622648118735 1.19432017467318
0.477995 33.4973041995235 1.42494409483945
0.478495 33.5323435871735 1.5685306750413
0.478995 33.5673829748235 1.80705847973659
0.479495 33.6024223624735 1.64417127450064
0.479995 33.6374617501235 1.74601591651068
0.480495 33.6725011377735 1.64202174067465
0.480995 33.7075405254235 1.57780087516175
0.481495 33.7425799130735 1.58368862566428
0.481995 33.7776193007235 1.74696695702287
0.482495 33.8126586883735 1.79550262263252
0.482995 33.8476980760235 2.08926323455676
0.483495 33.8827374636735 1.86152325511895
0.483995 33.9177768513235 2.076140807698
0.484495 33.9528162389735 1.93085666054623
0.484995 33.9878556266235 1.98983394695611
0.485495 34.0228950142735 1.7471329781369
0.485995 34.0579344019235 1.81814662681224
0.486495 34.0929737895735 1.36394780478898
0.486995 34.1280131772235 1.16328952478486
0.487495 34.1630525648735 0.872905284029888
0.487995 34.1980919525235 0.595318184006528
0.488495 34.2331313401735 0.0384985634542143
0.488995 34.2681707278235 -0.415271984581631
0.489495 34.3032101154735 -0.799864317381265
0.489995 34.3382495031235 -1.08886638983668
0.490495 34.3732888907735 -1.47120673098154
0.490995 34.4083282784235 -1.60439267769777
0.491495 34.4433676660735 -1.59320361851357
0.491995 34.4784070537235 -1.57824774166062
0.492495 34.5134464413735 -1.3350079170057
0.492995 34.5484858290235 -1.24817457680619
0.493495 34.5835252166735 -0.950200314846321
0.493995 34.6185646043235 -0.87826636005375
0.494495 34.6536039919735 -0.68617531553341
0.494995 34.6886433796235 -0.471428990309186
0.495495 34.7236827672735 -0.525637636183718
0.495995 34.7587221549235 -0.434019808315629
0.496495 34.7937615425735 -0.228283644048036
0.496995 34.8288009302235 -0.268213583507717
0.497495 34.8638403178735 -0.334692192927642
0.497995 34.8988797055235 0.0271967006095817
0.498495 34.9339190931735 0.239525706462591
0.498995 34.9689584808235 0.421552524299097
0.499495 35.0039978684735 0.62764038998947
0.499995 35.0390372561235 1.02725453363214
