# Fix print output for fix Step
1.14910936121165e-16 1.4210854715202e-15 -0.146969231519013
0.000495000000000176 0.00612158713650217 0.883430407069477
0.000995000000000226 0.0123050084865028 0.930149569239871
0.00149500000000016 0.018488429836502 1.74643982421752
0.0019950000000001 0.0246718511865012 1.64367927731815
0.00249500000000015 0.0308552725365018 2.57936151245478
0.0029950000000002 0.0370386938865025 2.03828127952355
0.00349500000000014 0.0432221152365017 3.19695515019439
0.00399500000000019 0.0494055365865023 3.00311777040725
0.00449500000000012 0.0555889579365015 4.06465397213786
0.00499500000000017 0.0617723792865021 3.84572306790025
0.00549500000000011 0.0679558006365013 4.74458237251656
0.00599500000000016 0.074139221986502 4.36220993121562
0.00649500000000021 0.0803226433365026 5.44349612575813
0.00699500000000015 0.0865060646865018 5.42808124414941
0.00749500000000008 0.092689486036501 6.03064327540957
0.00799500000000013 0.0988729073865016 6.07316318936081
0.00849500000000018 0.105056328736502 6.9181296879021
0.00899500000000012 0.111239750086501 6.79460792674311
0.00949500000000017 0.117423171436502 7.42933396186575
0.00999500000000022 0.123606592786503 7.44811187641617
0.0104950000000002 0.129790014136502 8.20997933164403
0.0109950000000001 0.135973435486501 7.95359681528819
0.0114950000000001 0.142156856836502 8.87570151760198
0.0119950000000002 0.148340278186502 8.96881133300393
0.0124950000000001 0.154523699536502 9.75178723325532
0.0129950000000002 0.160707120886502 9.22607736651448
0.0134950000000001 0.166890542236501 10.4520914376124
0.0139950000000002 0.173073963586502 10.3882157949127
0.0144950000000001 0.179257384936501 10.8328513139813
0.0149950000000002 0.185440806286502 10.6743108306425
0.0154950000000002 0.191624227636503 11.9703558181632
0.0159950000000001 0.197807648986502 11.6386040764893
0.0164950000000002 0.203991070336502 12.2748809986697
0.0169950000000001 0.210174491686502 12.1379977962344
0.0174950000000002 0.216357913036502 13.244978715343
0.0179950000000001 0.222541334386501 13.0199821682513
0.0184950000000002 0.228724755736502 13.63040621094
0.0189950000000002 0.234908177086503 13.4658749721203
0.0194950000000002 0.241091598436502 14.4479391579541
0.0199950000000001 0.247275019786501 14.3596045310926
0.0204950000000001 0.253458441136502 15.0938767888879
0.0209950000000002 0.259641862486502 14.8204919423312
0.0214950000000001 0.265825283836502 15.6000304563856
0.0219950000000002 0.272008705186502 15.5468762508147
0.0224950000000002 0.278192126536503 16.4590794689545
0.0229950000000002 0.284375547886502 16.2406919054168
0.0234950000000001 0.290558969236501 16.8169123078082
0.0239950000000002 0.296742390586502 16.8981642517544
0.0244950000000002 0.302925811936502 17.6190953690452
0.0249950000000001 0.309109233286502 17.6517472299121
0.0254950000000002 0.315292654636502 18.1731647959597
0.0259950000000001 0.321476075986502 18.0223623336646
0.0264950000000002 0.327659497336502 18.6818312448662
0.0269950000000001 0.333842918686501 18.9511133950728
0.0274950000000002 0.340026340036502 19.6635204394985
0.0279950000000002 0.346209761386503 19.6598530891996
0.0284950000000001 0.352393182736502 20.1159599114735
0.0289950000000001 0.358576604086501 19.9644434675112
0.0294950000000001 0.364760025436502 20.5674379323051
0.0299950000000002 0.370943446786502 20.6965857270937
0.0304950000000001 0.377126868136502 21.2776030234781
0.0309950000000002 0.383310289486502 21.577422163241
0.0314950000000002 0.389493710836503 22.2446549102813
0.0319950000000002 0.395677132186502 22.187370694268
0.0324950000000001 0.401860553536501 22.5438408386712
0.0329950000000001 0.408043974886502 22.6663714972598
0.0334950000000002 0.414227396236502 22.8698359998306
0.0339950000000001 0.420410817586502 23.0241563967724
0.0344950000000002 0.426594238936502 23.5697176238649
0.0349950000000001 0.432777660286501 23.9319617523166
0.0354950000000002 0.438961081636502 24.4007447173788
0.0359950000000001 0.445144502986501 24.7095192880544
0.036495 0.451327924336501 24.8729780982262
0.0369950000000002 0.457511345686503 25.2559292554787
0.0374950000000001 0.463694767036502 25.3952141304924
0.0379950000000001 0.469878188386501 25.8300248097014
0.038495 0.4760616097365 26.0984913869219
0.0389950000000002 0.482245031086502 26.4609968677545
0.0394950000000001 0.488428452436501 26.5570236710166
0.0399950000000001 0.494611873786501 27.0023831919833
0.0404950000000002 0.500795295136503 26.7475211401607
0.0409950000000002 0.506978716486502 27.3760591443048
0.0414950000000001 0.513162137836501 27.4663320217419
0.041995 0.5193455591865 28.144257607443
0.0424950000000002 0.525528980536502 28.337340837242
0.0429950000000001 0.531712401886502 28.8908577952797
0.0434950000000001 0.537895823236501 28.8927448903797
0.0439950000000002 0.544079244586503 29.5709852483692
0.0444950000000002 0.550262665936502 29.4026723912302
0.0449950000000001 0.556446087286501 29.9384137358133
0.045495 0.562629508636501 29.8388425709667
0.0459950000000002 0.568812929986503 30.3445833435492
0.0464950000000001 0.574996351336502 30.2455297005067
0.0469950000000001 0.581179772686501 30.8309860857498
0.047495 0.5873631940365 30.8011776285918
0.0479950000000002 0.593546615386502 31.4784449815931
0.0484950000000001 0.599730036736501 31.3602381643196
0.0489950000000001 0.605913458086501 31.9101127052259
0.0494950000000002 0.612096879436503 32.0385113014764
0.0499950000000002 0.618280300786502 32.6186268512171
0.0504950000000001 0.624463722136501 32.8484286914357
0.050995 0.6306471434865 33.2530517771308
0.0514950000000002 0.636830564836502 33.5985732158438
0.0519950000000001 0.643013986186502 34.012966609125
0.0524950000000001 0.649197407536501 34.2235393986165
0.0529950000000002 0.655380828886503 34.5407189607739
0.0534950000000002 0.661564250236502 34.7009776257697
0.0539950000000001 0.667747671586501 35.1256147684709
0.054495 0.6739310929365 35.2799008558376
0.0549950000000002 0.680114514286502 35.5763980236871
0.0554950000000001 0.686297935636502 35.8326108642705
0.0559950000000001 0.692481356986501 36.0480854620949
0.056495 0.6986647783365 36.2581973244076
0.0569950000000002 0.704848199686502 36.5425546087116
0.0574950000000001 0.711031621036501 36.7812323803846
0.057995 0.717215042386501 37.0502373566529
0.0584950000000002 0.723398463736503 37.1917892572441
0.0589950000000002 0.729581885086502 37.6389518765709
0.0594950000000001 0.735765306436501 37.7733301824656
0.059995 0.7419487277865 38.1555128396041
0.0604950000000002 0.748132149136502 38.3129712282177
0.0609950000000001 0.754315570486501 38.6624569588374
0.0614950000000001 0.760498991836501 38.824736796886
0.0619950000000002 0.766682413186503 39.2280880431244
0.0624950000000002 0.772865834536502 39.2510462185925
0.0629950000000001 0.779049255886501 39.6330266752786
0.063495 0.7852326772365 39.7445036949239
0.0639950000000002 0.791416098586502 40.1479463011936
0.0644950000000001 0.797599519936502 40.2359212290701
0.0649950000000001 0.803782941286501 40.5986249303641
0.0654950000000002 0.809966362636503 40.8035779736802
0.0659950000000002 0.816149783986502 41.1828478282481
0.0664950000000001 0.822333205336501 41.3569572865398
0.066995 0.828516626686501 41.7657690919127
0.0674950000000002 0.834700048036503 42.0342434810968
0.0679950000000001 0.840883469386502 42.2816509746356
0.0684950000000001 0.847066890736501 42.3572907978681
0.068995 0.8532503120865 42.794439634726
0.0694950000000002 0.859433733436502 42.7216023650575
0.0699950000000001 0.865617154786501 42.9651904490732
0.0704950000000001 0.871800576136501 43.2637562666752
0.0709950000000002 0.877983997486503 43.40628950995
0.0714950000000002 0.884167418836502 43.8929817182557
0.0719950000000001 0.890350840186501 44.0220149273925
0.072495 0.8965342615365 44.4110884148838
0.0729950000000002 0.902717682886502 44.4146826824065
0.0734950000000001 0.908901104236502 44.8069903564339
0.0739950000000001 0.915084525586501 44.8358327198135
0.0744950000000002 0.921267946936503 45.4083827597851
0.0749950000000002 0.927451368286502 45.3757528715126
0.0754950000000001 0.933634789636501 45.9558151027506
0.075995 0.9398182109865 45.8810108038439
0.0764950000000002 0.946001632336502 46.3831844461796
0.0769950000000001 0.952185053686502 46.4705390501567
0.0774950000000001 0.958368475036501 46.9503824613181
0.077995 0.9645518963865 46.8103237064199
0.0784950000000002 0.970735317736502 47.3022549938621
0.0789950000000001 0.976918739086501 47.2540538877996
0.0794950000000001 0.983102160436501 47.6853284633583
0.0799950000000002 0.989285581786503 47.6945108240488
0.0804950000000001 0.995469003136502 48.0654734425563
0.0809950000000001 1.0016524244865 48.365291381678
0.081495 1.0078358458365 48.6148999858366
0.0819950000000002 1.0140192671865 48.8762210197865
0.0824950000000001 1.0202026885365 49.1985764132828
0.0829950000000001 1.0263861098865 49.4623444217083
0.0834950000000002 1.0325695312365 49.5401403061081
0.0839950000000002 1.0387529525865 49.7758870744984
0.0844950000000001 1.0449363739365 49.8825111060287
0.084995 1.0511197952865 50.1131798280347
0.0854950000000002 1.0573032166365 50.1235844316781
0.0859950000000001 1.0634866379865 50.7430702497761
0.0864950000000001 1.0696700593365 50.8543219497448
0.0869950000000002 1.0758534806865 51.3575789845512
0.0874950000000002 1.0820369020365 51.2478618383285
0.0879950000000001 1.0882203233865 51.5647559385728
0.088495 1.0944037447365 51.6470405009713
0.0889950000000002 1.1005871660865 51.9737108606095
0.0894950000000001 1.1067705874365 52.1077196088348
0.0899950000000001 1.1129540087865 52.5924196748492
0.0904950000000003 1.1191374301365 52.6953431014719
0.0909950000000002 1.1253208514865 52.9773231107625
0.0914950000000001 1.1315042728365 52.8559267423784
0.0919950000000001 1.1376876941865 53.2258549366889
0.0924950000000002 1.1438711155365 53.4394716901016
0.0929950000000002 1.1500545368865 53.863081481345
0.0934950000000001 1.1562379582365 54.0932604941056
0.093995 1.1624213795865 54.2354172124826
0.0944950000000002 1.1686048009365 54.2960721481277
0.0949950000000001 1.1747882222865 54.29694499085
0.0954950000000001 1.1809716436365 54.6861419268697
0.095995 1.1871550649865 55.1657854827343
0.0964950000000002 1.1933384863365 55.4838931356763
0.0969950000000001 1.1995219076865 55.4298912566202
0.097495 1.2057053290365 55.4850354856424
0.0979950000000002 1.2118887503865 55.6187806448105
0.0984950000000001 1.2180721717365 56.1772604820479
0.0989950000000001 1.2242555930865 56.3277393553053
0.099495 1.2304390144365 56.5921865647796
0.0999950000000002 1.2366224357865 56.6142460170341
0.100495 1.2428058571365 56.7928697484618
0.100995 1.2489892784865 57.0355314969195
0.101495 1.2551726998365 57.4482330580355
0.101995 1.2613561211865 57.4993684405755
0.102495 1.2675395425365 57.5129555647998
0.102995 1.2737229638865 57.7866117012416
0.103495 1.2799063852365 58.1378499236155
0.103995 1.2860898065865 58.3494780403952
0.104495 1.2922732279365 58.2737923435129
0.104995 1.2984566492865 58.3764711885667
0.105495 1.3046400706365 58.7743498777876
0.105995 1.3108234919865 59.1975539401565
0.106495 1.3170069133365 59.2884492908324
0.106995 1.3231903346865 59.2390325208775
0.107495 1.3293737560365 59.3326510083906
0.107995 1.3355571773865 59.9938531867142
0.108495 1.3417405987365 59.8446154211632
0.108995 1.3479240200865 60.0972446098457
0.109495 1.3541074414365 60.1690689051996
0.109995 1.3602908627865 60.627497626392
0.110495 1.3664742841365 60.6413865400487
0.110995 1.3726577054865 60.7715269186399
0.111495 1.3788411268365 61.043491928403
0.111995 1.3850245481865 61.4142909185781
0.112495 1.3912079695365 61.2929194621255
0.112995 1.3973913908865 61.5679458983948
0.113495 1.4035748122365 61.8431596705863
0.113995 1.4097582335865 62.0253880195168
0.114495 1.4159416549365 62.1711553739605
0.114995 1.4221250762865 62.3129917859168
0.115495 1.4283084976365 62.5999154749149
0.115995 1.4344919189865 62.6660829051809
0.116495 1.4406753403365 62.8583192893322
0.116995 1.4468587616865 62.8825120931925
0.117495 1.4530421830365 63.3700838860317
0.117995 1.4592256043865 63.4043429061699
0.118495 1.4654090257365 63.6414955030847
0.118995 1.4715924470865 63.6408895900327
0.119495 1.4777758684365 64.0014888567823
0.119995 1.4839592897865 64.0061231860669
0.120495 1.4901427111365 64.3653317334681
0.120995 1.4963261324865 64.3321601557148
0.121495 1.5025095538365 64.6324984627868
0.121995 1.5086929751865 64.8069739815339
0.122495 1.5148763965365 65.0187296034244
0.122995 1.5210598178865 65.0734935912885
0.123495 1.5272432392365 65.394731510763
0.123995 1.5334266605865 65.4378323224774
0.124495 1.5396100819365 65.6290928020126
0.124995 1.5457935032865 65.8814165562556
0.125495 1.5519769246365 65.976240438655
0.125995 1.5581603459865 66.2338069409363
0.126495 1.5643437673365 66.2301252376563
0.126995 1.5705271886865 66.3485143915961
0.127495 1.5767106100365 66.6590263585896
0.127995 1.5828940313865 66.880301956455
0.128495 1.5890774527365 66.7410703454487
0.128995 1.5952608740865 67.32442801934
0.129495 1.6014442954365 67.1913561010152
0.129995 1.6076277167865 67.3829783982377
0.130495 1.6138111381365 67.5763156534429
0.130995 1.6199945594865 67.8168031112054
0.131495 1.6261779808365 67.7554240854114
0.131995 1.6323614021865 68.218131787169
0.132495 1.6385448235365 68.1640984443991
0.132995 1.6447282448865 68.1983658961413
0.133495 1.6509116662365 68.6099686661305
0.133995 1.6570950875865 68.6334039211614
0.134495 1.6632785089365 68.884889301902
0.134995 1.6694619302865 69.0100217205122
0.135495 1.6756453516365 69.0587020805927
0.135995 1.6818287729865 69.3350480815282
0.136495 1.6880121943365 69.3491217631143
0.136995 1.6941956156865 69.5721543978619
0.137495 1.7003790370365 69.7243451618733
0.137995 1.7065624583865 69.6468001534549
0.138495 1.7127458797365 70.1243238603946
0.138995 1.7189293010865 69.9840650837241
0.139495 1.7251127224365 70.3464537866501
0.139995 1.7312961437865 70.4269667587335
0.140495 1.7374795651365 70.4448875316435
0.140995 1.7436629864865 70.7963747071178
0.141495 1.7498464078365 70.7701753180544
0.141995 1.7560298291865 70.9647881313113
0.142495 1.7622132505365 71.2016325639666
0.142995 1.7683966718865 71.0132687150009
0.143495 1.7745800932365 71.4259937870879
0.143995 1.7807635145865 71.4554643299025
0.144495 1.7869469359365 71.7785670943391
0.144995 1.7931303572865 71.8388656039539
0.145495 1.7993137786365 71.834211148759
0.145995 1.8054971999865 72.0873777796979
0.146495 1.8116806213365 72.0703281036771
0.146995 1.8178640426865 72.3775540442196
0.147495 1.8240474640365 72.430491193996
0.147995 1.8302308853865 72.6333829085829
0.148495 1.8364143067365 72.6781465825675
0.148995 1.8425977280865 72.8652883156119
0.149495 1.8487811494365 72.9251078759826
0.149995 1.8549645707865 73.1297820686517
0.150495 1.8611479921365 73.2611443905962
0.150995 1.8673314134865 73.3180296986555
0.151495 1.8735148348365 73.5709474097739
0.151995 1.8796982561865 73.5989721723722
0.152495 1.8858816775365 73.8229223182434
0.152995 1.8920650988865 73.8784809640219
0.153495 1.8982485202365 74.0590502934519
0.153995 1.9044319415865 74.2423502704204
0.154495 1.9106153629365 74.3452490919812
0.154995 1.9167987842865 74.4048503321004
0.155495 1.9229822056365 74.3822902886481
0.155995 1.9291656269865 74.6513475691321
0.156495 1.9353490483365 74.7829900127302
0.156995 1.9415324696865 74.9348220693837
0.157495 1.9477158910365 74.9252034800844
0.157995 1.9538993123865 75.2124946830706
0.158495 1.9600827337365 75.1659207099344
0.158995 1.9662661550865 75.4209052728094
0.159495 1.9724495764365 75.4298182220024
0.159995 1.9786329977865 75.7192464084244
0.160495 1.9848164191365 75.7028639398563
0.160995 1.9909998404865 75.7763162748676
0.161495 1.9971832618365 75.9225081275362
0.161995 2.0033666831865 76.1051840388805
0.162495 2.0095501045365 76.1441822281734
0.162995 2.0157335258865 76.2751550404159
0.163495 2.0219169472365 76.4275073969338
0.163995 2.0281003685865 76.5004437424732
0.164495 2.0342837899365 76.6394679346569
0.164995 2.0404672112865 76.8447990908092
0.165495 2.0466506326365 76.8358745589829
0.165995 2.0528340539865 76.9070667944987
0.166495 2.0590174753365 77.0248123486101
0.166995 2.0652008966865 77.1695315362987
0.167495 2.0713843180365 77.3224571425045
0.167995 2.0775677393865 77.4950609125617
0.168495 2.0837511607365 77.4783661131194
0.168995 2.0899345820865 77.7087815390464
0.169495 2.0961180034365 77.6868020100567
0.169995 2.1023014247865 77.8574415686562
0.170495 2.1084848461365 77.9628297594355
0.170995 2.1146682674865 77.9509686792813
0.171495 2.1208516888365 78.2011960764154
0.171995 2.1270351101865 78.1759755972574
0.172495 2.1332185315365 78.4399586721568
0.172995 2.1394019528865 78.4335591664361
0.173495 2.1455853742365 78.572426443103
0.173995 2.1517687955865 78.7373018124049
0.174495 2.1579522169365 78.729130431114
0.174995 2.1641356382865 78.8636138534632
0.175495 2.1703190596365 78.9207013109476
0.175995 2.1765024809865 79.0663142769964
0.176495 2.1826859023365 79.105150665737
0.176995 2.1888693236865 79.2031669386301
0.177495 2.1950527450365 79.2785400297474
0.177995 2.2012361663865 79.5542366181274
0.178495 2.2074195877365 79.5066458088529
0.178995 2.2136030090865 79.5987315224821
0.179495 2.2197864304365 79.7311929007217
0.179995 2.2259698517865 79.7669340061508
0.180495 2.2321532731365 79.919465358784
0.180995 2.2383366944865 80.0716875156945
0.181495 2.2445201158365 80.0697548468743
0.181995 2.2507035371865 80.1788166713453
0.182495 2.2568869585365 80.2909654297182
0.182995 2.2630703798865 80.3521154916072
0.183495 2.2692538012365 80.394464503895
0.183995 2.2754372225865 80.5091937899055
0.184495 2.2816206439365 80.6781068964329
0.184995 2.2878040652865 80.8117522887948
0.185495 2.2939874866365 80.8596939805094
0.185995 2.3001709079865 80.7712912173953
0.186495 2.3063543293365 81.0233346619968
0.186995 2.3125377506865 81.1141996954607
0.187495 2.3187211720365 81.2371906901255
0.187995 2.3249045933865 81.2037733911118
0.188495 2.3310880147365 81.3234645444478
0.188995 2.3372714360865 81.4344849318907
0.189495 2.3434548574365 81.5685948646683
0.189995 2.3496382787865 81.6299657197518
0.190495 2.3558217001365 81.7664574959986
0.190995 2.3620051214865 81.8860651478755
0.191495 2.3681885428365 81.7705707877851
0.191995 2.3743719641865 82.0412137229953
0.192495 2.3805553855365 82.0479100508075
0.192995 2.3867388068865 82.152724104514
0.193495 2.3929222282365 82.3757834434634
0.193995 2.3991056495865 82.3502978733488
0.194495 2.4052890709365 82.3956328220772
0.194995 2.4114724922865 82.4726506536021
0.195495 2.4176559136365 82.6112117688239
0.195995 2.4238393349865 82.7415938067337
0.196495 2.4300227563365 82.5740709356754
0.196995 2.4362061776865 82.8544729278737
0.197495 2.4423895990365 82.8201964671863
0.197995 2.4485730203865 82.999157835514
0.198495 2.4547564417365 83.0481527273724
0.198995 2.4609398630865 83.1110807464428
0.199495 2.4671232844365 83.2296819602393
0.199995 2.4733067057865 83.3244534977032
0.200495 2.4794901271365 83.3526264345175
0.200995 2.4856735484865 83.5567906317744
0.201495 2.4918569698365 83.5101193590492
0.201995 2.4980403911865 83.5421834602583
0.202495 2.5042238125365 83.753893592391
0.202995 2.5104072338865 83.7553677864596
0.203495 2.5165906552365 83.7331748143548
0.203995 2.5227740765865 83.9925992164351
0.204495 2.5289574979365 83.9479363224499
0.204995 2.5351409192865 84.065033687777
0.205495 2.5413243406365 84.1018132531455
0.205995 2.5475077619865 84.3574274243419
0.206495 2.5536911833365 84.3195678770634
0.206995 2.5598746046865 84.2898143588564
0.207495 2.5660580260365 84.4205283026072
0.207995 2.5722414473865 84.6178727355693
0.208495 2.5784248687365 84.5291614067677
0.208995 2.5846082900865 84.6248559094978
0.209495 2.5907917114365 84.6530635573706
0.209995 2.5969751327865 84.9603338961988
0.210495 2.6031585541365 85.0992236568213
0.210995 2.6093419754865 84.8313257472272
0.211495 2.6155253968365 84.9583257332724
0.211995 2.6217088181865 85.1352962896291
0.212495 2.6278922395365 85.1654864106247
0.212995 2.6340756608865 85.1955945940607
0.213495 2.6402590822365 85.2755416723047
0.213995 2.6464425035865 85.4358959131076
0.214495 2.6526259249365 85.4776573876126
0.214995 2.6588093462865 85.5244069051643
0.215495 2.6649927676365 85.6178799917621
0.215995 2.6711761889865 85.7761298828452
0.216495 2.6773596103365 85.6875202944528
0.216995 2.6835430316865 85.7064114777444
0.217495 2.6897264530365 85.8781558757306
0.217995 2.6959098743865 85.9363417132041
0.218495 2.7020932957365 86.1676834406298
0.218995 2.7082767170865 86.1852955371632
0.219495 2.7144601384365 86.4281595166221
0.219995 2.7206435597865 86.18580944762
0.220495 2.7268269811365 86.4310271312675
0.220995 2.7330104024865 86.5044515787872
0.221495 2.7391938238365 86.4732115778405
0.221995 2.7453772451865 86.6490512190958
0.222495 2.7515606665365 86.7873838134479
0.222995 2.7577440878865 86.7086634199309
0.223495 2.7639275092365 86.7367751359864
0.223995 2.7701109305865 86.8295671183821
0.224495 2.7762943519365 86.8174953367448
0.224995 2.7824777732865 86.8912476529238
0.225495 2.7886611946365 86.9345928172793
0.225995 2.7948446159865 87.1177025241676
0.226495 2.8010280373365 87.4466773179072
0.226995 2.8072114586865 87.3271573399505
0.227495 2.8133948800365 87.4779451148012
0.227995 2.8195783013865 87.3626375206793
0.228495 2.8257617227365 87.5733233343437
0.228995 2.8319451440865 87.6581868167413
0.229495 2.8381285654365 87.6107397104604
0.229995 2.8443119867865 87.7821584666482
0.230495 2.8504954081365 87.6868505437328
0.230995 2.8566788294865 87.9869069308503
0.231495 2.8628622508365 87.84941859344
0.231995 2.8690456721865 88.0676558205532
0.232495 2.8752290935365 88.1199635895591
0.232995 2.8814125148865 88.2697635659883
0.233495 2.8875959362365 88.2822632580349
0.233995 2.8937793575865 88.2818296441385
0.234495 2.8999627789365 88.3412726285597
0.234995 2.9061462002865 88.4162144050519
0.235495 2.9123296216365 88.4596121667155
0.235995 2.9185130429865 88.76253080399
0.236495 2.9246964643365 88.6773439529224
0.236995 2.9308798856865 88.9388952709164
0.237495 2.9370633070365 88.8440136044373
0.237995 2.9432467283865 88.9954356332595
0.238495 2.9494301497365 88.9853262031005
0.238995 2.9556135710865 89.2547910336838
0.239495 2.9617969924365 88.9027163782895
0.239995 2.9679804137865 88.9623917818142
0.240495 2.9741638351365 89.3205004589829
0.240995 2.9803472564865 89.1916233725956
0.241495 2.9865306778365 89.7286729560175
0.241995 2.9927140991865 89.6846554549448
0.242495 2.9988975205365 89.3589775377183
0.242995 3.0050809418865 89.5234420728552
0.243495 3.0112643632365 89.6937597047348
0.243995 3.0174477845865 89.8452498901078
0.244495 3.0236312059365 90.1678069101159
0.244995 3.0298146272865 89.9726078665291
0.245495 3.0359980486365 89.8984089325289
0.245995 3.0421814699865 90.075446755416
0.246495 3.0483648913365 90.029082088889
0.246995 3.0545483126865 90.2973101706713
0.247495 3.0607317340365 90.099205681068
0.247995 3.0669151553865 90.3803954370193
0.248495 3.0730985767365 90.2497032175783
0.248995 3.0792819980865 90.413393506828
0.249495 3.0854654194365 90.63657890643
0.249995 3.0916488407865 90.6632308976362
0.250495 3.0978322621365 90.7723108408039
0.250995 3.1040156834865 91.2088444709085
0.251495 3.1101991048365 90.9802740999005
0.251995 3.1163825261865 90.9228735379969
0.252495 3.1225659475365 90.9307447046267
0.252995 3.1287493688865 91.4070049643239
0.253495 3.1349327902365 90.8928231099824
0.253995 3.1411162115865 91.2065208261613
0.254495 3.1472996329365 91.431023047582
0.254995 3.1534830542865 91.5437467535798
0.255495 3.1596664756365 91.5126714792
0.255995 3.1658498969865 91.8106593908335
0.256495 3.1720333183365 91.6799903280219
0.256995 3.1782167396865 91.9850707985841
0.257495 3.1844001610365 91.4554223671592
0.257995 3.1905835823865 91.7061055542863
0.258495 3.1967670037365 92.1916796886961
0.258995 3.2029504250865 92.2714407314401
0.259495 3.2091338464365 92.2106900448155
0.259995 3.2153172677865 91.6883723092623
0.260495 3.2215006891365 92.9862553319172
0.260995 3.2276841104865 92.8016394400634
0.261495 3.2338675318365 92.6621509837001
0.261995 3.2400509531865 92.5092591489351
0.262495 3.2462343745365 92.7055140735206
0.262995 3.2524177958865 92.5734348735283
0.263495 3.2586012172365 93.0365115127681
0.263995 3.2647846385865 93.63164281301
0.264495 3.2709680599365 92.8079738472705
0.264995 3.2771514812865 93.5501457937384
0.265495 3.2833349026365 93.1917999335012
0.265995 3.2895183239865 93.6664513683421
0.266495 3.2957017453365 93.5347078957111
0.266995 3.3018851666865 93.2648260589103
0.267495 3.3080685880365 93.276606116574
0.267995 3.3142520093865 93.594826216567
0.268495 3.3204354307365 93.7920000946966
0.268995 3.3266188520865 93.7941625290866
0.269495 3.3328022734365 93.8663517623459
0.269995 3.3389856947865 93.9171355577054
0.270495 3.3451691161365 93.6159160160744
0.270995 3.3513525374865 94.1130642680498
0.271495 3.3575359588365 94.1660129731861
0.271995 3.3637193801865 94.6218288280928
0.272495 3.3699028015365 94.216479951446
0.272995 3.3760862228865 94.8663342045896
0.273495 3.3822696442365 94.6599432140053
0.273995 3.3884530655865 94.7613604623406
0.274495 3.3946364869365 94.9026068198428
0.274995 3.4008199082865 95.1698985214124
0.275495 3.4070033296365 95.3750191637425
0.275995 3.4131867509865 94.8528932041441
0.276495 3.4193701723365 95.3201130275764
0.276995 3.4255535936865 95.0963883600552
0.277495 3.4317370150365 95.5971296316874
0.277995 3.4379204363865 95.2030240374568
0.278495 3.4441038577365 95.8347361899485
0.278995 3.4502872790865 95.8719283635074
0.279495 3.4564707004365 96.1569230924505
0.279995 3.4626541217865 96.4651273253574
0.280495 3.4688375431365 96.1146739672584
0.280995 3.4750209644865 96.4942042018199
0.281495 3.4812043858365 96.4663089779941
0.281995 3.4873878071865 96.5607480633482
0.282495 3.4935712285365 96.8919501723075
0.282995 3.4997546498865 97.2324784204238
0.283495 3.5059380712365 97.0643958020497
0.283995 3.5121214925865 96.8193439024065
0.284495 3.5183049139365 97.0592567835413
0.284995 3.5244883352865 96.8324240206498
0.285495 3.5306717566365 97.3971916202555
0.285995 3.5368551779865 97.3456712681915
0.286495 3.5430385993365 97.7730535684892
0.286995 3.5492220206865 97.6599205402538
0.287495 3.5554054420365 97.651197395204
0.287995 3.5615888633865 98.3347013669184
0.288495 3.5677722847365 98.1322731887802
0.288995 3.5739557060865 98.6333371279913
0.289495 3.5801391274365 98.3931521281226
0.289995 3.5863225487865 98.7292507441104
0.290495 3.5925059701365 98.6222584189912
0.290995 3.5986893914865 99.0399479028923
0.291495 3.6048728128365 99.6802343706586
0.291995 3.6110562341865 100.183779512455
0.292495 3.6172396555365 99.6187579997838
0.292995 3.6234230768865 99.376988223336
0.293495 3.6296064982365 99.4388818741318
0.293995 3.6357899195865 99.4256447480961
0.294495 3.6419733409365 99.8955790753491
0.294995 3.6481567622865 100.273908070761
0.295495 3.6543401836365 100.577058272372
0.295995 3.6605236049865 100.338018642244
0.296495 3.6667070263365 100.565880109135
0.296995 3.6728904476865 100.981017405822
0.297495 3.6790738690365 101.432527687517
0.297995 3.6852572903865 101.076895828929
0.298495 3.6914407117365 101.528030750266
0.298995 3.6976241330865 101.862646682476
0.299495 3.7038075544365 101.389818571936
0.299995 3.7099909757865 102.011636551018
0.300495 3.7161743971365 102.437881940329
0.300995 3.7223578184865 102.805611993898
0.301495 3.7285412398365 102.384111117012
0.301995 3.7347246611865 102.272263296563
0.302495 3.7409080825365 103.097508686879
0.302995 3.7470915038865 102.445790190347
0.303495 3.7532749252365 102.651391183734
0.303995 3.7594583465865 102.776406831278
0.304495 3.76564176793651 103.892207549425
0.304995 3.7718251892865 104.228425752106
0.305495 3.7780086106365 103.403953952927
0.305995 3.7841920319865 104.423546323102
0.306495 3.7903754533365 103.786054931727
0.306995 3.7965588746865 104.423341040103
0.307495 3.8027422960365 104.541529304043
0.307995 3.8089257173865 104.75689512894
0.308495 3.8151091387365 105.00096264839
0.308995 3.8212925600865 105.333888907238
0.309495 3.8274759814365 105.655532599888
0.309995 3.8336594027865 105.796782896
0.310495 3.8398428241365 106.476803876246
0.310995 3.8460262454865 106.907025051044
0.311495 3.8522096668365 106.838279863955
0.311995 3.8583930881865 107.177874165829
0.312495 3.8645765095365 107.216197143863
0.312995 3.8707599308865 107.556230740691
0.313495 3.8769433522365 107.497825939247
0.313995 3.8831267735865 107.446027471304
0.314495 3.8893101949365 108.781338198849
0.314995 3.8954936162865 108.245461304577
0.315495 3.9016770376365 109.972788349001
0.315995 3.9078604589865 109.223410518578
0.316495 3.9140438803365 109.811409305578
0.316995 3.9202273016865 110.101534326488
0.317495 3.9264107230365 110.842283485437
0.317995 3.9325941443865 109.706208036846
0.318495 3.9387775657365 110.510474030511
0.318995 3.9449609870865 110.858592240831
0.319495 3.9511444084365 111.192551589353
0.319995 3.9573278297865 111.660184471422
0.320495 3.9635112511365 111.884825494898
0.320995 3.9696946724865 111.944900372977
0.321495 3.9758780938365 112.555638815106
0.321995 3.9820615151865 112.50463430304
0.322495 3.9882449365365 113.140774437552
0.322995 3.9944283578865 113.440313923179
0.323495 4.0006117792365 114.094346483092
0.323995 4.0067952005865 114.394100687153
0.324495 4.0129786219365 114.344300800974
0.324995 4.0191620432865 114.815197402104
0.325495 4.0253454646365 115.146085241703
0.325995 4.0315288859865 115.910234317058
0.326495 4.0377123073365 115.731390163232
0.326995 4.0438957286865 115.815547317136
0.327495 4.0500791500365 117.240266261886
0.327995 4.0562625713865 116.638820815994
0.328495 4.0624459927365 117.744498955084
0.328995 4.0686294140865 117.348548671552
0.329495 4.0748128354365 117.435810881525
0.329995 4.0809962567865 118.654639935413
0.330495 4.0871796781365 119.227226428079
0.330995 4.0933630994865 119.068326540545
0.331495 4.0995465208365 119.860319390682
0.331995 4.1057299421865 119.130023371842
0.332495 4.1119133635365 120.242670641048
0.332995 4.1180967848865 119.804813598305
0.333495 4.1242802062365 121.333984778293
0.333995 4.1304636275865 121.168722182804
0.334495 4.1366470489365 121.595369084897
0.334995 4.1428304702865 122.211926509983
0.335495 4.1490138916365 122.779198988158
0.335995 4.1551973129865 122.694290613944
0.336495 4.1613807343365 122.687638149394
0.336995 4.1675641556865 123.642492043503
0.337495 4.1737475770365 123.751128592331
0.337995 4.1799309983865 125.495386006956
0.338495 4.1861144197365 124.819819340369
0.338995 4.1922978410865 126.359178412767
0.339495 4.1984812624365 125.89308407506
0.339995 4.2046646837865 126.279479664756
0.340495 4.2108481051365 126.584827011393
0.340995 4.2170315264865 126.917922166166
0.341495 4.2232149478365 128.210168249734
0.341995 4.2293983691865 128.809061508084
0.342495 4.2355817905365 128.504964046186
0.342995 4.2417652118865 128.349772436071
0.343495 4.2479486332365 129.602935535787
0.343995 4.2541320545865 129.610463589418
0.344495 4.2603154759365 130.908094564731
0.344995 4.2664988972865 130.654396677713
0.345495 4.2726823186365 131.096778298396
0.345995 4.2788657399865 131.588745792466
0.346495 4.2850491613365 132.036178836514
0.346995 4.2912325826865 132.150540363888
0.347495 4.2974160040365 133.215900271689
0.347995 4.3035994253865 133.799200247562
0.348495 4.3097828467365 134.245979836804
0.348995 4.3159662680865 134.302828163037
0.349495 4.3221496894365 133.692135736425
0.349995 4.3283331107865 135.601120572027
0.350495 4.3345165321365 135.340609707058
0.350995 4.3406999534865 137.113056074854
0.351495 4.3468833748365 136.609786201522
0.351995 4.3530667961865 137.778392069506
0.352495 4.3592502175365 137.926442163114
0.352995 4.3654336388865 137.461612617753
0.353495 4.3716170602365 139.191756559467
0.353995 4.3778004815865 138.735570953114
0.354495 4.3839839029365 139.122582423037
0.354995 4.3901673242865 140.349046419407
0.355495 4.3963507456365 141.640049268747
0.355995 4.4025341669865 141.077727951598
0.356495 4.4087175883365 141.294668662151
0.356995 4.4149010096865 143.252108912293
0.357495 4.4210844310365 142.601675983762
0.357995 4.4272678523865 144.034111658281
0.358495 4.4334512737365 142.926083033476
0.358995 4.4396346950865 144.279490603656
0.359495 4.4458181164365 145.191562983495
0.359995 4.4520015377865 145.969288018002
0.360495 4.4581849591365 145.51398406564
0.360995 4.4643683804865 146.886292255583
0.361495 4.4705518018365 146.312149877015
0.361995 4.4767352231865 147.891481272291
0.362495 4.4829186445365 148.017268507665
0.362995 4.4891020658865 148.220572018744
0.363495 4.4952854872365 149.848123627903
0.363995 4.5014689085865 150.237395582081
0.364495 4.5076523299365 149.679563645881
0.364995 4.5138357512865 150.564397575008
0.365495 4.5200191726365 150.792713716391
0.365995 4.5262025939865 151.471453540306
0.366495 4.5323860153365 152.198179723701
0.366995 4.5385694366865 153.668096917287
0.367495 4.5447528580365 153.563875301913
0.367995 4.5509362793865 153.69599282177
0.368495 4.5571197007365 154.061844116864
0.368995 4.5633031220865 155.46083818474
0.369495 4.5694865434365 156.690222940193
0.369995 4.5756699647865 156.965994870023
0.370495 4.5818533861365 157.47213254839
0.370995 4.5880368074865 157.854228950318
0.371495 4.5942202288365 158.141543213323
0.371995 4.6004036501865 159.075664315057
0.372495 4.6065870715365 159.829295385433
0.372995 4.6127704928865 160.709284497068
0.373495 4.6189539142365 160.085064586889
0.373995 4.6251373355865 160.589756766851
0.374495 4.6313207569365 161.104526511206
0.374995 4.6375041782865 163.182106906454
0.375495 4.6436875996365 163.245917698335
0.375995 4.6498710209865 163.366922122482
0.376495 4.6560544423365 163.918368521324
0.376995 4.6622378636865 164.772231525592
0.377495 4.6684212850365 165.642190229437
0.377995 4.6746047063865 166.86266552006
0.378495 4.6807881277365 167.244598557677
0.378995 4.6869715490865 167.446704867753
0.379495 4.6931549704365 168.219306278967
0.379995 4.6993383917865 168.902541791142
0.380495 4.7055218131365 170.016542731406
0.380995 4.7117052344865 170.818970981505
0.381495 4.7178886558365 171.422481023819
0.381995 4.7240720771865 172.773726578941
0.382495 4.7302554985365 173.37305851779
0.382995 4.7364389198865 173.976178677208
0.383495 4.7426223412365 174.384101309916
0.383995 4.7488057625865 174.551438790589
0.384495 4.7549891839365 175.055121511291
0.384995 4.7611726052865 176.391705628614
0.385495 4.7673560266365 177.102170897303
0.385995 4.7735394479865 178.008659203544
0.386495 4.7797228693365 178.692905121915
0.386995 4.7859062906865 179.453157822047
0.387495 4.7920897120365 178.520249169047
0.387995 4.7982731333865 166.640973409238
0.388495 4.8044565547365 133.241278476155
0.388995 4.8106399760865 92.185592343998
0.389495 4.8168233974365 70.1894070753352
0.389995 4.8230068187865 57.7704082833112
0.390495 4.8291902401365 50.2297357462939
0.390995 4.8353736614865 43.0255406779813
0.391495 4.8415570828365 37.187932182876
0.391995 4.8477405041865 30.0655183861051
0.392495 4.8539239255365 21.1929470296294
0.392995 4.8601073468865 11.3567952666406
0.393495 4.8662907682365 3.27624330527662
0.393995 4.8724741895865 -1.82650892633986
0.394495 4.8786576109365 -6.14096098609746
0.394995 4.8848410322865 -8.25776395480432
0.395495 4.8910244536365 -7.21341132367022
0.395995 4.8972078749865 -2.96787182621563
0.396495 4.9033912963365 0.754809309905
0.396995 4.9095747176865 2.63705527113595
0.397495 4.9157581390365 3.38242541797914
0.397995 4.9219415603865 4.51264090807983
0.398495 4.9281249817365 4.14933790975603
0.398995 4.9343084030865 2.03646711332211
0.399495 4.9404918244365 -2.32621772504314
0.399995 4.9466752457865 -3.71859863827247
0.400495 4.9528586671365 -3.6610750771176
0.400995 4.9590420884865 -4.50785135824963
0.401495 4.9652255098365 -3.0491487521014
0.401995 4.9714089311865 -0.0507880284362491
0.402495 4.9775923525365 2.55141090214521
0.402995 4.9837757738865 3.12263080930157
0.403495 4.9899591952365 3.42654047817838
0.403995 4.9961426165865 2.99651854301107
0.404495 5.0023260379365 2.31501831103452
0.404995 5.0085094592865 0.38670231377544
0.405495 5.0146928806365 -1.50544280547589
0.405995 5.0208763019865 -3.36184355601997
0.406495 5.0270597233365 -3.39654263044424
0.406995 5.0332431446865 -3.09158666570527
0.407495 5.0394265660365 -1.60061849416658
0.407995 5.0456099873865 -0.330357410569905
0.408495 5.0517934087365 1.20131808785962
0.408995 5.0579768300865 2.44199156670394
0.409495 5.0641602514365 3.21874633332343
0.409995 5.0703436727865 2.78598640399179
0.410495 5.0765270941365 1.86110446244712
0.410995 5.0827105154865 0.240664934786016
0.411495 5.0888939368365 -0.911429150068525
0.411995 5.0950773581865 -2.69012015367291
0.412495 5.1012607795365 -2.82614859255356
0.412995 5.1074442008865 -2.78707336076218
0.413495 5.1136276222365 -1.1148430198582
0.413995 5.1198110435865 -0.234413152637349
0.414495 5.1259944649365 1.52288767464066
0.414995 5.1321778862865 2.0997049363545
0.415495 5.1383613076365 2.05682401921823
0.415995 5.1445447289865 1.65781481212421
0.416495 5.1507281503365 1.07996441317859
0.416995 5.1569115716865 -0.418331808763193
0.417495 5.1630949930365 -1.53245014081044
0.417995 5.1692784143865 -1.94729453042723
0.418495 5.1754618357365 -1.68521979647135
0.418995 5.1816452570865 -0.999187809199874
0.419495 5.1878286784365 -0.0537873337760641
0.419995 5.1940120997865 0.958900570962563
0.420495 5.2001955211365 1.42647421031167
0.420995 5.2063789424865 1.98333782134142
0.421495 5.2125623638365 1.43961240769473
0.421995 5.2187457851865 0.838918847936351
0.422495 5.2249292065365 -0.483991651448436
0.422995 5.2311126278865 -1.33229467899111
0.423495 5.2372960492365 -2.06649761607914
0.423995 5.2434794705865 -1.99274862284997
0.424495 5.2496628919365 -1.48021894557465
0.424995 5.2558463132865 -0.170650735122202
0.425495 5.2620297346365 0.839456416981697
0.425995 5.2682131559865 2.14293343499787
0.426495 5.27439657733651 1.66265761773209
0.426995 5.2805799986865 2.14197011102926
0.427495 5.2867634200365 1.29427368890655
0.427995 5.2929468413865 0.30008589144534
0.428495 5.2991302627365 -0.972481394964468
0.428995 5.3053136840865 -1.65243123171267
0.429495 5.3114971054365 -2.06857301601551
0.429995 5.3176805267865 -1.31283045482027
0.430495 5.3238639481365 -0.707380692675197
0.430995 5.3300473694865 0.360264932895615
0.431495 5.3362307908365 1.27546086400499
0.431995 5.3424142121865 2.00483480557017
0.432495 5.3485976335365 1.15064585862323
0.432995 5.3547810548865 1.16003919635267
0.433495 5.36096447623651 0.430485842369958
0.433995 5.3671478975865 -0.246584318732931
0.434495 5.3733313189365 -1.30687272406622
0.434995 5.3795147402865 -1.65607067891489
0.435495 5.3856981616365 -1.339122779909
0.435995 5.3918815829865 -0.816950659947455
0.436495 5.3980650043365 -0.346753159468513
0.436995 5.4042484256865 0.784338581180408
0.437495 5.4104318470365 1.54266654051086
0.437995 5.4166152683865 1.90148281591073
0.438495 5.4227986897365 1.51087554351433
0.438995 5.4289821110865 0.631800513714225
0.439495 5.4351655324365 0.123755821475089
0.439995 5.4413489537865 -0.718985909345947
0.440495 5.4475323751365 -1.58289381902344
0.440995 5.4537157964865 -1.72388021082255
0.441495 5.4598992178365 -1.43149045470603
0.441995 5.4660826391865 -1.05484708087183
0.442495 5.4722660605365 -0.0213901948520317
0.442995 5.4784494818865 0.777969857158866
0.443495 5.4846329032365 1.52019059437404
0.443995 5.4908163245865 1.63853745005978
0.444495 5.4969997459365 1.28875402824561
0.444995 5.5031831672865 0.78456751774994
0.445495 5.5093665886365 0.124607696834653
0.445995 5.5155500099865 -1.15275941330243
0.446495 5.5217334313365 -1.41526167418083
0.446995 5.5279168526865 -1.59646135843175
0.447495 5.5341002740365 -1.52001473737321
0.447995 5.5402836953865 -0.921431573153909
0.448495 5.5464671167365 0.014764941120177
0.448995 5.5526505380865 1.00416370176019
0.449495 5.5588339594365 1.30760818858295
0.449995 5.5650173807865 1.36822829525618
0.450495 5.5712008021365 0.940728206606416
0.450995 5.5773842234865 0.512527362262939
0.451495 5.5835676448365 -0.283857090989106
0.451995 5.5897510661865 -0.862221590735769
0.452495 5.5959344875365 -1.36416530420642
0.452995 5.6021179088865 -1.41448904431917
0.453495 5.6083013302365 -1.09224345641387
0.453995 5.6144847515865 -0.73496674042757
0.454495 5.6206681729365 0.33308934236552
0.454995 5.6268515942865 0.845058404982772
0.455495 5.6330350156365 1.58779162268812
0.455995 5.6392184369865 1.04095910831803
0.456495 5.6454018583365 0.98819991739453
0.456995 5.6515852796865 0.54715505619466
0.457495 5.6577687010365 -0.274592286827627
0.457995 5.6639521223865 -0.762354451873799
0.458495 5.6701355437365 -0.955700278657074
0.458995 5.6763189650865 -0.762194762082332
0.459495 5.6825023864365 -0.493118050394487
0.459995 5.6886858077865 -0.127787405033767
0.460495 5.6948692291365 0.263334425616083
0.460995 5.7010526504865 0.52608437062502
0.461495 5.7072360718365 1.03854747824819
0.461995 5.7134194931865 0.613465963714354
0.462495 5.7196029145365 0.0900473534765153
0.462995 5.7257863358865 -0.243589699715982
0.463495 5.7319697572365 -0.298347813420872
0.463995 5.7381531785865 -0.710219342283496
0.464495 5.7443365999365 -1.06873934422681
0.464995 5.7505200212865 -0.591523321243439
0.465495 5.7567034426365 0.290203328020237
0.465995 5.7628868639865 0.623652842844533
0.466495 5.7690702853365 0.843729658465345
0.466995 5.7752537066865 0.837317136850886
0.467495 5.7814371280365 0.88686319066923
0.467995 5.7876205493865 0.770010440938833
0.468495 5.7938039707365 -0.12905840034972
0.468995 5.7999873920865 -0.598847093956845
0.469495 5.8061708134365 -0.744838177791515
0.469995 5.8123542347865 -0.833806186199869
0.470495 5.8185376561365 -0.819503169410679
0.470995 5.8247210774865 -0.407136600877728
0.471495 5.8309044988365 0.230276522161415
0.471995 5.8370879201865 0.565297888971883
0.472495 5.8432713415365 0.788786915223589
0.472995 5.8494547628865 0.874511477528221
0.473495 5.8556381842365 0.795759861458825
0.473995 5.8618216055865 -0.0478214321232458
0.474495 5.8680050269365 -0.0972205688513321
0.474995 5.8741884482865 -1.06814396759752
0.475495 5.8803718696365 -0.894055768074734
0.475995 5.8865552909865 -0.989950337946104
0.476495 5.8927387123365 -0.421637097569669
0.476995 5.8989221336865 -0.236811505225117
0.477495 5.9051055550365 0.817806161138037
0.477995 5.9112889763865 0.799731042261947
0.478495 5.9174723977365 1.38902748060226
0.478995 5.9236558190865 0.768478750327336
0.479495 5.9298392404365 0.962430442878917
0.479995 5.9360226617865 0.171516786002323
0.480495 5.9422060831365 -0.282934207552997
0.480995 5.9483895044865 -0.892636552375475
0.481495 5.9545729258365 -0.761792621307232
0.481995 5.9607563471865 -0.903482166288534
0.482495 5.9669397685365 -0.470008101321547
0.482995 5.9731231898865 -0.568203243021449
0.483495 5.9793066112365 0.570861271876291
0.483995 5.9854900325865 0.64027975431823
0.484495 5.9916734539365 0.859930149941082
0.484995 5.9978568752865 0.658528507120169
0.485495 6.0040402966365 0.420080602045648
0.485995 6.0102237179865 0.390653346951021
0.486495 6.0164071393365 -0.544278286915442
0.486995 6.0225905606865 -0.633894536132276
0.487495 6.0287739820365 -0.88812403063577
0.487995 6.0349574033865 -0.534159985440041
0.488495 6.0411408247365 -0.403469864562502
0.488995 6.0473242460865 -0.0342419951201485
0.489495 6.0535076674365 0.0452368969315167
0.489995 6.0596910887865 0.953534430863109
0.490495 6.0658745101365 0.438404233066635
0.490995 6.0720579314865 0.570972926893272
0.491495 6.0782413528365 0.13537403429293
0.491995 6.0844247741865 -0.24304255452787
0.492495 6.0906081955365 -0.530630785168224
0.492995 6.0967916168865 -0.806407389739428
0.493495 6.1029750382365 -0.748251455365959
0.493995 6.1091584595865 -0.641622835618908
0.494495 6.1153418809365 -0.0204958563757226
0.494995 6.1215253022865 0.433953901801568
0.495495 6.1277087236365 0.462519378421313
0.495995 6.1338921449865 0.965541104736598
0.496495 6.1400755663365 0.684915732288573
0.496995 6.1462589876865 0.404893627893273
0.497495 6.1524424090365 0.0870937612614785
0.497995 6.15862583038651 -0.449165653694146
0.498495 6.1648092517365 -0.573820575174867
0.498995 6.1709926730865 -0.336286592242604
0.499495 6.1771760944365 -0.4053550678405
0.499995 6.1833595157865 -0.106388606093423
