# Fix print output for fix Step
0 0 0.598500953854924
0.000494999999999903 0.00720186731549859 0.881173555518603
0.000995000000000056 0.0144764807655008 1.10536500901837
0.00149500000000001 0.0217510942155002 1.54950494134195
0.00199499999999997 0.0290257076654996 1.7258055239713
0.00249499999999993 0.0363003211154989 1.85230290566192
0.00299499999999988 0.0435749345654983 2.43830362067222
0.00349499999999984 0.0508495480154977 2.28085914826212
0.003995 0.0581241614654999 2.90776958671174
0.00449499999999995 0.0653987749154993 3.17929082553686
0.00499499999999991 0.0726733883654987 2.9819612940402
0.00549500000000006 0.0799480018155009 3.77808189846299
0.00599500000000002 0.0872226152655003 3.84726501477799
0.00649499999999998 0.0944972287154997 4.00424483632178
0.00699499999999993 0.101771842165499 4.46894672853344
0.00749499999999989 0.109046455615498 4.56949325508789
0.00799499999999985 0.116321069065498 4.8260977213521
0.00849499999999981 0.123595682515497 5.32294812835614
0.00899499999999996 0.130870295965499 5.30886441113399
0.00949499999999992 0.138144909415499 5.59293863397897
0.00999500000000007 0.145419522865501 6.06662332485169
0.010495 0.1526941363155 5.90744123128246
0.010995 0.1599687497655 6.42947990584766
0.0114949999999999 0.167243363215499 6.89671490523116
0.0119949999999999 0.174517976665499 6.68853269201599
0.0124949999999999 0.181792590115498 7.1538335167246
0.0129949999999998 0.189067203565497 7.57912555185059
0.013495 0.196341817015499 7.37666330751559
0.0139949999999999 0.203616430465499 8.09778019918732
0.0144950000000001 0.210891043915501 8.16740328808279
0.014995 0.2181656573655 8.11986996044707
0.015495 0.2254402708155 8.77624058435556
0.0159949999999999 0.232714884265499 8.72925180547923
0.0164949999999999 0.239989497715499 8.85794733062531
0.0169949999999999 0.247264111165498 9.3797439341864
0.0174949999999998 0.254538724615497 9.51519720569245
0.017995 0.2618133380655 9.78592370591954
0.0184949999999999 0.269087951515499 10.1448670566575
0.0189950000000001 0.276362564965501 10.0085460107942
0.019495 0.283637178415501 10.447940846165
0.019995 0.2909117918655 10.8447523597848
0.020495 0.298186405315499 10.7341022435351
0.0209949999999999 0.305461018765499 11.2058299659251
0.0214949999999999 0.312735632215498 11.503357736328
0.0219949999999998 0.320010245665497 11.465979391699
0.022495 0.3272848591155 11.9825354348124
0.0229949999999999 0.334559472565499 12.188279833983
0.0234949999999999 0.341834086015498 12.2231780660391
0.023995 0.349108699465501 12.6261338727831
0.024495 0.3563833129155 12.7822484592586
0.024995 0.363657926365499 12.9292663956043
0.0254949999999999 0.370932539815499 13.4342888341892
0.0259949999999999 0.378207153265498 13.5011365548437
0.0264949999999998 0.385481766715498 13.5777818274393
0.026995 0.3927563801655 13.9182124087946
0.0274949999999999 0.400030993615499 14.0419414675093
0.0279949999999999 0.407305607065499 14.2268817699169
0.0284950000000001 0.414580220515501 14.7921121295928
0.028995 0.4218548339655 14.8186868210661
0.029495 0.4291294474155 14.9658773865871
0.0299949999999999 0.436404060865499 15.4233733613809
0.0304949999999999 0.443678674315498 15.3976115276478
0.0309949999999998 0.450953287765498 15.6285841498374
0.031495 0.4582279012155 16.0030892173186
0.0319949999999999 0.465502514665499 15.9794075751252
0.0324949999999999 0.472777128115499 16.287343968555
0.0329950000000001 0.480051741565501 16.6843459525016
0.033495 0.4873263550155 16.7256910535819
0.033995 0.4946009684655 17.0804231517512
0.0344949999999999 0.501875581915499 17.4086237968929
0.0349949999999999 0.509150195365498 17.3048508316789
0.0354949999999998 0.516424808815498 17.6219908552584
0.0359949999999998 0.523699422265497 17.7916470287099
0.036495 0.530974035715499 17.8011872995685
0.0369949999999999 0.538248649165499 18.260139354842
0.0374950000000001 0.545523262615501 18.4652829906282
0.037995 0.5527978760655 18.5944357666639
0.038495 0.5600724895155 19.054058687342
0.0389949999999999 0.567347102965499 19.2260405820474
0.0394949999999999 0.574621716415498 19.3070304699501
0.0399949999999999 0.581896329865498 19.6475701207455
0.0404949999999998 0.589170943315497 19.7020977073867
0.040995 0.596445556765499 19.8091737240049
0.0414949999999999 0.603720170215499 20.1225280021063
0.0419950000000001 0.610994783665501 20.2158373889795
0.042495 0.6182693971155 20.4614274820536
0.042995 0.6255440105655 20.7839524883313
0.0434949999999999 0.632818624015499 20.9169678366605
0.0439949999999999 0.640093237465499 21.1304539629727
0.0444949999999999 0.647367850915498 21.4427082733235
0.0449949999999998 0.654642464365497 21.5187013795642
0.045495 0.661917077815499 21.7702440461344
0.0459949999999999 0.669191691265499 22.0783183228002
0.0464950000000001 0.676466304715501 22.1215832946176
0.046995 0.683740918165501 22.4396883374297
0.047495 0.6910155316155 22.6776238818524
0.0479949999999999 0.698290145065499 22.7330272072068
0.0484949999999999 0.705564758515499 23.0440655627839
0.0489949999999999 0.712839371965498 23.1794725089966
0.0494949999999998 0.720113985415497 23.2441627226129
0.049995 0.7273885988655 23.6003562244472
0.0504949999999999 0.734663212315499 23.8109228878559
0.0509949999999999 0.741937825765498 23.8937178923705
0.051495 0.749212439215501 24.2552031959478
0.051995 0.7564870526655 24.4132315257967
0.052495 0.763761666115499 24.5371933216127
0.0529949999999999 0.771036279565499 24.804413827103
0.0534949999999999 0.778310893015498 24.9691279172149
0.0539949999999998 0.785585506465498 25.1730077498952
0.054495 0.7928601199155 25.4234271548728
0.0549949999999999 0.800134733365499 25.5497212697513
0.0554949999999999 0.807409346815498 25.7165282142797
0.0559950000000001 0.814683960265501 25.945301641604
0.056495 0.8219585737155 26.1204481474524
0.056995 0.829233187165499 26.3390693380944
0.0574949999999999 0.836507800615499 26.5570622463802
0.0579949999999999 0.843782414065498 26.7348971666818
0.0584949999999998 0.851057027515498 26.9340590759484
0.0589949999999998 0.858331640965497 27.1284279827919
0.0594949999999999 0.865606254415499 27.3088752763994
0.0599949999999999 0.872880867865499 27.4459956306286
0.0604950000000001 0.880155481315501 27.7968509884409
0.060995 0.8874300947655 27.9030364331012
0.061495 0.8947047082155 28.0266572980851
0.0619949999999999 0.901979321665499 28.2206388966495
0.0624949999999999 0.909253935115498 28.3959344664619
0.0629949999999998 0.916528548565498 28.5812855312418
0.0634949999999998 0.923803162015497 28.835485048949
0.063995 0.931077775465499 28.9134141047074
0.0644949999999999 0.938352388915499 29.0892739789709
0.0649950000000001 0.945627002365501 29.3166732924419
0.065495 0.9529016158155 29.4339118314723
0.065995 0.9601762292655 29.5752445138466
0.0664949999999999 0.967450842715499 29.859909231823
0.0669949999999999 0.974725456165498 29.9417310042341
0.0674949999999998 0.982000069615498 30.173782999235
0.0679949999999998 0.989274683065497 30.3910339254583
0.068495 0.996549296515499 30.4070623617007
0.0689949999999999 1.0038239099655 30.6831230717958
0.0694950000000001 1.0110985234155 30.9329154836554
0.069995 1.0183731368655 31.0300770144786
0.070495 1.0256477503155 31.2737110481379
0.0709949999999999 1.0329223637655 31.4792074269446
0.0714949999999999 1.0401969772155 31.6256926108935
0.0719949999999999 1.0474715906655 31.8752606434683
0.0724949999999998 1.0547462041155 31.9805582681878
0.072995 1.0620208175655 32.0559011299758
0.0734949999999999 1.0692954310155 32.3775313712998
0.0739950000000001 1.0765700444655 32.4698310835683
0.074495 1.0838446579155 32.6695630798754
0.074995 1.0911192713655 32.9326115362307
0.075495 1.0983938848155 33.0474401640806
0.0759949999999999 1.1056684982655 33.1778037951189
0.0764949999999999 1.1129431117155 33.4810743249535
0.0769949999999998 1.1202177251655 33.4920256036721
0.077495 1.1274923386155 33.6881745678162
0.0779949999999999 1.1347669520655 33.9444281082462
0.0784949999999999 1.1420415655155 33.9149558681642
0.078995 1.1493161789655 34.1798309943231
0.079495 1.1565907924155 34.464042074887
0.079995 1.1638654058655 34.4753758918381
0.0804949999999999 1.1711400193155 34.7469646979028
0.0809949999999999 1.1784146327655 34.9785741585292
0.0814949999999998 1.1856892462155 34.9694523417525
0.081995 1.1929638596655 35.2341669584615
0.0824949999999999 1.2002384731155 35.354953772682
0.0829949999999999 1.2075130865655 35.4131217377369
0.083495 1.2147877000155 35.6691919308608
0.083995 1.2220623134655 35.8362471763749
0.084495 1.2293369269155 35.9799691923949
0.0849949999999999 1.2366115403655 36.3682601625835
0.0854949999999999 1.2438861538155 36.3844760946428
0.0859949999999998 1.2511607672655 36.5418166614602
0.0864949999999998 1.2584353807155 36.7212509911004
0.0869949999999999 1.2657099941655 36.7518924531035
0.0874949999999999 1.2729846076155 36.909405921199
0.087995 1.2802592210655 37.1596101134138
0.088495 1.2875338345155 37.184554685652
0.088995 1.2948084479655 37.4349704746883
0.0894949999999999 1.3020830614155 37.7243814240781
0.0899949999999999 1.3093576748655 37.7907322117623
0.0904949999999998 1.3166322883155 37.9300274342854
0.090995 1.3239069017655 38.0785514916379
0.091495 1.3311815152155 38.1216908566968
0.0919949999999999 1.3384561286655 38.3651355680637
0.0924950000000001 1.3457307421155 38.5832984259671
0.092995 1.3530053555655 38.6908855352803
0.093495 1.3602799690155 38.9063793913036
0.0939949999999999 1.3675545824655 39.0034795352583
0.0944949999999999 1.3748291959155 39.0586656684585
0.0949949999999998 1.3821038093655 39.2722087775768
0.0954949999999998 1.3893784228155 39.4584534884929
0.095995 1.3966530362655 39.5585195112572
0.0964949999999999 1.4039276497155 39.7742945751475
0.0969950000000001 1.4112022631655 39.8669453507788
0.097495 1.4184768766155 39.9216455065783
0.097995 1.4257514900655 40.1956778798442
0.0984949999999999 1.4330261035155 40.3203666750827
0.0989949999999999 1.4403007169655 40.5053944099207
0.0994949999999998 1.4475753304155 40.6733616853656
0.0999949999999998 1.4548499438655 40.7983746040757
0.100495 1.4621245573155 40.8660328503134
0.100995 1.4693991707655 41.0590762436484
0.101495 1.4766737842155 41.1679057594566
0.101995 1.4839483976655 41.3182502349613
0.102495 1.4912230111155 41.5084704975593
0.102995 1.4984976245655 41.5977057322836
0.103495 1.5057722380155 41.729273605534
0.103995 1.5130468514655 41.9141899867831
0.104495 1.5203214649155 41.9754006563148
0.104995 1.5275960783655 42.1899419365289
0.105495 1.5348706918155 42.3921562325121
0.105995 1.5421453052655 42.4574688207741
0.106495 1.5494199187155 42.5999963710626
0.106995 1.5566945321655 42.7380014699124
0.107495 1.5639691456155 42.8896667405375
0.107995 1.5712437590655 43.0322774157388
0.108495 1.5785183725155 43.1024145300994
0.108995 1.5857929859655 43.2663439700196
0.109495 1.5930675994155 43.4604424254508
0.109995 1.6003422128655 43.5634927141931
0.110495 1.6076168263155 43.6003463224526
0.110995 1.6148914397655 43.7309171096012
0.111495 1.6221660532155 43.9616540033253
0.111995 1.6294406666655 44.1408493324979
0.112495 1.6367152801155 44.202853508234
0.112995 1.6439898935655 44.2302819392963
0.113495 1.6512645070155 44.4961987140352
0.113995 1.6585391204655 44.6589767806708
0.114495 1.6658137339155 44.6440449643381
0.114995 1.6730883473655 44.7711961893515
0.115495 1.6803629608155 44.9926521903039
0.115995 1.6876375742655 45.1343320886934
0.116495 1.6949121877155 45.1771548556667
0.116995 1.7021868011655 45.3340340797602
0.117495 1.7094614146155 45.4914060279537
0.117995 1.7167360280655 45.6004280463323
0.118495 1.7240106415155 45.6928038507083
0.118995 1.7312852549655 45.8699484378454
0.119495 1.7385598684155 46.0637749287821
0.119995 1.7458344818655 46.0686084333229
0.120495 1.7531090953155 46.219890547204
0.120995 1.7603837087655 46.3597223473096
0.121495 1.7676583222155 46.4046584550951
0.121995 1.7749329356655 46.5409031618615
0.122495 1.7822075491155 46.7527965524899
0.122995 1.7894821625655 46.7521625460651
0.123495 1.7967567760155 46.8675673490956
0.123995 1.8040313894655 47.0428009396866
0.124495 1.8113060029155 47.1440110163717
0.124995 1.8185806163655 47.2147200518249
0.125495 1.8258552298155 47.4497419859799
0.125995 1.8331298432655 47.5132547747074
0.126495 1.8404044567155 47.5855108842291
0.126995 1.8476790701655 47.8119626661853
0.127495 1.8549536836155 47.925085311299
0.127995 1.8622282970655 47.9423597751979
0.128495 1.8695029105155 48.1468374019466
0.128995 1.8767775239655 48.2249362527079
0.129495 1.8840521374155 48.2978360498622
0.129995 1.8913267508655 48.4371379150997
0.130495 1.8986013643155 48.612594674474
0.130995 1.9058759777655 48.6447474123594
0.131495 1.9131505912155 48.7565640138705
0.131995 1.9204252046655 48.914001917186
0.132495 1.9276998181155 48.9894262600558
0.132995 1.9349744315655 49.0919791314002
0.133495 1.9422490450155 49.3057733440782
0.133995 1.9495236584655 49.362824571621
0.134495 1.9567982719155 49.4065337449728
0.134995 1.9640728853655 49.5900682381561
0.135495 1.9713474988155 49.5791073127476
0.135995 1.9786221122655 49.7686413768515
0.136495 1.9858967257155 49.9552603903928
0.136995 1.9931713391655 49.9097427927593
0.137495 2.0004459526155 50.1507010751648
0.137995 2.0077205660655 50.1840925091436
0.138495 2.0149951795155 50.2304034479838
0.138995 2.0222697929655 50.4479189999929
0.139495 2.0295444064155 50.4804157705544
0.139995 2.0368190198655 50.6391333033961
0.140495 2.0440936333155 50.7351466367853
0.140995 2.0513682467655 50.7509770561819
0.141495 2.0586428602155 51.0026416820926
0.141995 2.0659174736655 50.9367307056683
0.142495 2.0731920871155 51.151044417119
0.142995 2.0804667005655 51.2574240032909
0.143495 2.0877413140155 51.2325306170626
0.143995 2.0950159274655 51.4779529013687
0.144495 2.1022905409155 51.4567959593645
0.144995 2.1095651543655 51.6078546756688
0.145495 2.1168397678155 51.693253289656
0.145995 2.1241143812655 51.7764140928096
0.146495 2.1313889947155 51.9295422576252
0.146995 2.1386636081655 51.9325357940729
0.147495 2.1459382216155 52.0848730274118
0.147995 2.1532128350655 52.174844100555
0.148495 2.1604874485155 52.2557925039175
0.148995 2.1677620619655 52.3349596820072
0.149495 2.1750366754155 52.4829214110927
0.149995 2.1823112888655 52.4812068101312
0.150495 2.1895859023155 52.6376912574608
0.150995 2.1968605157655 52.6795393276221
0.151495 2.2041351292155 52.8693391954492
0.151995 2.2114097426655 52.88362441766
0.152495 2.2186843561155 52.959409167384
0.152995 2.2259589695655 53.0663975831877
0.153495 2.2332335830155 53.1869158187985
0.153995 2.2405081964655 53.247421166173
0.154495 2.2477828099155 53.3715828756378
0.154995 2.2550574233655 53.4617061138353
0.155495 2.2623320368155 53.5705183916932
0.155995 2.2696066502655 53.6144887802086
0.156495 2.2768812637155 53.6803440709268
0.156995 2.2841558771655 53.7800209527743
0.157495 2.2914304906155 53.870081962591
0.157995 2.2987051040655 53.9610461874057
0.158495 2.3059797175155 54.0323169857363
0.158995 2.3132543309655 54.1561157215094
0.159495 2.3205289444155 54.1889237636842
0.159995 2.3278035578655 54.2963624051202
0.160495 2.3350781713155 54.4005641157197
0.160995 2.3423527847655 54.4450186591182
0.161495 2.3496273982155 54.6345140981577
0.161995 2.3569020116655 54.6033189458189
0.162495 2.3641766251155 54.7730623415419
0.162995 2.3714512385655 54.7676179309903
0.163495 2.3787258520155 54.8613360723761
0.163995 2.3860004654655 54.9126540678558
0.164495 2.3932750789155 55.0427330332462
0.164995 2.4005496923655 55.0857452105385
0.165495 2.4078243058155 55.2615276148609
0.165995 2.4150989192655 55.1901269633128
0.166495 2.4223735327155 55.3999389023017
0.166995 2.4296481461655 55.3380949233436
0.167495 2.4369227596155 55.5743545228713
0.167995 2.4441973730655 55.5180766830541
0.168495 2.4514719865155 55.6875413721891
0.168995 2.4587465999655 55.7269169531643
0.169495 2.4660212134155 55.8307250188214
0.169995 2.4732958268655 55.8626871587712
0.170495 2.4805704403155 55.9822881705778
0.170995 2.4878450537655 56.0684036314361
0.171495 2.4951196672155 56.0914417977529
0.171995 2.5023942806655 56.2595644131147
0.172495 2.5096688941155 56.2388951201121
0.172995 2.5169435075655 56.3524162652891
0.173495 2.5242181210155 56.428091059641
0.173995 2.5314927344655 56.5137787403368
0.174495 2.5387673479155 56.5505374583891
0.174995 2.5460419613655 56.6377004052388
0.175495 2.5533165748155 56.67765827687
0.175995 2.5605911882655 56.7375519750577
0.176495 2.5678658017155 56.8470917456483
0.176995 2.5751404151655 56.8708066911088
0.177495 2.5824150286155 57.0649090783785
0.177995 2.5896896420655 56.9912539640779
0.178495 2.5969642555155 57.1280411465763
0.178995 2.6042388689655 57.1746266628785
0.179495 2.6115134824155 57.1666164232048
0.179995 2.6187880958655 57.3894631724668
0.180495 2.6260627093155 57.3510435652793
0.180995 2.6333373227655 57.4979171119454
0.181495 2.6406119362155 57.5065240003841
0.181995 2.6478865496655 57.5484715675587
0.182495 2.6551611631155 57.660013044039
0.182995 2.6624357765655 57.6513987990233
0.183495 2.6697103900155 57.862037679968
0.183995 2.6769850034655 57.8560049501477
0.184495 2.6842596169155 57.8897132489792
0.184995 2.6915342303655 58.0028455907117
0.185495 2.6988088438155 58.0137000803308
0.185995 2.7060834572655 58.1488390100022
0.186495 2.7133580707155 58.1501353781094
0.186995 2.7206326841655 58.2292432038966
0.187495 2.7279072976155 58.3247363196114
0.187995 2.7351819110655 58.3159728182133
0.188495 2.7424565245155 58.4450952898159
0.188995 2.7497311379655 58.510870260226
0.189495 2.7570057514155 58.5302966683241
0.189995 2.7642803648655 58.6709115247745
0.190495 2.7715549783155 58.6548296865776
0.190995 2.7788295917655 58.6778278352701
0.191495 2.7861042052155 58.8176014148991
0.191995 2.7933788186655 58.8456573360956
0.192495 2.8006534321155 58.9676403857387
0.192995 2.8079280455655 58.9806695500648
0.193495 2.8152026590155 58.9802352205623
0.193995 2.8224772724655 59.0641610196353
0.194495 2.8297518859155 59.1286123178767
0.194995 2.8370264993655 59.2064206581993
0.195495 2.8443011128155 59.2264090301577
0.195995 2.8515757262655 59.3356002852105
0.196495 2.8588503397155 59.366625694182
0.196995 2.8661249531655 59.3752233052468
0.197495 2.8733995666155 59.4744085820814
0.197995 2.8806741800655 59.5376150590695
0.198495 2.8879487935155 59.5760877279922
0.198995 2.8952234069655 59.6822190387638
0.199495 2.9024980204155 59.6200698932188
0.199995 2.9097726338655 59.7222010710858
0.200495 2.9170472473155 59.8179105320946
0.200995 2.9243218607655 59.8341439885246
0.201495 2.9315964742155 59.9434643745619
0.201995 2.9388710876655 59.9226161864043
0.202495 2.9461457011155 60.0102408060192
0.202995 2.9534203145655 60.1387298655892
0.203495 2.9606949280155 60.0930625600654
0.203995 2.9679695414655 60.195712939851
0.204495 2.9752441549155 60.2859563638209
0.204995 2.9825187683655 60.3476713849334
0.205495 2.9897933818155 60.3525665015821
0.205995 2.9970679952655 60.4032644477674
0.206495 3.0043426087155 60.4591548871582
0.206995 3.0116172221655 60.5399039363285
0.207495 3.0188918356155 60.609594494439
0.207995 3.0261664490655 60.6457433829876
0.208495 3.0334410625155 60.7052202889464
0.208995 3.0407156759655 60.7948827938286
0.209495 3.0479902894155 60.8296474050921
0.209995 3.0552649028655 60.8667758120984
0.210495 3.0625395163155 60.9753040996221
0.210995 3.0698141297655 61.1050790645788
0.211495 3.0770887432155 61.0402819440178
0.211995 3.0843633566655 61.0244009565536
0.212495 3.0916379701155 61.0852842987211
0.212995 3.0989125835655 61.214749248043
0.213495 3.1061871970155 61.1935385046623
0.213995 3.1134618104655 61.1736113765747
0.214495 3.1207364239155 61.3992045286339
0.214995 3.1280110373655 61.3909966620701
0.215495 3.1352856508155 61.3822247166165
0.215995 3.1425602642655 61.5523202750897
0.216495 3.1498348777155 61.6113986258127
0.216995 3.1571094911655 61.6313596108352
0.217495 3.1643841046155 61.671757084489
0.217995 3.1716587180655 61.6578633409136
0.218495 3.1789333315155 61.671916020967
0.218995 3.1862079449655 61.8926778984668
0.219495 3.1934825584155 61.7816887684374
0.219995 3.2007571718655 61.9920041235386
0.220495 3.2080317853155 61.9906759317952
0.220995 3.2153063987655 62.0557745834604
0.221495 3.2225810122155 62.125495682803
0.221995 3.2298556256655 62.129050965492
0.222495 3.2371302391155 62.146290943583
0.222995 3.2444048525655 62.1177848371314
0.223495 3.2516794660155 62.2511727170273
0.223995 3.2589540794655 62.2331935071464
0.224495 3.2662286929155 62.2534524884837
0.224995 3.2735033063655 62.3780006565153
0.225495 3.2807779198155 62.4101928262076
0.225995 3.2880525332655 62.5267522797098
0.226495 3.2953271467155 62.5539057076713
0.226995 3.3026017601655 62.5175368268163
0.227495 3.3098763736155 62.6665607092455
0.227995 3.3171509870655 62.7635184818866
0.228495 3.3244256005155 62.8156193645043
0.228995 3.3317002139655 62.8715699107251
0.229495 3.3389748274155 62.8249395046165
0.229995 3.3462494408655 62.8697377851473
0.230495 3.3535240543155 63.0391912640476
0.230995 3.3607986677655 63.1130458041752
0.231495 3.3680732812155 63.0116383147075
0.231995 3.3753478946655 63.0677206618255
0.232495 3.3826225081155 63.1819667365109
0.232995 3.3898971215655 63.3139013865509
0.233495 3.3971717350155 63.2972902548612
0.233995 3.4044463484655 63.3889315970809
0.234495 3.4117209619155 63.3868501540311
0.234995 3.4189955753655 63.3146357419989
0.235495 3.4262701888155 63.4824735059132
0.235995 3.4335448022655 63.5531861601828
0.236495 3.4408194157155 63.6881250859639
0.236995 3.4480940291655 63.641657956973
0.237495 3.4553686426155 63.7787915812322
0.237995 3.4626432560655 63.8260170621174
0.238495 3.4699178695155 63.8452196595689
0.238995 3.4771924829655 63.8565333458621
0.239495 3.4844670964155 64.0273205109532
0.239995 3.4917417098655 64.0605099390625
0.240495 3.4990163233155 64.0772437374939
0.240995 3.5062909367655 63.9896820407346
0.241495 3.5135655502155 64.2027366774023
0.241995 3.5208401636655 64.1584439033781
0.242495 3.5281147771155 64.0885860598066
0.242995 3.5353893905655 64.2129133048496
0.243495 3.5426640040155 64.370900415538
0.243995 3.5499386174655 64.3594836537929
0.244495 3.5572132309155 64.3396070584132
0.244995 3.5644878443655 64.690827442087
0.245495 3.5717624578155 64.6099882633317
0.245995 3.5790370712655 64.7444370903048
0.246495 3.5863116847155 64.7159930343771
0.246995 3.5935862981655 64.8141310512648
0.247495 3.6008609116155 64.7430560141362
0.247995 3.6081355250655 64.9590333886023
0.248495 3.6154101385155 64.9765515726278
0.248995 3.6226847519655 64.8605615814166
0.249495 3.6299593654155 64.9113836026484
0.249995 3.6372339788655 65.094747400326
0.250495 3.6445085923155 65.1002756643849
0.250995 3.6517832057655 65.0870565674837
0.251495 3.6590578192155 65.2114205157915
0.251995 3.6663324326655 65.3006621434706
0.252495 3.6736070461155 65.3217108631181
0.252995 3.6808816595655 65.2451019302182
0.253495 3.6881562730155 65.3739448021259
0.253995 3.6954308864655 65.6968779723186
0.254495 3.7027054999155 65.5760046894354
0.254995 3.7099801133655 65.6541495113119
0.255495 3.7172547268155 65.5361005543309
0.255995 3.7245293402655 65.849802348526
0.256495 3.7318039537155 65.8991685868669
0.256995 3.7390785671655 65.6017515819533
0.257495 3.7463531806155 65.9536757692403
0.257995 3.7536277940655 65.753653200251
0.258495 3.7609024075155 65.9996584217449
0.258995 3.7681770209655 66.0173832791577
0.259495 3.7754516344155 66.1556269874388
0.259995 3.7827262478655 66.3513841775725
0.260495 3.7900008613155 66.2174436916259
0.260995 3.7972754747655 66.334951697391
0.261495 3.8045500882155 66.4866009796691
0.261995 3.8118247016655 66.3231736408886
0.262495 3.8190993151155 66.4206809082307
0.262995 3.8263739285655 66.2832969005692
0.263495 3.8336485420155 66.5667260409766
0.263995 3.8409231554655 66.726408420037
0.264495 3.8481977689155 66.7743127973139
0.264995 3.8554723823655 66.7943523012086
0.265495 3.8627469958155 66.6440887871234
0.265995 3.8700216092655 67.1110905634776
0.266495 3.8772962227155 66.9594856302922
0.266995 3.8845708361655 66.8778040941284
0.267495 3.8918454496155 67.1508743571883
0.267995 3.8991200630655 67.5533885772271
0.268495 3.9063946765155 66.962348553124
0.268995 3.9136692899655 67.0950670863098
0.269495 3.9209439034155 67.7890610609004
0.269995 3.9282185168655 67.552611760056
0.270495 3.9354931303155 67.6156412117487
0.270995 3.9427677437655 67.6343208446558
0.271495 3.9500423572155 67.6727322453293
0.271995 3.9573169706655 67.6950630444558
0.272495 3.9645915841155 67.6546476659288
0.272995 3.9718661975655 67.7182949703864
0.273495 3.9791408110155 68.253315125853
0.273995 3.9864154244655 67.8143938511867
0.274495 3.9936900379155 67.9516749121749
0.274995 4.0009646513655 68.1734874854425
0.275495 4.0082392648155 68.0986837795821
0.275995 4.0155138782655 68.1744237175508
0.276495 4.0227884917155 68.3231838092608
0.276995 4.0300631051655 68.420767866895
0.277495 4.0373377186155 68.3167353763306
0.277995 4.0446123320655 68.6971162881561
0.278495 4.0518869455155 68.7683426677967
0.278995 4.0591615589655 68.691287174831
0.279495 4.0664361724155 68.8438797572899
0.279995 4.0737107858655 68.9347033528659
0.280495 4.0809853993155 69.1448981776783
0.280995 4.0882600127655 68.9309230182247
0.281495 4.0955346262155 69.1907846608675
0.281995 4.1028092396655 69.1761032892618
0.282495 4.1100838531155 69.0926574035397
0.282995 4.1173584665655 69.4872881450581
0.283495 4.1246330800155 69.2961513798476
0.283995 4.1319076934655 69.7667681109585
0.284495 4.1391823069155 69.6730798122255
0.284995 4.1464569203655 69.670824322439
0.285495 4.1537315338155 69.7044797603208
0.285995 4.1610061472655 70.0736775431507
0.286495 4.1682807607155 70.0461279319496
0.286995 4.1755553741655 70.1341535885743
0.287495 4.1828299876155 69.9955695789421
0.287995 4.1901046010655 70.3946721986009
0.288495 4.1973792145155 70.7654361885789
0.288995 4.2046538279655 70.2481074615886
0.289495 4.2119284414155 70.6655844647306
0.289995 4.2192030548655 70.3670383790896
0.290495 4.2264776683155 70.9666664764097
0.290995 4.2337522817655 70.5506300702331
0.291495 4.2410268952155 70.9235251463886
0.291995 4.2483015086655 70.9751234262094
0.292495 4.2555761221155 71.2703851781107
0.292995 4.2628507355655 71.2182835362791
0.293495 4.2701253490155 70.9920162906438
0.293995 4.2773999624655 71.7627704435813
0.294495 4.2846745759155 71.9065620821343
0.294995 4.2919491893655 71.7049659725572
0.295495 4.2992238028155 71.4968823870554
0.295995 4.3064984162655 71.9979146571166
0.296495 4.3137730297155 72.0215688674427
0.296995 4.3210476431655 72.3846202349632
0.297495 4.3283222566155 72.4937802931125
0.297995 4.3355968700655 72.6016877895707
0.298495 4.3428714835155 72.2903750993976
0.298995 4.3501460969655 72.5998173557388
0.299495 4.3574207104155 72.7694004691153
0.299995 4.3646953238655 72.9650969233468
0.300495 4.3719699373155 72.9370829623988
0.300995 4.3792445507655 73.1476383637546
0.301495 4.3865191642155 73.155105343204
0.301995 4.3937937776655 73.6392369703765
0.302495 4.4010683911155 73.5943079704261
0.302995 4.4083430045655 73.724177626258
0.303495 4.4156176180155 73.8744665154306
0.303995 4.4228922314655 74.0855066786315
0.304495 4.4301668449155 73.9712049720811
0.304995 4.4374414583655 73.9905304037016
0.305495 4.4447160718155 74.5312807631235
0.305995 4.4519906852655 74.737353437168
0.306495 4.4592652987155 74.8772183429136
0.306995 4.4665399121655 75.1625632207467
0.307495 4.4738145256155 75.1771493513343
0.307995 4.4810891390655 75.5010635970577
0.308495 4.4883637525155 75.7490978292951
0.308995 4.4956383659655 75.7824454371727
0.309495 4.5029129794155 75.871221316672
0.309995 4.5101875928655 75.8551287272517
0.310495 4.5174622063155 76.1628998693872
0.310995 4.5247368197655 76.1096114462159
0.311495 4.5320114332155 76.3514303954072
0.311995 4.5392860466655 76.5032684398161
0.312495 4.5465606601155 76.983133289543
0.312995 4.5538352735655 77.3097204104275
0.313495 4.5611098870155 77.2135476237159
0.313995 4.5683845004655 77.0460816365425
0.314495 4.5756591139155 77.8304068539748
0.314995 4.5829337273655 77.4635963129296
0.315495 4.5902083408155 77.7467010052408
0.315995 4.5974829542655 78.3496106124303
0.316495 4.6047575677155 78.2679917934098
0.316995 4.6120321811655 78.2750857059072
0.317495 4.6193067946155 78.8466123518373
0.317995 4.6265814080655 78.8795636341883
0.318495 4.6338560215155 79.33592482054
0.318995 4.6411306349655 79.5031439237342
0.319495 4.6484052484155 79.7085696684533
0.319995 4.6556798618655 80.1358065270096
0.320495 4.6629544753155 80.0267890163692
0.320995 4.6702290887655 80.1842007717459
0.321495 4.6775037022155 80.4455891997518
0.321995 4.6847783156655 81.0875091281401
0.322495 4.6920529291155 80.9435271393645
0.322995 4.6993275425655 81.4455792046479
0.323495 4.7066021560155 81.5587916982351
0.323995 4.7138767694655 81.4050867506896
0.324495 4.7211513829155 82.0792412048618
0.324995 4.7284259963655 81.82183849237
0.325495 4.7357006098155 82.5080212794154
0.325995 4.7429752232655 82.5841130771123
0.326495 4.7502498367155 83.1403096700139
0.326995 4.7575244501655 83.3097883603857
0.327495 4.7647990636155 83.4706268158923
0.327995 4.7720736770655 84.471514105621
0.328495 4.7793482905155 83.81090474582
0.328995 4.7866229039655 84.2002285291724
0.329495 4.7938975174155 85.0006111687324
0.329995 4.8011721308655 84.2475492572646
0.330495 4.8084467443155 85.5388677228928
0.330995 4.8157213577655 85.6073864654379
0.331495 4.8229959712155 85.1548311940455
0.331995 4.8302705846655 86.548882362372
0.332495 4.8375451981155 85.6159445444036
0.332995 4.8448198115655 86.3506943007624
0.333495 4.8520944250155 86.8412127705489
0.333995 4.8593690384655 87.4512850561367
0.334495 4.8666436519155 86.6775536970996
0.334995 4.8739182653655 87.872382755004
0.335495 4.8811928788155 87.6756271104466
0.335995 4.8884674922655 87.9117215188103
0.336495 4.8957421057155 88.8846411528642
0.336995 4.9030167191655 88.5942858348425
0.337495 4.9102913326155 89.2335447919172
0.337995 4.9175659460655 89.2478362308703
0.338495 4.9248405595155 89.9852259284811
0.338995 4.9321151729655 90.0562196674086
0.339495 4.9393897864155 90.4590506823239
0.339995 4.9466643998655 90.515919128089
0.340495 4.9539390133155 91.1263247444241
0.340995 4.9612136267655 91.4969508641218
0.341495 4.9684882402155 91.4488906986741
0.341995 4.9757628536655 92.1574181013116
0.342495 4.9830374671155 92.1664105073415
0.342995 4.9903120805655 92.5514551671305
0.343495 4.9975866940155 92.6159228306355
0.343995 5.0048613074655 92.8140861788037
0.344495 5.0121359209155 93.3747411229386
0.344995 5.0194105343655 93.5575887750703
0.345495 5.0266851478155 94.362286982666
0.345995 5.0339597612655 94.5220615004773
0.346495 5.0412343747155 94.6528725130509
0.346995 5.0485089881655 94.9280132335623
0.347495 5.0557836016155 95.6454657134391
0.347995 5.0630582150655 96.1168823753039
0.348495 5.0703328285155 95.6723756621588
0.348995 5.0776074419655 96.5493504825849
0.349495 5.0848820554155 97.0310188480603
0.349995 5.0921566688655 96.5900519384733
0.350495 5.0994312823155 97.6880273540058
0.350995 5.1067058957655 97.6074290269381
0.351495 5.1139805092155 97.9895030062584
0.351995 5.1212551226655 98.1907292241003
0.352495 5.1285297361155 98.703327622067
0.352995 5.1358043495655 99.2014002081407
0.353495 5.1430789630155 99.4329120302511
0.353995 5.1503535764655 99.8532494634778
0.354495 5.1576281899155 100.233177380521
0.354995 5.1649028033655 100.588874990983
0.355495 5.1721774168155 101.085339420397
0.355995 5.1794520302655 101.087944743081
0.356495 5.1867266437155 101.72242168116
0.356995 5.1940012571655 102.060310457226
0.357495 5.2012758706155 101.811990414328
0.357995 5.2085504840655 103.122856253717
0.358495 5.2158250975155 102.821354843686
0.358995 5.2230997109655 103.480974252942
0.359495 5.2303743244155 103.770479710875
0.359995 5.2376489378655 104.210450568947
0.360495 5.2449235513155 104.228030745311
0.360995 5.2521981647655 105.214420617878
0.361495 5.2594727782155 105.475966600497
0.361995 5.2667473916655 105.48165821401
0.362495 5.2740220051155 106.15973784863
0.362995 5.2812966185655 106.797289131608
0.363495 5.2885712320155 106.555040397314
0.363995 5.2958458454655 107.056698744543
0.364495 5.3031204589155 108.398754127529
0.364995 5.3103950723655 107.609530408499
0.365495 5.3176696858155 108.581224215595
0.365995 5.3249442992655 108.806027392178
0.366495 5.3322189127155 109.002036418906
0.366995 5.3394935261655 109.763599202632
0.367495 5.3467681396155 110.099012627406
0.367995 5.3540427530655 110.218846030729
0.368495 5.3613173665155 110.632217610113
0.368995 5.3685919799655 111.467277330495
0.369495 5.3758665934155 111.69089584242
0.369995 5.3831412068655 112.021199836615
0.370495 5.3904158203155 112.934212075001
0.370995 5.3976904337655 113.277936670497
0.371495 5.4049650472155 113.038178211698
0.371995 5.4122396606655 113.363294245642
0.372495 5.4195142741155 113.504132840007
0.372995 5.4267888875655 115.16552599221
0.373495 5.4340635010155 115.815124611459
0.373995 5.4413381144655 115.207287589325
0.374495 5.4486127279155 115.915373741524
0.374995 5.4558873413655 116.764019098304
0.375495 5.4631619548155 117.661749146529
0.375995 5.4704365682655 117.778506431785
0.376495 5.4777111817155 118.158082900162
0.376995 5.4849857951655 118.523735263823
0.377495 5.4922604086155 118.751997808979
0.377995 5.4995350220655 119.401463338885
0.378495 5.5068096355155 119.930333404945
0.378995 5.5140842489655 121.01063198224
0.379495 5.5213588624155 120.725288720918
0.379995 5.5286334758655 120.985738618268
0.380495 5.5359080893155 121.305099721682
0.380995 5.5431827027655 121.909201601293
0.381495 5.5504573162155 122.476975137717
0.381995 5.5577319296655 123.616291389888
0.382495 5.5650065431155 124.019571098379
0.382995 5.5722811565655 124.615109453423
0.383495 5.5795557700155 125.137042617793
0.383995 5.5868303834655 125.792078631559
0.384495 5.5941049969155 126.158965301875
0.384995 5.6013796103655 126.864733956403
0.385495 5.6086542238155 127.165216400937
0.385995 5.6159288372655 127.836116774529
0.386495 5.6232034507155 128.005654679615
0.386995 5.6304780641655 129.258890788232
0.387495 5.6377526776155 129.191986009544
0.387995 5.6450272910655 130.124230109228
0.388495 5.6523019045155 130.289602627575
0.388995 5.6595765179655 130.279688105202
0.389495 5.6668511314155 130.694472041189
0.389995 5.6741257448655 131.448695363628
0.390495 5.6814003583155 131.881639256126
0.390995 5.6886749717655 132.911619593315
0.391495 5.6959495852155 133.351152696476
0.391995 5.7032241986655 134.275574308938
0.392495 5.7104988121155 134.284057259186
0.392995 5.7177734255655 134.27367376965
0.393495 5.7250480390155 125.704530616974
0.393995 5.7323226524655 101.498429368913
0.394495 5.7395972659155 68.8120930450619
0.394995 5.7468718793655 44.6701803671426
0.395495 5.7541464928155 33.7436468813257
0.395995 5.7614211062655 27.7615886632368
0.396495 5.7686957197155 22.2898706928003
0.396995 5.7759703331655 18.3829109768618
0.397495 5.7832449466155 13.4884299928901
0.397995 5.7905195600655 8.16592620620179
0.398495 5.7977941735155 3.46600655368854
0.398995 5.8050687869655 0.524271657284923
0.399495 5.8123434004155 -0.513058433594537
0.399995 5.8196180138655 -0.142241148544215
0.400495 5.8268926273155 1.47210468048501
0.400995 5.8341672407655 2.63486915908958
0.401495 5.8414418542155 2.3840664537125
0.401995 5.8487164676655 1.39909843891231
0.402495 5.8559910811155 0.661246999276895
0.402995 5.8632656945655 -0.741614138654089
0.403495 5.8705403080155 -2.48718155102189
0.403995 5.8778149214655 -3.16964087090078
0.404495 5.8850895349155 -2.55558353725231
0.404995 5.8923641483655 -1.37830185024722
0.405495 5.8996387618155 -0.269087316626613
0.405995 5.9069133752655 0.292918075621536
0.406495 5.9141879887155 0.414583294567555
0.406995 5.9214626021655 -0.186396770177231
0.407495 5.9287372156155 -0.943385828230414
0.407995 5.9360118290655 -1.7523009462926
0.408495 5.9432864425155 -2.41705179223156
0.408995 5.9505610559655 -2.3962442923717
0.409495 5.9578356694155 -2.14046011865289
0.409995 5.9651102828655 -1.82916142146384
0.410495 5.9723848963155 -1.52522603324422
0.410995 5.9796595097655 -1.44712109026953
0.411495 5.9869341232155 -2.12954566639467
0.411995 5.9942087366655 -2.79407463743368
0.412495 6.0014833501155 -2.81610646006337
0.412995 6.0087579635655 -2.53104522584795
0.413495 6.0160325770155 -1.82119776968428
0.413995 6.0233071904655 -1.31725295580167
0.414495 6.0305818039155 -0.587028302228733
0.414995 6.0378564173655 0.180162580674088
0.415495 6.0451310308155 0.563392936501501
0.415995 6.0524056442655 0.761674770216862
0.416495 6.0596802577155 0.788395549746572
0.416995 6.0669548711655 1.17079661990494
0.417495 6.0742294846155 1.99235942642501
0.417995 6.0815040980655 1.83670398342557
0.418495 6.0887787115155 1.57604432470838
0.418995 6.0960533249655 1.44151348174733
0.419495 6.1033279384155 1.550496100013
0.419995 6.1106025518655 1.30943986505532
0.420495 6.1178771653155 0.125001564912431
0.420995 6.1251517787655 0.00993895760916574
0.421495 6.1324263922155 -0.541181287367695
0.421995 6.1397010056655 -1.14165031192062
0.422495 6.1469756191155 -1.49085004987159
0.422995 6.1542502325655 -1.28007627073144
0.423495 6.1615248460155 -0.51642849864674
0.423995 6.1687994594655 -0.296572175454841
0.424495 6.1760740729155 -0.0530588361192442
0.424995 6.1833486863655 -0.0546474538322056
0.425495 6.1906232998155 -0.0417556124869114
0.425995 6.1978979132655 -0.220897397887104
0.426495 6.2051725267155 -0.195753782362487
0.426995 6.2124471401655 0.214062022974446
0.427495 6.2197217536155 0.17551124480719
0.427995 6.2269963670655 0.369624920852079
0.428495 6.2342709805155 -0.0665694805500688
0.428995 6.2415455939655 -0.163444861209655
0.429495 6.2488202074155 -0.147365404181033
0.429995 6.2560948208655 -0.106386666972932
0.430495 6.2633694343155 0.0366047278513965
0.430995 6.2706440477655 0.365746011596504
0.431495 6.2779186612155 0.119099339881914
0.431995 6.2851932746655 -0.00799587397949563
0.432495 6.2924678881155 -0.0193736497849245
0.432995 6.2997425015655 0.0464243346668677
0.433495 6.3070171150155 0.178747458314963
0.433995 6.3142917284655 0.00168685507227347
0.434495 6.3215663419155 0.261955307725708
0.434995 6.3288409553655 0.301076076491541
0.435495 6.3361155688155 0.145795859438216
0.435995 6.3433901822655 0.253609540304937
0.436495 6.3506647957155 -0.0294021733979387
0.436995 6.3579394091655 -0.106590779017419
0.437495 6.3652140226155 -0.329573087411909
0.437995 6.3724886360655 -0.585164947172079
0.438495 6.3797632495155 -0.42112698116826
0.438995 6.3870378629655 -0.415296408824144
0.439495 6.3943124764155 -0.396147888411427
0.439995 6.4015870898655 -0.476764580024034
0.440495 6.4088617033155 -0.0714048110238969
0.440995 6.4161363167655 0.103240255792131
0.441495 6.4234109302155 -0.143920788817137
0.441995 6.4306855436655 0.141221449538528
0.442495 6.4379601571155 0.260843961936114
0.442995 6.4452347705655 0.0745700722835773
0.443495 6.4525093840155 -0.0881545152512226
0.443995 6.4597839974655 -0.00471545994829962
0.444495 6.4670586109155 0.0506253228807601
0.444995 6.4743332243655 -0.191416485398376
0.445495 6.4816078378155 -0.0953574422483347
0.445995 6.4888824512655 0.0554929609331996
0.446495 6.4961570647155 0.198904953520158
0.446995 6.5034316781655 0.275129061087408
0.447495 6.5107062916155 0.406467295475238
0.447995 6.5179809050655 0.550937638762961
0.448495 6.5252555185155 0.147858466646985
0.448995 6.5325301319655 -0.0468490929504449
0.449495 6.5398047454155 -0.0418900645575133
0.449995 6.5470793588655 -0.0945686704816169
0.450495 6.5543539723155 -0.0327529855756668
0.450995 6.5616285857655 -0.00919783096586183
0.451495 6.5689031992155 -0.0283970029961407
0.451995 6.5761778126655 -0.101683227723126
0.452495 6.5834524261155 0.155520275589055
0.452995 6.5907270395655 0.276322591406262
0.453495 6.5980016530155 0.0134099165536199
0.453995 6.6052762664655 -0.224276444644011
0.454495 6.6125508799155 -0.347963146215867
0.454995 6.6198254933655 -0.0930702813759057
0.455495 6.6271001068155 -0.273657935396314
0.455995 6.6343747202655 -0.0629282492844892
0.456495 6.6416493337155 -0.162791409011197
0.456995 6.6489239471655 0.260329097449819
0.457495 6.6561985606155 0.350974548354849
0.457995 6.6634731740655 0.581538487737079
0.458495 6.6707477875155 0.238959697081453
0.458995 6.6780224009655 0.292184546299319
0.459495 6.6852970144155 0.371438105166945
0.459995 6.6925716278655 0.516722738757792
0.460495 6.6998462413155 0.0595893236290759
0.460995 6.7071208547655 -0.0905701718151308
0.461495 6.7143954682155 -0.163519049323614
0.461995 6.7216700816655 -0.00533438484930901
0.462495 6.7289446951155 0.00218311508974853
0.462995 6.7362193085655 -0.107908534881072
0.463495 6.7434939220155 -0.489998044211402
0.463995 6.7507685354655 -0.34191658913029
0.464495 6.7580431489155 -0.22634916052465
0.464995 6.7653177623655 -0.142073825398679
0.465495 6.7725923758155 -0.35389564505453
0.465995 6.7798669892655 -0.213511825757772
0.466495 6.7871416027155 -0.246644228728531
0.466995 6.7944162161655 -0.180405923472158
0.467495 6.8016908296155 0.0603143543178167
0.467995 6.8089654430655 0.073105293831088
0.468495 6.8162400565155 0.115520220417495
0.468995 6.8235146699655 0.402735323058857
0.469495 6.8307892834155 0.33091919560983
0.469995 6.8380638968655 0.270783386581166
0.470495 6.8453385103155 -0.0384496069163884
0.470995 6.8526131237655 -0.0239108413949113
0.471495 6.8598877372155 -0.154938742962884
0.471995 6.8671623506655 -0.184774325087481
0.472495 6.8744369641155 0.135157237547953
0.472995 6.8817115775655 0.141055304098717
0.473495 6.8889861910155 0.31719333479675
0.473995 6.8962608044655 0.371488093118676
0.474495 6.9035354179155 0.264939301775855
0.474995 6.9108100313655 0.0214203820659352
0.475495 6.9180846448155 0.00841950934284219
0.475995 6.9253592582655 -0.141794942668435
0.476495 6.9326338717155 -0.162236681914821
0.476995 6.9399084851655 -0.178736524976268
0.477495 6.9471830986155 0.0545621365644643
0.477995 6.9544577120655 0.124663758539896
0.478495 6.9617323255155 0.0151259185164414
0.478995 6.9690069389655 0.0888765947779247
0.479495 6.9762815524155 0.270265796319449
0.479995 6.9835561658655 0.0616479711811987
0.480495 6.9908307793155 0.0203917967016081
0.480995 6.9981053927655 0.147712569080016
0.481495 7.0053800062155 0.137148093101365
0.481995 7.0126546196655 -0.0724807574730028
0.482495 7.0199292331155 0.0986599877127212
0.482995 7.0272038465655 0.0859417571990231
0.483495 7.0344784600155 0.341581561768918
0.483995 7.0417530734655 -0.0300400836908045
0.484495 7.0490276869155 -0.162793605512453
0.484995 7.0563023003655 -0.110822035537729
0.485495 7.0635769138155 -0.347986376354071
0.485995 7.0708515272655 -0.349676098052464
0.486495 7.0781261407155 -0.232785722046445
0.486995 7.0854007541655 -0.0513135172043029
0.487495 7.0926753676155 0.0499115293401759
0.487995 7.0999499810655 0.0567797752778091
0.488495 7.1072245945155 -0.0927064833695167
0.488995 7.1144992079655 -0.259085546142081
0.489495 7.1217738214155 -0.0887632083577391
0.489995 7.1290484348655 -0.285618889671485
0.490495 7.1363230483155 -0.1997686589128
0.490995 7.1435976617655 -0.156815802468449
0.491495 7.1508722752155 -0.220799614094158
0.491995 7.1581468886655 0.073186457852217
0.492495 7.1654215021155 0.397198297534401
0.492995 7.1726961155655 -0.0408556382096764
0.493495 7.1799707290155 0.21600329481812
0.493995 7.1872453424655 -0.136484439163706
0.494495 7.1945199559155 -0.108624552270256
0.494995 7.2017945693655 -0.196213975082661
0.495495 7.2090691828155 -0.0546460257590149
0.495995 7.2163437962655 -0.0924971999999324
0.496495 7.2236184097155 0.14942146275754
0.496995 7.2308930231655 0.139386739339169
0.497495 7.2381676366155 0.262858380647909
0.497995 7.2454422500655 0.171021120747293
0.498495 7.2527168635155 0.185485348989845
0.498995 7.2599914769655 -0.29795699048035
0.499495 7.2672660904155 0.0987580963680602
0.499995 7.2745407038655 -0.145280175381987
