# Fix print output for fix Step
0 0 1.27785628250595
0.000495000000000029 0.0408105814545024 1.33421563488019
0.000995000000000079 0.0820333910045065 -2.68577198190261
0.00149499999999999 0.123256200554499 0.522019713046599
0.0019949999999999 0.164479010104492 -1.06649427523887
0.00249499999999995 0.205701819654496 4.16705903438163
0.002995 0.2469246292045 4.48938858054719
0.00349500000000005 0.288147438754504 5.43239359708403
0.0039950000000001 0.329370248304508 1.31885990081675
0.00449499999999987 0.370593057854489 1.81539990361887
0.00499499999999992 0.411815867404493 2.10154121939602
0.00549499999999997 0.453038676954498 3.16256471115887
0.00599500000000002 0.494261486504502 5.88550358039582
0.00649500000000007 0.535484296054506 5.36692420645111
0.00699500000000012 0.57670710560451 4.58662192436518
0.00749499999999989 0.617929915154491 4.84222660247545
0.00799499999999994 0.659152724704495 6.35910524104248
0.00849499999999999 0.700375534254499 6.95582426243749
0.00899500000000004 0.741598343804503 7.11440240440446
0.00949500000000009 0.782821153354507 6.96566430125544
0.009995 0.8240439629045 6.21034408059082
0.0104949999999999 0.865266772454493 7.15727380691883
0.010995 0.906489582004497 7.05309419387487
0.011495 0.947712391554501 7.34488767269654
0.0119950000000001 0.988935201104505 8.05065131826351
0.0124950000000001 1.03015801065451 8.26508932209359
0.0129949999999999 1.07138082020449 9.06782726265114
0.0134949999999999 1.11260362975449 9.53185726937465
0.013995 1.1538264393045 9.84377942167503
0.014495 1.1950492488545 9.53522320950739
0.0149950000000001 1.23627205840451 9.69527298465065
0.015495 1.2774948679545 9.86971762293376
0.0159949999999999 1.31871767750449 9.97624766654583
0.016495 1.3599404870545 10.5448544187594
0.016995 1.4011632966045 10.4636477016827
0.017495 1.4423861061545 11.1883385023346
0.0179950000000001 1.48360891570451 11.3703073588065
0.0184949999999999 1.52483172525449 11.9254073377286
0.0189949999999999 1.56605453480449 12.1784879448879
0.019495 1.6072773443545 12.2822529727879
0.019995 1.6485001539045 12.7225432235429
0.0204950000000001 1.68972296345451 12.665940363039
0.0209950000000001 1.73094577300451 12.9327704194701
0.0214949999999999 1.77216858255449 12.9801998213599
0.0219949999999999 1.8133913921045 13.4207825268181
0.022495 1.8546142016545 13.577349463576
0.022995 1.8958370112045 13.8915155097744
0.0234950000000001 1.93705982075451 14.3394780079216
0.023995 1.9782826303045 14.3827141584204
0.0244949999999999 2.01950543985449 14.9698768135969
0.024995 2.0607282494045 15.1203852622787
0.025495 2.1019510589545 15.4352809689094
0.0259950000000001 2.1431738685045 15.4804498893481
0.0264950000000001 2.18439667805451 15.5468347548036
0.0269949999999999 2.22561948760449 15.9139905179114
0.0274949999999999 2.26684229715449 16.1528826418647
0.027995 2.3080651067045 16.599365013418
0.028495 2.3492879162545 16.7502102871421
0.0289950000000001 2.39051072580451 17.0197710953453
0.029495 2.4317335353545 17.2197323415164
0.0299949999999999 2.47295634490449 17.5090087413482
0.0304949999999999 2.5141791544545 17.8703892281253
0.030995 2.5554019640045 18.1066334927627
0.0314950000000001 2.5966247735545 18.4948253685335
0.0319950000000001 2.63784758310451 18.3917220142014
0.032495 2.6790703926545 18.5725832511183
0.0329949999999999 2.72029320220449 18.8779057379138
0.033495 2.7615160117545 19.1343955340511
0.033995 2.8027388213045 19.58527438167
0.0344950000000001 2.84396163085451 19.6938353973616
0.0349950000000001 2.88518444040451 20.0386446532461
0.0354949999999999 2.92640724995449 20.1368432145816
0.0359949999999999 2.96763005950449 20.4661189201989
0.036495 3.0088528690545 20.6641985526379
0.036995 3.0500756786045 21.1302325939983
0.0374950000000001 3.09129848815451 21.2508456093587
0.037995 3.1325212977045 21.5515724553068
0.0384949999999999 3.17374410725449 21.7554893227083
0.038995 3.2149669168045 21.9683540531877
0.039495 3.2561897263545 22.0514727470554
0.0399950000000001 3.2974125359045 22.3258742869043
0.0404950000000001 3.33863534545451 22.5916865302123
0.0409949999999999 3.37985815500449 22.8120729016315
0.0414949999999999 3.42108096455449 23.2531694950014
0.041995 3.4623037741045 23.3638322141101
0.042495 3.5035265836545 23.6177821654148
0.0429950000000001 3.54474939320451 23.8490428174819
0.043495 3.5859722027545 24.1073930398256
0.0439949999999999 3.62719501230449 24.3326256075141
0.044495 3.6684178218545 24.5988404976715
0.044995 3.7096406314045 24.642601754754
0.045495 3.7508634409545 24.9559591498138
0.0459950000000001 3.79208625050451 25.2469862392229
0.046495 3.8333090600545 25.4607196691378
0.0469949999999999 3.87453186960449 25.7059324554158
0.047495 3.9157546791545 25.9187270324292
0.047995 3.9569774887045 26.2120471931167
0.0484950000000001 3.99820029825451 26.4007417337649
0.0489950000000001 4.03942310780451 26.4686471812235
0.0494949999999999 4.08064591735449 26.8604958693333
0.0499949999999999 4.12186872690449 27.0292245565918
0.050495 4.1630915364545 27.2745331533706
0.050995 4.2043143460045 27.5487376937569
0.0514950000000001 4.24553715555451 27.7303848387471
0.051995 4.2867599651045 28.0889079975901
0.0524949999999999 4.32798277465449 28.3046402417462
0.052995 4.3692055842045 28.548028853602
0.053495 4.4104283937545 28.7787987303384
0.0539950000000001 4.4516512033045 29.0024493000589
0.0544950000000001 4.49287401285451 29.1914303972125
0.0549949999999999 4.53409682240449 29.4227303031926
0.0554949999999999 4.57531963195449 29.6270577815296
0.055995 4.6165424415045 29.7478991263387
0.056495 4.6577652510545 30.0452331970731
0.0569950000000001 4.69898806060451 30.3159686841182
0.057495 4.7402108701545 30.5279040701778
0.0579949999999999 4.78143367970449 30.6915475490805
0.0584949999999999 4.8226564892545 30.9827206659678
0.058995 4.8638792988045 31.246966040712
0.059495 4.9051021083545 31.4901872717641
0.0599950000000001 4.94632491790451 31.6949454218922
0.060495 4.9875477274545 31.963692340827
0.0609949999999999 5.02877053700449 32.0302089473748
0.061495 5.0699933465545 32.1846229219092
0.061995 5.1112161561045 32.365146456785
0.0624950000000001 5.15243896565451 32.7321426241501
0.0629950000000001 5.19366177520451 32.819735365634
0.0634949999999999 5.23488458475449 33.1775173377918
0.0639949999999999 5.27610739430449 33.3960662101711
0.064495 5.3173302038545 33.5975349120639
0.064995 5.3585530134045 33.7655250669495
0.0654950000000001 5.39977582295451 33.9895584225033
0.065995 5.4409986325045 34.2745014194152
0.0664949999999999 5.48222144205449 34.3853047726339
0.066995 5.5234442516045 34.5229681088359
0.067495 5.5646670611545 34.7625163245868
0.0679950000000001 5.6058898707045 34.970862376416
0.0684950000000001 5.64711268025451 35.2324240745704
0.068995 5.6883354898045 35.3498428137825
0.0694949999999999 5.72955829935449 35.7410769851879
0.069995 5.7707811089045 35.9305754041701
0.070495 5.8120039184545 36.1356833275584
0.0709950000000001 5.85322672800451 36.1810199154025
0.0714950000000001 5.89444953755451 36.5442906139257
0.0719949999999999 5.93567234710449 36.6324572881426
0.0724949999999999 5.9768951566545 36.863703940292
0.072995 6.0181179662045 36.9982273398836
0.073495 6.0593407757545 37.3419671408277
0.0739950000000001 6.10056358530451 37.578334682934
0.074495 6.1417863948545 37.6524611902829
0.0749949999999999 6.18300920440449 37.8354446985648
0.075495 6.2242320139545 38.1596857589801
0.075995 6.2654548235045 38.3230801511112
0.0764950000000001 6.30667763305451 38.4844861135534
0.0769950000000001 6.34790044260451 38.7181702330115
0.0774949999999999 6.38912325215449 38.895467328117
0.0779949999999999 6.43034606170449 38.9997324390296
0.078495 6.4715688712545 39.319230810965
0.078995 6.5127916808045 39.5092402487901
0.0794950000000001 6.55401449035451 39.6810258416927
0.079995 6.5952372999045 39.7808860574789
0.0804949999999999 6.63646010945449 40.0529565447771
0.080995 6.6776829190045 40.3168350076193
0.081495 6.7189057285545 40.4587087380098
0.0819950000000001 6.7601285381045 40.6431881548586
0.0824950000000001 6.80135134765451 40.8029914294036
0.0829949999999999 6.84257415720449 41.0848878273387
0.0834949999999999 6.88379696675449 41.3131023134781
0.083995 6.9250197763045 41.4359719962424
0.084495 6.9662425858545 41.6720181885702
0.0849950000000001 7.00746539540451 41.7152403932653
0.0854950000000001 7.04868820495451 42.0673642894898
0.0859949999999999 7.08991101450449 42.162327122616
0.0864949999999999 7.1311338240545 42.4232695876253
0.086995 7.1723566336045 42.5296208106362
0.087495 7.2135794431545 42.7821800324881
0.0879950000000001 7.25480225270451 42.8530504479023
0.088495 7.2960250622545 43.0335112056132
0.0889949999999999 7.33724787180449 43.2882195426301
0.089495 7.3784706813545 43.4938154607474
0.089995 7.4196934909045 43.6530212557039
0.0904950000000001 7.4609163004545 43.8501418946949
0.0909950000000001 7.50213911000451 44.0328485371244
0.0914949999999999 7.54336191955449 44.2566559651329
0.0919949999999999 7.58458472910449 44.3665332733279
0.092495 7.6258075386545 44.6344968545959
0.092995 7.6670303482045 44.7311131547349
0.0934950000000001 7.70825315775451 44.9319011079054
0.093995 7.7494759673045 45.0343191848384
0.0944949999999999 7.79069877685449 45.34336931274
0.094995 7.8319215864045 45.510434856367
0.095495 7.8731443959545 45.7368738893435
0.0959950000000001 7.9143672055045 45.7879260065881
0.0964950000000001 7.95559001505451 45.9430906667541
0.096995 7.9968128246045 46.1533519024421
0.0974949999999999 8.03803563415449 46.4592387327893
0.097995 8.0792584437045 46.5870592495719
0.098495 8.1204812532545 46.7231365327812
0.0989950000000001 8.16170406280451 46.7769567424624
0.0994950000000001 8.20292687235451 46.9897202870028
0.0999949999999999 8.24414968190449 47.1456202893833
0.100495 8.2853724914545 47.4610683245134
0.100995 8.3265953010045 47.5507290275844
0.101495 8.3678181105545 47.7555261477725
0.101995 8.40904092010451 47.8463175363931
0.102495 8.4502637296545 48.0509638907127
0.102995 8.49148653920449 48.2170383344943
0.103495 8.5327093487545 48.3597692179763
0.103995 8.5739321583045 48.6125320172902
0.104495 8.6151549678545 48.7436224160665
0.104995 8.65637777740451 48.906824322125
0.105495 8.6976005869545 48.991723139439
0.105995 8.7388233965045 49.136076678752
0.106495 8.7800462060545 49.3615833436391
0.106995 8.8212690156045 49.6397331255529
0.107495 8.86249182515451 49.5718746811162
0.107995 8.9037146347045 49.8505164762824
0.108495 8.94493744425449 50.0958107141021
0.108995 8.9861602538045 50.305881419533
0.109495 9.0273830633545 50.300022247956
0.109995 9.0686058729045 50.4607895282132
0.110495 9.10982868245451 50.6298751021209
0.110995 9.1510514920045 50.8831550609207
0.111495 9.19227430155449 50.9527224193139
0.111995 9.2334971111045 51.1788000165567
0.112495 9.2747199206545 51.2343047938474
0.112995 9.31594273020451 51.4541839047045
0.113495 9.35716553975451 51.5429572645234
0.113995 9.3983883493045 51.7900845291007
0.114495 9.4396111588545 51.8566981563209
0.114995 9.4808339684045 52.0691642949651
0.115495 9.5220567779545 52.2814235895595
0.115995 9.56327958750451 52.3784666770111
0.116495 9.6045023970545 52.467950353542
0.116995 9.64572520660449 52.6949897628185
0.117495 9.6869480161545 52.8332046360269
0.117995 9.7281708257045 52.98766596304
0.118495 9.76939363525451 53.1195998198005
0.118995 9.81061644480451 53.3014627103714
0.119495 9.8518392543545 53.4452356618479
0.119995 9.89306206390449 53.5768826744252
0.120495 9.9342848734545 53.7571304596251
0.120995 9.9755076830045 53.8558338206001
0.121495 10.0167304925545 53.9519871528028
0.121995 10.0579533021045 54.0413300169514
0.122495 10.0991761116545 54.335408992224
0.122995 10.1403989212045 54.5372481586251
0.123495 10.1816217307545 54.5415618562089
0.123995 10.2228445403045 54.6733111378638
0.124495 10.2640673498545 54.8850875391041
0.124995 10.3052901594045 55.0239739178827
0.125495 10.3465129689545 55.0568713145919
0.125995 10.3877357785045 55.287492083022
0.126495 10.4289585880545 55.3415839169988
0.126995 10.4701813976045 55.508238596042
0.127495 10.5114042071545 55.6973068250219
0.127995 10.5526270167045 55.8888371902652
0.128495 10.5938498262545 55.9304102597291
0.128995 10.6350726358045 56.0987300219305
0.129495 10.6762954453545 56.1253241528686
0.129995 10.7175182549045 56.4074462845023
0.130495 10.7587410644545 56.5329686979526
0.130995 10.7999638740045 56.6123993948238
0.131495 10.8411866835545 56.779072789016
0.131995 10.8824094931045 56.931381736156
0.132495 10.9236323026545 57.0957682138267
0.132995 10.9648551122045 57.1434846059442
0.133495 11.0060779217545 57.2699836569232
0.133995 11.0473007313045 57.2476530435304
0.134495 11.0885235408545 57.5716900907922
0.134995 11.1297463504045 57.7459817444568
0.135495 11.1709691599545 57.778972026559
0.135995 11.2121919695045 57.9592935366528
0.136495 11.2534147790545 58.1249610244118
0.136995 11.2946375886045 58.1868155562659
0.137495 11.3358603981545 58.3814368516129
0.137995 11.3770832077045 58.3331697565526
0.138495 11.4183060172545 58.5212457836232
0.138995 11.4595288268045 58.6669446685242
0.139495 11.5007516363545 58.7765214155667
0.139995 11.5419744459045 58.9344414104849
0.140495 11.5831972554545 59.0532872087543
0.140995 11.6244200650045 59.1829046311595
0.141495 11.6656428745545 59.3685909563437
0.141995 11.7068656841045 59.4439893176429
0.142495 11.7480884936545 59.5364836645337
0.142995 11.7893113032045 59.643604508382
0.143495 11.8305341127545 59.6736072621975
0.143995 11.8717569223045 59.9864176869632
0.144495 11.9129797318545 59.9476129852358
0.144995 11.9542025414045 60.1419332071196
0.145495 11.9954253509545 60.1838514768952
0.145995 12.0366481605045 60.3666892156505
0.146495 12.0778709700545 60.4701310655208
0.146995 12.1190937796045 60.5136487922603
0.147495 12.1603165891545 60.688802030645
0.147995 12.2015393987045 60.8163276598566
0.148495 12.2427622082545 60.964405474343
0.148995 12.2839850178045 61.0140019936886
0.149495 12.3252078273545 61.1597532562317
0.149995 12.3664306369045 61.258859657115
0.150495 12.4076534464545 61.4144552817887
0.150995 12.4488762560045 61.4567507119904
0.151495 12.4900990655545 61.5776542426355
0.151995 12.5313218751045 61.6345446001694
0.152495 12.5725446846545 61.8471378732167
0.152995 12.6137674942045 61.9711020423267
0.153495 12.6549903037545 62.0617566223936
0.153995 12.6962131133045 62.1799730148185
0.154495 12.7374359228545 62.2284489573551
0.154995 12.7786587324045 62.334762082183
0.155495 12.8198815419545 62.4295971622945
0.155995 12.8611043515045 62.5379840945041
0.156495 12.9023271610545 62.680696821127
0.156995 12.9435499706045 62.8579821942292
0.157495 12.9847727801545 62.8394263933283
0.157995 13.0259955897045 62.9919044739421
0.158495 13.0672183992545 63.0392807183969
0.158995 13.1084412088045 63.2913667890843
0.159495 13.1496640183545 63.248897305607
0.159995 13.1908868279045 63.3702131852077
0.160495 13.2321096374545 63.4861061255433
0.160995 13.2733324470045 63.5985937219745
0.161495 13.3145552565545 63.6943347531952
0.161995 13.3557780661045 63.734348147059
0.162495 13.3970008756545 63.9082211793805
0.162995 13.4382236852045 63.9439919889746
0.163495 13.4794464947545 64.103487804566
0.163995 13.5206693043045 64.1662879195316
0.164495 13.5618921138545 64.2868363992642
0.164995 13.6031149234045 64.3825916394658
0.165495 13.6443377329545 64.4650691158807
0.165995 13.6855605425045 64.4951588864421
0.166495 13.7267833520545 64.5980027707612
0.166995 13.7680061616045 64.6995872257689
0.167495 13.8092289711545 64.743615111032
0.167995 13.8504517807045 65.0276454980812
0.168495 13.8916745902545 64.978231634207
0.168995 13.9328973998045 65.1441242749461
0.169495 13.9741202093545 65.1357901533153
0.169995 14.0153430189045 65.2854830232983
0.170495 14.0565658284545 65.3448094951409
0.170995 14.0977886380045 65.4773324450605
0.171495 14.1390114475545 65.5581887769875
0.171995 14.1802342571045 65.6058968103819
0.172495 14.2214570666545 65.6458955128528
0.172995 14.2626798762045 65.7827739302642
0.173495 14.3039026857545 65.8671029104978
0.173995 14.3451254953045 66.015314699693
0.174495 14.3863483048545 66.052046040696
0.174995 14.4275711144045 66.15826155033
0.175495 14.4687939239545 66.2144074198057
0.175995 14.5100167335045 66.296478158223
0.176495 14.5512395430545 66.4507316586531
0.176995 14.5924623526045 66.4376488316825
0.177495 14.6336851621545 66.5111689951191
0.177995 14.6749079717045 66.5869632715549
0.178495 14.7161307812545 66.7428864375072
0.178995 14.7573535908045 66.7629080791845
0.179495 14.7985764003545 66.8892200236531
0.179995 14.8397992099045 66.9439202784816
0.180495 14.8810220194545 67.1032494693556
0.180995 14.9222448290045 67.1433413758791
0.181495 14.9634676385545 67.2294915262587
0.181995 15.0046904481045 67.2401605367189
0.182495 15.0459132576545 67.3031718530224
0.182995 15.0871360672045 67.4925219064905
0.183495 15.1283588767545 67.4536721287395
0.183995 15.1695816863045 67.5760724042935
0.184495 15.2108044958545 67.616774160343
0.184995 15.2520273054045 67.8382100687603
0.185495 15.2932501149545 67.8194983240382
0.185995 15.3344729245045 67.9104016286897
0.186495 15.3756957340545 67.9256501609367
0.186995 15.4169185436045 68.0987617397026
0.187495 15.4581413531545 68.1957908363941
0.187995 15.4993641627045 68.1973251560946
0.188495 15.5405869722545 68.1627827385305
0.188995 15.5818097818045 68.2991029064463
0.189495 15.6230325913545 68.508099093125
0.189995 15.6642554009045 68.5266488033543
0.190495 15.7054782104545 68.5290095276788
0.190995 15.7467010200045 68.5921025497389
0.191495 15.7879238295545 68.8399610861083
0.191995 15.8291466391045 68.8477333904968
0.192495 15.8703694486545 68.8400985012445
0.192995 15.9115922582045 68.869804612593
0.193495 15.9528150677545 69.0362084044717
0.193995 15.9940378773045 69.1161915419181
0.194495 16.0352606868545 69.1034738798596
0.194995 16.0764834964045 69.2043064187164
0.195495 16.1177063059545 69.2167695539619
0.195995 16.1589291155045 69.2814656020438
0.196495 16.2001519250545 69.3214614457694
0.196995 16.2413747346045 69.468128857004
0.197495 16.2825975441545 69.5503872096788
0.197995 16.3238203537045 69.6353381222548
0.198495 16.3650431632545 69.6401917824541
0.198995 16.4062659728045 69.7188823865104
0.199495 16.4474887823545 69.8297787851324
0.199995 16.4887115919045 69.8215922309307
0.200495 16.5299344014545 69.9639167634116
0.200995 16.5711572110045 70.0130575525384
0.201495 16.6123800205545 70.0188921532056
0.201995 16.6536028301045 70.1107420074315
0.202495 16.6948256396545 70.1692659733087
0.202995 16.7360484492045 70.2549609279206
0.203495 16.7772712587545 70.3557782928295
0.203995 16.8184940683045 70.4119945577111
0.204495 16.8597168778545 70.4367097129673
0.204995 16.9009396874045 70.5546722223108
0.205495 16.9421624969545 70.6132509101121
0.205995 16.9833853065045 70.6456300140678
0.206495 17.0246081160545 70.7609312115416
0.206995 17.0658309256045 70.7439878781702
0.207495 17.1070537351545 70.8224943464397
0.207995 17.1482765447045 70.9873487410444
0.208495 17.1894993542545 71.0348560015787
0.208995 17.2307221638045 71.043907212498
0.209495 17.2719449733545 71.120370180108
0.209995 17.3131677829045 71.1286353006461
0.210495 17.3543905924545 71.1858265403865
0.210995 17.3956134020045 71.2200870583289
0.211495 17.4368362115545 71.3360814611898
0.211995 17.4780590211045 71.4286740330114
0.212495 17.5192818306545 71.4460452583949
0.212995 17.5605046402045 71.522019592821
0.213495 17.6017274497545 71.5307217450529
0.213995 17.6429502593045 71.6298913492867
0.214495 17.6841730688545 71.7321744251196
0.214995 17.7253958784045 71.7578305884642
0.215495 17.7666186879545 71.7899618632217
0.215995 17.8078414975045 71.9204347434161
0.216495 17.8490643070545 71.9606908321827
0.216995 17.8902871166045 72.0177408482754
0.217495 17.9315099261545 72.0075429540188
0.217995 17.9727327357045 72.1190903111181
0.218495 18.0139555452545 72.252779035444
0.218995 18.0551783548045 72.2735875209682
0.219495 18.0964011643545 72.2961307683043
0.219995 18.1376239739045 72.3360129757854
0.220495 18.1788467834545 72.4313114342815
0.220995 18.2200695930045 72.5157813281528
0.221495 18.2612924025545 72.6044088181006
0.221995 18.3025152121045 72.5151802777505
0.222495 18.3437380216545 72.6405311509078
0.222995 18.3849608312045 72.7581006576526
0.223495 18.4261836407545 72.798088588188
0.223995 18.4674064503045 72.8096606547178
0.224495 18.5086292598545 72.8588886175468
0.224995 18.5498520694045 72.908615540212
0.225495 18.5910748789545 72.9866593006718
0.225995 18.6322976885045 73.0673426044277
0.226495 18.6735204980545 73.0948160445059
0.226995 18.7147433076045 73.2488973522441
0.227495 18.7559661171545 73.2491418361526
0.227995 18.7971889267045 73.4173159093938
0.228495 18.8384117362545 73.2319558674992
0.228995 18.8796345458045 73.2609249622632
0.229495 18.9208573553545 73.492756487099
0.229995 18.9620801649045 73.4556038163548
0.230495 19.0033029744545 73.5813699969475
0.230995 19.0445257840045 73.5739387910776
0.231495 19.0857485935545 73.7887049831529
0.231995 19.1269714031045 73.7850539827551
0.232495 19.1681942126545 73.7942856970758
0.232995 19.2094170222045 73.9159392366067
0.233495 19.2506398317545 73.9073574405495
0.233995 19.2918626413045 74.0102754858714
0.234495 19.3330854508545 74.0060936149421
0.234995 19.3743082604045 74.1968650733819
0.235495 19.4155310699545 74.1916561938542
0.235995 19.4567538795045 74.2329367530119
0.236495 19.4979766890545 74.1983411333823
0.236995 19.5391994986045 74.3269588958409
0.237495 19.5804223081545 74.3937752321851
0.237995 19.6216451177045 74.5336225210593
0.238495 19.6628679272545 74.5608789035897
0.238995 19.7040907368045 74.6300163001197
0.239495 19.7453135463545 74.748030610707
0.239995 19.7865363559045 74.7033819639592
0.240495 19.8277591654545 74.8251841511629
0.240995 19.8689819750045 74.7244731654476
0.241495 19.9102047845545 74.8676764109469
0.241995 19.9514275941045 74.8445853705682
0.242495 19.9926504036545 74.9489791858208
0.242995 20.0338732132045 75.1021650543951
0.243495 20.0750960227545 75.1557919047072
0.243995 20.1163188323045 75.2385541248659
0.244495 20.1575416418545 75.0727566538537
0.244995 20.1987644514045 75.4037487513593
0.245495 20.2399872609545 75.3357872348076
0.245995 20.2812100705045 75.5012306778225
0.246495 20.3224328800545 75.4573631993829
0.246995 20.3636556896045 75.5117694295515
0.247495 20.4048784991545 75.712116503211
0.247995 20.4461013087045 75.7222511114234
0.248495 20.4873241182545 75.7514362339816
0.248995 20.5285469278045 75.7583341340395
0.249495 20.5697697373545 75.9301462423796
0.249995 20.6109925469045 75.797820564788
0.250495 20.6522153564545 76.1071192604438
0.250995 20.6934381660045 76.0286402340705
0.251495 20.7346609755545 76.0697525621021
0.251995 20.7758837851045 76.1231475165666
0.252495 20.8171065946545 76.3066443249013
0.252995 20.8583294042045 76.2664308939824
0.253495 20.8995522137545 76.2823266327715
0.253995 20.9407750233045 76.3719345873054
0.254495 20.9819978328545 76.4654576208963
0.254995 21.0232206424045 76.5954407729742
0.255495 21.0644434519545 76.5235473890511
0.255995 21.1056662615045 76.6953847633584
0.256495 21.1468890710545 76.7124188889611
0.256995 21.1881118806045 76.829323856098
0.257495 21.2293346901545 76.7682852080542
0.257995 21.2705574997045 76.8847627379854
0.258495 21.3117803092545 76.9248352112143
0.258995 21.3530031188045 77.0282171567536
0.259495 21.3942259283545 77.0501030728907
0.259995 21.4354487379045 77.1933787242971
0.260495 21.4766715474545 77.2883057281298
0.260995 21.5178943570045 77.4066987899889
0.261495 21.5591171665545 77.5394517494865
0.261995 21.6003399761045 77.3427302457548
0.262495 21.6415627856545 77.4972915321443
0.262995 21.6827855952045 77.6982377749645
0.263495 21.7240084047545 77.7921952861956
0.263995 21.7652312143045 77.798769227773
0.264495 21.8064540238545 77.8995036015049
0.264995 21.8476768334045 78.0300831391952
0.265495 21.8888996429545 77.909822839045
0.265995 21.9301224525045 78.0595344077391
0.266495 21.9713452620545 78.0526472778427
0.266995 22.0125680716045 78.2995525338913
0.267495 22.0537908811545 78.3170897894559
0.267995 22.0950136907045 78.4561398686854
0.268495 22.1362365002545 78.3913731629374
0.268995 22.1774593098045 78.4736673198751
0.269495 22.2186821193545 78.63371013954
0.269995 22.2599049289045 78.7010064616239
0.270495 22.3011277384545 78.8958819234822
0.270995 22.3423505480045 78.7737362793859
0.271495 22.3835733575545 78.8765028375786
0.271995 22.4247961671045 78.978012465987
0.272495 22.4660189766545 79.121622800035
0.272995 22.5072417862045 79.0786361426148
0.273495 22.5484645957545 79.2453630157742
0.273995 22.5896874053045 79.2684924234816
0.274495 22.6309102148545 79.4991326994189
0.274995 22.6721330244045 79.534428672806
0.275495 22.7133558339545 79.4794647600484
0.275995 22.7545786435045 79.6822650158424
0.276495 22.7958014530545 79.8083788290455
0.276995 22.8370242626045 79.9096895064079
0.277495 22.8782470721545 79.8690636695114
0.277995 22.9194698817045 80.0073949212371
0.278495 22.9606926912545 80.1107174642
0.278995 23.0019155008045 80.1888788040544
0.279495 23.0431383103545 80.3347928596117
0.279995 23.0843611199045 80.3432996878159
0.280495 23.1255839294545 80.5682894037493
0.280995 23.1668067390045 80.3446653222907
0.281495 23.2080295485545 80.7519951203882
0.281995 23.2492523581045 80.7857581904453
0.282495 23.2904751676545 81.0763421153794
0.282995 23.3316979772045 80.9423965997541
0.283495 23.3729207867545 81.0140541686814
0.283995 23.4141435963045 81.1984253268006
0.284495 23.4553664058545 81.2833795712641
0.284995 23.4965892154045 81.4418331823699
0.285495 23.5378120249545 81.4781817215686
0.285995 23.5790348345045 81.5059220117137
0.286495 23.6202576440545 81.6738007217108
0.286995 23.6614804536045 81.9127500315999
0.287495 23.7027032631545 81.8572666181478
0.287995 23.7439260727045 82.1134284584483
0.288495 23.7851488822545 82.0307762431843
0.288995 23.8263716918045 82.3143198643274
0.289495 23.8675945013545 82.2155238768658
0.289995 23.9088173109045 82.4447605743217
0.290495 23.9500401204545 82.6036396290575
0.290995 23.9912629300045 82.7697143309092
0.291495 24.0324857395545 82.9635159556307
0.291995 24.0737085491045 82.9105898849672
0.292495 24.1149313586545 83.1886854478566
0.292995 24.1561541682045 83.2110016715356
0.293495 24.1973769777545 83.4305597513627
0.293995 24.2385997873045 83.4156835775885
0.294495 24.2798225968545 83.3363452311248
0.294995 24.3210454064045 83.6865082974437
0.295495 24.3622682159545 83.9736817500581
0.295995 24.4034910255045 83.7492161996236
0.296495 24.4447138350545 84.1695290602811
0.296995 24.4859366446045 84.6306541871141
0.297495 24.5271594541545 84.1393890731887
0.297995 24.5683822637045 84.5734070799428
0.298495 24.6096050732545 84.6024789337307
0.298995 24.6508278828045 84.8342810946713
0.299495 24.6920506923545 85.0311743893402
0.299995 24.7332735019045 85.219891183624
0.300495 24.7744963114545 85.5823701331377
0.300995 24.8157191210045 85.3717345826662
0.301495 24.8569419305545 85.6502592728104
0.301995 24.8981647401045 85.7701704150752
0.302495 24.9393875496545 85.9423216674166
0.302995 24.9806103592045 86.1047843336483
0.303495 25.0218331687545 86.4946024276799
0.303995 25.0630559783045 86.5656005152321
0.304495 25.1042787878545 86.7477060548632
0.304995 25.1455015974045 86.7918896978735
0.305495 25.1867244069545 87.0305175132182
0.305995 25.2279472165045 87.3766889579452
0.306495 25.2691700260545 87.2551596602165
0.306995 25.3103928356045 87.590503303119
0.307495 25.3516156451545 87.7687812916355
0.307995 25.3928384547045 88.0271387996952
0.308495 25.4340612642545 88.2237178668926
0.308995 25.4752840738045 88.1936239462111
0.309495 25.5165068833545 88.4816551762217
0.309995 25.5577296929045 88.9870254060818
0.310495 25.5989525024545 88.854761151569
0.310995 25.6401753120045 89.1820898529363
0.311495 25.6813981215545 89.1978786169356
0.311995 25.7226209311045 89.463530533396
0.312495 25.7638437406545 90.0001700360775
0.312995 25.8050665502045 89.8560419692853
0.313495 25.8462893597545 89.9311421464051
0.313995 25.8875121693045 90.2938296866375
0.314495 25.9287349788545 90.6125207388426
0.314995 25.9699577884045 90.8796944961726
0.315495 26.0111805979545 91.0753980711467
0.315995 26.0524034075045 91.5094535873135
0.316495 26.0936262170545 91.4870872058382
0.316995 26.1348490266045 91.8589500038773
0.317495 26.1760718361545 92.0108647610866
0.317995 26.2172946457045 92.1250376467718
0.318495 26.2585174552545 92.561779869572
0.318995 26.2997402648045 92.9690997891559
0.319495 26.3409630743545 92.9495608713443
0.319995 26.3821858839045 93.3024610209318
0.320495 26.4234086934545 93.7519450418737
0.320995 26.4646315030045 93.9354618580718
0.321495 26.5058543125545 94.1421724796578
0.321995 26.5470771221045 94.2191420484425
0.322495 26.5882999316545 94.6379982078324
0.322995 26.6295227412045 94.7797012130362
0.323495 26.6707455507545 95.4375118498745
0.323995 26.7119683603045 95.3985455888539
0.324495 26.7531911698545 95.6417456888702
0.324995 26.7944139794045 96.184832193076
0.325495 26.8356367889545 96.2699280821719
0.325995 26.8768595985045 96.4438900002422
0.326495 26.9180824080545 97.0419774378644
0.326995 26.9593052176045 97.0076217057306
0.327495 27.0005280271545 97.7195481025635
0.327995 27.0417508367045 97.595810282085
0.328495 27.0829736462545 98.1821775822032
0.328995 27.1241964558045 98.579568905366
0.329495 27.1654192653545 98.4651799164232
0.329995 27.2066420749045 99.2288096881334
0.330495 27.2478648844545 99.1859070247403
0.330995 27.2890876940045 99.5848124038828
0.331495 27.3303105035545 99.6416143072513
0.331995 27.3715333131045 100.054183903402
0.332495 27.4127561226545 100.870705519586
0.332995 27.4539789322045 100.594725621833
0.333495 27.4952017417545 101.197211274541
0.333995 27.5364245513045 101.405690255024
0.334495 27.5776473608545 101.855101613921
0.334995 27.6188701704045 102.257082889149
0.335495 27.6600929799545 102.368224059049
0.335995 27.7013157895045 102.582826428645
0.336495 27.7425385990545 103.238241310641
0.336995 27.7837614086045 103.661232313883
0.337495 27.8249842181545 103.919624059638
0.337995 27.8662070277045 103.928858812241
0.338495 27.9074298372545 104.515577598806
0.338995 27.9486526468045 104.807475378571
0.339495 27.9898754563545 105.311940323276
0.339995 28.0310982659045 105.40171497692
0.340495 28.0723210754545 105.965855326974
0.340995 28.1135438850045 106.344073520553
0.341495 28.1547666945545 106.220718599985
0.341995 28.1959895041045 107.228632759835
0.342495 28.2372123136545 107.215940883452
0.342995 28.2784351232045 107.897974788813
0.343495 28.3196579327545 107.883358940042
0.343995 28.3608807423045 108.530468711767
0.344495 28.4021035518545 108.600166461526
0.344995 28.4433263614045 109.123226674306
0.345495 28.4845491709545 109.503777819578
0.345995 28.5257719805045 110.016608882161
0.346495 28.5669947900545 110.274372862721
0.346995 28.6082175996045 110.625535142459
0.347495 28.6494404091545 110.949799758358
0.347995 28.6906632187045 111.145057757347
0.348495 28.7318860282545 111.703365783748
0.348995 28.7731088378045 111.953557555736
0.349495 28.8143316473545 112.606857643741
0.349995 28.8555544569045 112.818067091663
0.350495 28.8967772664545 113.401715205335
0.350995 28.9380000760045 113.413081170997
0.351495 28.9792228855545 114.089460964256
0.351995 29.0204456951045 114.538307834585
0.352495 29.0616685046545 114.924821559935
0.352995 29.1028913142045 115.186148373648
0.353495 29.1441141237545 115.66330472713
0.353995 29.1853369333045 116.159465958386
0.354495 29.2265597428545 116.540991482122
0.354995 29.2677825524045 116.838729611314
0.355495 29.3090053619545 117.021518507529
0.355995 29.3502281715045 118.021397674617
0.356495 29.3914509810545 118.294171304665
0.356995 29.4326737906045 118.335812245367
0.357495 29.4738966001545 119.178248009457
0.357995 29.5151194097045 119.53411802782
0.358495 29.5563422192545 119.986728061202
0.358995 29.5975650288045 119.815166349977
0.359495 29.6387878383545 120.751551423432
0.359995 29.6800106479045 120.988674725677
0.360495 29.7212334574545 121.606660531404
0.360995 29.7624562670045 122.051334006019
0.361495 29.8036790765545 122.681182705042
0.361995 29.8449018861045 122.884992058673
0.362495 29.8861246956545 123.326115793399
0.362995 29.9273475052045 123.973862281455
0.363495 29.9685703147545 124.244278967683
0.363995 30.0097931243045 124.706182452576
0.364495 30.0510159338545 125.058862975711
0.364995 30.0922387434045 125.512286846131
0.365495 30.1334615529545 126.140569490813
0.365995 30.1746843625045 126.749036026751
0.366495 30.2159071720545 127.129128718665
0.366995 30.2571299816045 127.533508209604
0.367495 30.2983527911545 127.970627970431
0.367995 30.3395756007045 128.274206688876
0.368495 30.3807984102545 128.956534013513
0.368995 30.4220212198045 129.543902069322
0.369495 30.4632440293545 130.122537910437
0.369995 30.5044668389045 130.446376575902
0.370495 30.5456896484545 130.775477442149
0.370995 30.5869124580045 131.455726596899
0.371495 30.6281352675545 131.979453715399
0.371995 30.6693580771045 132.50362596753
0.372495 30.7105808866545 132.990697663648
0.372995 30.7518036962045 133.528444956669
0.373495 30.7930265057545 133.935750791694
0.373995 30.8342493153045 134.370065279706
0.374495 30.8754721248545 134.891940398036
0.374995 30.9166949344045 135.727277452165
0.375495 30.9579177439545 136.174027383746
0.375995 30.9991405535045 136.751205495416
0.376495 31.0403633630545 137.09222531025
0.376995 31.0815861726045 137.732117801502
0.377495 31.1228089821545 138.195939180939
0.377995 31.1640317917045 138.90827263583
0.378495 31.2052546012545 139.634826881544
0.378995 31.2464774108045 139.958944571601
0.379495 31.2877002203545 140.463978864753
0.379995 31.3289230299045 141.268013921839
0.380495 31.3701458394545 141.464373252315
0.380995 31.4113686490045 142.093714809528
0.381495 31.4525914585545 141.247733621051
0.381995 31.4938142681045 138.391548037493
0.382495 31.5350370776545 133.410563175869
0.382995 31.5762598872045 127.650291159923
0.383495 31.6174826967545 123.65422573597
0.383995 31.6587055063045 119.234939823983
0.384495 31.6999283158545 115.332235476677
0.384995 31.7411511254045 111.930605065124
0.385495 31.7823739349545 108.616417124087
0.385995 31.8235967445045 105.643995240241
0.386495 31.8648195540545 102.593253227371
0.386995 31.9060423636045 99.7890367342101
0.387495 31.9472651731545 97.1655049934697
0.387995 31.9884879827045 94.2668646991896
0.388495 32.0297107922545 91.5411825713736
0.388995 32.0709336018045 88.7922449852672
0.389495 32.1121564113545 86.2587550981026
0.389995 32.1533792209045 83.6195878673367
0.390495 32.1946020304545 81.2275430777097
0.390995 32.2358248400045 78.7766771492143
0.391495 32.2770476495545 76.496483644598
0.391995 32.3182704591045 74.3352939840746
0.392495 32.3594932686545 72.1176954570357
0.392995 32.4007160782045 69.9346427035284
0.393495 32.4419388877545 67.9483157731733
0.393995 32.4831616973045 66.0678390221124
0.394495 32.5243845068545 64.1470431618581
0.394995 32.5656073164045 62.3421889654682
0.395495 32.6068301259545 60.6638172338381
0.395995 32.6480529355045 59.0819774398576
0.396495 32.6892757450545 57.5877848320256
0.396995 32.7304985546045 56.1490208654261
0.397495 32.7717213641545 54.7665626705155
0.397995 32.8129441737045 53.5677081547181
0.398495 32.8541669832545 52.3897334477092
0.398995 32.8953897928045 51.3391337741522
0.399495 32.9366126023545 50.3874873231285
0.399995 32.9778354119045 49.5240757264814
0.400495 33.0190582214545 48.7251289239377
0.400995 33.0602810310045 47.9727767853384
0.401495 33.1015038405545 47.2891574026465
0.401995 33.1427266501045 46.6483894752821
0.402495 33.1839494596545 45.9789842157458
0.402995 33.2251722692045 45.3471288887777
0.403495 33.2663950787545 44.7327091540112
0.403995 33.3076178883045 44.1274328503357
0.404495 33.3488406978545 43.4862107732708
0.404995 33.3900635074045 42.8871369395296
0.405495 33.4312863169545 42.2344086294292
0.405995 33.4725091265045 41.6852332686763
0.406495 33.5137319360545 41.0629926910155
0.406995 33.5549547456045 40.5410580792823
0.407495 33.5961775551545 39.970613483607
0.407995 33.6374003647045 39.4148136738217
0.408495 33.6786231742545 38.9049826486573
0.408995 33.7198459838045 38.3717779992601
0.409495 33.7610687933545 37.8517286304102
0.409995 33.8022916029045 37.3284146545675
0.410495 33.8435144124545 36.8578492909628
0.410995 33.8847372220045 36.3726102324215
0.411495 33.9259600315545 35.8804551783522
0.411995 33.9671828411045 35.3841960484492
0.412495 34.0084056506545 34.8971144149349
0.412995 34.0496284602045 34.421282274539
0.413495 34.0908512697545 33.9409599217799
0.413995 34.1320740793045 33.4911879263841
0.414495 34.1732968888545 33.0242616549207
0.414995 34.2145196984045 32.5950558064336
0.415495 34.2557425079545 32.1455367468286
0.415995 34.2969653175045 31.6913184985532
0.416495 34.3381881270545 31.2798119433888
0.416995 34.3794109366045 30.8490532754686
0.417495 34.4206337461545 30.3852581376797
0.417995 34.4618565557045 29.8574024450923
0.418495 34.5030793652545 29.2960314056349
0.418995 34.5443021748045 28.723058641169
0.419495 34.5855249843545 28.1368600369843
0.419995 34.6267477939045 27.4686976264892
0.420495 34.6679706034545 26.7898855311574
0.420995 34.7091934130045 26.0583955137972
0.421495 34.7504162225545 25.3340867920313
0.421995 34.7916390321045 24.5584425091465
0.422495 34.8328618416545 23.7504172783929
0.422995 34.8740846512045 22.9169433094368
0.423495 34.9153074607545 22.054383704867
0.423995 34.9565302703045 21.1870619015257
0.424495 34.9977530798545 20.2515494301806
0.424995 35.0389758894045 19.2936311974213
0.425495 35.0801986989545 18.290116097995
0.425995 35.1214215085045 17.2840323476255
0.426495 35.1626443180545 16.1972167068772
0.426995 35.2038671276045 15.0657169813558
0.427495 35.2450899371545 13.9478843139669
0.427995 35.2863127467045 12.7835565504278
0.428495 35.3275355562545 11.5847682862978
0.428995 35.3687583658045 10.3152022821416
0.429495 35.4099811753545 8.98457551524258
0.429995 35.4512039849045 7.65154865805032
0.430495 35.4924267944545 6.37756551038954
0.430995 35.5336496040045 5.22523281696789
0.431495 35.5748724135545 4.10624252583947
0.431995 35.6160952231045 2.98000002781318
0.432495 35.6573180326545 1.90074472815958
0.432995 35.6985408422045 0.814698929290616
0.433495 35.7397636517545 -0.274548692944912
0.433995 35.7809864613045 -1.34570798496453
0.434495 35.8222092708545 -2.42443468618431
0.434995 35.8634320804045 -3.62220178090483
0.435495 35.9046548899545 -4.90709685562048
0.435995 35.9458776995045 -6.26698648240755
0.436495 35.9871005090545 -7.68484907450588
0.436995 36.0283233186045 -9.16559061905611
0.437495 36.0695461281545 -10.7147534123926
0.437995 36.1107689377045 -12.2137603998132
0.438495 36.1519917472545 -13.4564338624243
0.438995 36.1932145568045 -13.078528553178
0.439495 36.2344373663545 -11.9943910638925
0.439995 36.2756601759045 -11.2605602042112
0.440495 36.3168829854545 -11.1453999794938
0.440995 36.3581057950045 -11.1294638197055
0.441495 36.3993286045545 -10.6083277096116
0.441995 36.4405514141045 -10.3960809721506
0.442495 36.4817742236545 -9.42463405753566
0.442995 36.5229970332045 -8.69150181910343
0.443495 36.5642198427545 -7.71742371501947
0.443995 36.6054426523045 -6.41347457907713
0.444495 36.6466654618545 -5.41750754072442
0.444995 36.6878882714045 -4.73872095285264
0.445495 36.7291110809545 -4.50814685773589
0.445995 36.7703338905045 -4.09852839854411
0.446495 36.8115567000545 -4.12254568000024
0.446995 36.8527795096045 -3.81338894803805
0.447495 36.8940023191545 -3.60365597896914
0.447995 36.9352251287045 -3.6380090191638
0.448495 36.9764479382545 -3.87855511844868
0.448995 37.0176707478045 -3.71270656680383
0.449495 37.0588935573545 -3.91229363524105
0.449995 37.1001163669045 -4.1838014199036
0.450495 37.1413391764545 -4.67107074246361
0.450995 37.1825619860045 -4.62587134704341
0.451495 37.2237847955545 -4.43126272175042
0.451995 37.2650076051045 -3.99062583509268
0.452495 37.3062304146545 -3.75879618665624
0.452995 37.3474532242045 -3.36914274301143
0.453495 37.3886760337545 -3.01033384446863
0.453995 37.4298988433045 -2.59534524716865
0.454495 37.4711216528545 -2.0869548304208
0.454995 37.5123444624045 -1.96973565795438
0.455495 37.5535672719545 -1.73385357941941
0.455995 37.5947900815045 -1.27793407975309
0.456495 37.6360128910545 -0.949614057023671
0.456995 37.6772357006045 -0.68423229162606
0.457495 37.7184585101545 -0.462306546009815
0.457995 37.7596813197045 -0.333284252257675
0.458495 37.8009041292545 -0.220742098727363
0.458995 37.8421269388045 0.0209400742284778
0.459495 37.8833497483545 0.270151539980189
0.459995 37.9245725579045 0.585357996173648
0.460495 37.9657953674545 0.571496380070856
0.460995 38.0070181770045 0.786326464271718
0.461495 38.0482409865545 0.86597202536465
0.461995 38.0894637961045 0.894473824365401
0.462495 38.1306866056545 0.967865803669013
0.462995 38.1719094152045 0.745015070851044
0.463495 38.2131322247545 0.57015617283828
0.463995 38.2543550343045 0.411171969068123
0.464495 38.2955778438545 0.189639172969496
0.464995 38.3368006534045 -0.245349241696286
0.465495 38.3780234629545 -0.349929300042948
0.465995 38.4192462725045 -0.381617928604106
0.466495 38.4604690820545 -0.553236656435499
0.466995 38.5016918916045 -0.737393907848892
0.467495 38.5429147011545 -0.896440955730724
0.467995 38.5841375107045 -1.25438119377581
0.468495 38.6253603202545 -1.21806013945235
0.468995 38.6665831298045 -1.41291351403818
0.469495 38.7078059393545 -1.72934584200099
0.469995 38.7490287489045 -1.55996775183331
0.470495 38.7902515584545 -1.60108309053739
0.470995 38.8314743680045 -1.66327947740206
0.471495 38.8726971775545 -1.68815531310279
0.471995 38.9139199871045 -1.51520010518191
0.472495 38.9551427966545 -1.5705558818636
0.472995 38.9963656062045 -1.59885534072345
0.473495 39.0375884157545 -1.22734255019628
0.473995 39.0788112253045 -1.0756415642556
0.474495 39.1200340348545 -0.829230072965332
0.474995 39.1612568444045 -0.786010039150721
0.475495 39.2024796539545 -0.506187614192367
0.475995 39.2437024635045 -0.20902812575402
0.476495 39.2849252730545 -0.0729817671327562
0.476995 39.3261480826045 0.191625634264979
0.477495 39.3673708921545 0.186282184242882
0.477995 39.4085937017045 0.60715160898831
0.478495 39.4498165112545 0.662256130461769
0.478995 39.4910393208045 0.736211398450221
0.479495 39.5322621303545 0.572774466227389
0.479995 39.5734849399045 0.544543256156804
0.480495 39.6147077494545 0.618548022933827
0.480995 39.6559305590045 0.495462199544906
0.481495 39.6971533685545 0.476941099720099
0.481995 39.7383761781045 0.387059781793423
0.482495 39.7795989876545 0.385189261882439
0.482995 39.8208217972045 -0.0164540349976931
0.483495 39.8620446067545 -0.327168220001133
0.483995 39.9032674163045 -0.548040039344406
0.484495 39.9444902258545 -0.817792076304317
0.484995 39.9857130354045 -0.94471123780428
0.485495 40.0269358449545 -1.13976732179074
0.485995 40.0681586545045 -1.15457415718595
0.486495 40.1093814640545 -1.41421991844894
0.486995 40.1506042736045 -1.22628373008397
0.487495 40.1918270831545 -1.28165181446327
0.487995 40.2330498927045 -1.11746783315567
0.488495 40.2742727022545 -1.15603859528799
0.488995 40.3154955118045 -1.29658487243311
0.489495 40.3567183213545 -1.16189040788911
0.489995 40.3979411309045 -1.21765066542934
0.490495 40.4391639404545 -0.998076365435962
0.490995 40.4803867500045 -0.99943955232762
0.491495 40.5216095595545 -0.615968417650055
0.491995 40.5628323691045 -0.36608614909382
0.492495 40.6040551786545 -0.317418487292389
0.492995 40.6452779882045 -0.222238816818692
0.493495 40.6865007977545 -0.150239184750767
0.493995 40.7277236073045 -0.160648859640318
0.494495 40.7689464168545 -0.427849382801397
0.494995 40.8101692264045 -0.4528914128944
0.495495 40.8513920359545 -0.319718258210362
0.495995 40.8926148455045 -0.348494766751786
0.496495 40.9338376550545 -0.549357152835053
0.496995 40.9750604646045 -0.743601738668638
0.497495 41.0162832741545 -0.75299304142787
0.497995 41.0575060837045 -0.798502230533298
0.498495 41.0987288932545 -0.703466064876596
0.498995 41.1399517028045 -0.573856077119905
0.499495 41.1811745123545 -0.596881591941154
0.499995 41.2223973219045 -0.451990442809125
0.500495 41.2636201314545 -0.306028403826568
0.500995 41.3048429410045 -0.316374297872244
0.501495 41.3460657505545 -0.347793550255102
0.501995 41.3872885601045 -0.370395678540664
0.502495 41.4285113696545 -0.304853043405199
0.502995 41.4697341792045 -0.252748077685175
0.503495 41.5109569887545 -0.211655511175412
0.503995 41.5521797983045 -0.241778766572109
0.504495 41.5934026078545 -0.236600523144151
0.504995 41.6346254174045 -0.230092433398634
0.505495 41.6758482269545 -0.380292375875836
0.505995 41.7170710365045 -0.376763648868123
0.506495 41.7582938460545 -0.528692861789493
0.506995 41.7995166556045 -0.485316902061697
0.507495 41.8407394651545 -0.559857448615051
0.507995 41.8819622747045 -0.677485163674869
0.508495 41.9231850842545 -0.642363541382292
0.508995 41.9644078938045 -0.737932379633564
0.509495 42.0056307033545 -0.706038364421823
0.509995 42.0468535129045 -0.658943637596847
0.510495 42.0880763224545 -0.75643233919586
0.510995 42.1292991320045 -0.746162503049986
0.511495 42.1705219415545 -0.618996187585344
0.511995 42.2117447511045 -0.446183693527356
0.512495 42.2529675606545 -0.536083231932583
0.512995 42.2941903702045 -0.467469069209252
0.513495 42.3354131797545 -0.335115133032843
0.513995 42.3766359893045 -0.0948760307384663
0.514495 42.4178587988545 -0.0294958947157331
0.514995 42.4590816084045 -0.109452360630995
0.515495 42.5003044179545 0.0663929646379475
0.515995 42.5415272275045 0.0845034896405486
0.516495 42.5827500370545 0.128734240805727
0.516995 42.6239728466045 0.102457320665221
0.517495 42.6651956561545 0.10964834437072
0.517995 42.7064184657045 -0.01952650002963
0.518495 42.7476412752545 -0.0160671881371638
0.518995 42.7888640848045 -0.0818585377866573
0.519495 42.8300868943545 -0.239829612714902
0.519995 42.8713097039045 -0.123254571631364
0.520495 42.9125325134545 -0.298906603846874
0.520995 42.9537553230045 -0.196057451309456
0.521495 42.9949781325545 -0.330460678623962
0.521995 43.0362009421045 -0.320917161477989
0.522495 43.0774237516545 -0.298721931789375
0.522995 43.1186465612045 -0.34405648867642
0.523495 43.1598693707545 -0.209212826775024
0.523995 43.2010921803045 -0.28027361184559
0.524495 43.2423149898545 -0.315970969256124
0.524995 43.2835377994045 -0.418872850272438
0.525495 43.3247606089545 -0.275268215043199
0.525995 43.3659834185045 -0.260049190351778
0.526495 43.4072062280545 -0.192188075935542
0.526995 43.4484290376045 -0.209006880371401
0.527495 43.4896518471545 -0.173941789737666
0.527995 43.5308746567045 -0.141377882503888
0.528495 43.5720974662545 -0.152102222021017
0.528995 43.6133202758045 -0.304475880160758
0.529495 43.6545430853545 -0.324792108855411
0.529995 43.6957658949045 -0.31244158385617
0.530495 43.7369887044545 -0.398616693248425
0.530995 43.7782115140045 -0.43046737815725
0.531495 43.8194343235545 -0.39521625795867
0.531995 43.8606571331045 -0.209518760549806
0.532495 43.9018799426545 -0.507530797052855
0.532995 43.9431027522045 -0.390107490004824
0.533495 43.9843255617545 -0.377530645006561
0.533995 44.0255483713045 -0.315024859761719
0.534495 44.0667711808545 -0.235905553657382
0.534995 44.1079939904045 -0.28542655770701
0.535495 44.1492167999545 -0.219192464305769
0.535995 44.1904396095045 -0.268410004123783
0.536495 44.2316624190545 -0.139325659272784
0.536995 44.2728852286045 -0.170652050761328
0.537495 44.3141080381545 -0.179431951541255
0.537995 44.3553308477045 -0.0953838525083911
0.538495 44.3965536572545 -0.190005034704861
0.538995 44.4377764668045 -0.180941319975227
0.539495 44.4789992763545 -0.141121264647414
0.539995 44.5202220859045 -0.113406100046924
0.540495 44.5614448954545 -0.108648723964307
0.540995 44.6026677050045 -0.0643117994662846
0.541495 44.6438905145545 0.0375472877300523
0.541995 44.6851133241045 -0.014852788065512
0.542495 44.7263361336545 -0.00244690163200166
0.542995 44.7675589432045 0.0294433996874843
0.543495 44.8087817527545 -0.136707238959867
0.543995 44.8500045623045 -0.210922826472238
0.544495 44.8912273718545 -0.342273918960608
0.544995 44.9324501814045 -0.398827855990999
0.545495 44.9736729909545 -0.328224682796853
0.545995 45.0148958005045 -0.491150503140718
0.546495 45.0561186100545 -0.353829155808595
0.546995 45.0973414196045 -0.483182669957408
0.547495 45.1385642291545 -0.376867466373711
0.547995 45.1797870387045 -0.529870657875766
0.548495 45.2210098482545 -0.384521789259351
0.548995 45.2622326578045 -0.419036995620049
0.549495 45.3034554673545 -0.559681376072705
0.549995 45.3446782769045 -0.444415387982595
0.550495 45.3859010864545 -0.554285572844183
0.550995 45.4271238960045 -0.492112386190139
0.551495 45.4683467055545 -0.56780131738182
0.551995 45.5095695151045 -0.400645415130912
0.552495 45.5507923246545 -0.524903944358641
0.552995 45.5920151342045 -0.574336161844498
0.553495 45.6332379437545 -0.516507325953736
0.553995 45.6744607533045 -0.480165934672706
0.554495 45.7156835628545 -0.340544264289307
0.554995 45.7569063724045 -0.335421884797484
0.555495 45.7981291819545 -0.270659655313828
0.555995 45.8393519915045 -0.27307980106274
0.556495 45.8805748010545 -0.224480020815934
0.556995 45.9217976106045 -0.221527920897115
0.557495 45.9630204201545 -0.28878968061521
0.557995 46.0042432297045 -0.190408730882878
0.558495 46.0454660392545 -0.183577048601248
0.558995 46.0866888488045 -0.165358356395929
0.559495 46.1279116583545 -0.196380314272999
0.559995 46.1691344679045 -0.105080883035268
0.560495 46.2103572774545 -0.167316787762474
0.560995 46.2515800870045 -0.14088361375053
0.561495 46.2928028965545 -0.156671798061473
0.561995 46.3340257061045 -0.126826837785617
0.562495 46.3752485156545 -0.176045010175902
0.562995 46.4164713252045 -0.10500656228114
0.563495 46.4576941347545 -0.0553300630503146
0.563995 46.4989169443045 0.0922273893275428
0.564495 46.5401397538545 0.00276499034547566
0.564995 46.5813625634045 0.130970449107097
0.565495 46.6225853729545 0.0103114688294612
0.565995 46.6638081825045 0.216302405998094
0.566495 46.7050309920545 0.199636938833144
0.566995 46.7462538016045 0.195086915034517
0.567495 46.7874766111545 0.183618406212354
0.567995 46.8286994207045 0.12126914129511
0.568495 46.8699222302545 0.264065803987271
0.568995 46.9111450398045 0.120355464412155
0.569495 46.9523678493545 0.175674100235036
0.569995 46.9935906589045 0.114355152260716
0.570495 47.0348134684545 0.138469536800372
0.570995 47.0760362780045 0.0850700634411874
0.571495 47.1172590875545 0.182308901290581
0.571995 47.1584818971045 0.0929236687658107
0.572495 47.1997047066545 0.0122222534021283
0.572995 47.2409275162045 0.109165425380849
0.573495 47.2821503257545 -0.0309485823501684
0.573995 47.3233731353045 -0.161105210528897
0.574495 47.3645959448545 -0.0234491515240689
0.574995 47.4058187544045 -0.0724355521744331
0.575495 47.4470415639545 -0.149214719210752
0.575995 47.4882643735045 -0.244387568943933
0.576495 47.5294871830545 -0.17231265388103
0.576995 47.5707099926045 -0.197012652202207
0.577495 47.6119328021545 -0.336750643202223
0.577995 47.6531556117045 -0.330591210879313
0.578495 47.6943784212545 -0.257937967536951
0.578995 47.7356012308045 -0.331345901142083
0.579495 47.7768240403545 -0.564644274889449
0.579995 47.8180468499045 -0.426395186404429
0.580495 47.8592696594545 -0.472301346134619
0.580995 47.9004924690045 -0.570796521325475
0.581495 47.9417152785545 -0.602848219736607
0.581995 47.9829380881045 -0.437966027115574
0.582495 48.0241608976545 -0.398888171787734
0.582995 48.0653837072045 -0.504643499638967
0.583495 48.1066065167545 -0.381444422220556
0.583995 48.1478293263045 -0.273303360398798
0.584495 48.1890521358545 -0.274444783207314
0.584995 48.2302749454045 -0.325183928286818
0.585495 48.2714977549545 -0.262101058814652
0.585995 48.3127205645045 -0.231505366638464
0.586495 48.3539433740545 -0.219486113386502
0.586995 48.3951661836045 -0.181284628556059
0.587495 48.4363889931545 -0.170128567268345
0.587995 48.4776118027045 -0.159539957551666
0.588495 48.5188346122545 -0.091599908029382
0.588995 48.5600574218045 -0.114451067479484
0.589495 48.6012802313545 -0.134097152856751
0.589995 48.6425030409045 -0.0628518186802543
0.590495 48.6837258504545 -0.141766249084413
0.590995 48.7249486600045 -0.117901999261743
0.591495 48.7661714695545 -0.108665013685965
0.591995 48.8073942791045 -0.102761366969633
0.592495 48.8486170886545 -0.194354923499324
0.592995 48.8898398982045 -0.0734665692820871
0.593495 48.9310627077545 -0.0429314723337516
0.593995 48.9722855173045 -0.0299287487308424
0.594495 49.0135083268545 -0.038275652066627
0.594995 49.0547311364045 -0.0465121386759417
0.595495 49.0959539459545 -0.107194742093993
0.595995 49.1371767555045 -0.247038195946352
0.596495 49.1783995650545 -0.229490773625645
0.596995 49.2196223746045 -0.241504010837048
0.597495 49.2608451841545 -0.291681130360609
0.597995 49.3020679937045 -0.617532155735159
0.598495 49.3432908032545 -0.367413212667495
0.598995 49.3845136128045 -0.439558828507313
0.599495 49.4257364223545 -0.369814354765743
0.599995 49.4669592319045 -0.515762088334753
0.600495 49.5081820414545 -0.397984939314644
0.600995 49.5494048510045 -0.325233919762761
0.601495 49.5906276605545 -0.485968296740344
0.601995 49.6318504701045 -0.439614289336197
0.602495 49.6730732796545 -0.357074534529587
0.602995 49.7142960892045 -0.315160077417051
0.603495 49.7555188987545 -0.548634054847817
0.603995 49.7967417083045 -0.309801781521647
0.604495 49.8379645178545 -0.254871280859179
0.604995 49.8791873274045 -0.284262908654677
0.605495 49.9204101369545 -0.262393626694696
0.605995 49.9616329465045 -0.0598253126074864
0.606495 50.0028557560545 -0.00772497004327177
0.606995 50.0440785656045 -5.10537947594591e-05
0.607495 50.0853013751545 0.0182816643194012
0.607995 50.1265241847045 0.125314665916096
0.608495 50.1677469942545 0.161369958798229
0.608995 50.2089698038045 0.0645588505368253
0.609495 50.2501926133545 0.159425828997591
0.609995 50.2914154229045 0.0707289917857551
0.610495 50.3326382324545 0.243555596158298
0.610995 50.3738610420045 0.21015076204165
0.611495 50.4150838515545 0.153106269480102
0.611995 50.4563066611045 0.164770122300005
0.612495 50.4975294706545 -0.0465993689063077
0.612995 50.5387522802045 0.00146139112721141
0.613495 50.5799750897545 -0.250750378645902
0.613995 50.6211978993045 -0.123658505722913
0.614495 50.6624207088545 -0.202323995964809
0.614995 50.7036435184045 -0.222525826825053
0.615495 50.7448663279545 -0.196671553732645
0.615995 50.7860891375045 -0.146361348229967
0.616495 50.8273119470545 -0.196652357880356
0.616995 50.8685347566045 -0.141557285402049
0.617495 50.9097575661545 -0.137782573023295
0.617995 50.9509803757045 0.0468620604386008
0.618495 50.9922031852545 -0.0411898648408956
0.618995 51.0334259948045 0.00783092778029583
0.619495 51.0746488043545 -0.022933686370624
0.619995 51.1158716139045 0.00209752381634005
0.620495 51.1570944234545 0.109547086614378
0.620995 51.1983172330045 0.207207970892655
0.621495 51.2395400425545 0.332960240139006
0.621995 51.2807628521045 0.22365521604782
0.622495 51.3219856616545 0.213778157829632
0.622995 51.3632084712045 0.191231894590006
0.623495 51.4044312807545 0.166147180941037
0.623995 51.4456540903045 0.00702042059754491
0.624495 51.4868768998545 -0.0609234696740067
0.624995 51.5280997094045 -0.0190266583301896
0.625495 51.5693225189545 -0.178469067813084
0.625995 51.6105453285045 -0.199814012311138
0.626495 51.6517681380545 -0.247898172320068
0.626995 51.6929909476045 -0.154162933058987
0.627495 51.7342137571545 -0.213908319510115
0.627995 51.7754365667045 -0.336396970537711
0.628495 51.8166593762545 -0.28127138804456
0.628995 51.8578821858045 -0.33258341290912
0.629495 51.8991049953545 -0.211156666312831
0.629995 51.9403278049045 -0.30893541677329
0.630495 51.9815506144545 -0.296242296583336
0.630995 52.0227734240045 -0.400735151008052
0.631495 52.0639962335545 -0.278227484363348
0.631995 52.1052190431045 -0.307725544878026
0.632495 52.1464418526545 -0.25340514049766
0.632995 52.1876646622045 -0.104720347762433
0.633495 52.2288874717545 -0.0134295860579126
0.633995 52.2701102813045 -0.040934131945514
0.634495 52.3113330908545 0.026128566063202
0.634995 52.3525559004045 0.101684134150245
0.635495 52.3937787099545 0.0279337407707344
0.635995 52.4350015195045 -0.0448407323445749
0.636495 52.4762243290545 -0.0271706806176947
0.636995 52.5174471386045 -0.000716926492731546
0.637495 52.5586699481545 0.133720923498828
0.637995 52.5998927577045 0.0491945995415753
0.638495 52.6411155672545 0.0369571368782463
0.638995 52.6823383768045 -0.0231680459307927
0.639495 52.7235611863545 -0.0244922448664011
0.639995 52.7647839959045 -0.165670459943099
0.640495 52.8060068054545 -0.12930549587393
0.640995 52.8472296150045 -0.0852210088097991
0.641495 52.8884524245545 -0.284615655956663
0.641995 52.9296752341045 -0.237657488785736
0.642495 52.9708980436545 -0.170465327771166
0.642995 53.0121208532045 -0.311561591781525
0.643495 53.0533436627545 -0.303723370540549
0.643995 53.0945664723045 -0.430134151232777
0.644495 53.1357892818545 -0.280710609408349
0.644995 53.1770120914045 -0.324185729391986
0.645495 53.2182349009545 -0.291907034562355
0.645995 53.2594577105045 -0.368199362563614
0.646495 53.3006805200545 -0.351058422291444
0.646995 53.3419033296045 -0.279726511162169
0.647495 53.3831261391545 -0.366915056229388
0.647995 53.4243489487045 -0.221519208834892
0.648495 53.4655717582545 -0.227224230535878
0.648995 53.5067945678045 -0.309500824408801
0.649495 53.5480173773545 -0.221654686887035
0.649995 53.5892401869045 -0.15370995823227
0.650495 53.6304629964545 -0.0647348429749124
0.650995 53.6716858060045 -0.0781220874647972
0.651495 53.7129086155545 0.019830623525542
0.651995 53.7541314251045 -0.00759048914268229
0.652495 53.7953542346545 0.00391124683890802
0.652995 53.8365770442045 0.121693184138779
0.653495 53.8777998537545 -0.064954189675613
0.653995 53.9190226633045 0.158813329377571
0.654495 53.9602454728545 0.0667508353643941
0.654995 54.0014682824045 0.118238003907078
0.655495 54.0426910919545 0.0370098946374927
0.655995 54.0839139015045 0.119650527852506
0.656495 54.1251367110545 0.106603520681251
0.656995 54.1663595206045 -0.045704003871529
0.657495 54.2075823301545 0.000262815264433392
0.657995 54.2488051397045 -0.0692717035867024
0.658495 54.2900279492545 -0.198669149854374
0.658995 54.3312507588045 -0.170953197424077
0.659495 54.3724735683545 -0.126855155144451
0.659995 54.4136963779045 -0.0848668027000659
0.660495 54.4549191874545 -0.168303421522034
0.660995 54.4961419970045 -0.0488576019561738
0.661495 54.5373648065545 -0.0664480529516625
0.661995 54.5785876161045 -0.0342457987362408
0.662495 54.6198104256545 -0.153652129483808
0.662995 54.6610332352045 -0.121401188948729
0.663495 54.7022560447545 -0.058311549291122
0.663995 54.7434788543045 -0.236214397757182
0.664495 54.7847016638545 -0.222999083582503
0.664995 54.8259244734045 -0.240489603636301
0.665495 54.8671472829545 -0.196729545753031
0.665995 54.9083700925045 -0.228677697989985
0.666495 54.9495929020545 -0.147986036891684
0.666995 54.9908157116045 -0.157757298408773
0.667495 55.0320385211545 -0.175820258551927
0.667995 55.0732613307045 -0.0646478967218464
0.668495 55.1144841402545 -0.0375567887248214
0.668995 55.1557069498045 0.0460299867355386
0.669495 55.1969297593545 0.0880054176557115
0.669995 55.2381525689045 0.0840933475484314
0.670495 55.2793753784545 0.159379159803579
0.670995 55.3205981880045 0.154277431956259
0.671495 55.3618209975545 0.0500464982970855
0.671995 55.4030438071045 0.103874183452728
0.672495 55.4442666166545 0.10560180606225
0.672995 55.4854894262045 0.0521502606844238
0.673495 55.5267122357545 0.160512181251242
0.673995 55.5679350453045 0.220688918946046
0.674495 55.6091578548545 0.171072758329164
0.674995 55.6503806644045 0.180262553298644
0.675495 55.6916034739545 0.0510705068946599
0.675995 55.7328262835045 0.052185607643923
0.676495 55.7740490930545 -0.0393217736920753
0.676995 55.8152719026045 -0.0778690404161284
0.677495 55.8564947121545 -0.116967654455363
0.677995 55.8977175217045 -0.188487119707
0.678495 55.9389403312545 -0.2141258509642
0.678995 55.9801631408045 -0.190314346924272
0.679495 56.0213859503545 -0.190733951619419
0.679995 56.0626087599045 -0.278312282009219
0.680495 56.1038315694545 -0.175692352147088
0.680995 56.1450543790045 -0.19362330740641
0.681495 56.1862771885545 -0.191069803101466
0.681995 56.2274999981045 -0.0571626620951068
0.682495 56.2687228076545 -0.178037796602942
0.682995 56.3099456172045 -0.0278338394305078
0.683495 56.3511684267545 -0.0366811407901606
0.683995 56.3923912363045 0.0303944544773731
0.684495 56.4336140458545 0.0466737487297989
0.684995 56.4748368554045 0.00835745367561694
0.685495 56.5160596649545 0.0118148782196845
0.685995 56.5572824745045 -0.0327197176766702
0.686495 56.5985052840545 -0.0599635041232286
0.686995 56.6397280936045 -0.126873591372755
0.687495 56.6809509031545 -0.0854600176426343
0.687995 56.7221737127045 -0.133399860419528
0.688495 56.7633965222545 -0.0758397089801175
0.688995 56.8046193318045 -0.11244156859674
0.689495 56.8458421413545 -0.195251985724907
0.689995 56.8870649509045 -0.217299648756259
0.690495 56.9282877604545 -0.271429622300798
0.690995 56.9695105700045 -0.145419441121092
0.691495 57.0107333795545 -0.189701219355365
0.691995 57.0519561891045 -0.129271330749143
0.692495 57.0931789986545 -0.143333051768848
0.692995 57.1344018082045 -0.152321672734802
0.693495 57.1756246177545 -0.0486754288271052
0.693995 57.2168474273045 -0.206179576628783
0.694495 57.2580702368545 -0.0817090473100238
0.694995 57.2992930464045 -0.227727823600155
0.695495 57.3405158559545 0.00905212343886543
0.695995 57.3817386655045 -0.0346478467087924
0.696495 57.4229614750545 0.0552148132528226
0.696995 57.4641842846045 -0.0569511118592595
0.697495 57.5054070941545 0.0572245440368218
0.697995 57.5466299037045 0.202257088985184
0.698495 57.5878527132545 0.205672015359084
0.698995 57.6290755228045 0.20937301547955
0.699495 57.6702983323545 0.226178545980603
0.699995 57.7115211419045 0.214846931956844
0.700495 57.7527439514545 0.158503453404441
0.700995 57.7939667610045 0.0529697720340315
0.701495 57.8351895705545 0.136147378885074
0.701995 57.8764123801045 0.0944289563939605
0.702495 57.9176351896545 0.0572338815346327
0.702995 57.9588579992045 0.077555615089457
0.703495 58.0000808087545 0.0105742314278596
0.703995 58.0413036183045 0.0278276109506372
0.704495 58.0825264278545 0.0149566236323742
0.704995 58.1237492374045 0.0871035863806172
0.705495 58.1649720469545 -0.0755543606811114
0.705995 58.2061948565045 -0.137037399837561
0.706495 58.2474176660545 -0.176967840648906
0.706995 58.2886404756045 -0.146397678654368
0.707495 58.3298632851545 -0.202964804754731
0.707995 58.3710860947045 -0.273149753427993
0.708495 58.4123089042545 -0.203001114235644
0.708995 58.4535317138045 -0.273925456622376
0.709495 58.4947545233545 -0.203412298816644
0.709995 58.5359773329045 -0.255675198792169
0.710495 58.5772001424545 -0.144914358051518
0.710995 58.6184229520045 -0.204888520851993
0.711495 58.6596457615545 -0.206057746954611
0.711995 58.7008685711045 -0.127277048331478
0.712495 58.7420913806545 -0.144769562768388
0.712995 58.7833141902045 -0.151903344799659
0.713495 58.8245369997545 -0.222665767863608
0.713995 58.8657598093045 -0.0650709723126428
0.714495 58.9069826188545 -0.16744668725657
0.714995 58.9482054284045 -0.130939421977372
0.715495 58.9894282379545 -0.016949156944791
0.715995 59.0306510475045 -0.0540314591402009
0.716495 59.0718738570545 -0.00235121286793043
0.716995 59.1130966666045 -0.0263661199303309
0.717495 59.1543194761545 0.060505983191927
0.717995 59.1955422857045 0.02005799411101
0.718495 59.2367650952545 0.0216070561113854
0.718995 59.2779879048045 0.0525146316038077
0.719495 59.3192107143545 0.113173670223003
0.719995 59.3604335239045 0.0551603885771283
0.720495 59.4016563334545 0.137771545469641
0.720995 59.4428791430045 0.0951847387174981
0.721495 59.4841019525545 0.132603516525376
0.721995 59.5253247621045 0.103717489017304
0.722495 59.5665475716545 0.0708140067395732
0.722995 59.6077703812045 0.0286566625863101
0.723495 59.6489931907545 0.0390652168522023
0.723995 59.6902160003045 0.0505740656831682
0.724495 59.7314388098545 0.0731259824893821
0.724995 59.7726616194045 -0.0757838422215235
0.725495 59.8138844289545 -0.11874738825386
0.725995 59.8551072385045 -0.248141183374989
0.726495 59.8963300480545 -0.232511190462782
0.726995 59.9375528576045 -0.234469589914805
0.727495 59.9787756671545 -0.352552518187799
0.727995 60.0199984767045 -0.319122375126963
0.728495 60.0612212862545 -0.371591339407768
0.728995 60.1024440958045 -0.342274327663368
0.729495 60.1436669053545 -0.531421759984083
0.729995 60.1848897149045 -0.455471073416499
0.730495 60.2261125244545 -0.523301140267902
0.730995 60.2673353340045 -0.467975922076561
0.731495 60.3085581435545 -0.489347359901155
0.731995 60.3497809531045 -0.41396638538797
0.732495 60.3910037626545 -0.379147540296338
0.732995 60.4322265722045 -0.393634879683929
0.733495 60.4734493817545 -0.254825977183433
0.733995 60.5146721913045 -0.248752416647839
0.734495 60.5558950008545 -0.227280763777723
0.734995 60.5971178104045 -0.141184810994139
0.735495 60.6383406199545 -0.114023698996756
0.735995 60.6795634295045 -0.00392865491299883
0.736495 60.7207862390545 -0.0743600654996618
0.736995 60.7620090486045 0.0960940086041637
0.737495 60.8032318581545 0.113242640839448
0.737995 60.8444546677045 0.0993699126033366
0.738495 60.8856774772545 -0.00841196653951871
0.738995 60.9269002868045 0.076096207766592
0.739495 60.9681230963545 0.0968984744478742
0.739995 61.0093459059045 0.0947335308903393
0.740495 61.0505687154545 0.0298950803523843
0.740995 61.0917915250045 0.137543885279223
0.741495 61.1330143345545 0.154911708961999
0.741995 61.1742371441045 0.164137582313107
0.742495 61.2154599536545 0.155550416010804
0.742995 61.2566827632045 0.295788616816789
0.743495 61.2979055727545 0.195033806025579
0.743995 61.3391283823045 0.236730781367471
0.744495 61.3803511918545 0.0705699767611238
0.744995 61.4215740014045 0.315553745747147
0.745495 61.4627968109545 0.123232389965605
0.745995 61.5040196205045 0.0495933122108474
0.746495 61.5452424300545 0.012568846534457
0.746995 61.5864652396045 0.10996245991593
0.747495 61.6276880491545 0.0689374557992933
0.747995 61.6689108587045 -0.173285498433812
0.748495 61.7101336682545 -0.0750303455685299
0.748995 61.7513564778045 -0.165081828240301
0.749495 61.7925792873545 -0.120156650433762
0.749995 61.8338020969045 -0.307403965074613
0.750495 61.8750249064545 -0.225761668494344
0.750995 61.9162477160045 -0.182100704924658
0.751495 61.9574705255545 -0.166133911052792
0.751995 61.9986933351045 -0.219124136224379
0.752495 62.0399161446545 -0.336555277360623
0.752995 62.0811389542045 -0.322010858339562
0.753495 62.1223617637545 -0.212430236609883
0.753995 62.1635845733045 -0.333212279254779
0.754495 62.2048073828545 -0.260070870969829
0.754995 62.2460301924045 -0.272899490000121
0.755495 62.2872530019545 -0.265219265606701
0.755995 62.3284758115045 -0.301670221974508
0.756495 62.3696986210545 -0.189490390758139
0.756995 62.4109214306045 -0.136649382948674
0.757495 62.4521442401545 -0.183871678291685
0.757995 62.4933670497045 -0.105288235425374
0.758495 62.5345898592545 -0.19522984841715
0.758995 62.5758126688045 -0.000284460377205261
0.759495 62.6170354783545 -0.0711118543085482
0.759995 62.6582582879045 -0.0413366491565193
0.760495 62.6994810974545 -0.0167214542222424
0.760995 62.7407039070045 -0.0172682916364699
0.761495 62.7819267165545 -0.0409506374058864
0.761995 62.8231495261045 -0.0341249263626012
0.762495 62.8643723356545 -0.0416152785605167
0.762995 62.9055951452045 -0.0594792186958764
0.763495 62.9468179547545 -0.0172352356455316
0.763995 62.9880407643045 0.0137720307988485
0.764495 63.0292635738545 0.021175805843809
0.764995 63.0704863834045 0.0588109116657115
0.765495 63.1117091929545 -0.0189962143249392
0.765995 63.1529320025045 0.029714938613112
0.766495 63.1941548120545 -0.00830669405042758
0.766995 63.2353776216045 0.134260786878447
0.767495 63.2766004311545 0.034143971515637
0.767995 63.3178232407045 -0.017153705124408
0.768495 63.3590460502545 0.0313220915178028
0.768995 63.4002688598045 -0.0147370987253782
0.769495 63.4414916693545 0.0922788128156916
0.769995 63.4827144789045 -0.0567537472405073
0.770495 63.5239372884545 0.0432861005438647
0.770995 63.5651600980045 0.0435202030656252
0.771495 63.6063829075545 -0.0330468176890518
0.771995 63.6476057171045 -0.0394893190452793
0.772495 63.6888285266545 -0.113144560387134
0.772995 63.7300513362045 -0.0218113514123178
0.773495 63.7712741457545 -0.0811601428758615
0.773995 63.8124969553045 -0.0651840330052446
0.774495 63.8537197648545 -0.0734286948483405
0.774995 63.8949425744045 -0.0490214681824959
0.775495 63.9361653839545 -0.130839000728246
0.775995 63.9773881935045 0.00185022456247144
0.776495 64.0186110030545 -0.0240225123375331
0.776995 64.0598338126045 -0.200860509281229
0.777495 64.1010566221545 -0.198268697949218
0.777995 64.1422794317045 -0.184662169325327
0.778495 64.1835022412545 -0.12417228008414
0.778995 64.2247250508045 -0.168067391697393
0.779495 64.2659478603545 -0.104334086463721
0.779995 64.3071706699045 -0.0568027750662805
0.780495 64.3483934794545 -0.193802263928359
0.780995 64.3896162890045 -0.0757788271534253
0.781495 64.4308390985545 -0.112336764918426
0.781995 64.4720619081045 -0.168083896165035
0.782495 64.5132847176545 -0.217308755903971
0.782995 64.5545075272045 -0.0729815137076737
0.783495 64.5957303367545 -0.133571318230303
0.783995 64.6369531463045 -0.163560908579532
0.784495 64.6781759558545 -0.159264393894786
0.784995 64.7193987654045 -0.0855473957573665
0.785495 64.7606215749545 -0.0791054926433777
0.785995 64.8018443845045 -0.0401689176385534
0.786495 64.8430671940545 0.0162552002944284
0.786995 64.8842900036045 -0.0925064088148178
0.787495 64.9255128131545 -0.0288828055728868
0.787995 64.9667356227045 -0.0222679860185744
0.788495 65.0079584322545 -0.0188655514708946
0.788995 65.0491812418045 0.0340538152582212
0.789495 65.0904040513545 -0.0373813326912037
0.789995 65.1316268609045 0.0355651672443429
0.790495 65.1728496704545 0.0102075480928477
0.790995 65.2140724800045 0.0345905173699161
0.791495 65.2552952895545 0.0447904810799252
0.791995 65.2965180991045 0.0863363814896323
0.792495 65.3377409086545 0.221773696495082
0.792995 65.3789637182045 0.222938777837522
0.793495 65.4201865277545 0.300103681079492
0.793995 65.4614093373045 0.264296613369254
0.794495 65.5026321468545 0.257108489092905
0.794995 65.5438549564045 0.300625756695945
0.795495 65.5850777659545 0.302686393134265
0.795995 65.6263005755045 0.375445511253566
0.796495 65.6675233850545 0.282464398084733
0.796995 65.7087461946045 0.32962562779175
0.797495 65.7499690041545 0.335153281779305
0.797995 65.7911918137045 0.3010251564204
0.798495 65.8324146232545 0.340716202814756
