# Fix print output for fix Step
0 0 0.600576560582287
0.000494999999999968 0.0216056019464986 0.886546426292559
0.000994999999999925 0.0434294422964967 1.11332918331509
0.00149499999999988 0.0652532826464949 1.65428825895671
0.00199499999999997 0.0870771229964987 1.64822028707293
0.00249500000000006 0.108900963346503 1.97657297346503
0.00299500000000002 0.130724803696501 2.42524934333437
0.00349499999999997 0.152548644046499 2.27253056508441
0.00399499999999993 0.174372484396497 2.86306794251433
0.00449499999999989 0.196196324746495 3.13536133652053
0.00499499999999997 0.218020165096499 3.05915707627335
0.00549500000000006 0.239844005446503 3.63029995377494
0.00599500000000002 0.261667845796501 3.95487427713593
0.00649499999999998 0.283491686146499 3.81872686493747
0.00699499999999993 0.305315526496497 4.51867459766806
0.00749499999999989 0.327139366846495 4.55002974039251
0.00799499999999998 0.348963207196499 4.72304977005105
0.00849500000000007 0.370787047546503 5.30982400528172
0.00899500000000002 0.392610887896501 5.24506782744818
0.00949499999999998 0.414434728246499 5.56336284877531
0.00999499999999994 0.436258568596497 6.10840755936861
0.0104949999999999 0.458082408946495 5.99269767746574
0.010995 0.479906249296499 6.31764040013085
0.0114950000000001 0.501730089646503 6.76846218551306
0.011995 0.523553929996501 6.69099695599049
0.012495 0.545377770346499 7.1767244477709
0.0129949999999999 0.567201610696497 7.48832806934759
0.0134949999999999 0.589025451046496 7.47982825468371
0.013995 0.610849291396499 7.98903822266048
0.0144950000000001 0.632673131746503 8.10944921660425
0.014995 0.654496972096501 8.14629243184267
0.015495 0.6763208124465 8.76894917924086
0.0159949999999999 0.698144652796498 8.87456203121511
0.0164949999999999 0.719968493146496 8.87681565628984
0.016995 0.7417923334965 9.44084122311746
0.0174950000000001 0.763616173846503 9.50541845401474
0.017995 0.785440014196502 9.73064243707314
0.018495 0.8072638545465 10.1602026520244
0.0189949999999999 0.829087694896498 10.1044438961797
0.0194949999999999 0.850911535246496 10.4205311804505
0.019995 0.8727353755965 10.9204154701285
0.0204950000000001 0.894559215946504 10.8718638228535
0.020995 0.916383056296502 11.1219974095839
0.021495 0.9382068966465 11.5161102803091
0.021995 0.960030736996498 11.5069171353139
0.0224949999999999 0.981854577346496 11.9713366431304
0.022995 1.0036784176965 12.2474515912447
0.0234950000000001 1.0255022580465 12.195742156961
0.023995 1.0473260983965 12.5901427525485
0.024495 1.0691499387465 12.8668990101182
0.024995 1.0909737790965 12.888586792492
0.0254949999999999 1.1127976194465 13.3587182411838
0.0259949999999999 1.13462145979649 13.5332865833788
0.0264950000000001 1.1564453001465 13.5737551706207
0.026995 1.1782691404965 13.9194096321181
0.027495 1.2000929808465 14.1320407017629
0.027995 1.2219168211965 14.2541283903062
0.0284949999999999 1.2437406615465 14.6909547000193
0.0289949999999999 1.26556450189649 14.8744078773169
0.0294950000000001 1.2873883422465 14.928374484457
0.0299950000000001 1.3092121825965 15.2794906114086
0.030495 1.3310360229465 15.4330156923446
0.030995 1.3528598632965 15.6445331472895
0.0314949999999999 1.3746837036465 15.9931248280491
0.0319949999999999 1.39650754399649 16.0887625651791
0.0324950000000001 1.4183313843465 16.2390399115493
0.0329950000000001 1.4401552246965 16.6942345685845
0.033495 1.4619790650465 16.7476909721096
0.033995 1.4838029053965 16.9259554017649
0.0344949999999999 1.5056267457465 17.3171577425054
0.0349949999999999 1.5274505860965 17.322966075698
0.035495 1.5492744264465 17.5596960898313
0.0359950000000001 1.5710982667965 17.8990959501469
0.036495 1.5929221071465 17.9370130185476
0.036995 1.6147459474965 18.2711603952885
0.0374949999999999 1.6365697878465 18.5885299684105
0.0379949999999999 1.6583936281965 18.6733390688963
0.038495 1.6802174685465 18.9332934943203
0.0389950000000001 1.7020413088965 19.1548888258985
0.039495 1.7238651492465 19.2282730051416
0.039995 1.7456889895965 19.5375157987929
0.0404949999999999 1.7675128299465 19.7433072815692
0.0409949999999999 1.7893366702965 19.8317931708221
0.041495 1.8111605106465 20.1579537838769
0.0419950000000001 1.8329843509965 20.3892140443393
0.042495 1.8548081913465 20.4627257350739
0.042995 1.8766320316965 20.8229945421858
0.0434949999999999 1.8984558720465 20.9736684382861
0.0439949999999999 1.9202797123965 21.0820156914271
0.044495 1.9421035527465 21.3877885620119
0.0449950000000001 1.9639273930965 21.5625896891301
0.045495 1.9857512334465 21.6518673522294
0.045995 2.0075750737965 21.9379691487392
0.0464949999999999 2.0293989141465 22.1170595411299
0.0469949999999999 2.0512227544965 22.257013204951
0.047495 2.0730465948465 22.5906559543602
0.0479950000000001 2.0948704351965 22.7548905556675
0.048495 2.1166942755465 22.9379919872394
0.048995 2.1385181158965 23.2684978798777
0.0494949999999999 2.1603419562465 23.3742940411577
0.0499949999999999 2.1821657965965 23.575423282679
0.0504949999999999 2.20398963694649 23.8896774951859
0.0509950000000001 2.2258134772965 24.0126508483634
0.051495 2.2476373176465 24.2075845857023
0.051995 2.2694611579965 24.4836424480946
0.052495 2.2912849983465 24.5579871884915
0.0529949999999999 2.3131088386965 24.7580112834304
0.053495 2.3349326790465 24.9931606733386
0.0539950000000001 2.3567565193965 25.0780640218407
0.054495 2.3785803597465 25.2774291241306
0.054995 2.4004042000965 25.5169052834027
0.055495 2.4222280404465 25.6429797708546
0.0559949999999999 2.4440518807965 25.8498861940243
0.0564949999999999 2.46587572114649 26.0529870743381
0.0569950000000001 2.4876995614965 26.1677547029983
0.057495 2.5095234018465 26.4054462481095
0.057995 2.5313472421965 26.6239559712254
0.058495 2.5531710825465 26.7829415639284
0.0589949999999999 2.5749949228965 26.9911129410253
0.0594949999999999 2.59681876324649 27.2107603242666
0.0599950000000001 2.6186426035965 27.3369499475924
0.060495 2.6404664439465 27.5732353425338
0.060995 2.6622902842965 27.7816622891673
0.061495 2.6841141246465 27.9160719976928
0.0619949999999999 2.7059379649965 28.1160655509243
0.0624949999999999 2.72776180534649 28.3399241293069
0.062995 2.7495856456965 28.479746752492
0.0634950000000001 2.7714094860465 28.6792118416327
0.063995 2.7932333263965 28.9246775749579
0.064495 2.8150571667465 29.0424823322057
0.0649949999999999 2.8368810070965 29.260750111737
0.0654949999999999 2.8587048474465 29.5081366121936
0.065995 2.8805286877965 29.614096214422
0.0664950000000001 2.9023525281465 29.8752429745864
0.066995 2.9241763684965 30.0542518469304
0.067495 2.9460002088465 30.1676188850924
0.0679949999999999 2.9678240491965 30.4452841541953
0.0684949999999999 2.9896478895465 30.5971848469766
0.068995 3.0114717298965 30.7036171644919
0.0694950000000001 3.0332955702465 30.9518410091177
0.069995 3.0551194105965 31.1077366932071
0.070495 3.0769432509465 31.2253686528095
0.0709949999999999 3.0987670912965 31.481925550861
0.0714949999999999 3.1205909316465 31.6063953880257
0.071995 3.1424147719965 31.7879973479798
0.0724950000000001 3.1642386123465 32.0103968147604
0.072995 3.1860624526965 32.1128195802613
0.073495 3.2078862930465 32.2885127274118
0.0739949999999999 3.2297101333965 32.5074599463199
0.0744949999999999 3.2515339737465 32.6425843210717
0.074995 3.2733578140965 32.8396965213858
0.0754950000000001 3.2951816544465 33.0762423101495
0.075995 3.3170054947965 33.1713278430987
0.076495 3.3388293351465 33.3929832705624
0.0769949999999999 3.3606531754965 33.558277847414
0.0774949999999999 3.3824770158465 33.636531623018
0.077995 3.4043008561965 33.8492649946655
0.0784950000000001 3.4261246965465 33.9916623248516
0.078995 3.4479485368965 34.1445817791007
0.079495 3.4697723772465 34.3175047976024
0.079995 3.4915962175965 34.5147603119721
0.0804949999999999 3.5134200579465 34.6785969545437
0.0809949999999999 3.53524389829649 34.8900712581477
0.0814950000000001 3.5570677386465 35.0547711834385
0.081995 3.5788915789965 35.1981283079027
0.082495 3.6007154193465 35.3408491201901
0.082995 3.6225392596965 35.5056404449427
0.0834949999999999 3.6443631000465 35.6568973408387
0.083995 3.6661869403965 35.8194591042499
0.0844950000000001 3.6880107807465 35.9807915770494
0.084995 3.7098346210965 36.1272741895141
0.085495 3.7316584614465 36.3463697774426
0.085995 3.7534823017965 36.5439644147198
0.0864949999999999 3.7753061421465 36.6964988273984
0.0869949999999999 3.79712998249649 36.8079328849887
0.0874950000000001 3.8189538228465 36.9547065950413
0.087995 3.8407776631965 37.10298107124
0.088495 3.8626015035465 37.2614078750261
0.088995 3.8844253438965 37.4439986178969
0.0894949999999999 3.9062491842465 37.5694182024959
0.089995 3.9280730245965 37.7516362220242
0.0904950000000001 3.9498968649465 37.9070857041192
0.090995 3.9717207052965 38.0283637541967
0.091495 3.9935445456465 38.243799695399
0.091995 4.0153683859965 38.4147689981855
0.0924949999999999 4.0371922263465 38.5475820466685
0.0929949999999999 4.0590160666965 38.661524032979
0.0934950000000001 4.0808399070465 38.7861976195161
0.0939950000000001 4.1026637473965 38.9061925433736
0.094495 4.1244875877465 39.1171371074292
0.094995 4.1463114280965 39.3169729411634
0.0954949999999999 4.1681352684465 39.462745295789
0.0959949999999999 4.1899591087965 39.5794234333007
0.0964950000000001 4.2117829491465 39.6871463165194
0.0969950000000001 4.2336067894965 39.8284790634108
0.097495 4.2554306298465 40.029652820725
0.097995 4.2772544701965 40.2263167345251
0.0984949999999999 4.2990783105465 40.3383216954763
0.0989949999999999 4.3209021508965 40.4453255857285
0.0994950000000001 4.34272599124651 40.5792350562924
0.0999950000000001 4.3645498315965 40.739284158764
0.100495 4.3863736719465 40.9293046102359
0.100995 4.4081975122965 41.0612335130904
0.101495 4.4300213526465 41.1747303989293
0.101995 4.4518451929965 41.3146127467686
0.102495 4.4736690333465 41.4197851362651
0.102995 4.4954928736965 41.5571409963275
0.103495 4.5173167140465 41.7503217408744
0.103995 4.5391405543965 41.9380229682436
0.104495 4.5609643947465 42.0353560368133
0.104995 4.5827882350965 42.0941037400439
0.105495 4.6046120754465 42.24747921832
0.105995 4.6264359157965 42.445088438209
0.106495 4.6482597561465 42.640090676419
0.106995 4.6700835964965 42.7039604161777
0.107495 4.6919074368465 42.7855771943309
0.107995 4.7137312771965 42.9610380538881
0.108495 4.7355551175465 43.1691300109202
0.108995 4.7573789578965 43.3099598697903
0.109495 4.7792027982465 43.3556677689294
0.109995 4.8010266385965 43.4788722618035
0.110495 4.8228504789465 43.6412313540851
0.110995 4.8446743192965 43.8491146282191
0.111495 4.86649815964649 43.9247488437375
0.111995 4.8883219999965 43.9876875423395
0.112495 4.9101458403465 44.1491315082932
0.112995 4.9319696806965 44.3979921503612
0.113495 4.9537935210465 44.455214775184
0.113995 4.9756173613965 44.4899873338529
0.114495 4.9974412017465 44.6898031190398
0.114995 5.0192650420965 44.8838255616841
0.115495 5.0410888824465 44.9807663162251
0.115995 5.0629127227965 45.0290499696177
0.116495 5.0847365631465 45.2285425053024
0.116995 5.1065604034965 45.4016909955593
0.117495 5.12838424384649 45.4072034413615
0.117995 5.1502080841965 45.5266667487946
0.118495 5.1720319245465 45.7747470567135
0.118995 5.1938557648965 45.8573863956633
0.119495 5.2156796052465 45.8879878137292
0.119995 5.2375034455965 46.0920109405435
0.120495 5.2593272859465 46.2551905989551
0.120995 5.2811511262965 46.2708969986089
0.121495 5.3029749666465 46.4657962841358
0.121995 5.3247988069965 46.6045245258231
0.122495 5.3466226473465 46.6766271301039
0.122995 5.3684464876965 46.8185226311614
0.123495 5.39027032804649 46.9388432308459
0.123995 5.4120941683965 47.0603349016578
0.124495 5.4339180087465 47.1728979558067
0.124995 5.4557418490965 47.2946343807207
0.125495 5.4775656894465 47.3974518681984
0.125995 5.4993895297965 47.5360586677209
0.126495 5.5212133701465 47.6547032337531
0.126995 5.5430372104965 47.7435044183557
0.127495 5.5648610508465 47.8616955624762
0.127995 5.5866848911965 47.994667988642
0.128495 5.6085087315465 48.0892980431414
0.128995 5.6303325718965 48.2417458960477
0.129495 5.6521564122465 48.3286422423825
0.129995 5.6739802525965 48.4164153350566
0.130495 5.6958040929465 48.5801543933528
0.130995 5.7176279332965 48.6551932238397
0.131495 5.7394517736465 48.7676756811595
0.131995 5.7612756139965 48.9370692160665
0.132495 5.7830994543465 48.9717690158428
0.132995 5.8049232946965 49.1055334267451
0.133495 5.8267471350465 49.2637321882669
0.133995 5.8485709753965 49.2729380178336
0.134495 5.8703948157465 49.4567591261049
0.134995 5.8922186560965 49.5503242809963
0.135495 5.9140424964465 49.6028537480603
0.135995 5.9358663367965 49.7740394583534
0.136495 5.9576901771465 49.8772773211
0.136995 5.9795140174965 49.9290910414672
0.137495 6.0013378578465 50.1067867157933
0.137995 6.0231616981965 50.1733400887017
0.138495 6.0449855385465 50.3300107289225
0.138995 6.0668093788965 50.4248614876114
0.139495 6.0886332192465 50.5149054007422
0.139995 6.1104570595965 50.6205503281004
0.140495 6.1322808999465 50.6906547367738
0.140995 6.1541047402965 50.8156277879112
0.141495 6.1759285806465 50.9170135501605
0.141995 6.1977524209965 50.9457444138967
0.142495 6.2195762613465 51.1348834154586
0.142995 6.2414001016965 51.2422667956859
0.143495 6.2632239420465 51.3014178142886
0.143995 6.2850477823965 51.4041218847521
0.144495 6.3068716227465 51.5084462018555
0.144995 6.3286954630965 51.608881616611
0.145495 6.3505193034465 51.7129939659228
0.145995 6.3723431437965 51.8073904765674
0.146495 6.3941669841465 51.9093605228064
0.146995 6.4159908244965 51.9652403546153
0.147495 6.4378146648465 52.092250937148
0.147995 6.45963850519649 52.1704931332045
0.148495 6.4814623455465 52.2732548344156
0.148995 6.5032861858965 52.4058877949708
0.149495 6.5251100262465 52.4745539921757
0.149995 6.5469338665965 52.5515466600693
0.150495 6.5687577069465 52.6180082154087
0.150995 6.5905815472965 52.7836809084824
0.151495 6.6124053876465 52.8071388473575
0.151995 6.6342292279965 52.9543735905253
0.152495 6.6560530683465 53.0195860622786
0.152995 6.6778769086965 53.1006407305716
0.153495 6.6997007490465 53.196025652241
0.153995 6.72152458939649 53.2558933059803
0.154495 6.7433484297465 53.3759199434487
0.154995 6.7651722700965 53.4620395775139
0.155495 6.7869961104465 53.5692463303704
0.155995 6.8088199507965 53.6664035408841
0.156495 6.8306437911465 53.7083652444807
0.156995 6.8524676314965 53.813525856942
0.157495 6.8742914718465 53.875675300741
0.157995 6.8961153121965 53.969826656305
0.158495 6.9179391525465 54.0499034179159
0.158995 6.9397629928965 54.1571336377304
0.159495 6.9615868332465 54.2256467110755
0.159995 6.9834106735965 54.334033244607
0.160495 7.0052345139465 54.3947741280095
0.160995 7.0270583542965 54.4307874083095
0.161495 7.0488821946465 54.5664492207864
0.161995 7.0707060349965 54.603687709852
0.162495 7.0925298753465 54.7242035343825
0.162995 7.1143537156965 54.7948242570767
0.163495 7.1361775560465 54.8854090436506
0.163995 7.1580013963965 54.9818556422713
0.164495 7.1798252367465 55.0017888902573
0.164995 7.2016490770965 55.1627565940973
0.165495 7.2234729174465 55.1798351975949
0.165995 7.2452967577965 55.3172285427694
0.166495 7.26712059814651 55.34676000072
0.166995 7.2889444384965 55.4722343723328
0.167495 7.3107682788465 55.5213692271521
0.167995 7.3325921191965 55.6125047411203
0.168495 7.3544159595465 55.6283258730764
0.168995 7.3762397998965 55.7491471937217
0.169495 7.39806364024651 55.7949512451879
0.169995 7.4198874805965 55.9057654216201
0.170495 7.4417113209465 55.9354172731559
0.170995 7.4635351612965 56.0449598746109
0.171495 7.4853590016465 56.1061112710249
0.171995 7.5071828419965 56.197922980256
0.172495 7.52900668234651 56.2737155026408
0.172995 7.5508305226965 56.3532461293537
0.173495 7.5726543630465 56.4066038866896
0.173995 7.5944782033965 56.4650826237713
0.174495 7.6163020437465 56.550194321452
0.174995 7.6381258840965 56.6483659196573
0.175495 7.65994972444651 56.704141245862
0.175995 7.6817735647965 56.7781279003753
0.176495 7.7035974051465 56.8387450045754
0.176995 7.7254212454965 56.9034645565032
0.177495 7.7472450858465 56.9731538973527
0.177995 7.7690689261965 57.0199726702769
0.178495 7.79089276654649 57.1305160146083
0.178995 7.8127166068965 57.180088112847
0.179495 7.8345404472465 57.2518154410321
0.179995 7.8563642875965 57.3652640744432
0.180495 7.8781881279465 57.3569764256478
0.180995 7.9000119682965 57.4766458640567
0.181495 7.92183580864651 57.5155634386509
0.181995 7.9436596489965 57.5716590259734
0.182495 7.9654834893465 57.6878886381108
0.182995 7.9873073296965 57.6918569047093
0.183495 8.0091311700465 57.790856302492
0.183995 8.0309550103965 57.8511104113056
0.184495 8.0527788507465 57.8903112691922
0.184995 8.0746026910965 57.9839333721007
0.185495 8.0964265314465 58.0203954858386
0.185995 8.1182503717965 58.0356815183074
0.186495 8.1400742121465 58.1900869488941
0.186995 8.1618980524965 58.2251650057651
0.187495 8.18372189284651 58.255038043692
0.187995 8.20554573319651 58.3673316038809
0.188495 8.2273695735465 58.373946825578
0.188995 8.2491934138965 58.4691494831878
0.189495 8.2710172542465 58.5679249987986
0.189995 8.2928410945965 58.5993031799554
0.190495 8.3146649349465 58.67645470664
0.190995 8.33648877529651 58.6821233058803
0.191495 8.3583126156465 58.7646965151069
0.191995 8.3801364559965 58.8709751040662
0.192495 8.4019602963465 58.8966818324267
0.192995 8.4237841366965 58.9452892169853
0.193495 8.4456079770465 59.0300143510524
0.193995 8.46743181739651 59.0481117056839
0.194495 8.4892556577465 59.0854671537434
0.194995 8.5110794980965 59.1723751513419
0.195495 8.5329033384465 59.22458864899
0.195995 8.5547271787965 59.3104700353398
0.196495 8.5765510191465 59.3592775765455
0.196995 8.59837485949651 59.3900530447037
0.197495 8.6201986998465 59.4586475304471
0.197995 8.6420225401965 59.5030992490203
0.198495 8.6638463805465 59.5894160124783
0.198995 8.6856702208965 59.6528531985352
0.199495 8.7074940612465 59.7046064923186
0.199995 8.72931790159651 59.7691585130819
0.200495 8.7511417419465 59.805820496888
0.200995 8.7729655822965 59.8606113237946
0.201495 8.7947894226465 59.9192855548277
0.201995 8.8166132629965 60.0012848043964
0.202495 8.8384371033465 60.0399193680878
0.202995 8.86026094369651 60.0701094210468
0.203495 8.8820847840465 60.1627113738434
0.203995 8.9039086243965 60.2213658123821
0.204495 8.9257324647465 60.2412679408575
0.204995 8.9475563050965 60.3596181532764
0.205495 8.9693801454465 60.3887583266016
0.205995 8.99120398579651 60.3887421708148
0.206495 9.0130278261465 60.5125669141208
0.206995 9.0348516664965 60.5774030609465
0.207495 9.0566755068465 60.5381049423128
0.207995 9.0784993471965 60.6382968353266
0.208495 9.1003231875465 60.7274808928282
0.208995 9.12214702789649 60.7303260562825
0.209495 9.1439708682465 60.8183967507717
0.209995 9.1657947085965 60.8902686712576
0.210495 9.1876185489465 60.9018069579556
0.210995 9.2094423892965 60.9911536901829
0.211495 9.2312662296465 61.0820122183059
0.211995 9.25309006999651 61.1256293749437
0.212495 9.2749139103465 61.0991605470726
0.212995 9.2967377506965 61.1909533318367
0.213495 9.3185615910465 61.2116272601279
0.213995 9.3403854313965 61.2377913001013
0.214495 9.3622092717465 61.3411410121549
0.214995 9.38403311209649 61.3956858063367
0.215495 9.4058569524465 61.419581766109
0.215995 9.4276807927965 61.4921403457234
0.216495 9.4495046331465 61.6063959146761
0.216995 9.4713284734965 61.6247804590327
0.217495 9.4931523138465 61.6700477369374
0.217995 9.51497615419651 61.7574225103183
0.218495 9.5367999945465 61.7479184185948
0.218995 9.5586238348965 61.8244189765588
0.219495 9.5804476752465 61.8102784956423
0.219995 9.6022715155965 61.9295498690751
0.220495 9.6240953559465 61.9983847677919
0.220995 9.64591919629649 62.0365679260189
0.221495 9.6677430366465 62.0418126431751
0.221995 9.6895668769965 62.0782350756451
0.222495 9.7113907173465 62.1799690379905
0.222995 9.7332145576965 62.2230052470411
0.223495 9.7550383980465 62.2607467361199
0.223995 9.77686223839649 62.3008125520115
0.224495 9.7986860787465 62.3848258477426
0.224995 9.8205099190965 62.4573407575097
0.225495 9.8423337594465 62.4495640335685
0.225995 9.8641575997965 62.5188500988205
0.226495 9.8859814401465 62.6901234728575
0.226995 9.9078052804965 62.6790441120106
0.227495 9.9296291208465 62.6595929322553
0.227995 9.9514529611965 62.7668061602668
0.228495 9.9732768015465 62.7556075879238
0.228995 9.9951006418965 62.8678960441489
0.229495 10.0169244822465 62.9298851939749
0.229995 10.0387483225965 62.9396460315951
0.230495 10.0605721629465 63.0246765192907
0.230995 10.0823960032965 63.0164836917652
0.231495 10.1042198436465 63.1892791209428
0.231995 10.1260436839965 63.0927501993524
0.232495 10.1478675243465 63.1603706064107
0.232995 10.1696913646965 63.2780436979513
0.233495 10.1915152050465 63.2860125723456
0.233995 10.2133390453965 63.3010804627444
0.234495 10.2351628857465 63.4781988134808
0.234995 10.2569867260965 63.4797541212301
0.235495 10.2788105664465 63.510737310012
0.235995 10.3006344067965 63.5588867725328
0.236495 10.3224582471465 63.5801838977579
0.236995 10.3442820874965 63.6092827436566
0.237495 10.3661059278465 63.6576981855655
0.237995 10.3879297681965 63.8411592998638
0.238495 10.4097536085465 63.8144452775331
0.238995 10.4315774488965 63.9515822939749
0.239495 10.4534012892465 63.9159203648932
0.239995 10.4752251295965 63.9675414949357
0.240495 10.4970489699465 64.1276067368669
0.240995 10.5188728102965 64.1110308657612
0.241495 10.5406966506465 64.2453127123396
0.241995 10.5625204909965 64.1061478419099
0.242495 10.5843443313465 64.2640126897326
0.242995 10.6061681716965 64.3004944778639
0.243495 10.6279920120465 64.3628835238032
0.243995 10.6498158523965 64.389529124484
0.244495 10.6716396927465 64.5190065091395
0.244995 10.6934635330965 64.4453816067673
0.245495 10.7152873734465 64.5069040776068
0.245995 10.7371112137965 64.5142138058721
0.246495 10.7589350541465 64.6575950541615
0.246995 10.7807588944965 64.7960796240458
0.247495 10.8025827348465 64.7304024770902
0.247995 10.8244065751965 64.7618108698315
0.248495 10.8462304155465 64.9340190305938
0.248995 10.8680542558965 64.9828901333829
0.249495 10.8898780962465 65.0173266531773
0.249995 10.9117019365965 64.9395680657008
0.250495 10.9335257769465 65.1890024137951
0.250995 10.9553496172965 65.245472450839
0.251495 10.9771734576465 65.240429194235
0.251995 10.9989972979965 65.3229622260203
0.252495 11.0208211383465 65.2641656476032
0.252995 11.0426449786965 65.3727175027805
0.253495 11.0644688190465 65.3617359238744
0.253995 11.0862926593965 65.494999426359
0.254495 11.1081164997465 65.4754047085112
0.254995 11.1299403400965 65.6354561642135
0.255495 11.1517641804465 65.6730314329548
0.255995 11.1735880207965 65.7165365009681
0.256495 11.1954118611465 65.5948432559697
0.256995 11.2172357014965 65.8101851270688
0.257495 11.2390595418465 65.9577720042789
0.257995 11.2608833821965 65.9964776503935
0.258495 11.2827072225465 66.0410706995671
0.258995 11.3045310628965 66.0638292884921
0.259495 11.3263549032465 66.114821566713
0.259995 11.3481787435965 66.210892563673
0.260495 11.3700025839465 66.1601532606224
0.260995 11.3918264242965 66.2704028182598
0.261495 11.4136502646465 66.3501257181075
0.261995 11.4354741049965 66.420880037256
0.262495 11.4572979453465 66.4428055204067
0.262995 11.4791217856965 66.5203670483304
0.263495 11.5009456260465 66.5476461086897
0.263995 11.5227694663965 66.6983077942915
0.264495 11.5445933067465 66.8116848200859
0.264995 11.5664171470965 66.7492645356347
0.265495 11.5882409874465 66.8681042027481
0.265995 11.6100648277965 66.7298341455928
0.266495 11.6318886681465 67.0295194120401
0.266995 11.6537125084965 67.1597730781302
0.267495 11.6755363488465 67.1623937138655
0.267995 11.6973601891965 67.0687591135988
0.268495 11.7191840295465 67.1262179513208
0.268995 11.7410078698965 67.3952658159586
0.269495 11.7628317102465 67.3019119934332
0.269995 11.7846555505965 67.4386711504331
0.270495 11.8064793909465 67.4132509929587
0.270995 11.8283032312965 67.4519884768364
0.271495 11.8501270716465 67.6481988965784
0.271995 11.8719509119965 67.8392555178028
0.272495 11.8937747523465 67.828373281044
0.272995 11.9155985926965 67.8133692505477
0.273495 11.9374224330465 67.8994822043951
0.273995 11.9592462733965 67.8546688568772
0.274495 11.9810701137465 67.8153620056757
0.274995 12.0028939540965 68.1147197219263
0.275495 12.0247177944465 68.0125957152021
0.275995 12.0465416347965 68.2485708666797
0.276495 12.0683654751465 68.3108389792131
0.276995 12.0901893154965 68.3903557309803
0.277495 12.1120131558465 68.48490529774
0.277995 12.1338369961965 68.5264869403796
0.278495 12.1556608365465 68.5185993331083
0.278995 12.1774846768965 68.8257641527963
0.279495 12.1993085172465 68.7850930819356
0.279995 12.2211323575965 69.0097516869859
0.280495 12.2429561979465 68.9988100931744
0.280995 12.2647800382965 68.8203092765614
0.281495 12.2866038786465 69.1172704759112
0.281995 12.3084277189965 69.2942287479678
0.282495 12.3302515593465 69.1143099983962
0.282995 12.3520753996965 69.216998234463
0.283495 12.3738992400465 69.301070859003
0.283995 12.3957230803965 69.2859953977953
0.284495 12.4175469207465 69.6821338632207
0.284995 12.4393707610965 69.7629015018371
0.285495 12.4611946014465 69.6985700490805
0.285995 12.4830184417965 69.9298324499719
0.286495 12.5048422821465 69.9443679281264
0.286995 12.5266661224965 70.119523135614
0.287495 12.5484899628465 70.2353792958936
0.287995 12.5703138031965 70.1754450604605
0.288495 12.5921376435465 70.2888436558771
0.288995 12.6139614838965 70.3846215365976
0.289495 12.6357853242465 70.4505803936035
0.289995 12.6576091645965 70.7086906993744
0.290495 12.6794330049465 70.9085817385653
0.290995 12.7012568452965 70.7983146360605
0.291495 12.7230806856465 71.1234771848234
0.291995 12.7449045259965 71.0486006204426
0.292495 12.7667283663465 71.2060976368527
0.292995 12.7885522066965 71.4362461632884
0.293495 12.8103760470465 71.4258922678825
0.293995 12.8321998873965 71.6471147867899
0.294495 12.8540237277465 71.4907647894241
0.294995 12.8758475680965 71.6333795365448
0.295495 12.8976714084465 71.7840214729769
0.295995 12.9194952487965 72.0243428122269
0.296495 12.9413190891465 72.0491068462707
0.296995 12.9631429294965 72.1440055567242
0.297495 12.9849667698465 72.4407816328874
0.297995 13.0067906101965 72.3812193532062
0.298495 13.0286144505465 72.5146597662664
0.298995 13.0504382908965 72.5182471143237
0.299495 13.0722621312465 72.7984003951492
0.299995 13.0940859715965 72.7203834555664
0.300495 13.1159098119465 73.1722007564294
0.300995 13.1377336522965 73.0775160877282
0.301495 13.1595574926465 73.2713402195738
0.301995 13.1813813329965 73.4457948360562
0.302495 13.2032051733465 73.4496890693174
0.302995 13.2250290136965 73.8608349422227
0.303495 13.2468528540465 73.8733413296789
0.303995 13.2686766943965 74.2021054156014
0.304495 13.2905005347465 74.061180452886
0.304995 13.3123243750965 74.2473666408256
0.305495 13.3341482154465 74.5602900450546
0.305995 13.3559720557965 74.6191071019501
0.306495 13.3777958961465 74.562024156476
0.306995 13.3996197364965 74.8861760681781
0.307495 13.4214435768465 75.2479942276309
0.307995 13.4432674171965 75.2134640677704
0.308495 13.4650912575465 75.4868296602554
0.308995 13.4869150978965 75.53490035153
0.309495 13.5087389382465 75.8453798244047
0.309995 13.5305627785965 75.9106208557921
0.310495 13.5523866189465 76.0742428840681
0.310995 13.5742104592965 76.1055949419308
0.311495 13.5960342996465 76.5915286619895
0.311995 13.6178581399965 76.6312180169647
0.312495 13.6396819803465 76.6231555097858
0.312995 13.6615058206965 76.9742372459891
0.313495 13.6833296610465 77.2743974247279
0.313995 13.7051535013965 77.2013872176101
0.314495 13.7269773417465 77.5492579468383
0.314995 13.7488011820965 77.7276985486095
0.315495 13.7706250224465 78.1728050704664
0.315995 13.7924488627965 78.2879012860391
0.316495 13.8142727031465 78.3591099328886
0.316995 13.8360965434965 78.7773332434271
0.317495 13.8579203838465 78.6626629019248
0.317995 13.8797442241965 78.8830850600068
0.318495 13.9015680645465 79.092883875074
0.318995 13.9233919048965 79.6967447230437
0.319495 13.9452157452465 79.458961676705
0.319995 13.9670395855965 79.9625366840253
0.320495 13.9888634259465 80.0737975465758
0.320995 14.0106872662965 80.2014110647822
0.321495 14.0325111066465 80.6002510775045
0.321995 14.0543349469965 80.6897302738445
0.322495 14.0761587873465 81.0123435612475
0.322995 14.0979826276965 81.1842876153092
0.323495 14.1198064680465 81.6302426676958
0.323995 14.1416303083965 81.5250766846263
0.324495 14.1634541487465 81.9915901399348
0.324995 14.1852779890965 82.1333451523837
0.325495 14.2071018294465 82.5732903072928
0.325995 14.2289256697965 82.8110673683919
0.326495 14.2507495101465 82.9893535623434
0.326995 14.2725733504965 83.1923018277362
0.327495 14.2943971908465 83.4600498624724
0.327995 14.3162210311965 83.8411918593684
0.328495 14.3380448715465 83.7354707521963
0.328995 14.3598687118965 84.5650645288282
0.329495 14.3816925522465 84.340069995231
0.329995 14.4035163925965 84.7882607414013
0.330495 14.4253402329465 84.9482503985243
0.330995 14.4471640732965 85.1970533578015
0.331495 14.4689879136465 85.5268041932811
0.331995 14.4908117539965 86.078095334676
0.332495 14.5126355943465 86.32799074776
0.332995 14.5344594346965 86.36975491592
0.333495 14.5562832750465 86.7286982059821
0.333995 14.5781071153965 87.1402958457031
0.334495 14.5999309557465 87.3453350728663
0.334995 14.6217547960965 87.5817613167768
0.335495 14.6435786364465 88.0558346517033
0.335995 14.6654024767965 88.2307159155073
0.336495 14.6872263171465 88.5539454186664
0.336995 14.7090501574965 88.7083177834617
0.337495 14.7308739978465 88.9780954759786
0.337995 14.7526978381965 89.3099613678784
0.338495 14.7745216785465 89.5160306071282
0.338995 14.7963455188965 90.1560268463269
0.339495 14.8181693592465 90.3000359949937
0.339995 14.8399931995965 90.5629283284492
0.340495 14.8618170399465 90.9159181646185
0.340995 14.8836408802965 91.2594062458178
0.341495 14.9054647206465 91.2872383626687
0.341995 14.9272885609965 92.2572268180951
0.342495 14.9491124013465 92.0139267465679
0.342995 14.9709362416965 92.4535945766133
0.343495 14.9927600820465 92.9602470111239
0.343995 15.0145839223965 93.1507365356915
0.344495 15.0364077627465 93.3305254579605
0.344995 15.0582316030965 93.9605106288438
0.345495 15.0800554434465 94.0747451603128
0.345995 15.1018792837965 94.3705681664011
0.346495 15.1237031241465 94.7913836080159
0.346995 15.1455269644965 94.9975663627984
0.347495 15.1673508048465 95.4130149164245
0.347995 15.1891746451965 95.6083670925427
0.348495 15.2109984855465 96.0752475189561
0.348995 15.2328223258965 96.4997320339738
0.349495 15.2546461662465 96.7885500593836
0.349995 15.2764700065965 97.0925118429955
0.350495 15.2982938469465 97.4313158736003
0.350995 15.3201176872965 97.6517905467011
0.351495 15.3419415276465 98.2250239535323
0.351995 15.3637653679965 98.8421534998963
0.352495 15.3855892083465 98.4107737784393
0.352995 15.4074130486965 99.2755242657478
0.353495 15.4292368890465 99.5570308773942
0.353995 15.4510607293965 99.7194500434284
0.354495 15.4728845697465 100.410474028417
0.354995 15.4947084100965 100.501729905285
0.355495 15.5165322504465 100.992825316267
0.355995 15.5383560907965 101.269425589907
0.356495 15.5601799311465 101.762933330744
0.356995 15.5820037714965 101.917150218562
0.357495 15.6038276118465 102.268989753968
0.357995 15.6256514521965 102.794178390266
0.358495 15.6474752925465 102.902164618504
0.358995 15.6692991328965 103.434732916046
0.359495 15.6911229732465 103.812316637917
0.359995 15.7129468135965 104.345136933864
0.360495 15.7347706539465 104.416790142465
0.360995 15.7565944942965 104.584419658496
0.361495 15.7784183346465 105.326235853532
0.361995 15.8002421749965 105.40785614524
0.362495 15.8220660153465 106.186286889757
0.362995 15.8438898556965 106.34664253061
0.363495 15.8657136960465 106.622804548926
0.363995 15.8875375363965 107.373590867588
0.364495 15.9093613767465 107.617460091266
0.364995 15.9311852170965 107.740500790844
0.365495 15.9530090574465 108.16414626991
0.365995 15.9748328977965 109.158081216219
0.366495 15.9966567381465 109.211994017519
0.366995 16.0184805784965 109.858895071662
0.367495 16.0403044188465 110.0993942249
0.367995 16.0621282591965 110.118733306578
0.368495 16.0839520995465 110.751916510507
0.368995 16.1057759398965 111.463900497827
0.369495 16.1275997802465 111.837782819939
0.369995 16.1494236205965 112.197148506219
0.370495 16.1712474609465 112.414729328109
0.370995 16.1930713012965 112.807524838987
0.371495 16.2148951416465 113.511918045981
0.371995 16.2367189819965 113.760240710153
0.372495 16.2585428223465 114.066237395163
0.372995 16.2803666626965 114.520929946651
0.373495 16.3021905030465 115.272476604024
0.373995 16.3240143433965 115.675635746224
0.374495 16.3458381837465 116.118867569292
0.374995 16.3676620240965 116.782246793544
0.375495 16.3894858644465 117.083215420168
0.375995 16.4113097047965 117.401349674991
0.376495 16.4331335451465 118.180516565112
0.376995 16.4549573854965 118.580036122357
0.377495 16.4767812258465 119.081631416257
0.377995 16.4986050661965 119.381411902559
0.378495 16.5204289065465 119.772068979142
0.378995 16.5422527468965 120.122595797046
0.379495 16.5640765872465 120.648346555192
0.379995 16.5859004275965 121.132195774514
0.380495 16.6077242679465 121.94286119548
0.380995 16.6295481082965 122.789282102906
0.381495 16.6513719486465 123.283748084509
0.381995 16.6731957889965 123.354029041218
0.382495 16.6950196293465 123.61559547309
0.382995 16.7168434696965 124.142937655522
0.383495 16.7386673100465 124.690472508237
0.383995 16.7604911503965 125.470973360719
0.384495 16.7823149907465 125.883814045243
0.384995 16.8041388310965 126.516837526359
0.385495 16.8259626714465 126.682535727949
0.385995 16.8477865117965 127.484119590222
0.386495 16.8696103521465 128.082054789451
0.386995 16.8914341924965 128.192288538983
0.387495 16.9132580328465 128.832896607944
0.387995 16.9350818731965 129.256432616797
0.388495 16.9569057135465 129.393974515495
0.388995 16.9787295538965 126.223970926543
0.389495 17.0005533942465 119.201167031001
0.389995 17.0223772345965 109.223233283727
0.390495 17.0442010749465 100.780537240312
0.390995 17.0660249152965 94.4255987263937
0.391495 17.0878487556465 87.9939586333679
0.391995 17.1096725959965 81.9111078630995
0.392495 17.1314964363465 76.8083761403208
0.392995 17.1533202766965 71.9945466730288
0.393495 17.1751441170465 67.4137757038293
0.393995 17.1969679573965 63.5745183953241
0.394495 17.2187917977465 59.5228196986586
0.394995 17.2406156380965 55.831769264217
0.395495 17.2624394784465 52.4179643471751
0.395995 17.2842633187965 49.3287010127959
0.396495 17.3060871591465 46.7615444428569
0.396995 17.3279109994965 44.5940941044189
0.397495 17.3497348398465 42.8516675505246
0.397995 17.3715586801965 41.455183755748
0.398495 17.3933825205465 40.3181174588504
0.398995 17.4152063608965 39.204851151125
0.399495 17.4370302012465 38.1400844622072
0.399995 17.4588540415965 37.0949516417143
0.400495 17.4806778819465 36.0789262838051
0.400995 17.5025017222965 35.1025079218662
0.401495 17.5243255626465 34.1755731176026
0.401995 17.5461494029965 33.2807482348303
0.402495 17.5679732433465 32.3996112554138
0.402995 17.5897970836965 31.5471471822468
0.403495 17.6116209240465 30.7342002744879
0.403995 17.6334447643965 29.9448759958462
0.404495 17.6552686047465 29.1492519221569
0.404995 17.6770924450965 28.3683854304864
0.405495 17.6989162854465 27.6292820907008
0.405995 17.7207401257965 26.9120082964813
0.406495 17.7425639661465 26.1627434679059
0.406995 17.7643878064965 25.3764769814756
0.407495 17.7862116468465 24.4329035942987
0.407995 17.8080354871965 23.4417664647908
0.408495 17.8298593275465 22.363808055333
0.408995 17.8516831678965 21.1972181587721
0.409495 17.8735070082465 19.9504928826516
0.409995 17.8953308485965 18.6235987462313
0.410495 17.9171546889465 17.2215782314418
0.410995 17.9389785292965 15.7391236341489
0.411495 17.9608023696465 14.171207422837
0.411995 17.9826262099965 12.5183875688297
0.412495 18.0044500503465 10.7669522819526
0.412995 18.0262738906965 8.91017142193085
0.413495 18.0480977310465 7.04709251694934
0.413995 18.0699215713965 5.28816590915963
0.414495 18.0917454117465 3.69621618919502
0.414995 18.1135692520965 2.13207020772193
0.415495 18.1353930924465 0.53895584258918
0.415995 18.1572169327965 -1.03436098625091
0.416495 18.1790407731465 -2.70197635071959
0.416995 18.2008646134965 -4.6698404344089
0.417495 18.2226884538465 -6.80257090491974
0.417995 18.2445122941965 -9.09307352588665
0.418495 18.2663361345465 -11.5657543435151
0.418995 18.2881599748965 -14.1584802109114
0.419495 18.3099838152465 -16.8829201401231
0.419995 18.3318076555965 -19.651622220669
0.420495 18.3536314959465 -22.3714451203242
0.420995 18.3754553362965 -23.1408160587888
0.421495 18.3972791766465 -18.0841925935235
0.421995 18.4191030169965 -13.8433901750771
0.422495 18.4409268573465 -9.64724202243904
0.422995 18.4627506976965 -6.36864533348289
0.423495 18.4845745380465 -4.12488144944986
0.423995 18.5063983783965 -2.44628092684714
0.424495 18.5282222187465 -0.507185354437551
0.424995 18.5500460590965 0.491202674622505
0.425495 18.5718698994465 1.03627970831592
0.425995 18.5936937397965 1.11389916357702
0.426495 18.6155175801465 0.702048488820355
0.426995 18.6373414204965 0.5377909079075
0.427495 18.6591652608465 0.0379578417019186
0.427995 18.6809891011965 -0.113693577318301
0.428495 18.7028129415465 -0.622299329658542
0.428995 18.7246367818965 -1.29999522442456
0.429495 18.7464606222465 -2.34686256827059
0.429995 18.7682844625965 -2.29105548777919
0.430495 18.7901083029465 -2.34097898033232
0.430995 18.8119321432965 -2.02492483850341
0.431495 18.8337559836465 -1.85658669355746
0.431995 18.8555798239965 -1.64153486575614
0.432495 18.8774036643465 -1.22415155633526
0.432995 18.8992275046965 -0.77750346789301
0.433495 18.9210513450465 -0.599898815577324
0.433995 18.9428751853965 -0.0362705529684419
0.434495 18.9646990257465 0.0176646979069085
0.434995 18.9865228660965 -0.36807828121118
0.435495 19.0083467064465 -0.310084758706189
0.435995 19.0301705467965 -0.532895870986452
0.436495 19.0519943871465 -0.523431725056551
0.436995 19.0738182274965 -0.612679683021877
0.437495 19.0956420678465 -0.553471373512618
0.437995 19.1174659081965 -0.687199364491306
0.438495 19.1392897485465 -0.379603128401682
0.438995 19.1611135888965 -0.363371928431399
0.439495 19.1829374292465 -0.00606781120001928
0.439995 19.2047612695965 -0.325616089815708
0.440495 19.2265851099465 -0.12954204040464
0.440995 19.2484089502965 -0.100710612420684
0.441495 19.2702327906465 -0.135276281367075
0.441995 19.2920566309965 -0.270377837129509
0.442495 19.3138804713465 -0.518690278969433
0.442995 19.3357043116965 -0.593813429617553
0.443495 19.3575281520465 -0.690496028118619
0.443995 19.3793519923965 -0.736848998287412
0.444495 19.4011758327465 -0.678577625769631
0.444995 19.4229996730965 -0.25323024845227
0.445495 19.4448235134465 -0.0240088314694464
0.445995 19.4666473537965 0.00917735029154244
0.446495 19.4884711941465 0.103018469933404
0.446995 19.5102950344965 -0.114490229186135
0.447495 19.5321188748465 -0.00111302658813782
0.447995 19.5539427151965 -0.121225954222789
0.448495 19.5757665555465 -0.177266238555775
0.448995 19.5975903958965 -0.113855324490515
0.449495 19.6194142362465 -0.138897295588189
0.449995 19.6412380765965 -0.030787351322584
0.450495 19.6630619169465 0.0130748419858339
0.450995 19.6848857572965 0.0327931476033817
0.451495 19.7067095976465 0.194868372083641
0.451995 19.7285334379965 0.470295939248044
0.452495 19.7503572783465 0.647981046639858
0.452995 19.7721811186965 0.865887026125959
0.453495 19.7940049590465 0.761889620754105
0.453995 19.8158287993965 0.820975877899228
0.454495 19.8376526397465 0.607066557630597
0.454995 19.8594764800965 0.810174754843697
0.455495 19.8813003204465 0.618914228104801
0.455995 19.9031241607965 0.609820164199945
0.456495 19.9249480011465 0.646486547781327
0.456995 19.9467718414965 0.734588099544784
0.457495 19.9685956818465 0.663337058635977
0.457995 19.9904195221965 0.773191141975187
0.458495 20.0122433625465 0.539286240358088
0.458995 20.0340672028965 0.402146611007259
0.459495 20.0558910432465 0.375309859570508
0.459995 20.0777148835965 0.345492831032094
0.460495 20.0995387239465 0.359419382891912
0.460995 20.1213625642965 0.360298087343989
0.461495 20.1431864046465 0.372602598346209
0.461995 20.1650102449965 0.212907862183592
0.462495 20.1868340853465 0.142774670541217
0.462995 20.2086579256965 0.101757296602766
0.463495 20.2304817660465 0.128633075792333
0.463995 20.2523056063965 0.388775920003922
0.464495 20.2741294467465 0.320558829534031
0.464995 20.2959532870965 0.438543375810072
0.465495 20.3177771274465 0.276868732562909
0.465995 20.3396009677965 0.149221561306804
0.466495 20.3614248081465 0.0286676922128324
0.466995 20.3832486484965 0.133435112532725
0.467495 20.4050724888465 0.118820124250411
0.467995 20.4268963291965 0.0874856925536884
0.468495 20.4487201695465 -0.0357133143236144
0.468995 20.4705440098965 0.0953907676234641
0.469495 20.4923678502465 0.0707503982365599
0.469995 20.5141916905965 0.223488421830856
0.470495 20.5360155309465 0.161274116858982
0.470995 20.5578393712965 0.403820919978265
0.471495 20.5796632116465 0.164447095325976
0.471995 20.6014870519965 0.108189571572061
0.472495 20.6233108923465 -0.0492267956946866
0.472995 20.6451347326965 -0.019047461333548
0.473495 20.6669585730465 -0.0218013568149827
0.473995 20.6887824133965 0.0675111171361202
0.474495 20.7106062537465 0.00462791286634735
0.474995 20.7324300940965 -0.145259419649913
0.475495 20.7542539344465 -0.0242563329966193
0.475995 20.7760777747965 0.0289379085393962
0.476495 20.7979016151465 0.0970507682667138
0.476995 20.8197254554965 0.0373292539027377
0.477495 20.8415492958465 -0.245400465047381
0.477995 20.8633731361965 -0.011185563840328
0.478495 20.8851969765465 -0.215875160939695
0.478995 20.9070208168965 -0.223748389785415
0.479495 20.9288446572465 -0.272524693350732
0.479995 20.9506684975965 -0.319196937709147
0.480495 20.9724923379465 -0.368912576872941
0.480995 20.9943161782965 -0.447192341782316
0.481495 21.0161400186465 -0.5087950700116
0.481995 21.0379638589965 -0.493618866782662
0.482495 21.0597876993465 -0.497205898842073
0.482995 21.0816115396965 -0.346918941889975
0.483495 21.1034353800465 -0.431979830345407
0.483995 21.1252592203965 -0.21078324574123
0.484495 21.1470830607465 0.0260957594490995
0.484995 21.1689069010965 -0.0440220413719507
0.485495 21.1907307414465 0.00558700636630227
0.485995 21.2125545817965 0.0657384510560353
0.486495 21.2343784221465 0.0842850853382059
0.486995 21.2562022624965 0.147745658581619
0.487495 21.2780261028465 0.221802224990678
0.487995 21.2998499431965 0.342118529488227
0.488495 21.3216737835465 0.463506538724063
0.488995 21.3434976238965 0.562719455633878
0.489495 21.3653214642465 0.791449356656941
0.489995 21.3871453045965 0.867876749192599
0.490495 21.4089691449465 1.09737241784621
0.490995 21.4307929852965 1.12110568265273
0.491495 21.4526168256465 1.07564490692589
0.491995 21.4744406659965 1.11367793415802
0.492495 21.4962645063465 1.17413203846007
0.492995 21.5180883466965 1.04971893583204
0.493495 21.5399121870465 0.976931605625322
0.493995 21.5617360273965 0.832389812711564
0.494495 21.5835598677465 0.575253752747652
0.494995 21.6053837080965 0.581455952732298
0.495495 21.6272075484465 0.336410545825568
0.495995 21.6490313887965 0.311417440654831
0.496495 21.6708552291465 0.144507005013956
0.496995 21.6926790694965 -0.0114165156589009
0.497495 21.7145029098465 -0.100866209085848
0.497995 21.7363267501965 -0.0650478865292168
0.498495 21.7581505905465 -0.37441404237713
0.498995 21.7799744308965 -0.455805917895614
0.499495 21.8017982712465 -0.699852143872991
0.499995 21.8236221115965 -0.804074175173025
