# Fix print output for fix Step
0 0 2.86343208504219
0.000495000000000018 0.00204052905639998 3.36444475232016
0.000995000000000035 0.00410166951741004 4.09450757300872
0.00149500000000005 0.00616280997842011 5.08657073662913
0.00199500000000007 0.00822395043943018 5.96392130458879
0.00249500000000009 0.0102850909004403 7.54729691459807
0.00299499999999993 0.0123462313614496 9.5192829932317
0.00349500000000012 0.0144073718224604 8.85600922288183
0.00399499999999996 0.0164685122834697 8.39649399429936
0.00449500000000015 0.0185296527444805 8.59446640294428
0.004995 0.0205907932054899 8.88703279858732
0.00549500000000001 0.0226519336665 6.975293721538
0.00599500000000003 0.02471307412751 7.85438888202939
0.00649500000000005 0.0267742145885201 8.04252138796103
0.00699500000000006 0.0288353550495302 8.9932050556939
0.00749500000000008 0.0308964955105402 9.49764696726597
0.0079950000000001 0.0329576359715503 10.4254715566828
0.00849499999999994 0.0350187764325597 10.8791911766532
0.00899500000000013 0.0370799168935704 10.8805923473857
0.00949499999999998 0.0391410573545798 11.1667237773388
0.00999500000000017 0.0412021978155906 10.5032249965397
0.010495 0.0432633382765999 10.5273800891966
0.010995 0.04532447873761 10.4689747671956
0.011495 0.0473856191986201 10.8139622951609
0.0119950000000001 0.0494467596596301 11.5138220008088
0.0124950000000001 0.0515079001206402 11.8370066040243
0.0129950000000001 0.0535690405816503 12.2577633191928
0.0134950000000001 0.0556301810426604 12.3681758569853
0.013995 0.0576913215036697 12.8497360234596
0.0144950000000001 0.0597524619646805 12.8243401965791
0.014995 0.0618136024256899 12.4945408637976
0.015495 0.0638747428866999 12.9402804030933
0.015995 0.06593588334771 13.2953801410582
0.016495 0.0679970238087201 13.7378051168624
0.0169950000000001 0.0700581642697301 14.144718853518
0.0174950000000001 0.0721193047307402 14.4619261326196
0.0179950000000001 0.0741804451917503 14.9501379718808
0.0184949999999999 0.0762415856527596 15.0465059281598
0.0189950000000001 0.0783027261137704 15.6507130676063
0.019495 0.0803638665747798 15.1314602551727
0.0199950000000002 0.0824250070357905 15.4177536996212
0.020495 0.0844861474967999 15.716197039089
0.020995 0.08654728795781 16.1740649348753
0.021495 0.08860842841882 16.182831224258
0.0219950000000001 0.0906695688798301 17.1783334094275
0.0224950000000001 0.0927307093408402 16.478856475596
0.0229950000000001 0.0947918498018503 17.3552563810736
0.0234950000000001 0.0968529902628603 17.3615321414161
0.0239949999999999 0.0989141307238697 17.6682951748043
0.0244950000000001 0.10097527118488 17.4100786225015
0.024995 0.10303641164589 18.2277063655836
0.025495 0.1050975521069 18.4616061473383
0.025995 0.10715869256791 19.0541764621685
0.026495 0.10921983302892 18.9837334702517
0.026995 0.11128097348993 18.8337840524714
0.0274950000000001 0.11334211395094 19.4671559909864
0.0279950000000001 0.11540325441195 19.7273683843489
0.0284950000000001 0.11746439487296 19.8356103611238
0.0289950000000001 0.11952553533397 19.8025468768968
0.029495 0.12158667579498 20.7549079673536
0.0299950000000001 0.123647816255991 20.8295704425018
0.030495 0.125708956717 21.1268992292105
0.030995 0.12777009717801 20.7538715579124
0.031495 0.12983123763902 21.3957306260869
0.031995 0.13189237810003 20.931819001645
0.0324950000000001 0.13395351856104 21.5569542191517
0.0329950000000001 0.13601465902205 21.3789019239109
0.0334950000000001 0.13807579948306 21.7840569516882
0.0339949999999999 0.14013693994407 22.2195394441675
0.0344950000000001 0.14219808040508 22.877129545101
0.034995 0.14425922086609 23.233397157339
0.0354950000000002 0.146320361327101 23.8343886238942
0.035995 0.14838150178811 23.992696680195
0.036495 0.15044264224912 24.0260281513575
0.036995 0.15250378271013 24.5202503762296
0.0374950000000001 0.15456492317114 24.2156552855063
0.0379950000000001 0.15662606363215 23.859632648717
0.0384950000000001 0.15868720409316 23.9884607989912
0.0389950000000001 0.16074834455417 24.102093784218
0.0394949999999999 0.16280948501518 24.8989185577026
0.0399950000000001 0.16487062547619 25.6222781159342
0.040495 0.1669317659372 25.5653988656514
0.040995 0.16899290639821 26.2227034826356
0.041495 0.17105404685922 26.1235125646036
0.041995 0.17311518732023 26.5646002328348
0.0424950000000001 0.17517632778124 26.5018133318598
0.0429950000000001 0.17723746824225 26.2081761498713
0.0434950000000001 0.17929860870326 26.858205971531
0.0439949999999999 0.18135974916427 27.2619888467826
0.0444950000000001 0.18342088962528 26.4776821968383
0.044995 0.18548203008629 27.4343200247058
0.0454950000000002 0.187543170547301 27.3593195304617
0.045995 0.18960431100831 27.1475799837037
0.046495 0.19166545146932 27.9266476178041
0.046995 0.19372659193033 28.3009443399568
0.047495 0.19578773239134 28.4492928489308
0.0479950000000001 0.19784887285235 30.3760051952582
0.0484950000000001 0.19991001331336 28.8269977933984
0.0489950000000001 0.20197115377437 29.6137715283562
0.0494949999999999 0.20403229423538 29.6692797675851
0.0499950000000001 0.20609343469639 29.3849209658106
0.050495 0.2081545751574 29.9299130953374
0.0509950000000002 0.210215715618411 29.4052513928736
0.051495 0.21227685607942 29.4012269733343
0.051995 0.21433799654043 31.1441118830441
0.052495 0.21639913700144 30.7197933469814
0.0529950000000001 0.21846027746245 30.4761710182309
0.0534950000000001 0.22052141792346 31.3185889297756
0.0539950000000001 0.22258255838447 30.871602360882
0.0544950000000001 0.22464369884548 31.7860636909427
0.054995 0.22670483930649 31.6080571060308
0.0554950000000001 0.2287659797675 31.4175228152458
0.055995 0.23082712022851 32.7546401362484
0.056495 0.23288826068952 32.4324065425317
0.056995 0.23494940115053 32.8289315353999
0.057495 0.23701054161154 32.8251563712099
0.0579950000000001 0.23907168207255 32.3630044115827
0.0584950000000001 0.24113282253356 32.926539458887
0.0589950000000001 0.24319396299457 33.1554506118331
0.0594949999999999 0.24525510345558 32.5255818613135
0.0599950000000001 0.24731624391659 33.2605395599545
0.060495 0.2493773843776 33.4052726002561
0.0609950000000002 0.251438524838611 33.8657263504634
0.061495 0.25349966529962 34.3185386085197
0.061995 0.25556080576063 34.8119566166596
0.062495 0.25762194622164 34.4824681417455
0.0629950000000001 0.25968308668265 34.4886350113345
0.0634950000000001 0.26174422714366 35.0348815217813
0.0639950000000001 0.26380536760467 34.6803026619057
0.0644950000000001 0.26586650806568 34.8258172438788
0.0649949999999999 0.26792764852669 35.1719483613119
0.0654950000000001 0.2699887889877 35.3801778387366
0.065995 0.27204992944871 35.6794439826704
0.066495 0.27411106990972 36.4387920491443
0.066995 0.27617221037073 36.0042817103291
0.067495 0.27823335083174 36.3440272739939
0.067995 0.28029449129275 37.1412827207459
0.0684950000000001 0.28235563175376 36.6759687979154
0.0689950000000001 0.28441677221477 37.1550077587648
0.0694950000000001 0.28647791267578 37.226688381254
0.0699950000000001 0.28853905313679 36.5343196871609
0.070495 0.2906001935978 37.2475812555997
0.0709950000000001 0.292661334058811 37.139636515565
0.071495 0.29472247451982 36.7068410579526
0.071995 0.29678361498083 37.594377216874
0.072495 0.29884475544184 36.9091321901939
0.072995 0.30090589590285 38.0759951055608
0.0734950000000001 0.30296703636386 38.402003119362
0.0739950000000001 0.30502817682487 38.1019820352896
0.0744950000000001 0.30708931728588 38.511272662465
0.0749949999999999 0.30915045774689 39.1576492801399
0.0754950000000001 0.3112115982079 38.451996667407
0.075995 0.31327273866891 39.0656575123174
0.076495 0.31533387912992 39.3302681609769
0.076995 0.31739501959093 39.4494751764719
0.077495 0.31945616005194 39.5442471777876
0.077995 0.32151730051295 39.9165213733346
0.0784950000000001 0.32357844097396 40.5239657632537
0.0789950000000001 0.32563958143497 39.8116652226479
0.0794950000000001 0.32770072189598 39.91201366375
0.0799950000000001 0.32976186235699 40.8921933985787
0.080495 0.331823002818 40.1378765416384
0.0809950000000001 0.33388414327901 40.138647610433
0.081495 0.33594528374002 40.4650620841668
0.081995 0.33800642420103 40.8401165584614
0.082495 0.34006756466204 40.6933591957334
0.082995 0.34212870512305 41.1725943106216
0.0834950000000001 0.34418984558406 41.3007890803483
0.0839950000000001 0.34625098604507 41.3548488279022
0.0844950000000001 0.34831212650608 41.266888332747
0.0849950000000001 0.35037326696709 41.9719316484844
0.0854950000000001 0.3524344074281 42.0079299471131
0.085995 0.35449554788911 41.8929568900353
0.0864950000000002 0.35655668835012 41.8779940339518
0.086995 0.35861782881113 41.7064449047973
0.087495 0.36067896927214 42.5348197897921
0.087995 0.36274010973315 43.2266814018544
0.088495 0.36480125019416 43.1318281509425
0.0889950000000001 0.36686239065517 43.0261836621371
0.0894950000000001 0.36892353111618 43.1071466853013
0.0899950000000001 0.37098467157719 43.2152613537357
0.0904950000000001 0.3730458120382 43.4766912615693
0.0909950000000001 0.37510695249921 43.3294725594797
0.091495 0.37716809296022 43.2317277655298
0.091995 0.37922923342123 43.9844359686855
0.092495 0.38129037388224 43.3312925885715
0.092995 0.38335151434325 44.0666252826309
0.093495 0.38541265480426 44.4018489912096
0.0939950000000001 0.38747379526527 43.8185076385759
0.0944950000000001 0.38953493572628 44.7537232896098
0.0949950000000001 0.39159607618729 44.3170397738085
0.0954950000000001 0.3936572166483 44.8557326408257
0.095995 0.39571835710931 44.7815088748354
0.0964950000000001 0.39777949757032 44.5443743312037
0.096995 0.39984063803133 44.456323091134
0.097495 0.40190177849234 44.6866255937938
0.097995 0.40396291895335 45.724151846603
0.098495 0.40602405941436 45.3364205009677
0.0989950000000001 0.40808519987537 45.0979464288324
0.0994950000000001 0.41014634033638 45.2151501209207
0.0999950000000001 0.41220748079739 45.3109073755523
0.100495 0.4142686212584 45.9768704787847
0.100995 0.41632976171941 45.8635039057108
0.101495 0.41839090218042 46.1123951643338
0.101995 0.420452042641431 46.412351069412
0.102495 0.42251318310244 46.4216157016289
0.102995 0.42457432356345 46.795191955739
0.103495 0.42663546402446 47.671693548206
0.103995 0.42869660448547 46.6960669476359
0.104495 0.43075774494648 47.7558433943188
0.104995 0.43281888540749 46.0891730861358
0.105495 0.4348800258685 46.5005696688973
0.105995 0.43694116632951 46.697250877635
0.106495 0.43900230679052 47.2510423407742
0.106995 0.44106344725153 47.8911656490961
0.107495 0.44312458771254 47.6645267748471
0.107995 0.44518572817355 47.7172641261519
0.108495 0.44724686863456 47.7224501132292
0.108995 0.44930800909557 48.036403938022
0.109495 0.45136914955658 48.5453982574911
0.109995 0.45343029001759 48.1242598091131
0.110495 0.4554914304786 48.4971055857174
0.110995 0.45755257093961 49.1716321507388
0.111495 0.45961371140062 48.7585425925609
0.111995 0.46167485186163 49.3936217659277
0.112495 0.46373599232264 49.4017918181794
0.112995 0.46579713278365 48.3544401313587
0.113495 0.46785827324466 48.9929842193005
0.113995 0.46991941370567 48.9186353124183
0.114495 0.47198055416668 48.5785010032674
0.114995 0.47404169462769 49.1066768882235
0.115495 0.4761028350887 49.2061559072213
0.115995 0.47816397554971 49.425298457407
0.116495 0.48022511601072 49.7082975656806
0.116995 0.48228625647173 49.5617536722573
0.117495 0.484347396932741 50.146469789505
0.117995 0.48640853739375 49.8533808776622
0.118495 0.48846967785476 49.9338654751996
0.118995 0.49053081831577 50.653693182405
0.119495 0.49259195877678 50.4387629715829
0.119995 0.49465309923779 50.6278482586483
0.120495 0.4967142396988 50.7343211478761
0.120995 0.49877538015981 50.4622738381771
0.121495 0.50083652062082 50.9083544008474
0.121995 0.50289766108183 51.1544527989934
0.122495 0.50495880154284 50.9926111036366
0.122995 0.50701994200385 51.3944532232437
0.123495 0.50908108246486 51.309942800878
0.123995 0.51114222292587 51.7323120801279
0.124495 0.51320336338688 51.1042653282462
0.124995 0.51526450384789 51.3786347233179
0.125495 0.5173256443089 51.7351101643656
0.125995 0.51938678476991 51.1412629721422
0.126495 0.52144792523092 51.8542616555211
0.126995 0.52350906569193 51.6606739427516
0.127495 0.52557020615294 52.6004571810868
0.127995 0.52763134661395 52.0517922942486
0.128495 0.52969248707496 52.5060691087363
0.128995 0.53175362753597 52.1774404368313
0.129495 0.53381476799698 52.9559546204713
0.129995 0.53587590845799 52.6952620536202
0.130495 0.537937048919 52.9760497749519
0.130995 0.53999818938001 53.4377010180477
0.131495 0.54205932984102 52.221842238222
0.131995 0.54412047030203 53.2557668547838
0.132495 0.54618161076304 53.5111723056284
0.132995 0.54824275122405 52.9276808042329
0.133495 0.55030389168506 53.3700549756267
0.133995 0.55236503214607 52.6823985552182
0.134495 0.55442617260708 53.0428551436765
0.134995 0.55648731306809 53.4612149932472
0.135495 0.5585484535291 53.3075180504891
0.135995 0.56060959399011 53.4810651767704
0.136495 0.56267073445112 53.6571462116561
0.136995 0.56473187491213 53.4753268352984
0.137495 0.56679301537314 54.3905054192617
0.137995 0.56885415583415 54.4668587948358
0.138495 0.57091529629516 54.9739345927902
0.138995 0.57297643675617 54.95514141103
0.139495 0.57503757721718 54.3752914450313
0.139995 0.57709871767819 54.7387065408386
0.140495 0.5791598581392 54.6631122444152
0.140995 0.58122099860021 54.6118368139623
0.141495 0.58328213906122 54.6025103819075
0.141995 0.58534327952223 54.6764711253275
0.142495 0.58740441998324 54.7011925466192
0.142995 0.58946556044425 55.3914121635664
0.143495 0.59152670090526 55.381789662231
0.143995 0.59358784136627 55.0319384706906
0.144495 0.59564898182728 55.8127478873121
0.144995 0.59771012228829 55.1695902830571
0.145495 0.5997712627493 55.6693760708219
0.145995 0.60183240321031 55.9368502942243
0.146495 0.60389354367132 56.0297385374242
0.146995 0.60595468413233 55.9251609168342
0.147495 0.60801582459334 55.9549870212781
0.147995 0.61007696505435 56.3793439688521
0.148495 0.61213810551536 55.613691934617
0.148995 0.61419924597637 55.975502640821
0.149495 0.61626038643738 56.0958509619572
0.149995 0.61832152689839 56.2138483108426
0.150495 0.6203826673594 56.1149396304642
0.150995 0.62244380782041 56.1228099962694
0.151495 0.62450494828142 56.3435464828765
0.151995 0.62656608874243 56.4553481621778
0.152495 0.62862722920344 56.6904805224443
0.152995 0.630688369664451 56.5111899136116
0.153495 0.63274951012546 57.0859219510643
0.153995 0.63481065058647 57.5351400007869
0.154495 0.63687179104748 57.0223397807167
0.154995 0.63893293150849 57.0688449209119
0.155495 0.6409940719695 57.1390608347116
0.155995 0.64305521243051 57.407248261811
0.156495 0.64511635289152 57.7077469891594
0.156995 0.64717749335253 57.304952054178
0.157495 0.64923863381354 57.6476911342537
0.157995 0.65129977427455 57.7703739329156
0.158495 0.65336091473556 57.8103340686122
0.158995 0.65542205519657 57.4590584454493
0.159495 0.65748319565758 57.9325121159448
0.159995 0.65954433611859 57.7587564131635
0.160495 0.6616054765796 58.013362191489
0.160995 0.66366661704061 58.0961511242069
0.161495 0.66572775750162 58.2518827784421
0.161995 0.66778889796263 59.1127690563121
0.162495 0.66985003842364 59.2884836137687
0.162995 0.67191117888465 58.5343342293791
0.163495 0.67397231934566 58.5923269075746
0.163995 0.67603345980667 58.7294100903532
0.164495 0.67809460026768 58.5057022758117
0.164995 0.68015574072869 58.9793513863535
0.165495 0.6822168811897 58.216082347359
0.165995 0.68427802165071 58.890243093378
0.166495 0.68633916211172 58.7643821978692
0.166995 0.68840030257273 58.8108011765051
0.167495 0.69046144303374 59.5200984930724
0.167995 0.69252258349475 59.6281956290727
0.168495 0.694583723955761 59.9642171984213
0.168995 0.69664486441677 59.8960670174336
0.169495 0.69870600487778 59.4994223980247
0.169995 0.70076714533879 59.5600102911743
0.170495 0.7028282857998 59.8625213861775
0.170995 0.70488942626081 60.1660802191971
0.171495 0.70695056672182 59.8944612538738
0.171995 0.70901170718283 59.875023986325
0.172495 0.71107284764384 60.1638079205209
0.172995 0.71313398810485 59.774997134483
0.173495 0.71519512856586 60.1889500750144
0.173995 0.71725626902687 60.5027601709755
0.174495 0.71931740948788 60.2549174194294
0.174995 0.72137854994889 60.6556663438051
0.175495 0.7234396904099 61.1893225514316
0.175995 0.72550083087091 60.8792272983547
0.176495 0.72756197133192 61.5534573277448
0.176995 0.72962311179293 60.9466429546475
0.177495 0.73168425225394 60.3689853193178
0.177995 0.73374539271495 60.8328422330925
0.178495 0.73580653317596 60.6443723829096
0.178995 0.73786767363697 61.3618567582615
0.179495 0.73992881409798 61.2610167532709
0.179995 0.74198995455899 61.0750141159872
0.180495 0.74405109502 61.7899523597494
0.180995 0.74611223548101 61.3596160352521
0.181495 0.74817337594202 61.4559672401332
0.181995 0.75023451640303 61.6145753004032
0.182495 0.75229565686404 61.4217541908682
0.182995 0.75435679732505 61.9701872129528
0.183495 0.75641793778606 62.1075026167706
0.183995 0.75847907824707 62.2307644721766
0.184495 0.76054021870808 61.7153177399845
0.184995 0.76260135916909 61.9532073071285
0.185495 0.7646624996301 61.9646338399122
0.185995 0.76672364009111 62.1234192113639
0.186495 0.76878478055212 62.1383936661771
0.186995 0.77084592101313 61.9513387392079
0.187495 0.77290706147414 62.7229358470784
0.187995 0.77496820193515 62.283914752727
0.188495 0.77702934239616 62.7802295012566
0.188995 0.77909048285717 63.5606717554862
0.189495 0.78115162331818 62.5020552369164
0.189995 0.78321276377919 62.8759451390405
0.190495 0.7852739042402 63.0664253824334
0.190995 0.78733504470121 63.3050375721625
0.191495 0.78939618516222 63.0113152815366
0.191995 0.79145732562323 63.1997666804224
0.192495 0.79351846608424 62.4992242410618
0.192995 0.79557960654525 62.9718332546907
0.193495 0.79764074700626 63.1247935618321
0.193995 0.79970188746727 63.5655204673464
0.194495 0.80176302792828 63.1939873838332
0.194995 0.80382416838929 63.9224147707582
0.195495 0.8058853088503 63.4494431506932
0.195995 0.80794644931131 63.1953778699137
0.196495 0.81000758977232 63.7066378983066
0.196995 0.81206873023333 64.5317440214897
0.197495 0.81412987069434 64.3749811865686
0.197995 0.81619101115535 64.45638188655
0.198495 0.81825215161636 64.6655552066114
0.198995 0.82031329207737 64.7631347117129
0.199495 0.82237443253838 63.8048617039039
0.199995 0.82443557299939 64.2603404374124
0.200495 0.8264967134604 64.5227590626909
0.200995 0.82855785392141 64.2295389887366
0.201495 0.83061899438242 64.9765241329147
0.201995 0.83268013484343 65.4740588420995
0.202495 0.83474127530444 64.7287821838725
0.202995 0.83680241576545 65.0282049371531
0.203495 0.83886355622646 65.0323041879751
0.203995 0.84092469668747 64.8677918107218
0.204495 0.84298583714848 64.8415826349285
0.204995 0.84504697760949 65.4414514594539
0.205495 0.8471081180705 65.8007819005818
0.205995 0.84916925853151 64.9159733868226
0.206495 0.85123039899252 66.2710629421351
0.206995 0.85329153945353 64.5761593458107
0.207495 0.85535267991454 65.4549484266588
0.207995 0.85741382037555 66.0069829942478
0.208495 0.85947496083656 65.2486786219434
0.208995 0.86153610129757 65.4127078237993
0.209495 0.86359724175858 66.5806259457717
0.209995 0.86565838221959 66.4956299695477
0.210495 0.8677195226806 65.5997477228534
0.210995 0.86978066314161 65.3808013535874
0.211495 0.87184180360262 66.6663408019139
0.211995 0.87390294406363 65.5830062065551
0.212495 0.87596408452464 66.0506740377347
0.212995 0.87802522498565 66.5901222299778
0.213495 0.88008636544666 66.7877776658206
0.213995 0.88214750590767 66.0678929344472
0.214495 0.88420864636868 66.4550352868413
0.214995 0.88626978682969 66.592838619983
0.215495 0.8883309272907 66.3731597676004
0.215995 0.89039206775171 67.207143812975
0.216495 0.89245320821272 66.8552394413097
0.216995 0.89451434867373 66.6243581566127
0.217495 0.89657548913474 67.9382511509777
0.217995 0.89863662959575 67.4068862850106
0.218495 0.90069777005676 66.0166206836128
0.218995 0.90275891051777 67.7844259470308
0.219495 0.90482005097878 67.0459343205855
0.219995 0.90688119143979 67.5624172942043
0.220495 0.9089423319008 67.0047428150371
0.220995 0.91100347236181 67.7759631155592
0.221495 0.91306461282282 68.0608089396809
0.221995 0.91512575328383 67.7300389159505
0.222495 0.91718689374484 67.6118705776766
0.222995 0.91924803420585 67.317146770801
0.223495 0.92130917466686 67.7434310733377
0.223995 0.92337031512787 68.5150607936682
0.224495 0.92543145558888 68.2752341260443
0.224995 0.92749259604989 68.4355458453485
0.225495 0.9295537365109 68.2691605300529
0.225995 0.93161487697191 68.7317271591398
0.226495 0.93367601743292 68.3480238689649
0.226995 0.93573715789393 68.3543740703418
0.227495 0.93779829835494 68.5277509925475
0.227995 0.93985943881595 68.3239732143637
0.228495 0.94192057927696 68.9079517927293
0.228995 0.94398171973797 69.6178358311858
0.229495 0.94604286019898 69.110363431135
0.229995 0.94810400065999 69.3643694398776
0.230495 0.950165141121 68.4154537383911
0.230995 0.95222628158201 68.9314267423274
0.231495 0.95428742204302 69.7016666942563
0.231995 0.95634856250403 70.4809722691588
0.232495 0.95840970296504 70.2974788305566
0.232995 0.96047084342605 69.1498862462975
0.233495 0.96253198388706 70.1465952008142
0.233995 0.96459312434807 69.28059637249
0.234495 0.96665426480908 69.9357222693589
0.234995 0.96871540527009 69.4443947183084
0.235495 0.9707765457311 70.4873496390715
0.235995 0.97283768619211 70.7737357108469
0.236495 0.97489882665312 69.9824604581549
0.236995 0.97695996711413 70.7604190181434
0.237495 0.97902110757514 70.8347021744192
0.237995 0.98108224803615 70.7509454788208
0.238495 0.98314338849716 70.7389918022677
0.238995 0.98520452895817 70.640504225091
0.239495 0.98726566941918 70.893419667313
0.239995 0.98932680988019 71.6181965882824
0.240495 0.9913879503412 70.4145440964438
0.240995 0.99344909080221 70.5948723092636
0.241495 0.99551023126322 71.1411010735988
0.241995 0.99757137172423 70.9202093514827
0.242495 0.99963251218524 72.3442979648131
0.242995 1.00169365264625 71.4953148843599
0.243495 1.00375479310726 71.5014942160283
0.243995 1.00581593356827 71.9746934974916
0.244495 1.00787707402928 71.8913724276715
0.244995 1.00993821449029 72.4863364774086
0.245495 1.0119993549513 72.5257093759432
0.245995 1.01406049541231 72.0335190331154
0.246495 1.01612163587332 72.6849733446389
0.246995 1.01818277633433 72.0604026056933
0.247495 1.02024391679534 71.736227644069
0.247995 1.02230505725635 73.1013027995938
0.248495 1.02436619771736 72.6549819985425
0.248995 1.02642733817837 73.3703884258472
0.249495 1.02848847863938 73.4052548950183
0.249995 1.03054961910039 72.1837334035929
0.250495 1.0326107595614 72.4607363472201
0.250995 1.03467190002241 72.6080930272051
0.251495 1.03673304048342 72.4920361044081
0.251995 1.03879418094443 72.9065536513419
0.252495 1.04085532140544 73.5687598002032
0.252995 1.04291646186645 73.0990651016584
0.253495 1.04497760232746 73.236652920496
0.253995 1.04703874278847 73.1316008509631
0.254495 1.04909988324948 74.3250319978427
0.254995 1.05116102371049 74.5377917386087
0.255495 1.0532221641715 73.3144169031047
0.255995 1.05528330463251 73.8637139665391
0.256495 1.05734444509352 74.160117660578
0.256995 1.05940558555453 73.4518257428423
0.257495 1.06146672601554 73.7863886345842
0.257995 1.06352786647655 73.6719704362044
0.258495 1.06558900693756 74.6110821038633
0.258995 1.06765014739857 75.5443682528009
0.259495 1.06971128785958 74.760180804856
0.259995 1.07177242832059 76.0302782955989
0.260495 1.0738335687816 74.9466309137861
0.260995 1.07589470924261 75.1937973266156
0.261495 1.07795584970362 75.0972183463277
0.261995 1.08001699016463 76.3680090055144
0.262495 1.08207813062564 75.9510545621042
0.262995 1.08413927108665 74.9431825746829
0.263495 1.08620041154766 76.710462010053
0.263995 1.08826155200867 77.1473378450218
0.264495 1.09032269246968 76.1032505336332
0.264995 1.09238383293069 76.3416268683539
0.265495 1.0944449733917 76.6352768212796
0.265995 1.09650611385271 76.3908892759825
0.266495 1.09856725431372 76.6560775103022
0.266995 1.10062839477473 77.3785949938796
0.267495 1.10268953523574 77.0384915978904
0.267995 1.10475067569675 77.3925576811178
0.268495 1.10681181615776 77.7234002634391
0.268995 1.10887295661877 77.3866141685692
0.269495 1.11093409707978 77.7692289336424
0.269995 1.11299523754079 77.3341529725365
0.270495 1.1150563780018 78.4141288013577
0.270995 1.11711751846281 78.4341580211617
0.271495 1.11917865892382 77.7090246323489
0.271995 1.12123979938483 78.7212662125559
0.272495 1.12330093984584 79.5878558973791
0.272995 1.12536208030685 78.2111283887607
0.273495 1.12742322076786 79.0356297444039
0.273995 1.12948436122887 78.4435347745567
0.274495 1.13154550168988 78.8385807070681
0.274995 1.13360664215089 79.8765312401526
0.275495 1.1356677826119 79.7117892469505
0.275995 1.13772892307291 80.7261456829874
0.276495 1.13979006353392 79.748542519952
0.276995 1.14185120399493 79.551698086014
0.277495 1.14391234445594 79.5233371217947
0.277995 1.14597348491695 79.4500509052964
0.278495 1.14803462537796 81.0679897973557
0.278995 1.15009576583897 81.44368373699
0.279495 1.15215690629998 79.641580397535
0.279995 1.15421804676099 80.5432136349904
0.280495 1.156279187222 80.5891561852668
0.280995 1.15834032768301 81.0751498295634
0.281495 1.16040146814402 81.9926887175831
0.281995 1.16246260860503 81.0544144619204
0.282495 1.16452374906604 81.7687438134611
0.282995 1.16658488952705 82.8964131603208
0.283495 1.16864602998806 83.2221297454925
0.283995 1.17070717044907 83.1440784715897
0.284495 1.17276831091008 84.1961196620017
0.284995 1.17482945137109 85.4197557485304
0.285495 1.1768905918321 83.8998125693248
0.285995 1.17895173229311 84.6824226368246
0.286495 1.18101287275412 85.2435282753192
0.286995 1.18307401321513 84.3229485153293
0.287495 1.18513515367614 85.2879329348667
0.287995 1.18719629413715 83.9669631900116
0.288495 1.18925743459816 85.1143704498475
0.288995 1.19131857505917 85.6354806037841
0.289495 1.19337971552018 85.8938888228473
0.289995 1.19544085598119 86.5866877998643
0.290495 1.1975019964422 85.6222605790241
0.290995 1.19956313690321 85.9845786046227
0.291495 1.20162427736422 87.2947254751279
0.291995 1.20368541782523 85.9711869113725
0.292495 1.20574655828624 86.389049032126
0.292995 1.20780769874725 87.6615342051818
0.293495 1.20986883920826 87.799345182817
0.293995 1.21192997966927 88.221260641716
0.294495 1.21399112013028 89.5236796338001
0.294995 1.21605226059129 87.5778864288921
0.295495 1.2181134010523 88.2998712079442
0.295995 1.22017454151331 87.3874955640455
0.296495 1.22223568197432 88.2134485410964
0.296995 1.22429682243533 90.5188690385165
0.297495 1.22635796289634 88.7324547088512
0.297995 1.22841910335735 90.2164207147478
0.298495 1.23048024381836 88.8155236940097
0.298995 1.23254138427937 90.925167309414
0.299495 1.23460252474038 91.1557843001417
0.299995 1.23666366520139 89.8772206469339
0.300495 1.2387248056624 92.4416284336053
0.300995 1.24078594612341 91.2417400885126
0.301495 1.24284708658442 90.7958199456917
0.301995 1.24490822704543 90.4514494689912
0.302495 1.24696936750644 90.8934176541305
0.302995 1.24903050796745 91.3662166635765
0.303495 1.25109164842846 92.5518044309796
0.303995 1.25315278888947 91.9045344674173
0.304495 1.25521392935048 94.4545541827695
0.304995 1.25727506981149 91.2542696617906
0.305495 1.2593362102725 94.2462378177907
0.305995 1.26139735073351 93.8710135589795
0.306495 1.26345849119452 95.2331823049325
0.306995 1.26551963165553 94.9230176584029
0.307495 1.26758077211654 95.0207795907564
0.307995 1.26964191257755 95.7039763014903
0.308495 1.27170305303856 95.5664300276254
0.308995 1.27376419349957 95.04565365845
0.309495 1.27582533396058 96.5376030900088
0.309995 1.27788647442159 97.2229110573106
0.310495 1.2799476148826 97.2135104760794
0.310995 1.28200875534361 96.2640691686849
0.311495 1.28406989580462 98.2900278139766
0.311995 1.28613103626563 99.9361187906743
0.312495 1.28819217672664 97.9757788283269
0.312995 1.29025331718765 98.3737809421535
0.313495 1.29231445764866 98.372902746046
0.313995 1.29437559810967 99.7875795876964
0.314495 1.29643673857068 100.436408391502
0.314995 1.29849787903169 101.239168715441
0.315495 1.3005590194927 99.2994460072376
0.315995 1.30262015995371 101.954823144232
0.316495 1.30468130041472 99.7653847733701
0.316995 1.30674244087573 100.665132619029
0.317495 1.30880358133674 102.412963685682
0.317995 1.31086472179775 100.858558609733
0.318495 1.31292586225876 103.322804363717
0.318995 1.31498700271977 102.235148371165
0.319495 1.31704814318078 102.219596128096
0.319995 1.31910928364179 103.483432184174
0.320495 1.3211704241028 103.658169558027
0.320995 1.32323156456381 103.386477994293
0.321495 1.32529270502482 105.454570497819
0.321995 1.32735384548583 102.945456341753
0.322495 1.32941498594684 105.885842195952
0.322995 1.33147612640785 104.088431404215
0.323495 1.33353726686886 105.113262310744
0.323995 1.33559840732987 106.719158037706
0.324495 1.33765954779088 106.328213080966
0.324995 1.33972068825189 106.112968238683
0.325495 1.3417818287129 107.630995300776
0.325995 1.34384296917391 106.664418018851
0.326495 1.34590410963492 107.931284108395
0.326995 1.34796525009593 107.107066416102
0.327495 1.35002639055694 106.653007510686
0.327995 1.35208753101795 108.639009542335
0.328495 1.35414867147896 108.302568204681
0.328995 1.35620981193997 109.654894853673
0.329495 1.35827095240098 109.695083724989
0.329995 1.36033209286199 110.753414334167
0.330495 1.362393233323 110.670159795185
0.330995 1.36445437378401 109.348043080183
0.331495 1.36651551424502 111.34233994784
0.331995 1.36857665470603 110.877343220633
0.332495 1.37063779516704 112.693634902546
0.332995 1.37269893562805 111.495106267897
0.333495 1.37476007608906 113.394556581715
0.333995 1.37682121655007 113.303885266042
0.334495 1.37888235701108 113.031915052825
0.334995 1.38094349747209 115.079965064312
0.335495 1.3830046379331 113.563709676906
0.335995 1.38506577839411 114.030394055233
0.336495 1.38712691885512 114.271664537171
0.336995 1.38918805931613 115.892610336795
0.337495 1.39124919977714 115.816403347088
0.337995 1.39331034023815 117.468352969702
0.338495 1.39537148069916 115.071176169678
0.338995 1.39743262116017 117.540002860298
0.339495 1.39949376162118 116.752844398405
0.339995 1.40155490208219 118.977274147448
0.340495 1.4036160425432 116.025384135348
0.340995 1.40567718300421 119.946377948822
0.341495 1.40773832346522 119.947490351636
0.341995 1.40979946392623 117.675842378098
0.342495 1.41186060438724 120.157148445292
0.342995 1.41392174484825 120.260676156534
0.343495 1.41598288530926 119.382958885544
0.343995 1.41804402577027 119.764155184331
0.344495 1.42010516623128 121.382974663847
0.344995 1.42216630669229 121.06151194683
0.345495 1.4242274471533 123.016896572296
0.345995 1.42628858761431 123.690831942664
0.346495 1.42834972807532 124.529112967459
0.346995 1.43041086853633 121.350940310855
0.347495 1.43247200899734 124.684963896724
0.347995 1.43453314945835 124.829203319784
0.348495 1.43659428991936 123.302474380703
0.348995 1.43865543038037 123.815777278347
0.349495 1.44071657084138 127.835263919382
0.349995 1.44277771130239 125.964748094827
0.350495 1.4448388517634 126.062464147356
0.350995 1.44689999222441 125.847558790445
0.351495 1.44896113268542 128.90873351906
0.351995 1.45102227314643 127.038318084674
0.352495 1.45308341360744 128.158922463116
0.352995 1.45514455406845 127.759428032491
0.353495 1.45720569452946 130.185129819679
0.353995 1.45926683499047 129.969332881291
0.354495 1.46132797545148 129.595605119824
0.354995 1.46338911591249 130.665734289254
0.355495 1.4654502563735 131.31823695858
0.355995 1.46751139683451 131.28515080845
0.356495 1.46957253729552 132.961509588362
0.356995 1.47163367775653 132.319351109554
0.357495 1.47369481821754 133.302813394306
0.357995 1.47575595867855 133.105026581838
0.358495 1.47781709913956 134.679864455185
0.358995 1.47987823960057 135.180104764125
0.359495 1.48193938006158 135.475236196084
0.359995 1.48400052052259 135.590788323263
0.360495 1.4860616609836 136.685530045309
0.360995 1.48812280144461 136.577803451733
0.361495 1.49018394190562 136.6844383972
0.361995 1.49224508236663 137.761700961183
0.362495 1.49430622282764 139.351009501102
0.362995 1.49636736328865 141.207612445945
0.363495 1.49842850374966 138.800323366218
0.363995 1.50048964421067 139.38282497865
0.364495 1.50255078467168 140.686903895171
0.364995 1.50461192513269 139.796227032087
0.365495 1.5066730655937 141.113244609846
0.365995 1.50873420605471 142.290018810832
0.366495 1.51079534651572 143.85762923387
0.366995 1.51285648697673 143.825323927579
0.367495 1.51491762743774 142.34472932237
0.367995 1.51697876789875 143.372111630502
0.368495 1.51903990835976 146.990468681469
0.368995 1.52110104882077 145.298781563457
0.369495 1.52316218928178 146.775815358953
0.369995 1.52522332974279 146.787854558773
0.370495 1.5272844702038 147.015819164228
0.370995 1.52934561066481 148.35188312287
0.371495 1.53140675112582 147.990890414593
0.371995 1.53346789158683 146.765795156335
0.372495 1.53552903204784 149.21756285279
0.372995 1.53759017250885 152.447345538841
0.373495 1.53965131296986 151.764703222559
0.373995 1.54171245343087 153.139581614958
0.374495 1.54377359389188 152.636051556365
0.374995 1.54583473435289 154.585265745214
0.375495 1.5478958748139 154.610119215041
0.375995 1.54995701527491 155.008834345753
0.376495 1.55201815573592 155.095625832991
0.376995 1.55407929619693 153.499938429805
0.377495 1.55614043665794 155.72198809324
0.377995 1.55820157711895 157.04617525222
0.378495 1.56026271757996 156.380930419667
0.378995 1.56232385804097 156.350841529324
0.379495 1.56438499850198 157.818117206174
0.379995 1.56644613896299 158.113240222182
0.380495 1.568507279424 160.489144526592
0.380995 1.57056841988501 160.198104398197
0.381495 1.57262956034602 160.312138432185
0.381995 1.57469070080703 162.078593714781
0.382495 1.57675184126804 159.915715304289
0.382995 1.57881298172905 162.248785337562
0.383495 1.58087412219006 161.967691097588
0.383995 1.58293526265107 161.962065360004
0.384495 1.58499640311208 164.221072435424
0.384995 1.58705754357309 165.894910002065
0.385495 1.5891186840341 166.404127187719
0.385995 1.59117982449511 166.843075065185
0.386495 1.59324096495612 167.740750779451
0.386995 1.59530210541713 166.05698717795
0.387495 1.59736324587814 168.200985418125
0.387995 1.59942438633915 164.605306547713
0.388495 1.60148552680016 110.885041075046
0.388995 1.60354666726117 31.5553555273402
0.389495 1.60560780772218 -2.84907129843813
0.389995 1.60766894818319 -13.9181830023811
0.390495 1.6097300886442 -3.68493803052516
0.390995 1.61179122910521 3.40491821960126
0.391495 1.61385236956622 3.3259527512527
0.391995 1.61591351002723 -0.587045124141186
0.392495 1.61797465048824 -1.96598928322168
0.392995 1.62003579094925 0.606599035802183
0.393495 1.62209693141026 1.09171925656008
0.393995 1.62415807187127 -0.43114007537002
0.394495 1.62621921233228 -2.43509458703136
0.394995 1.62828035279329 0.307518933486125
0.395495 1.6303414932543 2.74627333994129
0.395995 1.63240263371531 0.666719335876384
0.396495 1.63446377417632 -1.24422524375501
0.396995 1.63652491463733 -1.13928632443273
0.397495 1.63858605509834 0.30714089850746
0.397995 1.64064719555935 0.887318122824416
0.398495 1.64270833602036 0.259258099743514
0.398995 1.64476947648137 -0.756202170045575
0.399495 1.64683061694238 -0.328282974089351
0.399995 1.64889175740339 -0.114208541419364
0.400495 1.6509528978644 -0.585028680562443
0.400995 1.65301403832541 -0.0667818938912795
0.401495 1.65507517878642 0.490324372538171
0.401995 1.65713631924743 -0.146948201441341
0.402495 1.65919745970844 -0.600134420779351
0.402995 1.66125860016945 0.0709679070585142
0.403495 1.66331974063046 1.10404251062276
0.403995 1.66538088109147 -0.50696036599755
0.404495 1.66744202155248 -1.29617786253387
0.404995 1.66950316201349 -0.19230767851637
0.405495 1.6715643024745 0.775000834210995
0.405995 1.67362544293551 1.07328716838737
0.406495 1.67568658339652 -0.337862623082286
0.406995 1.67774772385753 -0.40354758051197
0.407495 1.67980886431854 -0.652841589480738
0.407995 1.68187000477955 -0.261801020262429
0.408495 1.68393114524056 0.523278382712915
0.408995 1.68599228570157 0.0953849710194457
0.409495 1.68805342616258 -0.204728042482307
0.409995 1.69011456662359 -0.171402059949358
0.410495 1.6921757070846 0.263867022094909
0.410995 1.69423684754561 -0.283159408512455
0.411495 1.69629798800662 0.0695298543644679
0.411995 1.69835912846763 0.808203116642759
0.412495 1.70042026892864 -0.0851110322458539
0.412995 1.70248140938965 -1.57315211259359
0.413495 1.70454254985066 -0.356167451738615
0.413995 1.70660369031167 -0.245153359091967
0.414495 1.70866483077268 0.364804227875061
0.414995 1.71072597123369 0.653780595378164
0.415495 1.7127871116947 0.496653463116465
0.415995 1.71484825215571 -0.842813816947678
0.416495 1.71690939261672 0.365275876047261
0.416995 1.71897053307773 -0.0779958760476904
0.417495 1.72103167353874 0.257129006303738
0.417995 1.72309281399975 0.817430751061259
0.418495 1.72515395446076 -0.241155306232714
0.418995 1.72721509492177 -0.571007207841518
0.419495 1.72927623538278 -0.385062905942882
0.419995 1.73133737584379 0.833024514981277
0.420495 1.7333985163048 0.224893336400424
0.420995 1.73545965676581 -0.0759280962092085
0.421495 1.73752079722682 0.197341130067651
0.421995 1.73958193768783 -0.154384505372052
0.422495 1.74164307814884 -0.55839326805178
0.422995 1.74370421860985 0.0689606759396012
0.423495 1.74576535907086 -0.0677947265330715
0.423995 1.74782649953187 -0.315752843361894
0.424495 1.74988763999288 0.138163086696249
0.424995 1.75194878045389 0.39110769886172
0.425495 1.7540099209149 -0.743208043059918
0.425995 1.75607106137591 -0.910001532542283
0.426495 1.75813220183692 0.663785404890512
0.426995 1.76019334229793 0.351144438808296
0.427495 1.76225448275894 0.176732384797182
0.427995 1.76431562321995 -0.00232556514586907
0.428495 1.76637676368096 0.1704352230748
0.428995 1.76843790414197 -0.0483564284261732
0.429495 1.77049904460298 0.0770389478970589
0.429995 1.77256018506399 -0.384728512480282
0.430495 1.774621325525 1.05313902508069
0.430995 1.77668246598601 0.266981829642987
0.431495 1.77874360644702 -0.668795168309887
0.431995 1.78080474690803 0.481972272777565
0.432495 1.78286588736904 -0.496602522244615
0.432995 1.78492702783005 -0.189098277933305
0.433495 1.78698816829106 0.0912995562838161
0.433995 1.78904930875207 0.952548329029033
0.434495 1.79111044921308 -0.512646105648891
0.434995 1.79317158967409 0.541907941443613
0.435495 1.7952327301351 -0.23319101881783
0.435995 1.79729387059611 -0.694417577928995
0.436495 1.79935501105712 0.538719681513046
0.436995 1.80141615151813 0.902685933590754
0.437495 1.80347729197914 0.0572741722346542
0.437995 1.80553843244015 -0.399747720644468
0.438495 1.80759957290116 0.731388029226739
0.438995 1.80966071336217 -0.249689415471986
0.439495 1.81172185382318 -0.669284283659809
0.439995 1.81378299428419 -1.17588688453404
0.440495 1.8158441347452 0.159740441253832
0.440995 1.81790527520621 1.7010687074031
0.441495 1.81996641566722 0.166603674040746
0.441995 1.82202755612823 -0.195168125472768
0.442495 1.82408869658924 -0.871992710256002
0.442995 1.82614983705025 0.484426773373474
0.443495 1.82821097751126 1.17402366104622
0.443995 1.83027211797227 0.274526778722999
0.444495 1.83233325843328 -0.174031159526662
0.444995 1.83439439889429 0.0490791639044266
0.445495 1.8364555393553 -0.170466134639815
0.445995 1.83851667981631 0.0106024396509559
0.446495 1.84057782027732 -0.673216780684612
0.446995 1.84263896073833 -0.250059529848404
0.447495 1.84470010119934 0.523887825590257
0.447995 1.84676124166035 0.125703097645076
0.448495 1.84882238212136 -0.69434964664043
0.448995 1.85088352258237 0.0174119843158375
0.449495 1.85294466304338 0.410818566382565
0.449995 1.85500580350439 1.05297795376918
0.450495 1.8570669439654 -0.225942636940578
0.450995 1.85912808442641 -0.21259482148903
0.451495 1.86118922488742 0.117960866748901
0.451995 1.86325036534843 -0.155463923964025
0.452495 1.86531150580944 0.267298907889881
0.452995 1.86737264627045 0.20299274812166
0.453495 1.86943378673146 0.216305544387252
0.453995 1.87149492719247 -0.255430494627717
0.454495 1.87355606765348 -0.133868375668
0.454995 1.87561720811449 -0.307010657113957
0.455495 1.8776783485755 0.396249322524675
0.455995 1.87973948903651 0.447911305165493
0.456495 1.88180062949752 -0.399523133709454
0.456995 1.88386176995853 -0.169109677984121
0.457495 1.88592291041954 0.140198366829882
0.457995 1.88798405088055 0.738159835957924
0.458495 1.89004519134156 -0.86863699599103
0.458995 1.89210633180257 -0.537005240681433
0.459495 1.89416747226358 -0.152073130954064
0.459995 1.89622861272459 0.788904974851969
0.460495 1.8982897531856 0.81416281554616
0.460995 1.90035089364661 -0.454127337285256
0.461495 1.90241203410762 -0.36901899571322
0.461995 1.90447317456863 0.174721156487061
0.462495 1.90653431502964 0.687572947208629
0.462995 1.90859545549065 0.0742895610198968
0.463495 1.91065659595166 -0.585693153631121
0.463995 1.91271773641267 0.119986180959009
0.464495 1.91477887687368 0.655975383745688
0.464995 1.91684001733469 -0.701716702308275
0.465495 1.9189011577957 -0.499928821667742
0.465995 1.92096229825671 0.167514414081023
0.466495 1.92302343871772 0.303223875310972
0.466995 1.92508457917873 0.242630333103117
0.467495 1.92714571963974 0.028989161514034
0.467995 1.92920686010075 0.299215062711285
0.468495 1.93126800056176 0.0110991076232479
0.468995 1.93332914102277 -0.724262414522495
0.469495 1.93539028148378 0.0313022789438176
0.469995 1.93745142194479 0.0321833134508458
0.470495 1.9395125624058 0.513538460851038
0.470995 1.94157370286681 -0.153071679981498
0.471495 1.94363484332782 0.214652452846088
0.471995 1.94569598378883 -0.561013109392621
0.472495 1.94775712424984 -0.0779477599099218
0.472995 1.94981826471085 0.406263707261822
0.473495 1.95187940517186 0.598162877550269
0.473995 1.95394054563287 0.19474842590454
0.474495 1.95600168609388 -0.401401670329547
0.474995 1.95806282655489 -1.01534341760724
0.475495 1.9601239670159 0.819156848506869
0.475995 1.96218510747691 0.622299478967277
0.476495 1.96424624793792 -0.707352478172078
0.476995 1.96630738839893 0.0488347677879721
0.477495 1.96836852885994 -0.117440501601907
0.477995 1.97042966932095 0.373730736682281
0.478495 1.97249080978196 0.483700528942983
0.478995 1.97455195024297 -0.0898799007048554
0.479495 1.97661309070398 0.404791606842945
0.479995 1.97867423116499 -0.349873650943243
0.480495 1.980735371626 -0.264568291809324
0.480995 1.98279651208701 0.335648001089851
0.481495 1.98485765254802 -0.400918970696666
0.481995 1.98691879300903 -0.405442186561978
0.482495 1.98897993347004 0.191580661277229
0.482995 1.99104107393105 -0.0545902462611541
0.483495 1.99310221439206 0.565880715474601
0.483995 1.99516335485307 -0.131659438007176
0.484495 1.99722449531408 -0.564162098833828
0.484995 1.99928563577509 0.563614950850285
0.485495 2.0013467762361 -0.337376507194815
0.485995 2.00340791669711 -0.486750963013518
0.486495 2.00546905715812 0.153296513146823
0.486995 2.00753019761913 0.656004880917157
0.487495 2.00959133808014 -0.041398831473876
0.487995 2.01165247854115 -1.26091655099519
0.488495 2.01371361900216 -0.136597661717762
0.488995 2.01577475946317 1.49011142906412
0.489495 2.01783589992418 0.449502097139551
0.489995 2.01989704038519 -1.34663251016931
0.490495 2.0219581808462 -0.165651432806382
0.490995 2.02401932130721 0.344432965583443
0.491495 2.02608046176822 0.222835136945363
0.491995 2.02814160222923 0.173166733566438
0.492495 2.03020274269024 -0.376765166563782
0.492995 2.03226388315125 -0.492497959033204
0.493495 2.03432502361226 0.479498037980343
0.493995 2.03638616407327 0.128009364653582
0.494495 2.03844730453428 0.184996940372626
0.494995 2.04050844499529 -0.78658756758285
0.495495 2.0425695854563 -1.40836921144587
0.495995 2.04463072591731 0.403959275230094
0.496495 2.04669186637832 1.5168393904767
0.496995 2.04875300683933 -0.0828876672272339
0.497495 2.05081414730034 -0.523005474115356
0.497995 2.05287528776135 -0.189770767001741
0.498495 2.05493642822236 0.566049604547111
0.498995 2.05699756868337 1.0463617504278
0.499495 2.05905870914438 -0.72035272074359
0.499995 2.06111984960539 -1.01593781945151
