# Fix print output for fix Step
-1.96990175155449e-16 -5.6843418860808e-15 -0.995209250846066
0.000494999999999674 0.0142837033947899 0.364549100249247
0.000994999999999616 0.0287116866218582 0.504563051680914
0.00149499999999976 0.0431396698489323 0.181200747364689
0.0019949999999997 0.0575676530760006 1.53819301061552
0.00249499999999964 0.071995636303069 0.978536346388022
0.00299499999999978 0.086423619530143 1.49028585293631
0.00349499999999972 0.100851602757211 2.20997525571817
0.00399499999999967 0.11527958598428 1.69628535095032
0.00449499999999981 0.129707569211354 2.64743989912992
0.00499499999999975 0.144135552438422 2.87800370238674
0.00549499999999969 0.15856353566549 2.73442961353677
0.00599499999999964 0.172991518892559 3.73015345185156
0.00649499999999978 0.187419502119633 3.49152297084158
0.00699499999999972 0.201847485346701 3.7327740065923
0.00749499999999966 0.21627546857377 4.46085840769693
0.0079949999999998 0.230703451800844 4.07095452422497
0.00849499999999974 0.245131435027912 5.08718586517904
0.00899499999999969 0.25955941825498 5.04140590946095
0.00949499999999963 0.273987401482049 5.15997654823492
0.00999499999999977 0.288415384709123 5.82769177363281
0.0104949999999997 0.302843367936191 5.81178478392854
0.0109949999999997 0.317271351163259 6.35085214018861
0.0114949999999998 0.331699334390333 6.57961697040956
0.0119949999999997 0.346127317617402 6.63570866109414
0.0124949999999997 0.36055530084447 7.20103416491088
0.0129949999999996 0.374983284071538 7.37836701906553
0.0134949999999998 0.389411267298613 7.64269803258926
0.0139949999999997 0.403839250525681 7.89850587495447
0.0144949999999997 0.418267233752749 8.30109128578048
0.0149949999999998 0.432695216979823 8.46103418244749
0.0154949999999997 0.447123200206892 8.80987997222287
0.0159949999999997 0.46155118343396 9.26537793983742
0.0164949999999996 0.475979166661028 9.17388733276168
0.0169949999999998 0.490407149888102 9.57247096962413
0.0174949999999997 0.504835133115171 10.0132746418765
0.0179949999999996 0.519263116342239 10.0657874331816
0.0184949999999998 0.533691099569313 10.4181053360999
0.0189949999999997 0.548119082796381 10.5714398762319
0.0194949999999997 0.56254706602345 10.8308564466032
0.0199949999999996 0.576975049250518 11.3285478240669
0.0204949999999998 0.591403032477592 11.3351138439916
0.0209949999999997 0.605831015704661 11.7881226375836
0.0214949999999996 0.620258998931729 11.9301991095765
0.0219949999999998 0.634686982158803 12.1098608219715
0.0224949999999997 0.649114965385871 12.7259132323072
0.0229949999999997 0.66354294861294 12.6383988844336
0.0234949999999996 0.677970931840008 13.0493941133875
0.0239949999999997 0.692398915067082 13.3053051406596
0.0244949999999997 0.70682689829415 13.512914435446
0.0249949999999996 0.721254881521219 13.9273126481844
0.0254949999999998 0.735682864748293 13.995153444387
0.0259949999999997 0.750110847975361 14.2258036295836
0.0264949999999997 0.764538831202429 14.6191993282898
0.0269949999999998 0.778966814429504 14.5916499143748
0.0274949999999997 0.793394797656572 14.9870266571203
0.0279949999999997 0.80782278088364 15.2805052991272
0.0284949999999996 0.822250764110709 15.6472341524741
0.0289949999999998 0.836678747337783 15.8970378334077
0.0294949999999997 0.851106730564851 16.022354907206
0.0299949999999997 0.865534713791919 16.1672851412697
0.0304949999999998 0.879962697018993 16.4012769113588
0.0309949999999997 0.894390680246062 16.8379619744334
0.0314949999999997 0.90881866347313 17.0036707963144
0.0319949999999996 0.923246646700198 17.284429170125
0.0324949999999998 0.937674629927272 17.5780034011276
0.0329949999999997 0.952102613154341 17.7400100681023
0.0334949999999996 0.966530596381409 18.0142937531463
0.0339949999999998 0.980958579608483 18.2536879803437
0.0344949999999997 0.995386562835552 18.4868549981837
0.0349949999999997 1.00981454606262 18.8910087208103
0.0354949999999996 1.02424252928969 19.075483993183
0.0359949999999998 1.03867051251676 19.3202604145776
0.0364949999999997 1.05309849574383 19.4720172010445
0.0369949999999996 1.0675264789709 19.7753351982427
0.0374949999999998 1.08195446219797 19.949842924953
0.0379949999999997 1.09638244542504 20.1353511096878
0.0384949999999997 1.11081042865211 20.4805357869954
0.0389949999999998 1.12523841187918 20.5596690450202
0.0394949999999997 1.13966639510625 20.8871689381832
0.0399949999999997 1.15409437833332 21.1066527057866
0.0404949999999996 1.16852236156039 21.1955186091574
0.0409949999999998 1.18295034478746 21.6567397561329
0.0414949999999997 1.19737832801453 21.7678931222016
0.0419949999999997 1.2118063112416 22.1013493752353
0.0424949999999996 1.22623429446867 22.4418054897373
0.0429949999999997 1.24066227769574 22.5384595939171
0.0434949999999997 1.25509026092281 22.8495771543375
0.0439949999999996 1.26951824414988 23.0628315226125
0.0444949999999998 1.28394622737695 23.2544473792992
0.0449949999999997 1.29837421060402 23.5983517677681
0.0454949999999997 1.31280219383109 23.6549979748806
0.0459949999999998 1.32723017705816 23.985591031761
0.0464949999999997 1.34165816028523 24.0911243901541
0.0469949999999997 1.3560861435123 24.3147322226548
0.0474949999999996 1.37051412673937 24.5837631999881
0.0479949999999998 1.38494210996644 24.707207463047
0.0484949999999997 1.39937009319351 24.9158188249885
0.0489949999999996 1.41379807642058 25.1656233795123
0.0494949999999998 1.42822605964765 25.4283457533969
0.0499949999999997 1.44265404287472 25.6471915911152
0.0504949999999997 1.45708202610179 25.7753500684458
0.0509949999999996 1.47151000932886 26.0738176897825
0.0514949999999998 1.48593799255593 26.2017220737503
0.0519949999999997 1.500365975783 26.4609620441523
0.0524949999999996 1.51479395901007 26.7032878485774
0.0529949999999998 1.52922194223714 26.9611984003386
0.0534949999999997 1.54364992546421 27.1727615349937
0.0539949999999997 1.55807790869128 27.3639546379156
0.0544949999999996 1.57250589191835 27.5880157111372
0.0549949999999998 1.58693387514542 27.8467432351708
0.0554949999999997 1.60136185837249 28.0662857125932
0.0559949999999996 1.61578984159956 28.3357610224874
0.0564949999999998 1.63021782482663 28.486767158198
0.0569949999999997 1.6446458080537 28.7148225522267
0.0574949999999997 1.65907379128077 28.9256158295799
0.0579949999999996 1.67350177450784 29.1116968469335
0.0584949999999997 1.68792975773491 29.401258292596
0.0589949999999997 1.70235774096198 29.5848234015989
0.0594949999999996 1.71678572418905 29.8082740564656
0.0599949999999998 1.73121370741612 30.0580629088345
0.0604949999999997 1.74564169064319 30.2288731963719
0.0609949999999997 1.76006967387026 30.4559589296181
0.0614949999999998 1.77449765709733 30.6017134937568
0.0619949999999997 1.7889256403244 30.8548477231221
0.0624949999999997 1.80335362355147 31.1877554718963
0.0629949999999996 1.81778160677854 31.3233675313697
0.0634949999999998 1.83220959000561 31.5322572704598
0.0639949999999997 1.84663757323268 31.7605870204235
0.0644949999999996 1.86106555645975 31.8973388903019
0.0649949999999998 1.87549353968682 32.1758034574989
0.0654949999999997 1.88992152291389 32.2518996723741
0.0659949999999997 1.90434950614096 32.473161125825
0.0664949999999996 1.91877748936803 32.7605286795687
0.0669949999999998 1.9332054725951 32.9001549439847
0.0674949999999997 1.94763345582217 33.1982651086409
0.0679949999999996 1.96206143904924 33.4055316628216
0.0684949999999998 1.97648942227631 33.5590171680595
0.0689949999999997 1.99091740550338 33.7843894875912
0.0694949999999997 2.00534538873045 33.9173532708229
0.0699949999999998 2.01977337195752 34.1538356039717
0.0704949999999998 2.03420135518459 34.3476935625657
0.0709949999999997 2.04862933841166 34.4845036741746
0.0714949999999996 2.06305732163873 34.6966742623484
0.0719949999999998 2.0774853048658 34.8672747185546
0.0724949999999997 2.09191328809287 35.1144587610797
0.0729949999999997 2.10634127131994 35.3396697189233
0.0734949999999996 2.12076925454701 35.544029963529
0.0739949999999997 2.13519723777408 35.7837730790336
0.0744949999999997 2.14962522100115 35.9353594423207
0.0749949999999996 2.16405320422822 36.1587326304462
0.0754949999999998 2.17848118745529 36.3241310606762
0.0759949999999997 2.19290917068236 36.4726734958564
0.0764949999999997 2.20733715390943 36.6704679105043
0.0769949999999996 2.2217651371365 36.8285654545174
0.0774949999999997 2.23619312036357 36.9473896762303
0.0779949999999997 2.25062110359064 37.1537039163087
0.0784949999999996 2.26504908681771 37.3323303264676
0.0789949999999998 2.27947707004478 37.6841386877804
0.0794949999999997 2.29390505327185 37.8811619722426
0.0799949999999996 2.30833303649892 38.094017194281
0.0804949999999996 2.32276101972599 38.2012143557745
0.0809949999999997 2.33718900295306 38.3065490689505
0.0814949999999997 2.35161698618013 38.4796868969004
0.0819949999999996 2.3660449694072 38.6532519252625
0.0824949999999998 2.38047295263427 38.8891362285192
0.0829949999999997 2.39490093586134 39.1596423517907
0.0834949999999997 2.40932891908841 39.3519937457961
0.0839949999999998 2.42375690231548 39.5552543311882
0.0844949999999997 2.43818488554255 39.6191124874369
0.0849949999999997 2.45261286876962 39.7634320519125
0.0854949999999996 2.46704085199669 39.8935277787191
0.0859949999999998 2.48146883522376 40.1816759132209
0.0864949999999997 2.49589681845083 40.3626947649935
0.0869949999999996 2.5103248016779 40.573720113036
0.0874949999999998 2.52475278490497 40.6871705889462
0.0879949999999997 2.53918076813204 40.8004391401349
0.0884949999999997 2.55360875135911 41.0038121814675
0.0889949999999996 2.56803673458618 41.1657350082174
0.0894949999999998 2.58246471781325 41.4302449365615
0.0899949999999997 2.59689270104032 41.6708062208888
0.0904949999999996 2.61132068426739 41.7696633541758
0.0909949999999998 2.62574866749446 41.9566874123759
0.0914949999999997 2.64017665072153 42.0273957663447
0.0919949999999997 2.6546046339486 42.2357774023273
0.0924949999999998 2.66903261717567 42.3987924923876
0.0929949999999997 2.68346060040274 42.6652139448064
0.0934949999999997 2.69788858362981 42.8544001021733
0.0939949999999996 2.71231656685688 42.9422371986477
0.0944949999999998 2.72674455008395 43.0657667824027
0.0949949999999997 2.74117253331102 43.238584185554
0.0954949999999996 2.75560051653809 43.4781894190648
0.0959949999999996 2.77002849976516 43.7603525895641
0.0964949999999997 2.78445648299223 43.774487023382
0.0969949999999997 2.7988844662193 43.9125751988683
0.0974949999999996 2.81331244944637 44.0633492454587
0.0979949999999998 2.82774043267344 44.3428334918381
0.0984949999999997 2.84216841590051 44.6040246722786
0.0989949999999997 2.85659639912758 44.5057322732954
0.0994949999999998 2.87102438235465 44.6920496025735
0.0999949999999997 2.88545236558172 44.9541061643006
0.100495 2.89988034880879 45.1739932160069
0.100995 2.91430833203586 45.3080421499166
0.101495 2.92873631526293 45.2962094081011
0.101995 2.94316429849 45.5846941785715
0.102495 2.95759228171707 45.8358885077828
0.102995 2.97202026494414 45.9084314710436
0.103495 2.98644824817121 45.9639986963591
0.103995 3.00087623139828 46.0599538403962
0.104495 3.01530421462535 46.3607022303536
0.104995 3.02973219785242 46.6523899499709
0.105495 3.04416018107949 46.5651866114012
0.105995 3.05858816430656 46.7269809811292
0.106495 3.07301614753363 47.0243975147241
0.106995 3.0874441307607 47.1301427809106
0.107495 3.10187211398777 47.2077083892053
0.107995 3.11630009721484 47.3764777922674
0.108495 3.13072808044191 47.6979945030572
0.108995 3.14515606366898 47.7693302724409
0.109495 3.15958404689605 47.7602503548898
0.109995 3.17401203012312 48.0739050984898
0.110495 3.18844001335019 48.2425261638523
0.110995 3.20286799657726 48.3881184340234
0.111495 3.21729597980433 48.3799978540496
0.111995 3.2317239630314 48.6649549687665
0.112495 3.24615194625847 48.8281308726455
0.112995 3.26057992948554 48.8441046910116
0.113495 3.27500791271261 49.071934752254
0.113995 3.28943589593968 49.314803498437
0.114495 3.30386387916675 49.3947758506775
0.114995 3.31829186239382 49.4485357086069
0.115495 3.33271984562089 49.6826365059351
0.115995 3.34714782884796 49.8159885965043
0.116495 3.36157581207503 49.8690903110037
0.116995 3.3760037953021 50.1287058047888
0.117495 3.39043177852917 50.3189619758327
0.117995 3.40485976175624 50.3164254969365
0.118495 3.41928774498331 50.45783053834
0.118995 3.43371572821038 50.6644320490323
0.119495 3.44814371143745 50.771875283869
0.119995 3.46257169466452 50.8742552609367
0.120495 3.47699967789159 51.1430946606177
0.120995 3.49142766111866 51.2048178019822
0.121495 3.50585564434573 51.2546954566088
0.121995 3.5202836275728 51.4855682985097
0.122495 3.53471161079987 51.6011526342967
0.122995 3.54913959402694 51.7186734913835
0.123495 3.56356757725401 51.8233094383255
0.123995 3.57799556048108 51.9737634813438
0.124495 3.59242354370815 52.0796391170417
0.124995 3.60685152693522 52.2850935869195
0.125495 3.62127951016229 52.4343570632761
0.125995 3.63570749338936 52.5312562489199
0.126495 3.65013547661643 52.736720504566
0.126995 3.6645634598435 52.7740882332572
0.127495 3.67899144307057 52.9142630984422
0.127995 3.69341942629764 53.0390970457528
0.128495 3.70784740952471 53.2633888545766
0.128995 3.72227539275178 53.3344387965578
0.129495 3.73670337597885 53.4445742400074
0.129995 3.75113135920592 53.5668229644841
0.130495 3.76555934243299 53.6577907520952
0.130995 3.77998732566006 53.8027732840828
0.131495 3.79441530888713 53.8990111657401
0.131995 3.8088432921142 54.0985942646861
0.132495 3.82327127534127 54.2669023638034
0.132995 3.83769925856834 54.3041668688177
0.133495 3.85212724179541 54.4809738905133
0.133995 3.86655522502248 54.5285056876693
0.134495 3.88098320824955 54.647778258575
0.134995 3.89541119147662 54.8034739468999
0.135495 3.90983917470369 54.9029906826177
0.135995 3.92426715793076 55.0391849321035
0.136495 3.93869514115783 55.1969477487927
0.136995 3.9531231243849 55.2758552243137
0.137495 3.96755110761197 55.3857664639082
0.137995 3.98197909083904 55.4585956120874
0.138495 3.99640707406611 55.6251516077253
0.138995 4.01083505729318 55.8029562305383
0.139495 4.02526304052025 55.8893877988464
0.139995 4.03969102374732 56.0272064906551
0.140495 4.05411900697439 56.0408108309847
0.140995 4.06854699020146 56.1924993429255
0.141495 4.08297497342853 56.3350722721379
0.141995 4.0974029566556 56.4001787825039
0.142495 4.11183093988267 56.5676201288585
0.142995 4.12625892310974 56.6473760720117
0.143495 4.14068690633681 56.7571607586309
0.143995 4.15511488956388 56.8527945891091
0.144495 4.16954287279095 57.0050143889195
0.144995 4.18397085601802 57.0702583573767
0.145495 4.19839883924509 57.2284683496595
0.145995 4.21282682247216 57.2625704512201
0.146495 4.22725480569923 57.4241899350138
0.146995 4.2416827889263 57.5381841236815
0.147495 4.25611077215337 57.6018700410481
0.147995 4.27053875538044 57.787847444753
0.148495 4.28496673860751 57.8594460545465
0.148995 4.29939472183458 57.9792038153703
0.149495 4.31382270506165 58.0095096846363
0.149995 4.32825068828872 58.1808397251608
0.150495 4.34267867151579 58.2417275187972
0.150995 4.35710665474286 58.4130570367882
0.151495 4.37153463796993 58.4520811763715
0.151995 4.385962621197 58.620587896489
0.152495 4.40039060442407 58.6305239263842
0.152995 4.41481858765114 58.7952242790974
0.153495 4.42924657087821 58.8269700606766
0.153995 4.44367455410528 58.9472186750114
0.154495 4.45810253733235 59.0270317356459
0.154995 4.47253052055942 59.1737677694513
0.155495 4.48695850378649 59.2551225364352
0.155995 4.50138648701356 59.3640338240208
0.156495 4.51581447024063 59.4200849868478
0.156995 4.5302424534677 59.5517046523489
0.157495 4.54467043669477 59.5642709171554
0.157995 4.55909841992184 59.7431741518224
0.158495 4.57352640314891 59.8254897883751
0.158995 4.58795438637598 59.9669020862037
0.159495 4.60238236960305 60.0037318507962
0.159995 4.61681035283012 60.1350417451025
0.160495 4.63123833605719 60.1506657774005
0.160995 4.64566631928426 60.3966069186497
0.161495 4.66009430251133 60.3261123313834
0.161995 4.6745222857384 60.6006126451918
0.162495 4.68895026896547 60.5637300256894
0.162995 4.70337825219254 60.8034029671239
0.163495 4.71780623541961 60.7043452860152
0.163995 4.73223421864668 60.8954862823528
0.164495 4.74666220187375 60.8786874261461
0.164995 4.76109018510082 61.1248456459239
0.165495 4.77551816832789 61.134335067082
0.165995 4.78994615155496 61.2312138253199
0.166495 4.80437413478203 61.3108593236617
0.166995 4.8188021180091 61.3315824563748
0.167495 4.83323010123617 61.5198754039717
0.167995 4.84765808446324 61.5470854012768
0.168495 4.86208606769031 61.7568405416686
0.168995 4.87651405091738 61.70406789176
0.169495 4.89094203414445 61.9192832425909
0.169995 4.90537001737152 61.7939956763945
0.170495 4.91979800059859 62.0110634450321
0.170995 4.93422598382566 62.0146218810405
0.171495 4.94865396705273 62.1696685144235
0.171995 4.9630819502798 62.208732641039
0.172495 4.97750993350687 62.3114540060271
0.172995 4.99193791673394 62.3823150554628
0.173495 5.00636589996101 62.4964564364315
0.173995 5.02079388318808 62.5362296935711
0.174495 5.03522186641515 62.6499910152473
0.174995 5.04964984964222 62.7298166784854
0.175495 5.06407783286929 62.8340498954213
0.175995 5.07850581609636 62.9528731127722
0.176495 5.09293379932343 62.997320936301
0.176995 5.1073617825505 63.0653537099335
0.177495 5.12178976577757 63.0870621495044
0.177995 5.13621774900464 63.2242443670045
0.178495 5.15064573223171 63.271118705934
0.178995 5.16507371545878 63.3416386394814
0.179495 5.17950169868585 63.4451562746404
0.179995 5.19392968191292 63.5137039321022
0.180495 5.20835766513999 63.6325070086295
0.180995 5.22278564836706 63.6135645083891
0.181495 5.23721363159413 63.7583467916925
0.181995 5.2516416148212 63.8301863623694
0.182495 5.26606959804827 63.9088256622537
0.182995 5.28049758127534 63.9919573676082
0.183495 5.29492556450241 64.0596684705083
0.183995 5.30935354772948 64.1209066842276
0.184495 5.32378153095655 64.1909129011726
0.184995 5.33820951418362 64.2422642944917
0.185495 5.35263749741069 64.3516297976057
0.185995 5.36706548063776 64.3384592154963
0.186495 5.38149346386483 64.4778640954405
0.186995 5.3959214470919 64.5580250266195
0.187495 5.41034943031897 64.5235474696347
0.187995 5.42477741354604 64.6768756242918
0.188495 5.43920539677311 64.7962677011176
0.188995 5.45363338000018 64.7855190812225
0.189495 5.46806136322725 64.8783519374775
0.189995 5.48248934645432 64.998455935328
0.190495 5.49691732968139 64.9550379051578
0.190995 5.51134531290846 65.074696097156
0.191495 5.52577329613553 65.1933271822193
0.191995 5.5402012793626 65.2101061596038
0.192495 5.55462926258967 65.2376883376939
0.192995 5.56905724581674 65.3558408026809
0.193495 5.58348522904381 65.4170755279305
0.193995 5.59791321227088 65.5380557061651
0.194495 5.61234119549795 65.5622942072167
0.194995 5.62676917872502 65.7224592321524
0.195495 5.64119716195209 65.7002430808524
0.195995 5.65562514517916 65.7672545962
0.196495 5.67005312840623 65.8313743048949
0.196995 5.6844811116333 65.9980849209145
0.197495 5.69890909486037 65.9726582441323
0.197995 5.71333707808744 66.0039780131112
0.198495 5.72776506131451 66.1953226685121
0.198995 5.74219304454158 66.1749453039568
0.199495 5.75662102776865 66.1827590548347
0.199995 5.77104901099572 66.3465936933223
0.200495 5.78547699422279 66.3450321863122
0.200995 5.79990497744986 66.4539130798244
0.201495 5.81433296067693 66.541654585326
0.201995 5.828760943904 66.5673284317901
0.202495 5.84318892713107 66.6145350258577
0.202995 5.85761691035814 66.6288720385193
0.203495 5.87204489358521 66.6928472836493
0.203995 5.88647287681228 66.8004877684393
0.204495 5.90090086003935 66.8823999529071
0.204995 5.91532884326642 66.9226107438655
0.205495 5.92975682649349 67.0090365009642
0.205995 5.94418480972056 67.0799512431207
0.206495 5.95861279294763 67.1109970748485
0.206995 5.9730407761747 67.2678494673636
0.207495 5.98746875940177 67.2252411063091
0.207995 6.00189674262884 67.2040941361747
0.208495 6.01632472585591 67.3937793196452
0.208995 6.03075270908298 67.4035053489157
0.209495 6.04518069231005 67.4679616878899
0.209995 6.05960867553712 67.4750487877052
0.210495 6.07403665876419 67.6335231638306
0.210995 6.08846464199126 67.6985344535227
0.211495 6.10289262521833 67.6170163323748
0.211995 6.1173206084454 67.7923841043828
0.212495 6.13174859167247 67.9888308271065
0.212995 6.14617657489954 67.9148217812538
0.213495 6.16060455812661 67.8001119881867
0.213995 6.17503254135368 68.0113406298012
0.214495 6.18946052458075 68.1389305936614
0.214995 6.20388850780782 68.1306947564761
0.215495 6.21831649103489 68.2022324965129
0.215995 6.23274447426196 68.1787653169763
0.216495 6.24717245748903 68.3386281803798
0.216995 6.2616004407161 68.3253270874434
0.217495 6.27602842394317 68.3670813015529
0.217995 6.29045640717024 68.5532102572623
0.218495 6.30488439039731 68.6527899398047
0.218995 6.31931237362438 68.6857116211959
0.219495 6.33374035685145 68.7102936185757
0.219995 6.34816834007852 68.7488961467368
0.220495 6.36259632330559 68.7927593745404
0.220995 6.37702430653266 68.8337298025448
0.221495 6.39145228975973 68.8297172280037
0.221995 6.4058802729868 69.0058579287149
0.222495 6.42030825621387 69.0337878562386
0.222995 6.43473623944094 69.2446987794832
0.223495 6.44916422266801 69.2307492845421
0.223995 6.46359220589508 69.2803876169382
0.224495 6.47802018912215 69.4465862093606
0.224995 6.49244817234922 69.4078134465944
0.225495 6.50687615557629 69.2990429633473
0.225995 6.52130413880336 69.4745743167362
0.226495 6.53573212203043 69.438720854483
0.226995 6.5501601052575 69.5618315662504
0.227495 6.56458808848457 69.6225610305833
0.227995 6.57901607171164 69.6731266796501
0.228495 6.59344405493871 69.7618270297304
0.228995 6.60787203816578 69.935244168593
0.229495 6.62230002139285 69.9487589668687
0.229995 6.63672800461992 69.9484835189466
0.230495 6.65115598784699 69.9467317075627
0.230995 6.66558397107406 70.1159528727872
0.231495 6.68001195430113 70.0232078430619
0.231995 6.6944399375282 70.2455218291977
0.232495 6.70886792075527 70.1344031693738
0.232995 6.72329590398234 70.1700980809064
0.233495 6.73772388720941 70.2604728653324
0.233995 6.75215187043648 70.366982545297
0.234495 6.76657985366355 70.3357155168713
0.234995 6.78100783689062 70.5372707511443
0.235495 6.79543582011769 70.4980561125756
0.235995 6.80986380334476 70.6997662441801
0.236495 6.82429178657183 70.6923621354781
0.236995 6.8387197697989 70.8949573220857
0.237495 6.85314775302597 70.823451429455
0.237995 6.86757573625304 70.8276633707792
0.238495 6.88200371948011 70.6785969452348
0.238995 6.89643170270718 71.0295658534328
0.239495 6.91085968593425 71.0149703510663
0.239995 6.92528766916132 71.0655275694303
0.240495 6.93971565238839 71.1879122492765
0.240995 6.95414363561546 71.2277333984262
0.241495 6.96857161884253 71.2171579347282
0.241995 6.9829996020696 71.311489853897
0.242495 6.99742758529667 71.2748820522602
0.242995 7.01185556852374 71.5603203135914
0.243495 7.02628355175081 71.5371864776906
0.243995 7.04071153497788 71.4903614194267
0.244495 7.05513951820495 71.6978212391993
0.244995 7.06956750143202 71.6190921316775
0.245495 7.08399548465909 71.716643147498
0.245995 7.09842346788616 71.808307623488
0.246495 7.11285145111323 71.97749251214
0.246995 7.1272794343403 71.9295469721737
0.247495 7.14170741756737 71.9647932258478
0.247995 7.15613540079444 71.9305423917664
0.248495 7.17056338402151 72.0898568969235
0.248995 7.18499136724858 72.1249510090996
0.249495 7.19941935047565 72.333975416204
0.249995 7.21384733370272 72.4165796563238
0.250495 7.22827531692979 72.2841859604737
0.250995 7.24270330015686 72.4455053502535
0.251495 7.25713128338393 72.7023252304996
0.251995 7.271559266611 72.551696941128
0.252495 7.28598724983807 72.5540870224595
0.252995 7.30041523306514 72.8306669747539
0.253495 7.31484321629221 72.8265481925627
0.253995 7.32927119951928 72.7677292837933
0.254495 7.34369918274635 72.9129505052159
0.254995 7.35812716597342 73.0754206269278
0.255495 7.37255514920049 73.0361196737082
0.255995 7.38698313242756 73.1116953362974
0.256495 7.40141111565463 73.1842314728133
0.256995 7.4158390988817 73.4021458275864
0.257495 7.43026708210877 73.1295241974857
0.257995 7.44469506533584 73.2162268155995
0.258495 7.45912304856291 73.5159474879078
0.258995 7.47355103178998 73.3517786209503
0.259495 7.48797901501705 73.5708606107241
0.259995 7.50240699824412 73.6929270095651
0.260495 7.51683498147119 73.857077862118
0.260995 7.53126296469826 73.7174670229601
0.261495 7.54569094792533 73.8497866958567
0.261995 7.5601189311524 74.2315785526893
0.262495 7.57454691437947 74.0967460286207
0.262995 7.58897489760654 74.0716187576112
0.263495 7.60340288083361 74.04887554488
0.263995 7.61783086406068 74.0203010366238
0.264495 7.63225884728775 74.1143082102208
0.264995 7.64668683051482 74.4022031675092
0.265495 7.66111481374189 74.324880638042
0.265995 7.67554279696896 74.4615806828249
0.266495 7.68997078019603 74.4464272896834
0.266995 7.7043987634231 74.5478009113086
0.267495 7.71882674665017 74.540297093164
0.267995 7.73325472987724 74.8112134818067
0.268495 7.74768271310431 74.8045948462682
0.268995 7.76211069633138 74.8668497426404
0.269495 7.77653867955845 74.9896615888629
0.269995 7.79096666278552 75.0773078913606
0.270495 7.80539464601259 74.7823291998065
0.270995 7.81982262923966 75.0483744530443
0.271495 7.83425061246673 75.1509563997435
0.271995 7.8486785956938 75.1615483883103
0.272495 7.86310657892087 75.2536166359804
0.272995 7.87753456214794 75.564660950909
0.273495 7.89196254537501 75.637439766994
0.273995 7.90639052860208 75.4078308508653
0.274495 7.92081851182915 75.796271538075
0.274995 7.93524649505622 75.9737278289167
0.275495 7.94967447828329 75.9886602289666
0.275994999999999 7.96410246151036 75.7491426810729
0.276495 7.97853044473743 75.724390922375
0.276995 7.9929584279645 76.1659794158064
0.277495 8.00738641119157 75.950600306018
0.277995 8.02181439441864 76.4943261607886
0.278495 8.03624237764571 76.4974907407799
0.278995 8.05067036087278 76.5514662819127
0.279495 8.06509834409985 76.5588890842705
0.279995 8.07952632732692 76.6608926114086
0.280495 8.09395431055399 76.4725165987611
0.280995 8.10838229378106 77.1197975525072
0.281495 8.12281027700813 76.7971977076668
0.281995 8.1372382602352 76.996807847107
0.282495 8.15166624346227 76.9471218300788
0.282995 8.16609422668934 77.1297938710187
0.283495 8.18052220991641 77.4232534698111
0.283995 8.19495019314348 77.4360141375907
0.284495 8.20937817637055 77.7277403163518
0.284995 8.22380615959762 77.541163670208
0.285495 8.23823414282469 77.5097067133968
0.285995 8.25266212605176 77.7028460473471
0.286495 8.26709010927883 77.6236714611007
0.286995 8.2815180925059 77.968963867865
0.287495 8.29594607573297 77.8554882795331
0.287995 8.31037405896004 77.964723788628
0.288495 8.32480204218711 78.2469436268424
0.288995 8.33923002541418 78.4611686178328
0.289495 8.35365800864125 78.3992331221355
0.289995 8.36808599186832 78.6128549703132
0.290495 8.38251397509539 78.7799795859379
0.290995 8.39694195832246 79.0401999057537
0.291495 8.41136994154953 79.330502045057
0.291995 8.4257979247766 79.2857946290268
0.292495 8.44022590800367 79.0777130755415
0.292995 8.45465389123074 79.4158426245454
0.293495 8.46908187445781 79.4753759403586
0.293995 8.48350985768488 79.3392947619987
0.294495 8.49793784091195 79.5523828553052
0.294995 8.51236582413902 80.3089191391325
0.295495 8.52679380736609 80.2225805931928
0.295995 8.54122179059316 79.9456359253515
0.296495 8.55564977382023 80.0691198422646
0.296995 8.5700777570473 80.108576273369
0.297495 8.58450574027437 80.9700731767981
0.297995 8.59893372350144 80.5818277204425
0.298495 8.61336170672851 80.6149725119014
0.298995 8.62778968995558 80.8829423307974
0.299495 8.64221767318265 80.7738727901329
0.299995 8.65664565640972 81.2758957892241
0.300495 8.67107363963679 81.1412572846998
0.300995 8.68550162286386 81.3649694672331
0.301495 8.69992960609093 81.5880353055385
0.301995 8.714357589318 81.6275997245889
0.302495 8.72878557254507 82.1122231252949
0.302995 8.74321355577214 81.6361594188605
0.303495 8.75764153899921 82.7460559009467
0.303995 8.77206952222628 82.7449683675148
0.304495 8.78649750545335 82.4326206462373
0.304995 8.80092548868042 83.026760893072
0.305495 8.81535347190749 82.9021341851127
0.305995 8.82978145513456 83.0704135187479
0.306495 8.84420943836163 83.3379466937204
0.306995 8.8586374215887 83.4806621112803
0.307495 8.87306540481577 83.2925596448685
0.307995 8.88749338804284 83.9736696090247
0.308495 8.90192137126991 84.5851079168854
0.308995 8.91634935449698 83.9418519956141
0.309495 8.93077733772406 84.3002298254969
0.309995 8.94520532095112 84.2504806333794
0.310495 8.95963330417819 84.6980495220708
0.310995 8.97406128740526 85.2004250886656
0.311495 8.98848927063233 84.7350629333413
0.311995 9.0029172538594 85.931113336197
0.312495 9.01734523708647 85.1700952025788
0.312995 9.03177322031354 85.3156376147559
0.313495 9.04620120354061 86.4838904324387
0.313995 9.06062918676768 85.9636390095892
0.314495 9.07505716999475 86.5397141079846
0.314995 9.08948515322182 86.0544192040551
0.315495 9.10391313644889 86.7162177486826
0.315995 9.11834111967596 86.8161481224196
0.316495 9.13276910290303 86.9647971828681
0.316995 9.1471970861301 87.3373073842337
0.317495 9.16162506935717 87.9387812236879
0.317995 9.17605305258425 87.4591148765572
0.318495 9.19048103581131 88.3464563233198
0.318995 9.20490901903838 87.7963006852762
0.319495 9.21933700226545 88.58632589542
0.319995 9.23376498549252 88.7249144442083
0.320495 9.24819296871959 89.2833042348347
0.320994999999999 9.26262095194665 89.1438488710488
0.321495 9.27704893517373 89.4041777550737
0.321995 9.2914769184008 89.7190435755932
0.322495 9.30590490162787 90.053252664614
0.322995 9.32033288485494 90.1811842669051
0.323495 9.33476086808201 90.4270205707746
0.323995 9.34918885130908 91.4120736657737
0.324495 9.36361683453615 91.4712950940939
0.324995 9.37804481776322 91.5294969357171
0.325495 9.39247280099029 91.5363302276927
0.325995 9.40690078421736 91.7823199123463
0.326495 9.42132876744443 92.6249989090856
0.326995 9.4357567506715 92.5253918101028
0.327495 9.45018473389857 93.0539343265648
0.327995 9.46461271712564 93.2112358865129
0.328495 9.47904070035271 93.3321976422765
0.328995 9.49346868357978 94.1056168328347
0.329495 9.50789666680685 94.1420317708907
0.329995 9.52232465003392 94.2139390616096
0.330495 9.53675263326099 94.4744653882363
0.330995 9.55118061648806 95.2650511145089
0.331495 9.56560859971513 95.0525675385437
0.331995 9.5800365829422 95.6845820842128
0.332495 9.59446456616927 95.5675310597089
0.332995 9.60889254939634 96.3836070180207
0.333495 9.62332053262341 96.1529346496322
0.333995 9.63774851585048 97.0133638881424
0.334495 9.65217649907755 97.2124118389833
0.334995 9.66660448230462 97.1987746018943
0.335495 9.68103246553169 98.1175214157721
0.335995 9.69546044875876 97.6950840236292
0.336495 9.70988843198583 98.5225813058129
0.336995 9.7243164152129 99.059064114016
0.337495 9.73874439843997 98.9758842431326
0.337995 9.75317238166704 99.6012073271526
0.338495 9.76760036489411 99.3601610291444
0.338995 9.78202834812118 99.9573048644361
0.339495 9.79645633134825 100.677560134418
0.339995 9.81088431457532 100.30723666235
0.340495 9.82531229780239 101.203756747833
0.340995 9.83974028102946 101.411490317872
0.341495 9.85416826425653 102.060116943373
0.341995 9.8685962474836 102.281399293023
0.342495 9.88302423071067 102.339139153628
0.342995 9.89745221393774 102.941370809076
0.343495 9.91188019716481 102.727576186814
0.343995 9.92630818039188 103.527805208829
0.344495 9.94073616361895 103.72307252599
0.344994999999999 9.95516414684602 104.223841925723
0.345495 9.96959213007309 104.341752812842
0.345995 9.98402011330016 104.942272157668
0.346495 9.99844809652723 105.092247643114
0.346995 10.0128760797543 105.683646467239
0.347495 10.0273040629814 105.855727161119
0.347995 10.0417320462084 106.32540767827
0.348495 10.0561600294355 106.766816005628
0.348995 10.0705880126626 107.19870329461
0.349495 10.0850159958896 107.576472247961
0.349995 10.0994439791167 108.264950551369
0.350495 10.1138719623438 108.340349704209
0.350995 10.1282999455709 108.804238742035
0.351495 10.1427279287979 108.879421657071
0.351995 10.157155912025 109.758045998695
0.352495 10.1715838952521 109.680363999953
0.352995 10.1860118784791 109.846883045976
0.353495 10.2004398617062 111.149266130797
0.353995 10.2148678449333 110.302866569319
0.354495 10.2292958281604 111.622561776742
0.354995 10.2437238113874 111.75888578187
0.355495 10.2581517946145 111.912080465406
0.355995 10.2725797778416 113.019940897805
0.356495 10.2870077610686 112.823158594608
0.356995 10.3014357442957 113.147110975706
0.357495 10.3158637275228 114.206490961892
0.357995 10.3302917107498 114.501651954121
0.358495 10.3447196939769 114.24356968941
0.358995 10.359147677204 114.794903890996
0.359495 10.373575660431 115.626039551648
0.359995 10.3880036436581 115.889549079754
0.360495 10.4024316268852 115.880756782204
0.360995 10.4168596101123 116.729908995987
0.361495 10.4312875933393 116.332840573334
0.361995 10.4457155765664 117.382721963152
0.362495 10.4601435597935 117.742428761769
0.362995 10.4745715430205 118.710656218869
0.363495 10.4889995262476 118.442979306786
0.363995 10.5034275094747 119.285202234162
0.364495 10.5178554927018 119.82602950521
0.364995 10.5322834759288 120.045254852673
0.365495 10.5467114591559 120.691938477948
0.365995 10.561139442383 120.864517619632
0.366495 10.57556742561 121.452926209984
0.366995 10.5899954088371 121.23189772979
0.367495 10.6044233920642 121.982443288575
0.367995 10.6188513752912 122.9534599818
0.368495 10.6332793585183 123.704061990321
0.368995 10.6477073417454 123.595628847534
0.369495 10.6621353249724 123.306182856766
0.369995 10.6765633081995 124.087694905587
0.370495 10.6909912914266 125.009947159171
0.370995 10.7054192746537 125.773017511762
0.371495 10.7198472578807 125.939959280634
0.371995 10.7342752411078 126.818413321251
0.372495 10.7487032243349 127.438681348085
0.372995 10.7631312075619 127.668268596472
0.373495 10.777559190789 128.14570236251
0.373995 10.7919871740161 128.758343038456
0.374495 10.8064151572432 129.840776762542
0.374995 10.8208431404702 130.341769425898
0.375495 10.8352711236973 130.731538121141
0.375995 10.8496991069244 130.978814743789
0.376495 10.8641270901514 131.017226799497
0.376995 10.8785550733785 131.021228107743
0.377495 10.8929830566056 132.094946032054
0.377995 10.9074110398326 132.794339608036
0.378495 10.9218390230597 133.454695981999
0.378995 10.9362670062868 134.281354964145
0.379495 10.9506949895139 134.59980764577
0.379995 10.9651229727409 135.430127776624
0.380495 10.979550955968 135.272437156204
0.380995 10.9939789391951 136.458325546901
0.381494999999999 11.0084069224221 136.936109194218
0.381995 11.0228349056492 137.472377876641
0.382495 11.0372628888763 137.811777634515
0.382995 11.0516908721033 138.805965798237
0.383495 11.0661188553304 139.377283702536
0.383995 11.0805468385575 140.010920209587
0.384495 11.0949748217845 140.491564215598
0.384995 11.1094028050116 140.478373839968
0.385495 11.1238307882387 141.550891714784
0.385995 11.1382587714658 141.947438175785
0.386495 11.1526867546928 140.231392208132
0.386995 11.1671147379199 132.839638535256
0.387495 11.181542721147 117.948944868758
0.387995 11.195970704374 104.557403487716
0.388495 11.2103986876011 92.738849723546
0.388995 11.2248266708282 82.7940318817426
0.389495 11.2392546540553 73.9833724520223
0.389994999999999 11.2536826372823 66.8082164410939
0.390495 11.2681106205094 60.3201795943602
0.390995 11.2825386037365 54.288618442736
0.391495 11.2969665869635 49.6933036477405
0.391995 11.3113945701906 46.4899257335494
0.392495 11.3258225534177 44.2014085809386
0.392995 11.3402505366447 42.1475872639815
0.393495 11.3546785198718 40.0966581490501
0.393995 11.3691065030989 38.1532273496231
0.394495 11.3835344863259 36.3322203526734
0.394995 11.397962469553 34.6167909661957
0.395495 11.4123904527801 33.0148193268132
0.395995 11.4268184360072 31.486162847383
0.396495 11.4412464192342 30.0294668136587
0.396995 11.4556744024613 28.6141434996927
0.397495 11.4701023856884 27.0972729557068
0.397995 11.4845303689154 25.248583371726
0.398494999999999 11.4989583521425 23.1667671338677
0.398995 11.5133863353696 20.8753038029674
0.399495 11.5278143185967 18.382182135725
0.399995 11.5422423018237 15.6718206930517
0.400495 11.5566702850508 12.7524202987153
0.400995 11.5710982682779 9.59892563064576
0.401495 11.5855262515049 6.22514603589741
0.401995 11.599954234732 3.07072600291089
0.402495 11.6143822179591 0.351896298787592
0.402995 11.6288102011861 -2.41369406098263
0.403495 11.6432381844132 -5.61228874007106
0.403995 11.6576661676403 -9.22760804141444
0.404495 11.6720941508673 -13.164575740977
0.404995 11.6865221340944 -17.3511203154735
0.405494999999999 11.7009501173215 -21.6385587599097
0.405995 11.7153781005486 -25.6443573105475
0.406495 11.7298060837756 -28.6096794942728
0.406994999999999 11.7442340670027 -28.9789737793493
0.407495 11.7586620502298 -25.4496616176605
0.407995 11.7730900334568 -17.327520413615
0.408495 11.7875180166839 -8.07643011025437
0.408995 11.801945999911 -5.76063924906353
0.409495 11.816373983138 -3.39355098876814
0.409995 11.8308019663651 -1.01785222052464
0.410495 11.8452299495922 0.726805259216193
0.410995 11.8596579328193 1.44850878865595
0.411495 11.8740859160463 2.89307381409359
0.411995 11.8885138992734 4.51387689161812
0.412495 11.9029418825005 6.49216720284921
0.412995 11.9173698657275 9.02659067793974
0.413495 11.9317978489546 10.6185155583754
0.413995 11.9462258321817 12.1985722633085
0.414495 11.9606538154088 13.3754733375868
0.414995 11.9750817986358 13.3314540703113
0.415495 11.9895097818629 11.7248415986104
0.415995 12.00393776509 10.5231306287002
0.416495 12.018365748317 9.26068965433592
0.416995 12.0327937315441 7.62021154471328
0.417495 12.0472217147712 6.09735885259273
0.417995 12.0616496979982 4.41271738255014
0.418495 12.0760776812253 2.87245937375903
0.418995 12.0905056644524 1.16651536316871
0.419495 12.1049336476795 -0.713188274911236
0.419995 12.1193616309065 -2.8699447898887
0.420495 12.1337896141336 -5.89927324616813
0.420995 12.1482175973607 -8.54839286953473
0.421495 12.1626455805877 -11.1306156762424
0.421995 12.1770735638148 -12.7044286998194
0.422495 12.1915015470419 -13.0265743002848
0.422995 12.2059295302689 -12.4978059346024
0.423495 12.220357513496 -10.8638504155229
0.423995 12.2347854967231 -8.15666693718178
0.424495 12.2492134799502 -5.86241986082142
0.424995 12.2636414631772 -4.0142526544661
0.425495 12.2780694464043 -2.86581559497655
0.425995 12.2924974296314 -1.76897960159473
0.426495 12.3069254128584 -0.50835999780444
0.426995 12.3213533960855 0.531427163223721
0.427495 12.3357813793126 1.67095646324858
0.427995 12.3502093625396 2.39747948884076
0.428495 12.3646373457667 2.92476427787551
0.428995 12.3790653289938 3.58004487426714
0.429495 12.3934933122209 4.48565619605495
0.429995 12.4079212954479 5.54145574956134
0.430495 12.422349278675 6.43024045873665
0.430995 12.4367772619021 6.62814892369521
0.431495 12.4512052451291 6.62496521988693
0.431995 12.4656332283562 6.0154694350819
0.432495 12.4800612115833 5.4100234999466
0.432995 12.4944891948103 4.44678616524826
0.433495 12.5089171780374 2.95376860664547
0.433995 12.5233451612645 1.67381702274052
0.434495 12.5377731444916 0.256031147571101
0.434995 12.5522011277186 -1.04586298740199
0.435495 12.5666291109457 -2.11106274137386
0.435995 12.5810570941728 -2.88939503792196
0.436495 12.5954850773998 -3.85073648044216
0.436995 12.6099130606269 -4.62225814180388
0.437495 12.624341043854 -5.45020748696719
0.437995 12.638769027081 -5.82107514135824
0.438495 12.6531970103081 -5.95808913874801
0.438995 12.6676249935352 -5.677590500544
0.439495 12.6820529767622 -5.19027100966091
0.439995 12.6964809599893 -4.2031986362414
0.440495 12.7109089432164 -3.12255753696059
0.440995 12.7253369264435 -1.73266865227978
0.441495 12.7397649096705 -0.267231170854
0.441995 12.7541928928976 0.790499153708041
0.442495 12.7686208761247 1.38983801892559
0.442995 12.7830488593517 2.24406179908153
0.443494999999999 12.7974768425788 2.6709557083157
0.443995 12.8119048258059 3.8177956722262
0.444495 12.826332809033 4.6440453056327
0.444995 12.84076079226 5.03293572255506
0.445495 12.8551887754871 5.2625972005713
0.445995 12.8696167587142 4.94016670382719
0.446495 12.8840447419412 4.44966906300889
0.446995 12.8984727251683 3.65438054985062
0.447495 12.9129007083954 2.90339273934863
0.447995 12.9273286916224 1.68597648281572
0.448495 12.9417566748495 0.396078332720295
0.448994999999999 12.9561846580766 -0.475310583739362
0.449495 12.9706126413036 -1.14943834548495
0.449995 12.9850406245307 -1.51296787932272
0.450494999999999 12.9994686077578 -2.14611447267212
0.450995 13.0138965909849 -2.67818349936263
0.451495 13.0283245742119 -3.45704047581192
0.451994999999999 13.042752557439 -3.99085389254468
0.452495 13.0571805406661 -4.05203966493971
0.452995 13.0716085238931 -3.82586835660638
0.453495 13.0860365071202 -3.39666565946698
0.453995 13.1004644903473 -2.72029775494242
0.454495 13.1148924735743 -1.76108652015596
0.454995 13.1293204568014 -0.706972033688027
0.455495 13.1437484400285 0.484080718477334
0.455995 13.1581764232556 0.880209909806417
0.456495 13.1726044064826 1.19634230071608
0.456995 13.1870323897097 1.69691340908734
0.457494999999999 13.2014603729368 1.88375208093492
0.457995 13.2158883561638 2.14174742256962
0.458495 13.2303163393909 2.44666929249272
0.458994999999999 13.244744322618 2.85102209438147
0.459495 13.2591723058451 2.63921317241276
0.459995 13.2736002890721 2.26415327798664
0.460495 13.2880282722992 1.754274199616
0.460995 13.3024562555263 1.41966768214406
0.461495 13.3168842387533 0.860855856332792
0.461995 13.3313122219804 -0.00700937421612485
0.462495 13.3457402052075 -0.599279536029427
0.462995 13.3601681884345 -1.18279010258977
0.463495 13.3745961716616 -1.51612827687236
0.463995 13.3890241548887 -1.57948207475014
0.464495 13.4034521381157 -1.73053386377387
0.464995 13.4178801213428 -1.94553068097723
0.465495 13.4323081045699 -1.97805345553625
0.465994999999999 13.446736087797 -2.05917836333662
0.466495 13.461164071024 -1.86021476285444
0.466995 13.4755920542511 -1.37312525712925
0.467494999999999 13.4900200374782 -0.600214256318967
0.467995 13.5044480207052 -0.174593314929567
0.468495 13.5188760039323 0.521584457289547
0.468995 13.5333039871594 1.23806869842703
0.469495 13.5477319703865 1.64336972452696
0.469995 13.5621599536135 2.18269567640562
0.470495 13.5765879368406 2.33956887475069
0.470995 13.5910159200677 2.38629534888876
0.471495 13.6054439032947 2.35854222341444
0.471995 13.6198718865218 2.23846109556483
0.472495 13.6342998697489 2.33849612896607
0.472994999999999 13.6487278529759 1.92256434664021
0.473495 13.663155836203 1.79807298147585
0.473995 13.6775838194301 0.970856753782416
0.474495 13.6920118026571 0.0863687049665516
0.474995 13.7064397858842 -0.828146412182114
0.475495 13.7208677691113 -1.63024322914834
0.475995 13.7352957523384 -2.30156322110235
0.476495 13.7497237355654 -2.99997773014452
0.476995 13.7641517187925 -3.46890658494106
0.477495 13.7785797020196 -3.56374658332282
0.477995 13.7930076852466 -3.6191925776198
0.478495 13.8074356684737 -3.15832011620228
0.478995 13.8218636517008 -2.80790555620162
0.479495 13.8362916349279 -2.27605430738164
0.479995 13.8507196181549 -1.62741978205765
0.480495 13.865147601382 -1.01932290330199
0.480995 13.8795755846091 -0.00258704355319129
0.481495 13.8940035678361 0.982282296302928
0.481995 13.9084315510632 1.97300538601943
0.482495 13.9228595342903 2.71166707073024
0.482995 13.9372875175173 3.54878581642862
0.483495 13.9517155007444 3.97352823260002
0.483995 13.9661434839715 4.17181107748448
0.484495 13.9805714671985 4.41020732624216
0.484995 13.9949994504256 4.16625410052291
0.485495 14.0094274336527 3.63903701039433
0.485995 14.0238554168798 3.12745788714835
0.486495 14.0382834001068 2.35849577699617
0.486995 14.0527113833339 1.88031065004012
0.487495 14.067139366561 1.08312222880496
0.487995 14.081567349788 0.00993989266129036
0.488495 14.0959953330151 -0.959321075753416
0.488995 14.1104233162422 -1.99101632940547
0.489495 14.1248512994693 -3.17776819158966
0.489995 14.1392792826963 -3.7791594622822
0.490495 14.1537072659234 -4.5275959650037
0.490995 14.1681352491505 -4.85432577577862
0.491495 14.1825632323775 -4.86896947084788
0.491995 14.1969912156046 -4.59142800542235
0.492495 14.2114191988317 -4.10110151818389
0.492995 14.2258471820587 -3.46759512209664
0.493495 14.2402751652858 -2.59181970209849
0.493995 14.2547031485129 -1.83454227165182
0.494495 14.2691311317399 -0.839277671385432
0.494995 14.283559114967 0.37721807622794
0.495495 14.2979870981941 1.36103706410731
0.495995 14.3124150814212 2.5644838069601
0.496495 14.3268430646482 3.33653312080547
0.496994999999999 14.3412710478753 3.92040052167328
0.497495 14.3556990311024 4.56911199084151
0.497995 14.3701270143294 4.68816933861808
0.498495 14.3845549975565 4.83553350526905
0.498995 14.3989829807836 4.87739442334649
0.499495 14.4134109640106 4.40818767008245
0.499995 14.4278389472377 4.12045699053803
