# Fix print output for fix Step
0 0 -0.535774128265491
0.000495000000000098 0.00240062243850048 2.06352527809019
0.000994999999999958 0.0048254935884998 0.0900711312794254
0.00149500000000011 0.00725036473850054 2.6065278242586
0.00199499999999997 0.00967523588849986 0.655980481430692
0.00249500000000012 0.0121001070385006 2.67246743761577
0.00299499999999998 0.0145249781884999 3.43998087948401
0.00349500000000014 0.0169498493385007 1.77421737953566
0.003995 0.0193747204885 4.12864409932183
0.00449499999999986 0.0217995916384993 1.86352957944139
0.00499500000000001 0.0242244627885 4.86729986762836
0.00549499999999987 0.0266493339384994 2.50154293990579
0.00599500000000002 0.0290742050885001 4.87462490270875
0.00649499999999988 0.0314990762384994 3.71992191678022
0.00699500000000003 0.0339239473885002 4.78553731625548
0.00749499999999989 0.0363488185384995 5.10272068392686
0.00799500000000004 0.0387736896885002 4.50219175749569
0.0084949999999999 0.0411985608384995 6.11601025272354
0.00899500000000006 0.0436234319885003 4.07576811816094
0.00949499999999992 0.0460483031384996 7.69361029279038
0.00999500000000007 0.0484731742885003 4.43169213009116
0.0104949999999999 0.0508980454384996 7.29468201385177
0.0109950000000001 0.0533229165885004 5.63519400498844
0.0114949999999999 0.0557477877384997 7.49179662201322
0.0119950000000001 0.0581726588885004 6.58602721090934
0.012495 0.0605975300384998 7.7790814782011
0.0129950000000001 0.0630224011885005 7.22811094299056
0.013495 0.0654472723384998 7.5685386659892
0.0139950000000001 0.0678721434885006 8.19348021344595
0.014495 0.0702970146384999 7.69008076105144
0.0149950000000001 0.0727218857885006 9.68863026621196
0.015495 0.0751467569385 7.64208077631383
0.015995 0.0775716280885 9.84265996025805
0.016495 0.0799964992385 8.52173032978748
0.0169949999999999 0.0824213703884993 10.1285217409632
0.017495 0.0848462415385001 9.19754889272394
0.0179949999999999 0.0872711126884994 10.677153456113
0.018495 0.0896959838385001 9.67988805746782
0.0189949999999999 0.0921208549884995 10.377749025652
0.019495 0.0945457261385002 10.976620354836
0.0199949999999999 0.0969705972884995 10.3642457476182
0.0204950000000001 0.0993954684385003 12.0992631357083
0.0209949999999999 0.1018203395885 10.5018506241673
0.0214950000000001 0.1042452107385 12.249177078643
0.0219949999999999 0.1066700818885 11.0127831231254
0.0224950000000001 0.1090949530385 12.7402518842325
0.0229949999999999 0.1115198241885 12.364739741087
0.0234950000000001 0.1139446953385 12.4349572035726
0.0239949999999999 0.1163695664885 12.7755330131465
0.0244950000000001 0.1187944376385 12.7533312966776
0.024995 0.1212193087885 13.8478932765193
0.0254950000000001 0.123644179938501 12.8403759008599
0.025995 0.1260690510885 14.2781355523911
0.0264950000000001 0.128493922238501 12.7146204348548
0.026995 0.1309187933885 14.3294530649161
0.0274950000000001 0.133343664538501 14.2513637552675
0.027995 0.1357685356885 14.5876064021079
0.0284949999999999 0.138193406838499 14.633299090489
0.028995 0.1406182779885 14.6485955095289
0.0294949999999999 0.143043149138499 15.6268756613749
0.029995 0.1454680202885 15.1288733919792
0.0304949999999999 0.147892891438499 16.4885372556053
0.030995 0.1503177625885 15.2806337250641
0.0314949999999999 0.152742633738499 16.3229128637281
0.031995 0.1551675048885 15.6987414286467
0.0324949999999999 0.1575923760385 16.1623322784984
0.0329950000000001 0.1600172471885 16.7584034978743
0.0334949999999999 0.1624421183385 16.8568804570003
0.0339950000000001 0.1648669894885 17.8480971309227
0.0344949999999999 0.1672918606385 17.1694706268178
0.0349950000000001 0.1697167317885 17.9893834453381
0.0354949999999999 0.1721416029385 17.1560780875493
0.0359950000000001 0.1745664740885 18.4913373860675
0.036495 0.1769913452385 17.6140980754543
0.0369950000000001 0.179416216388501 19.0862745352748
0.037495 0.1818410875385 18.4350500800371
0.0379950000000001 0.184265958688501 19.0421236913374
0.038495 0.1866908298385 19.2105452072748
0.0389950000000001 0.189115700988501 19.0211193371055
0.039495 0.1915405721385 19.5485672192414
0.039995 0.1939654432885 18.9945440263851
0.040495 0.1963903144385 20.2816829822307
0.0409949999999999 0.198815185588499 20.1370832495107
0.041495 0.2012400567385 20.6784274138326
0.0419949999999999 0.203664927888499 20.2780511370008
0.042495 0.2060897990385 21.1628325442019
0.0429949999999999 0.208514670188499 20.8440672465579
0.043495 0.2109395413385 21.3518693727585
0.0439949999999999 0.2133644124885 21.5660744178083
0.0444950000000001 0.2157892836385 21.2214839924867
0.0449949999999999 0.2182141547885 21.5849133508065
0.0454950000000001 0.2206390259385 21.6400601446486
0.0459949999999999 0.2230638970885 22.0575910227976
0.0464950000000001 0.2254887682385 22.4043226633688
0.0469949999999999 0.2279136393885 22.8093753773292
0.0474950000000001 0.2303385105385 22.6060411436806
0.0479949999999999 0.2327633816885 22.6203309114993
0.0484950000000001 0.2351882528385 23.113991625614
0.048995 0.2376131239885 23.5141692593275
0.0494950000000001 0.240037995138501 23.5942439915124
0.049995 0.2424628662885 23.4724674601254
0.0504950000000001 0.244887737438501 23.9695165157417
0.050995 0.2473126085885 24.2689212549604
0.0514950000000001 0.249737479738501 24.5978549908802
0.051995 0.2521623508885 24.6839114087282
0.0524949999999999 0.254587222038499 24.4370561745982
0.052995 0.2570120931885 25.058103710073
0.0534949999999999 0.259436964338499 24.9848963497736
0.053995 0.2618618354885 25.369106698724
0.0544949999999999 0.264286706638499 25.1415423810619
0.054995 0.2667115777885 25.8988038016377
0.0554949999999999 0.269136448938499 25.4326798541319
0.0559950000000001 0.2715613200885 26.1977614320965
0.0564949999999999 0.2739861912385 25.9324435950704
0.0569950000000001 0.2764110623885 26.7298942961991
0.0574949999999999 0.2788359335385 26.6536663950924
0.0579950000000001 0.2812608046885 26.8899759360735
0.0584949999999999 0.2836856758385 26.7017409150752
0.0589950000000001 0.2861105469885 27.5407662334084
0.0594949999999999 0.2885354181385 27.4744114763874
0.0599950000000001 0.2909602892885 27.7460778239344
0.060495 0.2933851604385 27.7053775318492
0.0609950000000001 0.2958100315885 28.0003137947955
0.061495 0.2982349027385 28.38870161989
0.0619950000000001 0.300659773888501 28.5457657735079
0.062495 0.3030846450385 28.6214465567885
0.0629950000000001 0.305509516188501 28.9519752935674
0.063495 0.3079343873385 28.9251687292268
0.0639949999999999 0.310359258488499 29.3088690362059
0.064495 0.3127841296385 29.4172428193986
0.0649949999999999 0.315209000788499 29.485729117229
0.065495 0.3176338719385 29.5592117167885
0.0659949999999999 0.320058743088499 30.0534866407138
0.066495 0.3224836142385 30.1472821465547
0.0669949999999999 0.324908485388499 30.214322029437
0.067495 0.3273333565385 30.3396135645802
0.0679949999999999 0.329758227688499 30.5934385263267
0.0684950000000001 0.3321830988385 31.1017881677891
0.0689949999999999 0.3346079699885 30.7295212433915
0.0694950000000001 0.3370328411385 31.1971297493564
0.0699949999999999 0.3394577122885 31.1277299365195
0.0704950000000001 0.3418825834385 31.6815296431658
0.0709949999999999 0.3443074545885 31.5440294563727
0.0714950000000001 0.3467323257385 31.6748638546893
0.0719949999999999 0.3491571968885 32.0003826849883
0.0724950000000001 0.351582068038501 32.1989402547756
0.072995 0.3540069391885 32.3781991111883
0.0734950000000001 0.356431810338501 32.3110340318931
0.073995 0.3588566814885 32.9906830019955
0.0744950000000001 0.361281552638501 32.4987655355632
0.074995 0.3637064237885 33.0059468524237
0.0754950000000001 0.366131294938501 32.8969123164434
0.075995 0.3685561660885 33.2054630660022
0.0764949999999999 0.370981037238499 33.5061011652291
0.076995 0.3734059083885 33.6987833861256
0.0774949999999999 0.375830779538499 34.0208883963962
0.077995 0.3782556506885 33.9607421797578
0.0784949999999999 0.380680521838499 34.4880385834512
0.078995 0.3831053929885 34.2816907918887
0.0794949999999999 0.3855302641385 34.9809233407578
0.0799950000000001 0.3879551352885 34.3587598865125
0.0804949999999999 0.3903800064385 34.9518125426841
0.0809950000000001 0.3928048775885 35.0139646317035
0.0814949999999999 0.3952297487385 35.2111726296381
0.0819950000000001 0.3976546198885 35.0664384407012
0.0824949999999999 0.4000794910385 35.3267197850124
0.0829950000000001 0.4025043621885 35.6310761718159
0.0834949999999999 0.4049292333385 35.8633635506611
0.0839950000000001 0.4073541044885 36.2539981459748
0.084495 0.4097789756385 36.1789065740861
0.0849950000000001 0.412203846788501 36.5082706210265
0.085495 0.4146287179385 36.4439280455856
0.0859950000000001 0.417053589088501 36.4861578077349
0.086495 0.4194784602385 36.4745672356598
0.0869950000000001 0.421903331388501 36.8408273026278
0.087495 0.4243282025385 37.16347458069
0.0879950000000002 0.426753073688501 37.221387123558
0.088495 0.4291779448385 37.8049955615945
0.0889949999999999 0.431602815988499 37.5774915447597
0.089495 0.4340276871385 37.9333497873734
0.0899949999999999 0.436452558288499 37.4370621695082
0.090495 0.4388774294385 37.888694581854
0.0909949999999999 0.441302300588499 38.1389579889828
0.091495 0.4437271717385 38.3972769026347
0.0919949999999999 0.4461520428885 38.5644148968317
0.0924950000000001 0.4485769140385 38.7007983024082
0.0929949999999999 0.4510017851885 39.0693519918419
0.0934950000000001 0.4534266563385 38.6163674687708
0.0939949999999999 0.4558515274885 39.1378289328771
0.0944950000000001 0.4582763986385 39.0851598453068
0.0949949999999999 0.4607012697885 39.6574530345805
0.0954950000000001 0.4631261409385 39.414126723107
0.095995 0.4655510120885 39.744369349305
0.0964950000000001 0.4679758832385 39.8934663541459
0.096995 0.4704007543885 40.230394135502
0.0974950000000001 0.472825625538501 40.1214278688856
0.097995 0.4752504966885 40.0763363879736
0.0984950000000001 0.477675367838501 40.4785509379873
0.098995 0.4801002389885 40.7362758895887
0.0994950000000001 0.482525110138501 40.7396383745744
0.099995 0.4849499812885 40.7853626672529
0.100495 0.487374852438499 40.9965188964458
0.100995 0.4897997235885 41.0511231787986
0.101495 0.492224594738499 41.2682538812426
0.101995 0.4946494658885 41.4688176660151
0.102495 0.497074337038499 41.594772417275
0.102995 0.4994992081885 41.7623635812882
0.103495 0.501924079338499 41.8886402468688
0.103995 0.5043489504885 41.9333409775704
0.104495 0.5067738216385 42.3537274669927
0.104995 0.5091986927885 42.146944558331
0.105495 0.5116235639385 42.5648775906651
0.105995 0.5140484350885 42.4740753697055
0.106495 0.5164733062385 42.7491386408092
0.106995 0.5188981773885 42.5521777106076
0.107495 0.5213230485385 42.7826132142134
0.107995 0.5237479196885 43.2358029598767
0.108495 0.5261727908385 43.3728349519079
0.108995 0.528597661988501 43.3053688272412
0.109495 0.5310225331385 43.2369267282253
0.109995 0.533447404288501 43.7553709015499
0.110495 0.5358722754385 43.9031291682158
0.110995 0.538297146588501 43.8954894624925
0.111495 0.5407220177385 43.7743115155965
0.111995 0.543146888888499 44.4806118465269
0.112495 0.5455717600385 44.4610805828195
0.112995 0.547996631188499 44.5581993052952
0.113495 0.5504215023385 44.525117637603
0.113995 0.552846373488499 44.7883342830793
0.114495 0.5552712446385 44.8446390624315
0.114995 0.557696115788499 44.7975142046047
0.115495 0.5601209869385 45.2861453705935
0.115995 0.5625458580885 45.3159315020401
0.116495 0.5649707292385 45.4601336256305
0.116995 0.5673956003885 45.3157401762131
0.117495 0.5698204715385 45.8769438593301
0.117995 0.5722453426885 45.6541805187709
0.118495 0.5746702138385 45.7744097236707
0.118995 0.5770950849885 46.0167264359571
0.119495 0.5795199561385 46.1246834987926
0.119995 0.5819448272885 46.3179520559212
0.120495 0.584369698438501 46.1848632413173
0.120995 0.5867945695885 46.6086251905801
0.121495 0.589219440738501 46.8460248480239
0.121995 0.5916443118885 46.8659134776179
0.122495 0.594069183038501 46.734516767948
0.122995 0.5964940541885 47.3354079763455
0.123495 0.598918925338499 47.2091409641791
0.123995 0.6013437964885 46.9316452218092
0.124495 0.603768667638499 47.358384777953
0.124995 0.6061935387885 47.6236633227838
0.125495 0.608618409938499 47.671672652635
0.125995 0.6110432810885 47.554794287639
0.126495 0.613468152238499 47.9814540855272
0.126995 0.6158930233885 47.9120039699176
0.127495 0.6183178945385 48.131705016319
0.127995 0.6207427656885 47.9716308487807
0.128495 0.6231676368385 48.159424025945
0.128995 0.6255925079885 48.397582209657
0.129495 0.6280173791385 48.547340700012
0.129995 0.6304422502885 48.7129689643473
0.130495 0.6328671214385 48.4604047317648
0.130995 0.6352919925885 48.9235591567061
0.131495 0.6377168637385 48.9773417277743
0.131995 0.6401417348885 49.4184264105253
0.132495 0.6425666060385 48.9902389742477
0.132995 0.644991477188501 49.1147205730468
0.133495 0.6474163483385 49.2513712836545
0.133995 0.649841219488501 49.6546623029207
0.134495 0.6522660906385 49.6349396417901
0.134995 0.654690961788499 49.7085904069132
0.135495 0.6571158329385 50.1447381785214
0.135995 0.659540704088501 49.6661794350006
0.136495 0.6619655752385 50.1163653709544
0.136995 0.664390446388499 49.842245909371
0.137495 0.6668153175385 50.4847813581882
0.137995 0.669240188688499 50.3957819428099
0.138495 0.6716650598385 50.2902114242983
0.138995 0.674089930988499 49.9641915109006
0.139495 0.6765148021385 51.0947892478214
0.139995 0.6789396732885 50.848627593132
0.140495 0.6813645444385 50.7891048351553
0.140995 0.6837894155885 50.9395383121727
0.141495 0.6862142867385 51.1804469436408
0.141995 0.6886391578885 51.2953064394856
0.142495 0.6910640290385 50.8437331232655
0.142995 0.6934889001885 51.3011926113303
0.143495 0.6959137713385 51.5208736214661
0.143995 0.6983386424885 51.8148488051228
0.144495 0.700763513638501 51.5451673472937
0.144995 0.7031883847885 51.5875692317658
0.145495 0.705613255938501 51.783482274666
0.145995 0.7080381270885 52.1126677735285
0.146495 0.710462998238499 52.0801306807714
0.146995 0.7128878693885 52.0551058712637
0.147495 0.715312740538499 52.2302687766234
0.147995 0.7177376116885 52.1958644882096
0.148495 0.720162482838499 52.3667824890864
0.148995 0.7225873539885 52.3624193992477
0.149495 0.725012225138499 52.5982096589877
0.149995 0.7274370962885 52.8697593930069
0.150495 0.729861967438499 52.784882459595
0.150995 0.7322868385885 53.0355047878162
0.151495 0.7347117097385 52.6609189162461
0.151995 0.7371365808885 52.9043160314018
0.152495 0.7395614520385 53.1203398711278
0.152995 0.7419863231885 53.3293022821481
0.153495 0.7444111943385 53.2357727528474
0.153995 0.7468360654885 53.4756435535056
0.154495 0.7492609366385 53.4184785139209
0.154995 0.7516858077885 53.7494814609304
0.155495 0.7541106789385 53.6757567807504
0.155995 0.7565355500885 53.8208088474781
0.156495 0.7589604212385 53.8234719443537
0.156995 0.761385292388501 53.861467315699
0.157495 0.7638101635385 54.06572349149
0.157995 0.766235034688501 54.2035557773478
0.158495 0.7686599058385 54.1591383082175
0.158995 0.771084776988501 54.0995093738671
0.159495 0.7735096481385 54.5572014965043
0.159995 0.775934519288499 54.3674433123557
0.160495 0.7783593904385 54.3917470395069
0.160995 0.780784261588499 54.5580145735003
0.161495 0.7832091327385 55.0720367040913
0.161995 0.785634003888499 54.6649986072649
0.162495 0.7880588750385 54.7200127719601
0.162995 0.790483746188499 55.0541617766233
0.163495 0.7929086173385 55.3670127711
0.163995 0.795333488488499 55.0266058795504
0.164495 0.7977583596385 55.0042712478465
0.164995 0.8001832307885 55.316611815464
0.165495 0.8026081019385 55.4161678966238
0.165995 0.8050329730885 55.3729579299578
0.166495 0.8074578442385 55.4455852395437
0.166995 0.8098827153885 55.4545544006132
0.167495 0.8123075865385 56.019477246098
0.167995 0.8147324576885 55.7664590961968
0.168495 0.817157328838501 55.7179024096707
0.168995 0.8195821999885 55.8523120613771
0.169495 0.822007071138501 56.2092879155175
0.169995 0.8244319422885 55.9382169138211
0.170495 0.826856813438501 56.1611320958959
0.170995 0.8292816845885 56.2798456879866
0.171495 0.831706555738499 56.3415825752278
0.171995 0.8341314268885 56.4183433262953
0.172495 0.836556298038501 56.4508191087843
0.172995 0.8389811691885 56.5213878732901
0.173495 0.841406040338499 56.6383167469013
0.173995 0.8438309114885 56.7419864248432
0.174495 0.846255782638499 56.6632148484546
0.174995 0.8486806537885 56.7920138769279
0.175495 0.8511055249385 56.7652552602754
0.175995 0.8535303960885 56.9741130613578
0.176495 0.8559552672385 57.2546560980854
0.176995 0.8583801383885 57.0812680144816
0.177495 0.8608050095385 56.9458920129513
0.177995 0.8632298806885 57.2623633031838
0.178495 0.8656547518385 57.4894577307828
0.178995 0.8680796229885 57.1243671547831
0.179495 0.8705044941385 57.1023977679117
0.179995 0.872929365288501 57.4635685333869
0.180495 0.8753542364385 57.6675294749992
0.180995 0.877779107588499 57.6417241258912
0.181495 0.8802039787385 57.504809752633
0.181995 0.882628849888501 57.5972784811764
0.182495 0.8850537210385 57.872697529342
0.182995 0.887478592188499 57.8666380771181
0.183495 0.8899034633385 57.7513504202836
0.183995 0.892328334488499 58.0057042583531
0.184495 0.8947532056385 58.2221772119861
0.184995 0.897178076788499 58.2315042319058
0.185495 0.8996029479385 57.9701819215298
0.185995 0.902027819088499 57.8674604433283
0.186495 0.9044526902385 58.2408164847637
0.186995 0.9068775613885 58.5907571711113
0.187495 0.9093024325385 58.3871479321134
0.187995 0.9117273036885 58.3457659784965
0.188495 0.9141521748385 58.3679466995078
0.188995 0.9165770459885 58.6166385662851
0.189495 0.9190019171385 58.8785877209516
0.189995 0.9214267882885 58.8660874444026
0.190495 0.9238516594385 58.7927014634376
0.190995 0.9262765305885 58.9833466751667
0.191495 0.9287014017385 58.7336024228508
0.191995 0.9311262728885 58.8897596496595
0.192495 0.9335511440385 58.8198345321605
0.192995 0.9359760151885 59.2510551060297
0.193495 0.938400886338501 59.2209472726329
0.193995 0.9408257574885 59.3520278206984
0.194495 0.943250628638499 59.2838193863995
0.194995 0.9456754997885 59.3325711527353
0.195495 0.948100370938501 59.4266158094805
0.195995 0.9505252420885 59.2818645973658
0.196495 0.952950113238499 59.6332757294045
0.196995 0.9553749843885 59.5654085871353
0.197495 0.957799855538499 59.5817383490673
0.197995 0.9602247266885 59.5000181634266
0.198495 0.962649597838499 59.93652834273
0.198995 0.9650744689885 59.7972346683367
0.199495 0.967499340138499 60.0796591201856
0.199995 0.9699242112885 59.702724501944
0.200495 0.9723490824385 59.9707049302692
0.200995 0.9747739535885 60.2112198372644
0.201495 0.9771988247385 59.9764251942045
0.201995 0.9796236958885 60.0999468856375
0.202495 0.9820485670385 59.9038947835911
0.202995 0.9844734381885 60.4629051529252
0.203495 0.9868983093385 60.225565185295
0.203995 0.989323180488501 60.6164417663971
0.204495 0.9917480516385 60.2555948422167
0.204995 0.994172922788501 60.612270805641
0.205495 0.9965977939385 60.3644616561278
0.205995 0.999022665088501 60.6710577278235
0.206495 1.0014475362385 60.5621709903641
0.206995 1.0038724073885 60.4220955597651
0.207495 1.0062972785385 61.0003047359304
0.207995 1.0087221496885 60.8077590880965
0.208495 1.0111470208385 61.0021426593179
0.208995 1.0135718919885 60.5814066005878
0.209495 1.0159967631385 60.9926777355718
0.209995 1.0184216342885 60.9471497034139
0.210495 1.0208465054385 60.9948105341671
0.210995 1.0232713765885 61.2512312718957
0.211495 1.0256962477385 61.0342324552829
0.211995 1.0281211188885 61.3058215688627
0.212495 1.0305459900385 61.0858414947148
0.212995 1.0329708611885 61.4574975226619
0.213495 1.0353957323385 61.2532236360524
0.213995 1.0378206034885 61.5773683056621
0.214495 1.0402454746385 61.3041584700971
0.214995 1.0426703457885 61.6385954171737
0.215495 1.0450952169385 61.4159851557124
0.215995 1.0475200880885 61.7209286916774
0.216495 1.0499449592385 61.6640757398236
0.216995 1.0523698303885 61.7178455238223
0.217495 1.0547947015385 61.7521046545344
0.217995 1.0572195726885 61.6730353771862
0.218495 1.0596444438385 62.3133570086626
0.218995 1.0620693149885 61.9444663735313
0.219495 1.0644941861385 61.8830276908653
0.219995 1.0669190572885 61.815100871306
0.220495 1.0693439284385 62.0684615010058
0.220995 1.0717687995885 62.1206695465845
0.221495 1.0741936707385 62.2718960533101
0.221995 1.0766185418885 62.2292240573634
0.222495 1.0790434130385 62.2371104709849
0.222995 1.0814682841885 62.349330524272
0.223495 1.0838931553385 62.5785770842444
0.223995 1.0863180264885 62.4725820001336
0.224495 1.0887428976385 62.3421215678158
0.224995 1.0911677687885 62.4883075802026
0.225495 1.0935926399385 62.7596091452188
0.225995 1.0960175110885 62.6930054114375
0.226495 1.0984423822385 62.6231907385371
0.226995 1.1008672533885 62.5967188980764
0.227495 1.1032921245385 63.1283854888393
0.227995 1.1057169956885 62.8361861088305
0.228495 1.1081418668385 62.8367047934379
0.228995 1.1105667379885 62.9000984832291
0.229495 1.1129916091385 62.8591430039936
0.229995 1.1154164802885 63.1090409536334
0.230495 1.1178413514385 63.0782188992898
0.230995 1.1202662225885 63.1464846440751
0.231495 1.1226910937385 63.1206819445818
0.231995 1.1251159648885 63.1685674771297
0.232495 1.1275408360385 63.3187900612904
0.232995 1.1299657071885 63.3801012745665
0.233495 1.1323905783385 63.3060938557947
0.233995 1.1348154494885 63.058840184678
0.234495 1.1372403206385 63.4665998859941
0.234995 1.1396651917885 63.5782745543958
0.235495 1.1420900629385 63.3343043294505
0.235995 1.1445149340885 63.3964637300769
0.236495 1.1469398052385 63.6756424643013
0.236995 1.1493646763885 63.834197159555
0.237495 1.1517895475385 63.6235585004882
0.237995 1.1542144186885 63.8831382644049
0.238495 1.1566392898385 63.8679374575012
0.238995 1.1590641609885 63.8697835416177
0.239495 1.1614890321385 63.6416262672837
0.239995 1.1639139032885 63.8928737662091
0.240495 1.1663387744385 63.9044990283221
0.240995 1.1687636455885 64.4409348619508
0.241495 1.1711885167385 64.0827022657901
0.241995 1.1736133878885 64.2056306182424
0.242495 1.1760382590385 64.5013482638094
0.242995 1.1784631301885 64.2168140537777
0.243495 1.1808880013385 64.3989241214191
0.243995 1.1833128724885 64.2993317013481
0.244495 1.1857377436385 64.5127156839208
0.244995 1.1881626147885 64.4023309908133
0.245495 1.1905874859385 64.3503480931286
0.245995 1.1930123570885 64.6284428550568
0.246495 1.1954372282385 64.5352730057635
0.246995 1.1978620993885 64.799962835418
0.247495 1.2002869705385 64.8400566830732
0.247995 1.2027118416885 64.5686014701733
0.248495 1.2051367128385 65.0618554383137
0.248995 1.2075615839885 64.90218679944
0.249495 1.2099864551385 65.1363127697009
0.249995 1.2124113262885 65.1556375762346
0.250495 1.2148361974385 65.1270542264373
0.250995 1.2172610685885 65.1106844109943
0.251495 1.2196859397385 65.4738419127385
0.251995 1.2221108108885 65.4784571365411
0.252495 1.2245356820385 64.997495127057
0.252995 1.2269605531885 65.3028045314682
0.253495 1.2293854243385 65.1423400414571
0.253995 1.2318102954885 65.4600649490687
0.254495 1.2342351666385 65.6173570754559
0.254995 1.2366600377885 65.8290491813193
0.255495 1.2390849089385 65.6579826839672
0.255995 1.2415097800885 65.9311090761063
0.256495 1.2439346512385 65.7482380553157
0.256995 1.2463595223885 65.4688675184379
0.257495 1.2487843935385 66.0152551766759
0.257995 1.2512092646885 65.9745064885497
0.258495 1.2536341358385 66.312961455114
0.258995 1.2560590069885 66.0680473659148
0.259495 1.2584838781385 66.0121738879064
0.259995 1.2609087492885 65.7687493138687
0.260495 1.2633336204385 66.5303927187683
0.260995 1.2657584915885 66.0864919759239
0.261495 1.2681833627385 66.0159278229848
0.261995 1.2706082338885 66.3805745038341
0.262495 1.2730331050385 66.4772668614442
0.262995 1.2754579761885 66.6159107904727
0.263495 1.2778828473385 66.3310633223138
0.263995 1.2803077184885 66.7734509674494
0.264495 1.2827325896385 66.7790432588621
0.264995 1.2851574607885 67.2355291458724
0.265495 1.2875823319385 67.1927692274764
0.265995 1.2900072030885 66.8355774486644
0.266495 1.2924320742385 67.3645867498343
0.266995 1.2948569453885 67.2642026857823
0.267495 1.2972818165385 66.9283829091962
0.267995 1.2997066876885 67.3327558251459
0.268495 1.3021315588385 67.3146345305291
0.268995 1.3045564299885 67.4258959138951
0.269495 1.3069813011385 67.3821719005016
0.269995 1.3094061722885 67.3624052598537
0.270495 1.3118310434385 67.2506830207929
0.270995 1.3142559145885 67.7138498798924
0.271495 1.3166807857385 68.348238296586
0.271995 1.3191056568885 67.3507566733826
0.272495 1.3215305280385 67.6772814956271
0.272995 1.3239553991885 67.8836763397095
0.273495 1.3263802703385 68.2284510779526
0.273995 1.3288051414885 67.9950087490906
0.274495 1.3312300126385 68.0393967591701
0.274995 1.3336548837885 67.9130146279265
0.275495 1.3360797549385 68.4132429617686
0.275995 1.3385046260885 68.2840647651528
0.276495 1.3409294972385 68.1382463930872
0.276995 1.3433543683885 68.3508328467842
0.277495 1.3457792395385 68.7841904616361
0.277995 1.3482041106885 68.3587055560999
0.278495 1.3506289818385 68.8314744844225
0.278995 1.3530538529885 69.0074579302199
0.279495 1.3554787241385 68.8773338130169
0.279995 1.3579035952885 69.1940616281688
0.280495 1.3603284664385 68.3602241206551
0.280995 1.3627533375885 69.0690374106045
0.281495 1.3651782087385 69.7836109387416
0.281995 1.3676030798885 69.7197701618392
0.282495 1.3700279510385 69.3773381267648
0.282995 1.3724528221885 69.1055258337653
0.283495 1.3748776933385 69.7224068948551
0.283995 1.3773025644885 69.8586416038781
0.284495 1.3797274356385 69.5134055009575
0.284995 1.3821523067885 69.7313217815464
0.285495 1.3845771779385 69.6119173735095
0.285995 1.3870020490885 70.2137469465722
0.286495 1.3894269202385 70.0392499689021
0.286995 1.3918517913885 70.1672863255261
0.287495 1.3942766625385 70.347619714093
0.287995 1.3967015336885 70.6543863796556
0.288495 1.3991264048385 70.1393462054061
0.288995 1.4015512759885 70.3979795511299
0.289495 1.4039761471385 70.2390588661384
0.289995 1.4064010182885 70.6789964536509
0.290495 1.4088258894385 70.7750931721594
0.290995 1.4112507605885 71.4297435969522
0.291495 1.4136756317385 70.7374495973549
0.291995 1.4161005028885 71.6826771363346
0.292495 1.4185253740385 70.9895633633644
0.292995 1.4209502451885 71.3761995157697
0.293495 1.4233751163385 71.3429080273283
0.293995 1.4257999874885 70.7756217375512
0.294495 1.4282248586385 71.2093016180842
0.294995 1.4306497297885 72.0682112734867
0.295495 1.4330746009385 72.1688644916734
0.295995 1.4354994720885 71.0739943955771
0.296495 1.4379243432385 72.2015951302764
0.296995 1.4403492143885 72.0687162394825
0.297495 1.4427740855385 72.5815892318627
0.297995 1.4451989566885 73.000823627137
0.298495 1.4476238278385 72.6417500753002
0.298995 1.4500486989885 73.1393783983355
0.299495 1.4524735701385 72.9403437801816
0.299995 1.4548984412885 73.5884640714248
0.300495 1.4573233124385 74.1482734460805
0.300995 1.4597481835885 73.3101165828397
0.301495 1.4621730547385 73.0940332999304
0.301995 1.4645979258885 73.8411681477585
0.302495 1.4670227970385 73.9472433369928
0.302995 1.4694476681885 73.9735620539552
0.303495 1.4718725393385 73.9506786188085
0.303995 1.4742974104885 74.4583790154202
0.304495 1.4767222816385 74.1347560490869
0.304995 1.4791471527885 74.0160062260342
0.305495 1.4815720239385 75.2578790902107
0.305995 1.4839968950885 74.6227609068108
0.306495 1.4864217662385 74.626627882192
0.306995 1.4888466373885 75.858662144575
0.307495 1.4912715085385 75.5855754475418
0.307995 1.4936963796885 74.8547183135429
0.308495 1.4961212508385 76.18783149968
0.308995 1.4985461219885 75.3934723690069
0.309495 1.5009709931385 75.2244176325682
0.309995 1.5033958642885 76.027258569036
0.310495 1.5058207354385 76.3365632464652
0.310995 1.5082456065885 76.3540307260062
0.311495 1.5106704777385 76.8108968529016
0.311995 1.5130953488885 76.8679203600678
0.312495 1.5155202200385 77.7349885002158
0.312995 1.5179450911885 77.2162465266878
0.313495 1.5203699623385 77.377153598572
0.313995 1.5227948334885 77.5696634618265
0.314495 1.5252197046385 77.2463430697805
0.314995 1.5276445757885 78.3616804200164
0.315495 1.5300694469385 77.2518413042004
0.315995 1.5324943180885 78.4618120396372
0.316495 1.5349191892385 79.0068890652022
0.316995 1.5373440603885 78.9375439220637
0.317495 1.5397689315385 79.4238755094914
0.317995 1.5421938026885 79.5555552405565
0.318495 1.5446186738385 79.4051845490945
0.318995 1.5470435449885 79.9136759593186
0.319495 1.5494684161385 80.1802490022333
0.319995 1.5518932872885 79.8754127095707
0.320495 1.5543181584385 80.7676917696177
0.320995 1.5567430295885 80.5199802332657
0.321495 1.5591679007385 81.2266764391244
0.321995 1.5615927718885 80.7644543497369
0.322495 1.5640176430385 81.0795503301343
0.322995 1.5664425141885 81.6900986245964
0.323495 1.5688673853385 81.9028687695554
0.323995 1.5712922564885 82.5799146225782
0.324495 1.5737171276385 82.8978229058036
0.324995 1.5761419987885 82.3622478204613
0.325495 1.5785668699385 83.1077617577045
0.325995 1.5809917410885 82.404334616613
0.326495 1.5834166122385 83.5014336958442
0.326995 1.5858414833885 83.2929358185366
0.327495 1.5882663545385 83.1969261347214
0.327995 1.5906912256885 83.998048856442
0.328495 1.5931160968385 83.8719777053779
0.328995 1.5955409679885 84.7483420004595
0.329495 1.5979658391385 84.7865255600766
0.329995 1.6003907102885 84.3456021099599
0.330495 1.6028155814385 85.603947841939
0.330995 1.6052404525885 85.1909518700312
0.331495 1.6076653237385 85.5858321962351
0.331995 1.6100901948885 85.4307826311157
0.332495 1.6125150660385 87.399693221926
0.332995 1.6149399371885 85.9745415982717
0.333495 1.6173648083385 86.1076111363472
0.333995 1.6197896794885 87.1646909366827
0.334495 1.6222145506385 88.3632386424104
0.334995 1.6246394217885 87.8785960634517
0.335495 1.6270642929385 88.0563445498318
0.335995 1.6294891640885 88.600865450845
0.336495 1.6319140352385 88.6493601422394
0.336995 1.6343389063885 89.1671163848508
0.337495 1.6367637775385 88.383425638632
0.337995 1.6391886486885 90.5143998932066
0.338495 1.6416135198385 89.8463777149848
0.338995 1.6440383909885 90.0465567535608
0.339495 1.6464632621385 91.1740346623425
0.339995 1.6488881332885 90.4905479874942
0.340495 1.6513130044385 90.8713719625949
0.340995 1.6537378755885 90.5587304571423
0.341495 1.6561627467385 91.7360603470463
0.341995 1.6585876178885 92.0425971362943
0.342495 1.6610124890385 91.8530932123105
0.342995 1.6634373601885 92.8281930655645
0.343495 1.6658622313385 92.4912106257687
0.343995 1.6682871024885 93.5651524625674
0.344495 1.6707119736385 93.2843447588644
0.344995 1.6731368447885 93.6564737379966
0.345495 1.6755617159385 93.8836284431766
0.345995 1.6779865870885 94.0673527013247
0.346495 1.6804114582385 94.5853918980495
0.346995 1.6828363293885 95.1654393199633
0.347495 1.6852612005385 94.8838055624803
0.347995 1.6876860716885 95.0192872422153
0.348495 1.6901109428385 96.3918006033327
0.348995 1.6925358139885 95.8998679049757
0.349495 1.6949606851385 97.4777163691143
0.349995 1.6973855562885 96.4837231628906
0.350495 1.6998104274385 96.4111300614258
0.350995 1.7022352985885 97.5683500112337
0.351495 1.7046601697385 97.7620936293534
0.351995 1.7070850408885 97.8128865728568
0.352495 1.7095099120385 98.9547737778708
0.352995 1.7119347831885 99.1839988655292
0.353495 1.7143596543385 98.1462430233652
0.353995 1.7167845254885 100.151094060373
0.354495 1.7192093966385 99.464868987501
0.354995 1.7216342677885 100.333090878692
0.355495 1.7240591389385 101.9812925538
0.355995 1.7264840100885 101.375853704082
0.356495 1.7289088812385 101.283310543979
0.356995 1.7313337523885 101.911793378146
0.357495 1.7337586235385 101.700105070951
0.357995 1.7361834946885 102.376703000206
0.358495 1.7386083658385 102.607137793924
0.358995 1.7410332369885 104.26282980466
0.359495 1.7434581081385 103.485226037715
0.359995 1.7458829792885 103.371553648981
0.360495 1.7483078504385 105.642861628863
0.360995 1.7507327215885 104.328960898979
0.361495 1.7531575927385 104.534170112087
0.361995 1.7555824638885 105.777383259167
0.362495 1.7580073350385 106.150614616518
0.362995 1.7604322061885 106.929784257065
0.363495 1.7628570773385 106.645784694459
0.363995 1.7652819484885 106.301958118809
0.364495 1.7677068196385 108.605840252139
0.364995 1.7701316907885 108.425649464184
0.365495 1.7725565619385 107.60467591431
0.365995 1.7749814330885 109.323480299397
0.366495 1.7774063042385 108.563200983851
0.366995 1.7798311753885 110.059871917002
0.367495 1.7822560465385 109.898941237264
0.367995 1.7846809176885 109.399850307588
0.368495 1.7871057888385 111.480610338751
0.368995 1.7895306599885 111.355067236963
0.369495 1.7919555311385 111.298951273981
0.369995 1.7943804022885 113.427771849309
0.370495 1.7968052734385 111.632359710725
0.370995 1.7992301445885 113.040417598753
0.371495 1.8016550157385 113.060193066117
0.371995 1.8040798868885 113.18498890032
0.372495 1.8065047580385 114.96947507075
0.372995 1.8089296291885 114.67910099234
0.373495 1.8113545003385 114.893541511627
0.373995 1.8137793714885 116.380453123839
0.374495 1.8162042426385 114.487177838977
0.374995 1.8186291137885 116.357237028977
0.375495 1.8210539849385 117.360524981538
0.375995 1.8234788560885 116.944716625373
0.376495 1.8259037272385 118.460024679833
0.376995 1.8283285983885 118.826441854448
0.377495 1.8307534695385 118.906537866829
0.377995 1.8331783406885 120.366407908031
0.378495 1.8356032118385 120.413232078052
0.378995 1.8380280829885 120.06905645888
0.379495 1.8404529541385 120.624144510102
0.379995 1.8428778252885 121.393906212084
0.380495 1.8453026964385 122.042626345338
0.380995 1.8477275675885 121.617514367634
0.381495 1.8501524387385 121.876413195811
0.381995 1.8525773098885 122.380925042814
0.382495 1.8550021810385 123.959875646679
0.382995 1.8574270521885 123.505845276052
0.383495 1.8598519233385 124.293500097486
0.383995 1.8622767944885 125.558318465784
0.384495 1.8647016656385 124.915544362424
0.384995 1.8671265367885 126.301883386156
0.385495 1.8695514079385 126.606250422889
0.385995 1.8719762790885 126.814327956477
0.386495 1.8744011502385 127.666177259081
0.386995 1.8768260213885 127.753344254406
0.387495 1.8792508925385 127.892419565112
0.387995 1.8816757636885 128.895069544759
0.388495 1.8841006348385 131.381821500383
0.388995 1.8865255059885 131.962660144729
0.389495 1.8889503771385 131.166360908279
0.389995 1.8913752482885 132.109665275885
0.390495 1.8938001194385 131.804516425465
0.390995 1.8962249905885 132.168512005415
0.391495 1.8986498617385 129.522418792871
0.391995 1.9010747328885 108.789801866959
0.392495 1.9034996040385 74.7146932697525
0.392995 1.9059244751885 37.302940509379
0.393495 1.9083493463385 6.0917337202119
0.393995 1.9107742174885 -0.52263335041596
0.394495 1.9131990886385 -0.292526339284909
0.394995 1.9156239597885 3.03332421256811
0.395495 1.9180488309385 3.57237880470911
0.395995 1.9204737020885 2.76537238219192
0.396495 1.9228985732385 1.93488304283888
0.396995 1.9253234443885 0.894875785992335
0.397495 1.9277483155385 2.84647219573634
0.397995 1.9301731866885 3.86621534227734
0.398495 1.9325980578385 2.10074590237045
0.398995 1.9350229289885 2.12782240406831
0.399495 1.9374478001385 2.00393907335517
0.399995 1.9398726712885 2.4081214178848
0.400495 1.9422975424385 2.80711078601232
0.400995 1.9447224135885 2.47969263632069
0.401495 1.9471472847385 2.1259067065383
0.401995 1.9495721558885 2.37114097718899
0.402495 1.9519970270385 2.947214824977
0.402995 1.9544218981885 3.09224178611233
0.403495 1.9568467693385 2.49043098693933
0.403995 1.9592716404885 1.58738595148341
0.404495 1.9616965116385 2.49719886090058
0.404995 1.9641213827885 2.84898411115052
0.405495 1.9665462539385 2.55761808548986
0.405995 1.9689711250885 2.37006898515236
0.406495 1.9713959962385 2.15479906274764
0.406995 1.9738208673885 2.56836966063065
0.407495 1.9762457385385 3.09767621370471
0.407995 1.9786706096885 2.69250574261062
0.408495 1.9810954808385 1.96792403372072
0.408995 1.9835203519885 2.31691261541826
0.409495 1.9859452231385 2.70078560086558
0.409995 1.9883700942885 3.6323597106388
0.410495 1.9907949654385 2.9009195262372
0.410995 1.9932198365885 2.11569148997245
0.411495 1.9956447077385 2.75116812884356
0.411995 1.9980695788885 3.36858626547889
0.412495 2.0004944500385 2.62327983985593
0.412995 2.0029193211885 2.73707769009453
0.413495 2.0053441923385 2.7452404029157
0.413995 2.0077690634885 2.83417589131988
0.414495 2.0101939346385 3.09940200630012
0.414995 2.0126188057885 2.88634417162378
0.415495 2.0150436769385 3.08223145228312
0.415995 2.0174685480885 2.18043695592977
0.416495 2.0198934192385 2.53118728617768
0.416995 2.0223182903885 3.51578910689951
0.417495 2.0247431615385 2.99865015451438
0.417995 2.0271680326885 2.66585802371325
0.418495 2.0295929038385 2.84953177150503
0.418995 2.0320177749885 3.39482880043497
0.419495 2.0344426461385 3.51804586095732
0.419995 2.0368675172885 2.38633600164397
0.420495 2.0392923884385 2.6290771361132
0.420995 2.0417172595885 3.45820521951925
0.421495 2.0441421307385 3.28159448035604
0.421995 2.0465670018885 3.77338194390854
0.422495 2.0489918730385 2.95255234610019
0.422995 2.0514167441885 2.47641960455241
0.423495 2.0538416153385 3.10370644160581
0.423995 2.0562664864885 2.90689275818865
0.424495 2.0586913576385 3.04707671050792
0.424995 2.0611162287885 3.92064632951194
0.425495 2.0635410999385 2.79272320470059
0.425995 2.0659659710885 3.16439432644599
0.426495 2.0683908422385 3.51209365015412
0.426995 2.0708157133885 3.61623540122586
0.427495 2.0732405845385 3.70383495265404
0.427995 2.0756654556885 3.04798356320024
0.428495 2.0780903268385 3.49018814959319
0.428995 2.0805151979885 3.56166939543383
0.429495 2.0829400691385 3.43122013127376
0.429995 2.0853649402885 3.24523442617981
0.430495 2.0877898114385 3.19781304616662
0.430995 2.0902146825885 3.68267128636202
0.431495 2.0926395537385 3.57281932568836
0.431995 2.0950644248885 3.63582482106621
0.432495 2.0974892960385 3.31174785700782
0.432995 2.0999141671885 3.64657050000545
0.433495 2.1023390383385 3.47345156715911
0.433995 2.1047639094885 3.43725209410893
0.434495 2.1071887806385 3.32637618022244
0.434995 2.1096136517885 3.36862868290398
0.435495 2.1120385229385 4.16139894869052
0.435995 2.1144633940885 3.46104037470894
0.436495 2.1168882652385 3.21483827780267
0.436995 2.1193131363885 3.1181579494359
0.437495 2.1217380075385 3.85172583995979
0.437995 2.1241628786885 3.91321547441367
0.438495 2.1265877498385 3.6110679397898
0.438995 2.1290126209885 3.57970807495825
0.439495 2.1314374921385 3.55587496163095
0.439995 2.1338623632885 3.63778399291053
0.440495 2.1362872344385 3.58658735086848
0.440995 2.1387121055885 3.84907244308781
0.441495 2.1411369767385 3.36569221524243
0.441995 2.1435618478885 3.20332960611551
0.442495 2.1459867190385 3.60208262705959
0.442995 2.1484115901885 4.05132165588531
0.443495 2.1508364613385 3.55602584479441
0.443995 2.1532613324885 3.41627035414776
0.444495 2.1556862036385 3.16708790956425
0.444995 2.1581110747885 4.28116831925664
0.445495 2.1605359459385 3.90747143301184
0.445995 2.1629608170885 3.75647856555275
0.446495 2.1653856882385 3.41735720514858
0.446995 2.1678105593885 3.59567355977181
0.447495 2.1702354305385 4.29452106706532
0.447995 2.1726603016885 3.93323003155454
0.448495 2.1750851728385 3.87336779074212
0.448995 2.1775100439885 3.87959609626321
0.449495 2.1799349151385 4.04826422022506
0.449995 2.1823597862885 3.89348936509693
0.450495 2.1847846574385 4.13137077403777
0.450995 2.1872095285885 3.74540070281843
0.451495 2.1896343997385 3.72106765128113
0.451995 2.1920592708885 4.22619721505373
0.452495 2.1944841420385 4.04703882004122
0.452995 2.1969090131885 4.42259028597467
0.453495 2.1993338843385 3.64796075959008
0.453995 2.2017587554885 3.81059881371986
0.454495 2.2041836266385 4.11741299286494
0.454995 2.2066084977885 4.09686512858289
0.455495 2.2090333689385 4.17602379013947
0.455995 2.2114582400885 3.55232254022304
0.456495 2.2138831112385 3.92538634133212
0.456995 2.2163079823885 4.38311254573773
0.457495 2.2187328535385 4.24768882281451
0.457995 2.2211577246885 4.31055784958525
0.458495 2.2235825958385 3.95352686388761
0.458995 2.2260074669885 3.84366280973931
0.459495 2.2284323381385 4.1643724757907
0.459995 2.2308572092885 4.42533627289904
0.460495 2.2332820804385 4.42268982391829
0.460995 2.2357069515885 4.11081258834889
0.461495 2.2381318227385 4.29804942157247
0.461995 2.2405566938885 4.22558682601751
0.462495 2.2429815650385 4.11726986157275
0.462995 2.2454064361885 4.4139195568689
0.463495 2.2478313073385 4.62747480785269
0.463995 2.2502561784885 4.59996557147982
0.464495 2.2526810496385 4.36565028324221
0.464995 2.2551059207885 4.01813829302807
0.465495 2.2575307919385 4.38921476795135
0.465995 2.2599556630885 4.61290438675507
0.466495 2.2623805342385 4.72186831778505
0.466995 2.2648054053885 4.21517629101689
0.467495 2.2672302765385 4.05907753766494
0.467995 2.2696551476885 4.10924125106917
0.468495 2.2720800188385 4.8537774281729
0.468995 2.2745048899885 4.47359211459608
0.469495 2.2769297611385 4.32521152991234
0.469995 2.2793546322885 4.59809778331355
0.470495 2.2817795034385 4.75714078198912
0.470995 2.2842043745885 4.39533673896075
0.471495 2.2866292457385 4.53604682747743
0.471995 2.2890541168885 4.42779369605992
0.472495 2.2914789880385 4.93788381102158
0.472995 2.2939038591885 4.62391976849822
0.473495 2.2963287303385 4.71211591037926
0.473995 2.2987536014885 4.49362707075364
0.474495 2.3011784726385 4.66064904058555
0.474995 2.3036033437885 4.59894186028782
0.475495 2.3060282149385 4.27799124077279
0.475995 2.3084530860885 4.64288144315223
0.476495 2.3108779572385 5.01218471666337
0.476995 2.3133028283885 4.89296728151806
0.477495 2.3157276995385 4.67908217528817
0.477995 2.3181525706885 4.53850950924568
0.478495 2.3205774418385 4.42135921891177
0.478995 2.3230023129885 4.79180457162043
0.479495 2.3254271841385 4.82426091941963
0.479995 2.3278520552885 4.62331846911512
0.480495 2.3302769264385 4.78780779823675
0.480995 2.3327017975885 5.01978706215095
0.481495 2.3351266687385 4.74440454449832
0.481995 2.3375515398885 4.5755894222737
0.482495 2.3399764110385 4.86713910146403
0.482995 2.3424012821885 5.31008333171302
0.483495 2.3448261533385 4.62752947286973
0.483995 2.3472510244885 4.07999933645203
0.484495 2.3496758956385 5.03828891797434
0.484995 2.3521007667885 4.92405912303952
0.485495 2.3545256379385 5.22610102253077
0.485995 2.3569505090885 4.70121711364424
0.486495 2.3593753802385 4.45086172694973
0.486995 2.3618002513885 4.58308535830181
0.487495 2.3642251225385 5.22110120926504
0.487995 2.3666499936885 5.59381282481111
0.488495 2.3690748648385 4.96842165814845
0.488995 2.3714997359885 4.79383082192948
0.489495 2.3739246071385 4.71106655773693
0.489995 2.3763494782885 5.22692291138011
0.490495 2.3787743494385 5.41671251896719
0.490995 2.3811992205885 5.30527527023173
0.491495 2.3836240917385 4.93724857395989
0.491995 2.3860489628885 4.81526739149907
0.492495 2.3884738340385 4.83173037530383
0.492995 2.3908987051885 5.58119832022203
0.493495 2.3933235763385 5.46215255107274
0.493995 2.3957484474885 4.99469247477933
0.494495 2.3981733186385 4.54418349624383
0.494995 2.4005981897885 5.06651597484227
0.495495 2.4030230609385 5.58504514539353
0.495995 2.4054479320885 5.14786330927287
0.496495 2.4078728032385 5.00845429340165
0.496995 2.4102976743885 4.74110561706747
0.497495 2.4127225455385 5.56751400097808
0.497995 2.4151474166885 5.32708658133059
0.498495 2.4175722878385 5.30912925759934
0.498995 2.4199971589885 4.67657528294824
0.499495 2.4224220301385 5.52088553369253
0.499995 2.4248469012885 5.90948565694424
