# Fix print output for fix Step
0 0 2.88282159257222
0.00049499999999998 0.0183647615075984 3.17028627990184
0.000994999999999901 0.0369150256566854 4.20504955585301
0.00149499999999998 0.0554652898057782 4.9549536648629
0.0019949999999999 0.0740155539548653 5.98785826371828
0.00249499999999997 0.092565818103958 7.64418962011533
0.00299499999999989 0.111116082253045 9.58924524547139
0.00349499999999997 0.129666346402138 8.74938678837835
0.00399499999999989 0.148216610551225 8.43204269391657
0.00449499999999996 0.166766874700318 8.85830848748945
0.00499499999999988 0.185317138849405 8.10609915491475
0.00549499999999996 0.203867402998497 6.99782278407446
0.00599499999999988 0.222417667147585 7.47413165038499
0.00649499999999995 0.240967931296677 8.2295684075476
0.00699499999999987 0.259518195445764 8.34643357350731
0.00749499999999995 0.278068459594857 9.39914454772993
0.00799499999999987 0.296618723743944 9.76936177127641
0.00849499999999994 0.315168987893037 10.0334904069449
0.00899499999999986 0.333719252042124 10.5954664622382
0.00949499999999994 0.352269516191217 10.8493928304254
0.00999499999999986 0.370819780340304 10.7545059423061
0.0104949999999999 0.389370044489397 11.3805731236822
0.0109949999999999 0.407920308638484 11.1154748035376
0.0114949999999999 0.426470572787576 11.1903416579143
0.011995 0.445020836936669 11.4167681079205
0.0124949999999999 0.463571101085756 11.926896019892
0.012995 0.482121365234849 11.8597976111651
0.0134949999999999 0.500671629383936 12.5319898806324
0.013995 0.519221893533029 12.7997745113445
0.0144949999999999 0.537772157682116 13.0299798360156
0.014995 0.556322421831209 13.3200068765787
0.0154949999999999 0.574872685980296 13.5589538252138
0.015995 0.593422950129389 13.9275853480435
0.0164949999999999 0.611973214278476 14.084260571773
0.016995 0.630523478427568 14.2812791379169
0.0174949999999999 0.649073742576655 14.3769972989758
0.017995 0.667624006725748 14.9006631085565
0.0184949999999999 0.686174270874835 15.0982637879607
0.018995 0.704724535023928 15.3462504710489
0.0194949999999999 0.723274799173015 15.8399349954523
0.019995 0.741825063322108 16.1424180456974
0.0204949999999999 0.760375327471195 15.9801564597203
0.020995 0.778925591620288 16.3356684772598
0.0214949999999999 0.797475855769375 16.6066549530544
0.021995 0.816026119918467 16.8726331437827
0.0224949999999999 0.834576384067555 17.2074582502978
0.0229949999999999 0.853126648216647 17.4102161661723
0.0234949999999999 0.871676912365734 17.6544875747948
0.0239949999999999 0.890227176514827 17.785424552518
0.0244949999999999 0.908777440663914 18.1359103412023
0.0249949999999999 0.927327704813007 18.541465038736
0.0254949999999999 0.945877968962094 18.7260228065654
0.0259949999999999 0.964428233111187 19.0385115705264
0.0264949999999999 0.982978497260274 19.3400679493017
0.0269949999999999 1.00152876140937 19.308995002464
0.027495 1.02007902555846 19.6573930068742
0.0279949999999999 1.03862928970755 19.769585783819
0.028495 1.05717955385664 20.3053943026513
0.0289949999999999 1.07572981800573 20.3661397286492
0.029495 1.09428008215482 20.9222468761815
0.0299949999999999 1.11283034630391 20.8239472729555
0.030495 1.131380610453 21.2347380625565
0.0309949999999999 1.14993087460209 21.2280508525948
0.031495 1.16848113875118 21.7161187277388
0.0319949999999999 1.18703140290027 21.9276107275238
0.032495 1.20558166704936 22.2747440534497
0.0329949999999999 1.22413193119845 22.4899276181072
0.033495 1.24268219534754 22.5913395196734
0.0339949999999999 1.26123245949663 22.767384106518
0.034495 1.27978272364572 22.9111208725457
0.0349949999999999 1.29833298779481 23.1376151947478
0.035495 1.3168832519439 23.227479300086
0.0359949999999999 1.33543351609298 23.7941087547311
0.036495 1.35398378024208 23.7839115287337
0.0369949999999999 1.37253404439116 24.0901300568738
0.037495 1.39108430854026 24.3020172247801
0.0379949999999999 1.40963457268934 24.8835439351111
0.038495 1.42818483683844 24.7460232099869
0.0389949999999999 1.44673510098752 25.2550151328791
0.0394949999999999 1.46528536513662 25.433565262953
0.0399949999999999 1.4838356292857 25.2154065783793
0.0404949999999999 1.5023858934348 25.5174152844646
0.0409949999999999 1.52093615758388 25.8732092063359
0.0414949999999999 1.53948642173298 25.9688424517496
0.0419949999999999 1.55803668588206 26.5559363933009
0.0424949999999999 1.57658695003116 26.4802939404938
0.0429949999999999 1.59513721418024 26.8890718653038
0.0434949999999999 1.61368747832934 27.1707181398471
0.0439949999999998 1.63223774247842 27.0391379468701
0.0444949999999999 1.65078800662752 27.2759538769996
0.044995 1.66933827077661 27.5965150904932
0.0454949999999999 1.6878885349257 27.560129826325
0.045995 1.70643879907479 28.2399083115147
0.0464949999999999 1.72498906322388 27.9381218986025
0.046995 1.74353932737297 28.3584979011121
0.0474949999999999 1.76208959152206 28.6862869024284
0.047995 1.78063985567115 28.5862138224659
0.0484949999999999 1.79919011982024 29.0342363258641
0.048995 1.81774038396933 29.2660414839045
0.0494949999999999 1.83629064811842 29.3850168965236
0.049995 1.85484091226751 29.6381712083611
0.0504949999999999 1.8733911764166 29.8042331198707
0.050995 1.89194144056569 30.1289445008923
0.0514949999999999 1.91049170471478 30.1276133678265
0.051995 1.92904196886387 30.4002894539368
0.0524949999999999 1.94759223301295 30.5211780592177
0.052995 1.96614249716205 30.6071283561716
0.0534949999999999 1.98469276131113 31.1227995839794
0.053995 2.00324302546023 31.235173202195
0.0544949999999999 2.02179328960931 31.2585058053145
0.054995 2.04034355375841 31.4744297637279
0.0554949999999999 2.05889381790749 31.6745391375489
0.0559949999999999 2.07744408205659 31.8272979670488
0.0564949999999999 2.09599434620567 31.9268864475562
0.0569949999999999 2.11454461035477 32.079990316382
0.0574949999999999 2.13309487450385 32.3500285826184
0.0579949999999999 2.15164513865295 32.8257538895092
0.0584949999999999 2.17019540280203 33.0251897912157
0.0589949999999999 2.18874566695113 32.8898410078963
0.059495 2.20729593110022 33.4566372368821
0.0599949999999999 2.22584619524931 33.1257751550889
0.060495 2.2443964593984 33.4930063729268
0.0609949999999999 2.26294672354749 33.7613137670525
0.061495 2.28149698769658 33.7807667705588
0.0619949999999999 2.30004725184567 34.0997779667602
0.062495 2.31859751599476 33.9393303341347
0.0629949999999999 2.33714778014385 34.4428251419072
0.063495 2.35569804429294 34.5731422021733
0.0639949999999999 2.37424830844203 34.8219524017682
0.064495 2.39279857259112 34.8732116481862
0.0649949999999999 2.41134883674021 35.0427278387333
0.065495 2.4298991008893 35.1472483183203
0.0659949999999999 2.44844936503839 35.3361963428573
0.066495 2.46699962918748 35.6624798423419
0.0669949999999999 2.48554989333657 35.8893715652464
0.067495 2.50410015748566 35.9545730104439
0.0679949999999999 2.52265042163474 36.1632617527327
0.068495 2.54120068578384 36.2428504756846
0.0689949999999999 2.55975094993292 36.4344034162467
0.069495 2.57830121408202 36.7930097052767
0.0699949999999999 2.5968514782311 37.0031702903961
0.070495 2.6154017423802 37.1728041566482
0.0709949999999999 2.63395200652928 37.2462526560185
0.0714949999999999 2.65250227067838 37.4512290371627
0.0719949999999999 2.67105253482746 37.6085560956776
0.0724949999999999 2.68960279897656 37.7495859001437
0.072995 2.70815306312565 37.8666871526299
0.0734949999999999 2.72670332727474 37.8770293403767
0.0739949999999999 2.74525359142382 38.1656288455145
0.0744949999999999 2.76380385557292 38.4670087183605
0.074995 2.78235411972201 38.4904644058448
0.0754949999999999 2.8009043838711 38.9486608547812
0.0759949999999999 2.81945464802018 39.0843961963514
0.0764949999999999 2.83800491216928 39.2883349076246
0.076995 2.85655517631837 39.2600304993544
0.0774949999999999 2.87510544046746 39.3979030436385
0.0779949999999998 2.89365570461654 39.5754814003796
0.0784949999999999 2.91220596876564 39.6820560730985
0.078995 2.93075623291473 39.7366653100319
0.0794949999999999 2.94930649706382 39.8268749395818
0.079995 2.96785676121291 40.0910852859395
0.0804949999999999 2.986407025362 40.2000137730465
0.080995 3.00495728951109 40.4621713338925
0.0814949999999999 3.02350755366018 40.6611204797926
0.081995 3.04205781780927 40.752348852223
0.0824949999999999 3.06060808195836 40.9454702044456
0.082995 3.07915834610745 40.9649285282561
0.0834949999999999 3.09770861025653 41.0435656506554
0.083995 3.11625887440563 41.7009196017056
0.0844949999999999 3.13480913855471 41.3781653748397
0.084995 3.15335940270381 41.5098644790405
0.0854949999999999 3.17190966685289 41.823259149655
0.085995 3.19045993100199 41.7596010447517
0.0864949999999999 3.20901019515107 42.1142178565064
0.0869949999999999 3.22756045930017 42.3784860430294
0.0874949999999999 3.24611072344925 42.4495946139836
0.0879949999999999 3.26466098759835 42.515569978119
0.0884949999999999 3.28321125174743 42.5778375020494
0.0889949999999999 3.30176151589653 42.8115460184855
0.0894949999999999 3.32031178004561 42.8900257343721
0.0899949999999999 3.33886204419471 43.1142559150482
0.090495 3.3574123083438 43.4498878014565
0.0909949999999999 3.37596257249289 43.5958050528517
0.0914949999999999 3.39451283664197 43.6445776508491
0.0919949999999999 3.41306310079107 43.7164565932414
0.0924949999999999 3.43161336494015 43.7569120073808
0.0929949999999999 3.45016362908925 43.8232900758046
0.0934949999999998 3.46871389323833 43.9493471436166
0.0939949999999999 3.48726415738743 44.2023983849875
0.094495 3.50581442153652 44.2413181853289
0.0949949999999999 3.52436468568561 44.2857067952723
0.0954949999999998 3.54291494983469 44.5330220126788
0.0959949999999999 3.56146521398379 44.7126282910595
0.096495 3.58001547813288 44.9149581567937
0.0969949999999999 3.59856574228197 44.8638772432686
0.097495 3.61711600643106 45.0443469304776
0.0979949999999999 3.63566627058015 45.3083753709491
0.098495 3.65421653472924 45.221539414441
0.0989949999999999 3.67276679887833 45.3207289874967
0.099495 3.69131706302742 45.4437980375964
0.0999949999999999 3.70986732717651 45.5716410798528
0.100495 3.7284175913256 45.8580521057141
0.100995 3.74696785547469 45.7692707261754
0.101495 3.76551811962378 46.2085559644618
0.101995 3.78406838377286 46.2824238025052
0.102495 3.80261864792196 46.5798112904933
0.102995 3.82116891207104 46.6623802028066
0.103495 3.83971917622014 46.5918378979984
0.103995 3.85826944036923 46.8617453377605
0.104495 3.87681970451832 47.1674114411997
0.104995 3.8953699686674 47.0187513215844
0.105495 3.9139202328165 47.2581494481309
0.105995 3.93247049696558 47.2963666847979
0.106495 3.95102076111468 47.1768572070337
0.106995 3.96957102526376 47.434922083054
0.107495 3.98812128941286 47.7801942311122
0.107995 4.00667155356195 47.6573799016853
0.108495 4.02522181771104 47.8679074681121
0.108995 4.04377208186012 48.1589979411592
0.109495 4.06232234600922 48.2544112961838
0.109995 4.08087261015831 48.273572580166
0.110495 4.0994228743074 48.2272231870336
0.110995 4.11797313845648 48.4779477985163
0.111495 4.13652340260558 48.4745712765915
0.111995 4.15507366675467 48.6165324171487
0.112495 4.17362393090376 48.5263125256481
0.112995 4.19217419505285 48.8348587557686
0.113495 4.21072445920194 49.2123826921891
0.113995 4.22927472335103 49.2585447502506
0.114495 4.24782498750012 49.5290364737992
0.114995 4.26637525164921 49.4802768624771
0.115495 4.2849255157983 49.5191678185551
0.115995 4.30347577994739 49.6549728739461
0.116495 4.32202604409648 49.6218240422828
0.116995 4.34057630824557 49.985008615259
0.117495 4.35912657239466 49.9868707375626
0.117995 4.37767683654375 50.1488418249533
0.118495 4.39622710069284 50.4444065334468
0.118995 4.41477736484193 50.5860758493372
0.119495 4.43332762899101 50.662344237795
0.119995 4.45187789314011 50.6287255153586
0.120495 4.47042815728919 50.6446147881349
0.120995 4.48897842143829 50.6455504498463
0.121495 4.50752868558738 50.6996162517475
0.121995 4.52607894973647 50.8418724683363
0.122495 4.54462921388555 51.0737411631413
0.122995 4.56317947803465 51.1785226083719
0.123495 4.58172974218373 51.4637085061224
0.123995 4.60028000633283 51.7058359967697
0.124495 4.61883027048191 51.6083708283818
0.124995 4.63738053463101 51.7138118525936
0.125495 4.6559307987801 51.6438967062368
0.125995 4.67448106292919 51.6859809029706
0.126495 4.69303132707827 52.08481438603
0.126995 4.71158159122737 51.8290818770274
0.127495 4.73013185537646 52.1981170976516
0.127995 4.74868211952555 52.4007673817005
0.128495 4.76723238367464 52.2565823741698
0.128995 4.78578264782373 52.6108628591644
0.129495 4.80433291197282 52.5271916941265
0.129995 4.82288317612191 52.6872854834487
0.130495 4.841433440271 52.7990707928192
0.130995 4.85998370442009 52.6469145485139
0.131495 4.87853396856918 52.8741722304202
0.131995 4.89708423271827 53.1911852128599
0.132495 4.91563449686736 53.0767694841013
0.132995 4.93418476101644 53.2127393761141
0.133495 4.95273502516554 53.3498533006521
0.133995 4.97128528931462 53.3924796890877
0.134495 4.98983555346372 53.5054979236138
0.134995 5.00838581761281 53.4684240768963
0.135495 5.0269360817619 53.6219638957994
0.135995 5.04548634591098 53.8795191914094
0.136495 5.06403661006008 53.5294322369574
0.136995 5.08258687420916 53.8216710344198
0.137495 5.10113713835826 53.7306223686915
0.137995 5.11968740250734 54.0158357579852
0.138495 5.13823766665644 54.1226644998927
0.138995 5.15678793080553 54.2647713943537
0.139495 5.17533819495462 54.5179624497151
0.139995 5.1938884591037 54.4117266448301
0.140495 5.2124387232528 54.5664477770522
0.140995 5.23098898740189 54.483896575929
0.141495 5.24953925155098 54.7061120376332
0.141995 5.26808951570007 54.7835358595683
0.142495 5.28663977984916 54.9211569262871
0.142995 5.30519004399825 54.9865353388799
0.143495 5.32374030814734 55.2172270465327
0.143995 5.34229057229643 55.4142462147596
0.144495 5.36084083644552 55.4520806847957
0.144995 5.37939110059461 55.5882380497423
0.145495 5.3979413647437 55.483404945398
0.145995 5.41649162889279 55.5864697117037
0.146495 5.43504189304188 55.5616349848835
0.146995 5.45359215719097 55.7329191577628
0.147495 5.47214242134006 56.0001980019384
0.147995 5.49069268548915 55.823545869631
0.148495 5.50924294963824 55.9916666863879
0.148995 5.52779321378733 56.1524079177305
0.149495 5.54634347793642 56.3375974029568
0.149995 5.56489374208551 56.364615808528
0.150495 5.5834440062346 56.3361890571231
0.150995 5.60199427038369 56.5039019761841
0.151495 5.62054453453277 56.6962561868301
0.151995 5.63909479868187 56.5861535053214
0.152495 5.65764506283096 56.7528084566174
0.152995 5.67619532698005 57.0901868177063
0.153495 5.69474559112913 57.0064724995765
0.153995 5.71329585527823 57.1036580316425
0.154495 5.73184611942731 57.1381940307807
0.154995 5.75039638357641 57.2108235356434
0.155495 5.76894664772549 57.1322902203638
0.155995 5.78749691187459 57.3785172656073
0.156495 5.80604717602368 57.4555244122996
0.156995 5.82459744017277 57.4944489355728
0.157495 5.84314770432185 57.6006583703668
0.157995 5.86169796847095 57.630087844248
0.158495 5.88024823262004 57.6573580474787
0.158995 5.89879849676913 57.8570483545374
0.159495 5.91734876091821 57.8640226999979
0.159995 5.93589902506731 57.9529758027754
0.160495 5.9544492892164 58.2117743335358
0.160995 5.97299955336549 58.223400622603
0.161495 5.99154981751458 58.4151841345256
0.161995 6.01010008166367 58.3689405284858
0.162495 6.02865034581276 58.5390571561421
0.162995 6.04720060996185 58.5938950170611
0.163495 6.06575087411094 58.615745688002
0.163995 6.08430113826003 58.6425565220816
0.164495 6.10285140240912 58.8480399813364
0.164995 6.1214016665582 58.98355591915
0.165495 6.1399519307073 59.133551150231
0.165995 6.15850219485639 59.0280908627686
0.166495 6.17705245900548 59.2389008236269
0.166995 6.19560272315456 59.1429820386518
0.167495 6.21415298730366 59.2145067616969
0.167995 6.23270325145274 59.2887293116981
0.168495 6.25125351560184 59.2937973619034
0.168995 6.26980377975092 59.5007617155735
0.169495 6.28835404390002 59.5702163454089
0.169995 6.30690430804911 59.6711542883726
0.170495 6.3254545721982 59.9747206985661
0.170995 6.34400483634728 60.0309414699812
0.171495 6.36255510049638 59.6946963822181
0.171995 6.38110536464547 60.0820624814267
0.172495 6.39965562879456 60.1210027450699
0.172995 6.41820589294364 60.0761016256729
0.173495 6.43675615709274 60.2220614228177
0.173995 6.45530642124183 60.3298833520531
0.174495 6.47385668539092 60.2210717548868
0.174995 6.49240694954 60.3636507703722
0.175495 6.5109572136891 60.5526499454345
0.175995 6.52950747783819 60.8206281274911
0.176495 6.54805774198728 60.9249769012828
0.176995 6.56660800613637 60.6319822523382
0.177495 6.58515827028546 60.7059696283821
0.177995 6.60370853443455 60.6818229530356
0.178495 6.62225879858364 60.8531691432223
0.178995 6.64080906273272 60.9866047182121
0.179495 6.65935932688182 61.1761601608473
0.179995 6.67790959103091 61.215095624702
0.180495 6.69645985518 61.062269737488
0.180995 6.71501011932909 61.2530744506806
0.181495 6.73356038347818 61.4318028689398
0.181995 6.75211064762727 61.6386402929409
0.182495 6.77066091177636 61.7808834877286
0.182995 6.78921117592545 61.8020317976311
0.183495 6.80776144007454 61.6985003624799
0.183995 6.82631170422363 62.125948987959
0.184495 6.84486196837271 62.2262363377039
0.184995 6.86341223252181 62.0426148733497
0.185495 6.88196249667089 62.1189803803822
0.185995 6.90051276081999 62.0884680621176
0.186495 6.91906302496907 62.4304660802222
0.186995 6.93761328911817 62.2936654665265
0.187495 6.95616355326726 62.4636222105696
0.187995 6.97471381741635 62.6971407572327
0.188495 6.99326408156543 62.5244411825667
0.188995 7.01181434571453 62.7332232297802
0.189495 7.03036460986362 62.5940072216261
0.189995 7.04891487401271 62.7340939068913
0.190495 7.06746513816179 62.9812682944818
0.190995 7.08601540231089 62.9261967547748
0.191495 7.10456566645998 63.1158565185916
0.191995 7.12311593060907 63.3359033020525
0.192495 7.14166619475815 63.0636542533596
0.192995 7.16021645890725 63.2749169780155
0.193495 7.17876672305634 63.4087073984686
0.193995 7.19731698720543 63.3602031823717
0.194495 7.21586725135452 63.7559313186656
0.194995 7.23441751550361 63.814457071779
0.195495 7.2529677796527 63.8403273001709
0.195995 7.27151804380179 63.5797728712185
0.196495 7.29006830795088 63.7468172521396
0.196995 7.30861857209997 63.6227038219116
0.197495 7.32716883624906 63.877582380403
0.197995 7.34571910039814 64.2849482587668
0.198495 7.36426936454724 63.8042593034684
0.198995 7.38281962869632 64.3494430987873
0.199495 7.40136989284542 64.3185102718239
0.199995 7.4199201569945 64.1559344641426
0.200495 7.4384704211436 64.2954714713689
0.200995 7.45702068529269 64.3599768604807
0.201495 7.47557094944178 64.5006261630381
0.201995 7.49412121359086 64.5323181060464
0.202495 7.51267147773996 64.5873435284001
0.202995 7.53122174188905 64.863253802094
0.203495 7.54977200603814 65.0533344170031
0.203995 7.56832227018722 64.9432786094523
0.204495 7.58687253433632 64.6859689181916
0.204995 7.60542279848541 65.1761217101443
0.205495 7.6239730626345 64.9273939934384
0.205995 7.64252332678358 64.7775383674156
0.206495 7.66107359093268 65.2098515944596
0.206995 7.67962385508177 65.3118915266359
0.207495 7.69817411923086 65.2741403747061
0.207995 7.71672438337995 65.4495219611412
0.208495 7.73527464752904 65.7109630158903
0.208995 7.75382491167813 65.3851240245189
0.209495 7.77237517582722 65.6956160793483
0.209995 7.7909254399763 65.979077304643
0.210495 7.8094757041254 66.0379709778938
0.210995 7.82802596827449 65.8553954673121
0.211495 7.84657623242358 65.9532351586276
0.211995 7.86512649657266 66.2543280042118
0.212495 7.88367676072176 66.1259324070901
0.212995 7.90222702487085 66.6819866155937
0.213495 7.92077728901994 66.3846709511453
0.213995 7.93932755316903 66.2817677670217
0.214495 7.95787781731812 66.4708342061211
0.214995 7.97642808146721 66.4032135833419
0.215495 7.99497834561629 66.4632470810639
0.215995 8.01352860976539 66.5913046004214
0.216495 8.03207887391448 66.740475529276
0.216995 8.05062913806357 66.8065699861472
0.217495 8.06917940221265 66.927163710707
0.217995 8.08772966636175 67.1468707925571
0.218495 8.10627993051084 67.261208050395
0.218995 8.12483019465993 67.3370957619187
0.219495 8.14338045880901 67.2737740529379
0.219995 8.16193072295811 67.2636668683453
0.220495 8.1804809871072 67.4410676600636
0.220995 8.19903125125629 67.5946368216126
0.221495 8.21758151540537 67.7086642827819
0.221995 8.23613177955447 67.6332030269143
0.222495 8.25468204370356 67.6482664314994
0.222995 8.27323230785265 67.80665043992
0.223495 8.29178257200173 67.8496352295675
0.223995 8.31033283615083 68.1775995323241
0.224495 8.32888310029992 68.2856346806962
0.224995 8.34743336444901 68.1410444207611
0.225495 8.36598362859809 68.4637991925648
0.225995 8.38453389274719 68.4912992288052
0.226495 8.40308415689628 68.6782321973182
0.226995 8.42163442104536 68.6817505133295
0.227495 8.44018468519446 68.5651614563641
0.227995 8.45873494934355 68.8002334614352
0.228495 8.47728521349264 68.9464054325829
0.228995 8.49583547764172 68.9310482067892
0.229495 8.51438574179082 68.8731673802929
0.229995 8.53293600593991 69.0033229452098
0.230495 8.551486270089 69.0561858096513
0.230995 8.57003653423808 69.4104449182202
0.231495 8.58858679838718 68.9610053913278
0.231995 8.60713706253627 69.1608493093535
0.232495 8.62568732668536 69.6201507594869
0.232995 8.64423759083444 69.5052039070719
0.233495 8.66278785498354 69.8268191276094
0.233995 8.68133811913263 69.7584374031703
0.234495 8.69988838328172 69.9831813468163
0.234995 8.7184386474308 69.7511404834449
0.235495 8.7369889115799 69.7291431194426
0.235995 8.75553917572899 70.3318798166223
0.236495 8.77408943987808 70.3937479467457
0.236995 8.79263970402716 70.2799055434173
0.237495 8.81118996817626 70.1864583361097
0.237995 8.82974023232535 70.3610897369325
0.238495 8.84829049647444 70.1804158049858
0.238995 8.86684076062352 70.5965271716148
0.239495 8.88539102477262 70.9196815741615
0.239995 8.90394128892171 71.0364782144387
0.240495 8.9224915530708 70.8607266566914
0.240995 8.94104181721988 71.0921343010358
0.241495 8.95959208136898 70.7323651224976
0.241995 8.97814234551807 71.3023886862948
0.242495 8.99669260966716 71.4358049758218
0.242995 9.01524287381624 71.2819817698576
0.243495 9.03379313796534 71.5836045793781
0.243995 9.05234340211443 71.372437892358
0.244495 9.07089366626352 71.5988218187629
0.244995 9.08944393041261 71.7853900644674
0.245495 9.1079941945617 71.3707834385151
0.245995 9.12654445871079 71.9007454744619
0.246495 9.14509472285988 72.2109464303867
0.246995 9.16364498700897 72.2049821250467
0.247495 9.18219525115805 72.1340555216608
0.247995 9.20074551530715 72.6137036391907
0.248495 9.21929577945624 72.2658259742629
0.248995 9.23784604360533 72.6183202374808
0.249495 9.25639630775442 72.8696209429309
0.249995 9.27494657190351 72.4057205212511
0.250495 9.29349683605259 73.0928868995161
0.250995 9.31204710020169 72.7770820790818
0.251495 9.33059736435078 73.0032979872547
0.251995 9.34914762849987 73.0299519708796
0.252495 9.36769789264895 73.3558298932282
0.252995 9.38624815679805 73.5212368717579
0.253495 9.40479842094714 73.525310408502
0.253995 9.42334868509623 73.644446854352
0.254495 9.44189894924532 73.7467681292973
0.254995 9.46044921339441 74.0498113784909
0.255495 9.4789994775435 73.6778680610461
0.255995 9.49754974169259 74.2860954088906
0.256495 9.51610000584167 74.0033428999718
0.256995 9.53465026999077 74.2293607259378
0.257495 9.55320053413986 74.1231318221132
0.257995 9.57175079828895 74.3436361165336
0.258495 9.59030106243803 74.5947323677821
0.258995 9.60885132658712 75.1241581793181
0.259495 9.62740159073622 75.0707485848329
0.259995 9.64595185488531 75.1925403129355
0.260495 9.66450211903439 74.8268359821073
0.260995 9.68305238318348 75.1047987229887
0.261495 9.70160264733258 75.7207586829306
0.261995 9.72015291148167 75.7057633842814
0.262495 9.73870317563075 75.105364978193
0.262995 9.75725343977985 75.816425857983
0.263495 9.77580370392894 75.5010507713935
0.263995 9.79435396807802 75.5972477840986
0.264495 9.81290423222712 76.2300713530648
0.264995 9.8314544963762 76.1465269122973
0.265495 9.8500047605253 76.4983649296847
0.265995 9.86855502467438 75.9602789358277
0.266495 9.88710528882348 76.7100858510468
0.266995 9.90565555297257 76.7420857892846
0.267495 9.92420581712166 77.2363592958407
0.267995 9.94275608127074 77.3805086001521
0.268495 9.96130634541984 77.373482567262
0.268995 9.97985660956892 77.657917871589
0.269495 9.99840687371802 77.6435652957957
0.269995 10.0169571378671 77.6251143977151
0.270495 10.0355074020162 78.2187355186252
0.270995 10.0540576661653 77.8514447571007
0.271495 10.0726079303144 78.050907333615
0.271995 10.0911581944635 78.1744388916664
0.272495 10.1097084586126 78.5655260329343
0.272995 10.1282587227616 78.5465488263869
0.273495 10.1468089869107 78.9141948802175
0.273995 10.1653592510598 78.7998071646128
0.274495 10.1839095152089 79.0865920692069
0.274995 10.202459779358 79.0114739754737
0.275495 10.2210100435071 79.4303155108286
0.275995 10.2395603076562 79.459705531341
0.276495 10.2581105718053 79.5380818171101
0.276995 10.2766608359544 80.0176284273661
0.277495 10.2952111001035 80.0501594072996
0.277995 10.3137613642525 80.2394356194087
0.278495 10.3323116284016 80.3283455126434
0.278995 10.3508618925507 80.710029700825
0.279495 10.3694121566998 80.7452471155214
0.279995 10.3879624208489 80.621526891023
0.280495 10.406512684998 81.5439583947601
0.280995 10.4250629491471 81.5374790582933
0.281495 10.4436132132962 81.8384986253913
0.281995 10.4621634774453 81.9469633468559
0.282495 10.4807137415944 82.3274560240975
0.282995 10.4992640057434 82.4466785192827
0.283495 10.5178142698925 82.4381241719229
0.283995 10.5363645340416 82.7422809729343
0.284495 10.5549147981907 83.0810265436839
0.284995 10.5734650623398 83.4050472190305
0.285495 10.5920153264889 83.492388494956
0.285995 10.610565590638 83.1297755869277
0.286495 10.6291158547871 83.4024935643218
0.286995 10.6476661189362 83.8870576947677
0.287495 10.6662163830853 84.0510613860461
0.287995 10.6847666472343 84.2303206736369
0.288495 10.7033169113834 84.7097002493362
0.288995 10.7218671755325 84.9021882892054
0.289495 10.7404174396816 85.5136963942619
0.289995 10.7589677038307 85.4437416808442
0.290495 10.7775179679798 85.6317439065517
0.290995 10.7960682321289 86.1015636551857
0.291495 10.814618496278 85.8408109084827
0.291995 10.8331687604271 86.4820414421367
0.292495 10.8517190245762 86.2372591211408
0.292995 10.8702692887252 86.9672675784631
0.293495 10.8888195528743 87.0187082575974
0.293995 10.9073698170234 87.2245285132418
0.294495 10.9259200811725 87.6431850209226
0.294995 10.9444703453216 87.9673926237121
0.295495 10.9630206094707 87.8033070490483
0.295995 10.9815708736198 88.3991468967226
0.296495 11.0001211377689 88.3655029109308
0.296995 11.018671401918 89.1530778871105
0.297495 11.0372216660671 89.2754848997672
0.297995 11.0557719302161 89.1839598886556
0.298495 11.0743221943652 89.3277837444653
0.298995 11.0928724585143 89.987420048181
0.299495 11.1114227226634 89.6781603468251
0.299995 11.1299729868125 90.3167992613251
0.300495 11.1485232509616 90.624151942548
0.300995 11.1670735151107 90.9749842830608
0.301495 11.1856237792598 90.7541896131161
0.301995 11.2041740434089 91.4417480753338
0.302495 11.222724307558 91.6813663035305
0.302995 11.241274571707 91.6026515859546
0.303495 11.2598248358561 92.1340310067683
0.303995 11.2783751000052 92.6812006835399
0.304495 11.2969253641543 92.6455743864894
0.304995 11.3154756283034 93.2411886032177
0.305495 11.3340258924525 93.3872057184496
0.305995 11.3525761566016 93.8134312208576
0.306495 11.3711264207507 93.7084701273513
0.306995 11.3896766848998 94.0466960598116
0.307495 11.4082269490489 94.1307912854643
0.307995 11.4267772131979 95.1455748070413
0.308495 11.445327477347 95.0391001209042
0.308995 11.4638777414961 95.2448003413183
0.309495 11.4824280056452 96.761494098933
0.309995 11.5009782697943 95.9106374184918
0.310495 11.5195285339434 96.3884273272679
0.310995 11.5380787980925 97.0385894209456
0.311495 11.5566290622416 97.0447112706931
0.311995 11.5751793263907 97.2011786716575
0.312495 11.5937295905398 98.2221979832915
0.312995 11.6122798546888 97.7048053209591
0.313495 11.6308301188379 98.1970425584656
0.313995 11.649380382987 98.752901398501
0.314495 11.6679306471361 99.5015629136449
0.314995 11.6864809112852 98.7340087729975
0.315495 11.7050311754343 99.7314391779903
0.315995 11.7235814395834 100.002497361551
0.316495 11.7421317037325 99.854754256931
0.316995 11.7606819678816 100.984203429783
0.317495 11.7792322320307 101.008192417548
0.317995 11.7977824961797 101.192086366069
0.318495 11.8163327603288 101.634767678746
0.318995 11.8348830244779 101.891812960292
0.319495 11.853433288627 102.450059015007
0.319995 11.8719835527761 102.528608661281
0.320495 11.8905338169252 102.674768255468
0.320995 11.9090840810743 103.0092825858
0.321495 11.9276343452234 103.525261060403
0.321995 11.9461846093725 104.17703932811
0.322495 11.9647348735216 104.637881428469
0.322995 11.9832851376706 104.446184139768
0.323495 12.0018354018197 104.86043683586
0.323995 12.0203856659688 105.326678745186
0.324495 12.0389359301179 105.941900685301
0.324995 12.057486194267 105.971983359753
0.325495 12.0760364584161 106.300679523096
0.325995 12.0945867225652 106.374144815236
0.326495 12.1131369867143 107.006528681154
0.326995 12.1316872508634 106.97179433641
0.327495 12.1502375150125 107.679490219818
0.327995 12.1687877791615 107.075343418471
0.328495 12.1873380433106 108.896681250634
0.328995 12.2058883074597 108.179969563069
0.329495 12.2244385716088 108.87251661881
0.329995 12.2429888357579 109.031621875215
0.330495 12.261539099907 109.787543562234
0.330995 12.2800893640561 109.96489546196
0.331495 12.2986396282052 111.034195083223
0.331995 12.3171898923543 110.659861988553
0.332495 12.3357401565034 111.340197847499
0.332995 12.3542904206525 111.750835174698
0.333495 12.3728406848015 111.654514810644
0.333995 12.3913909489506 112.170997878032
0.334495 12.4099412130997 112.601764911474
0.334995 12.4284914772488 112.888652473147
0.335495 12.4470417413979 113.399384372817
0.335995 12.465592005547 114.336322514384
0.336495 12.4841422696961 114.387724707879
0.336995 12.5026925338452 114.939659784176
0.337495 12.5212427979943 115.510804140217
0.337995 12.5397930621433 115.291855388767
0.338495 12.5583433262924 115.423968333607
0.338995 12.5768935904415 116.717398367348
0.339495 12.5954438545906 116.799666137156
0.339995 12.6139941187397 117.340550009926
0.340495 12.6325443828888 117.397915952759
0.340995 12.6510946470379 117.670293986813
0.341495 12.669644911187 118.025107248204
0.341995 12.6881951753361 118.976390941824
0.342495 12.7067454394852 119.027846153074
0.342995 12.7252957036342 119.663313348251
0.343495 12.7438459677833 119.74013382183
0.343995 12.7623962319324 120.260206203202
0.344495 12.7809464960815 120.715227913458
0.344995 12.7994967602306 121.554493159252
0.345495 12.8180470243797 121.670330386881
0.345995 12.8365972885288 122.022711708394
0.346495 12.8551475526779 122.173851945545
0.346995 12.873697816827 123.110823639749
0.347495 12.8922480809761 123.50333742935
0.347995 12.9107983451251 124.302934714949
0.348495 12.9293486092742 123.871335752027
0.348995 12.9478988734233 124.51395504948
0.349495 12.9664491375724 125.558526816001
0.349995 12.9849994017215 125.590026473976
0.350495 13.0035496658706 125.762076983782
0.350995 13.0220999300197 126.343240226337
0.351495 13.0406501941688 126.693826603425
0.351995 13.0592004583179 127.506973476945
0.352495 13.077750722467 127.719824256208
0.352995 13.096300986616 128.445116786259
0.353495 13.1148512507651 128.623143341657
0.353995 13.1334015149142 129.079281692205
0.354495 13.1519517790633 130.432261844701
0.354995 13.1705020432124 130.154224731856
0.355495 13.1890523073615 130.532489622749
0.355995 13.2076025715106 131.091145211828
0.356495 13.2261528356597 131.527702096109
0.356995 13.2447030998088 132.254878879338
0.357495 13.2632533639579 132.415166844861
0.357995 13.2818036281069 133.068377002713
0.358495 13.300353892256 133.269358987265
0.358995 13.3189041564051 133.931610984056
0.359495 13.3374544205542 134.945160162004
0.359995 13.3560046847033 134.674200139707
0.360495 13.3745549488524 135.658488817218
0.360995 13.3931052130015 135.974837496013
0.361495 13.4116554771506 136.511035499865
0.361995 13.4302057412997 137.279211437754
0.362495 13.4487560054488 137.956322923334
0.362995 13.4673062695978 138.515357040043
0.363495 13.4858565337469 138.625410499288
0.363995 13.504406797896 139.25114185579
0.364495 13.5229570620451 139.398145831935
0.364995 13.5415073261942 140.205860846269
0.365495 13.5600575903433 140.725449427819
0.365995 13.5786078544924 140.981272970789
0.366495 13.5971581186415 141.867093025038
0.366995 13.6157083827906 142.572147073926
0.367495 13.6342586469397 143.130018304986
0.367995 13.6528089110887 142.832064578919
0.368495 13.6713591752378 143.729979781366
0.368995 13.6899094393869 144.48660226819
0.369495 13.708459703536 145.250100105279
0.369995 13.7270099676851 145.401086928274
0.370495 13.7455602318342 146.103160814564
0.370995 13.7641104959833 147.008301126284
0.371495 13.7826607601324 147.263336886825
0.371995 13.8012110242815 148.227144763684
0.372495 13.8197612884306 147.684740993826
0.372995 13.8383115525796 141.628960610295
0.373495 13.8568618167287 127.974155957509
0.373995 13.8754120808778 114.140855327062
0.374495 13.8939623450269 104.247498912557
0.374995 13.912512609176 94.6350550452204
0.375495 13.9310628733251 87.0630538811237
0.375995 13.9496131374742 79.7441739897783
0.376495 13.9681634016233 72.8031399306257
0.376995 13.9867136657724 66.1850852997875
0.377495 14.0052639299215 59.6584777813117
0.377995 14.0238141940705 54.1457094587961
0.378495 14.0423644582196 49.3010066218383
0.378995 14.0609147223687 45.689051806201
0.379495 14.0794649865178 43.6133315736154
0.379995 14.0980152506669 42.1320208931436
0.380495 14.116565514816 40.4977247554599
0.380995 14.1351157789651 38.7851731589418
0.381495 14.1536660431142 36.9108083615129
0.381995 14.1722163072633 35.2219100555692
0.382495 14.1907665714124 33.6538656447893
0.382995 14.2093168355614 32.1302661715486
0.383495 14.2278670997105 30.794732588168
0.383995 14.2464173638596 29.4577077448065
0.384495 14.2649676280087 28.1259042856433
0.384995 14.2835178921578 26.8597275191349
0.385495 14.3020681563069 25.4341690704429
0.385995 14.320618420456 23.9411729717973
0.386495 14.3391686846051 22.3675091646084
0.386995 14.3577189487542 20.6690699461612
0.387495 14.3762692129033 18.8438923011845
0.387995 14.3948194770523 16.7823988563474
0.388495 14.4133697412014 14.5244075484762
0.388995 14.4319200053505 12.094354929764
0.389495 14.4504702694996 9.41795707712434
0.389995 14.4690205336487 6.41162429452442
0.390495 14.4875707977978 3.20695899711984
0.390995 14.5061210619469 -0.221034904915189
0.391495 14.524671326096 -3.53248617521389
0.391995 14.5432215902451 -6.60763092289975
0.392495 14.5617718543942 -9.78305932630688
0.392995 14.5803221185432 -13.0745348936236
0.393495 14.5988723826923 -16.3074126637626
0.393995 14.6174226468414 -19.6005750917846
0.394495 14.6359729109905 -22.5266236135996
0.394995 14.6545231751396 -23.6842650851362
0.395495 14.6730734392887 -22.7784912229901
0.395995 14.6916237034378 -24.221764991868
0.396495 14.7101739675869 -22.3667985742848
0.396995 14.728724231736 -17.4248911396348
0.397495 14.7472744958851 -12.2957185472507
0.397995 14.7658247600341 -7.9817093043839
0.398495 14.7843750241832 -4.30677199915413
0.398995 14.8029252883323 -1.01980238070767
0.399495 14.8214755524814 2.70761647700817
0.399995 14.8400258166305 4.61881098550103
0.400495 14.8585760807796 5.41262267854976
0.400995 14.8771263449287 4.68456761075132
0.401495 14.8956766090778 3.24321548329666
0.401995 14.9142268732269 2.26353747097741
0.402495 14.932777137376 0.752926061730719
0.402995 14.951327401525 -1.19764855557662
0.403495 14.9698776656741 -3.34506537263234
0.403995 14.9884279298232 -5.12344805445928
0.404495 15.0069781939723 -6.9288581636698
0.404995 15.0255284581214 -7.53755853946207
0.405495 15.0440787222705 -6.9426326957499
0.405995 15.0626289864196 -5.55875673020046
0.406495 15.0811792505687 -3.89976060638093
0.406995 15.0997295147178 -2.34110638307552
0.407495 15.1182797788669 -1.2896542564116
0.407995 15.1368300430159 -0.0431299817453225
0.408495 15.155380307165 1.21937347067925
0.408995 15.1739305713141 1.89349972589637
0.409495 15.1924808354632 2.18699588773002
0.409995 15.2110310996123 1.48004893953389
0.410495 15.2295813637614 0.982059072042959
0.410995 15.2481316279105 0.440136072872381
0.411495 15.2666818920596 -0.405499384076224
0.411995 15.2852321562087 -1.11469612319996
0.412495 15.3037824203578 -2.07479682049523
0.412995 15.3223326845068 -2.91981554076284
0.413495 15.3408829486559 -3.18917084814349
0.413995 15.359433212805 -3.1665650049724
0.414495 15.3779834769541 -3.03803935495699
0.414995 15.3965337411032 -2.9220660236352
0.415495 15.4150840052523 -2.15397452042245
0.415995 15.4336342694014 -1.40702108919476
0.416495 15.4521845335505 -0.259413699462655
0.416995 15.4707347976996 0.75857040280593
0.417495 15.4892850618487 1.57328862344797
0.417995 15.5078353259978 2.30963649774131
0.418495 15.5263855901468 3.02487945731649
0.418995 15.5449358542959 3.78256928207526
0.419495 15.563486118445 4.2411019244807
0.419995 15.5820363825941 4.76255372704023
0.420495 15.6005866467432 5.30806503986725
0.420995 15.6191369108923 5.55428273244507
0.421495 15.6376871750414 5.84116364775179
0.421995 15.6562374391905 5.97775577278336
0.422495 15.6747877033396 5.97715019167048
0.422995 15.6933379674886 5.99735199711196
0.423495 15.7118882316377 5.57298899936863
0.423995 15.7304384957868 4.88643100969581
0.424495 15.7489887599359 4.16422412105201
0.424995 15.767539024085 3.14715216203914
0.425495 15.7860892882341 2.10510217318749
0.425995 15.8046395523832 1.10105058298176
0.426495 15.8231898165323 0.294239845452158
0.426995 15.8417400806814 -0.406412120381334
0.427495 15.8602903448305 -1.20789457238662
0.427995 15.8788406089795 -1.54938835613596
0.428495 15.8973908731286 -2.14404511738205
0.428995 15.9159411372777 -2.30177386767115
0.429495 15.9344914014268 -2.23676923211613
0.429995 15.9530416655759 -2.13781213554142
0.430495 15.971591929725 -1.9100469359983
0.430995 15.9901421938741 -1.53440179055359
0.431495 16.0086924580232 -1.34494483403482
0.431995 16.0272427221723 -0.974205227386474
0.432495 16.0457929863214 -0.468493403162288
0.432995 16.0643432504704 -0.504014491911811
0.433495 16.0828935146195 -0.237934966548523
0.433995 16.1014437787686 0.191899988025227
0.434495 16.1199940429177 0.0429442431442308
0.434995 16.1385443070668 -0.124071553505126
0.435495 16.1570945712159 -0.747208420654288
0.435995 16.175644835365 -1.31207320462426
0.436495 16.1941950995141 -1.67961139205819
0.436995 16.2127453636632 -2.35635088706349
0.437495 16.2312956278123 -2.70727467407022
0.437995 16.2498458919613 -2.99810642414401
0.438495 16.2683961561104 -3.34841190669024
0.438995 16.2869464202595 -3.34023030078395
0.439495 16.3054966844086 -3.30570179022529
0.439995 16.3240469485577 -2.95826476212059
0.440495 16.3425972127068 -2.61735218047781
0.440995 16.3611474768559 -2.42096535859097
0.441495 16.379697741005 -1.97007654977758
0.441995 16.3982480051541 -1.68634757365586
0.442495 16.4167982693032 -1.07573053451434
0.442995 16.4353485334522 -0.207357153413033
0.443495 16.4538987976013 0.914715063146461
0.443995 16.4724490617504 1.90081602792166
0.444495 16.4909993258995 2.69091283812252
0.444995 16.5095495900486 3.62575554327061
0.445495 16.5280998541977 4.31111847042645
0.445995 16.5466501183468 4.74224211026832
0.446495 16.5652003824959 5.32866029982889
0.446995 16.583750646645 5.41282724918054
0.447495 16.6023009107941 5.14548253569986
0.447995 16.6208511749431 4.70724321673539
0.448495 16.6394014390922 4.03514237814483
0.448995 16.6579517032413 3.41540274741185
0.449495 16.6765019673904 2.77012080330033
0.449995 16.6950522315395 2.12303215515972
0.450495 16.7136024956886 1.4659026343953
0.450995 16.7321527598377 0.896597437972786
0.451495 16.7507030239868 0.597613321709255
0.451995 16.7692532881359 0.11123933945389
0.452495 16.787803552285 -0.457923099979737
0.452995 16.8063538164341 -0.590391522652838
0.453495 16.8249040805831 -0.87695101504523
0.453995 16.8434543447322 -0.914955411006309
0.454495 16.8620046088813 -0.957976016567995
0.454995 16.8805548730304 -1.26974288788947
0.455495 16.8991051371795 -1.61382281630913
0.455995 16.9176554013286 -1.52420821112251
0.456495 16.9362056654777 -1.15868111499901
0.456995 16.9547559296268 -0.722768144406332
0.457495 16.9733061937759 -0.207345134033848
0.457995 16.9918564579249 0.169287514284711
0.458495 17.010406722074 0.248815188353618
0.458995 17.0289569862231 0.597890262901046
0.459495 17.0475072503722 0.981014427562019
0.459995 17.0660575145213 1.06738828698608
0.460495 17.0846077786704 0.908256740876191
0.460995 17.1031580428195 0.218138547047491
0.461495 17.1217083069686 -0.102772002934199
0.461995 17.1402585711177 -0.903523611326183
0.462495 17.1588088352668 -1.40921264410217
0.462995 17.1773590994158 -1.82381676733467
0.463495 17.1959093635649 -2.61044468912534
0.463995 17.214459627714 -2.83990138902352
0.464495 17.2330098918631 -2.82673365889764
0.464995 17.2515601560122 -2.75911177657342
0.465495 17.2701104201613 -2.81116113315009
0.465995 17.2886606843104 -2.49769459442016
0.466495 17.3072109484595 -2.2323430914246
0.466995 17.3257612126086 -2.04206279089849
0.467495 17.3443114767577 -1.4708210499204
0.467995 17.3628617409067 -1.24842530431864
0.468495 17.3814120050558 -1.03248472801314
0.468995 17.3999622692049 -0.889813838350691
0.469495 17.418512533354 -0.799658750330099
0.469995 17.4370627975031 -0.726488449615981
0.470495 17.4556130616522 -0.577876044393395
0.470995 17.4741633258013 -0.181367997186073
0.471495 17.4927135899504 0.369951527953778
0.471995 17.5112638540995 0.669717804202306
0.472495 17.5298141182486 1.36774618186637
0.472995 17.5483643823976 1.85487876259781
0.473495 17.5669146465467 2.13042455365068
0.473995 17.5854649106958 2.63920194253844
0.474495 17.6040151748449 3.05223830635744
0.474995 17.622565438994 2.99157432418251
0.475495 17.6411157031431 3.01610330233145
0.475995 17.6596659672922 3.04767437050658
0.476495 17.6782162314413 2.68663739484508
0.476995 17.6967664955904 2.5110596022
0.477495 17.7153167597395 1.93621990511778
0.477995 17.7338670238885 1.25699977249973
0.478495 17.7524172880376 0.486740621776886
0.478995 17.7709675521867 -0.0473512946111464
0.479495 17.7895178163358 -0.356198239268056
0.479995 17.8080680804849 -1.03336453215663
0.480495 17.826618344634 -1.51880156814933
0.480995 17.8451686087831 -1.77704664401199
0.481495 17.8637188729322 -2.3668729260218
0.481995 17.8822691370813 -2.39604264168501
0.482495 17.9008194012304 -2.26746215002513
0.482995 17.9193696653794 -2.29574066593413
0.483495 17.9379199295285 -2.1992210200257
0.483995 17.9564701936776 -2.04030488576037
0.484495 17.9750204578267 -1.69832769162111
0.484995 17.9935707219758 -1.21910138033352
0.485495 18.0121209861249 -0.911891144966966
0.485995 18.030671250274 -0.518333730031191
0.486495 18.0492215144231 -0.247642873574459
0.486995 18.0677717785722 -0.22720007546513
0.487495 18.0863220427213 -0.0567495596243266
0.487995 18.1048723068704 0.10040165882513
0.488495 18.1234225710194 -0.120257560731614
0.488995 18.1419728351685 0.0377403003852163
0.489495 18.1605230993176 0.093424505016786
0.489995 18.1790733634667 0.0993516182242604
0.490495 18.1976236276158 0.548895069450007
0.490995 18.2161738917649 0.625207846242747
0.491495 18.234724155914 0.813402984075958
0.491995 18.2532744200631 0.969165258880904
0.492495 18.2718246842122 0.919386606020389
0.492995 18.2903749483612 1.29832781664475
0.493495 18.3089252125103 1.64982645081221
0.493995 18.3274754766594 1.66012092061386
0.494495 18.3460257408085 1.89156631316179
0.494995 18.3645760049576 1.98129862291796
0.495495 18.3831262691067 1.92669036410764
0.495995 18.4016765332558 2.19861240740743
0.496495 18.4202267974049 2.11827935700027
0.496995 18.438777061554 2.03975151924845
0.497495 18.4573273257031 1.72051468538735
0.497995 18.4758775898521 1.24868794329107
0.498495 18.4944278540012 0.965767751250427
0.498995 18.5129781181503 0.433891530557505
0.499495 18.5315283822994 -0.115446147731918
0.499995 18.5500786464485 -0.412191729498071
