# Fix print output for fix Step
-1.45150655377699e-16 -1.13686837721616e-14 2.87654552663198
0.000494999999999819 0.0387700520715839 3.17975747058803
0.000994999999999917 0.0779317208307816 4.35999039352825
0.00149499999999987 0.117093389589968 4.99244444438948
0.00199499999999982 0.156255058349154 6.04376476947113
0.00249499999999992 0.195416727108352 7.60826248227484
0.00299499999999988 0.234578395867538 9.46331113961089
0.00349499999999983 0.273740064626725 8.63331242216561
0.00399499999999993 0.312901733385922 8.2652654623949
0.00449499999999988 0.352063402145109 8.72595712264754
0.00499499999999983 0.391225070904295 7.90981921924165
0.00549499999999993 0.430386739663493 7.02548420739986
0.00599499999999988 0.469548408422679 7.39375793889926
0.00649499999999984 0.508710077181865 8.38295578666639
0.00699499999999994 0.547871745941063 8.67471172165212
0.00749499999999989 0.58703341470025 9.45822192038923
0.00799499999999984 0.626195083459436 9.84774490701071
0.00849499999999994 0.665356752218634 10.0007088852561
0.0089949999999999 0.70451842097782 10.3582034971027
0.00949499999999985 0.743680089737006 10.6679430205536
0.00999499999999995 0.782841758496204 10.63752238574
0.0104949999999999 0.82200342725539 11.0501636616088
0.0109949999999999 0.861165096014577 10.8552927786498
0.011495 0.900326764773774 10.6509276729612
0.0119949999999999 0.939488433532961 11.1988510106467
0.0124949999999999 0.978650102292147 11.986584059069
0.012995 1.01781177105134 11.9143515287934
0.0134949999999999 1.05697343981053 12.7619316149657
0.0139949999999999 1.09613510856972 13.0462297159405
0.014495 1.13529677732892 13.0950089912917
0.0149949999999999 1.1744584460881 13.6047553660031
0.0154949999999999 1.21362011484729 13.735580177084
0.015995 1.25278178360649 13.8144013560044
0.0164949999999999 1.29194345236567 14.020698116523
0.0169949999999999 1.33110512112486 14.1765152712661
0.017495 1.37026678988406 14.1890150825202
0.0179949999999999 1.40942845864324 14.5955792388396
0.0184949999999999 1.44859012740243 14.7277514201565
0.018995 1.48775179616163 15.2966956392793
0.0194949999999999 1.52691346492081 15.7738578214563
0.0199949999999999 1.56607513368 15.9412518875384
0.020495 1.6052368024392 16.262877205875
0.0209949999999998 1.64439847119837 16.7310018746994
0.0214949999999999 1.68356013995757 16.8914897946793
0.021995 1.72272180871677 17.0535680648414
0.0224949999999998 1.76188347747594 17.1991887078644
0.0229949999999999 1.80104514623514 17.3082082843836
0.023495 1.84020681499434 17.5315330299728
0.0239949999999998 1.87936848375351 17.7842049605477
0.0244949999999999 1.91853015251271 18.1287377916352
0.024995 1.95769182127191 18.4439889427228
0.0254949999999998 1.99685349003108 18.6081969105694
0.0259949999999999 2.03601515879028 18.7990124982884
0.0264949999999999 2.07517682754947 19.0899860085205
0.0269949999999998 2.11433849630865 19.4234551328289
0.0274949999999999 2.15350016506785 19.8139293386888
0.0279949999999999 2.19266183382704 19.9620699047099
0.0284949999999998 2.23182350258622 20.2200645766675
0.0289949999999999 2.27098517134542 20.4222826464226
0.0294949999999999 2.31014684010461 20.6781833782711
0.0299949999999998 2.34930850886379 20.9188202077804
0.0304949999999999 2.38847017762299 21.0935515553217
0.0309949999999999 2.42763184638218 21.3333934960796
0.0314949999999998 2.46679351514136 21.4743475337792
0.0319949999999999 2.50595518390056 21.8440539328094
0.0324949999999999 2.54511685265975 22.0690508881045
0.0329949999999998 2.58427852141893 22.1681967957321
0.0334949999999999 2.62344019017813 22.5479814627285
0.0339949999999999 2.66260185893732 22.778353983376
0.0344949999999998 2.70176352769651 22.8133654377685
0.0349949999999999 2.7409251964557 23.3121960484763
0.0354949999999999 2.78008686521489 23.3272435804323
0.0359949999999998 2.81924853397408 23.6230730329051
0.0364949999999999 2.85841020273327 23.9085646548675
0.0369949999999999 2.89757187149246 24.1413624565097
0.0374949999999998 2.93673354025165 24.2829251522126
0.0379949999999999 2.97589520901084 24.7499276023756
0.0384949999999999 3.01505687777003 24.785229466109
0.0389949999999998 3.05421854652922 24.9789510434351
0.0394949999999999 3.09338021528841 25.14305285488
0.0399949999999999 3.1325418840476 25.3623288919599
0.0404949999999999 3.17170355280679 25.5192155359793
0.040995 3.21086522156598 25.823702542685
0.0414949999999999 3.25002689032517 25.9957979970114
0.0419949999999999 3.28918855908436 26.1552417624251
0.042495 3.32835022784356 26.5400538026382
0.0429949999999999 3.36751189660274 26.7021979546726
0.0434949999999999 3.40667356536193 26.9646318270927
0.043995 3.44583523412113 27.0815764470423
0.0444949999999999 3.48499690288031 27.3285236688625
0.0449949999999999 3.5241585716395 27.4908614327994
0.045495 3.5633202403987 27.7520736732349
0.0459949999999999 3.60248190915788 27.9870440850681
0.0464949999999999 3.64164357791707 28.18049459638
0.046995 3.68080524667627 28.423019747769
0.0474949999999999 3.71996691543545 28.6287611345217
0.0479949999999999 3.75912858419464 28.7470117311522
0.048495 3.79829025295384 29.0879960650811
0.0489949999999999 3.83745192171302 29.1721105249052
0.0494949999999999 3.87661359047221 29.4306349934346
0.049995 3.91577525923141 29.6697746087857
0.0504949999999998 3.95493692799058 29.8995434161768
0.0509949999999999 3.99409859674978 29.9878028472342
0.051495 4.03326026550898 30.2154179029929
0.0519949999999998 4.07242193426815 30.4262824240481
0.0524949999999999 4.11158360302735 30.5177901921224
0.052995 4.15074527178655 30.8608228497863
0.0534949999999998 4.18990694054572 31.0339055425109
0.0539949999999999 4.22906860930492 31.2355058557168
0.054495 4.26823027806412 31.314607644826
0.0549949999999998 4.30739194682329 31.6267409509613
0.0554949999999999 4.34655361558249 31.7839229553672
0.0559949999999999 4.38571528434168 32.003128755249
0.0564949999999998 4.42487695310086 32.0495539721257
0.0569949999999999 4.46403862186006 32.2937135265206
0.0574949999999999 4.50320029061925 32.4243709794505
0.0579949999999998 4.54236195937843 32.7082455508488
0.0584949999999999 4.58152362813763 32.854707355873
0.0589949999999999 4.62068529689682 32.9823341823191
0.0594949999999998 4.659846965656 33.3685441081317
0.0599949999999999 4.6990086344152 33.4707486913327
0.0604949999999999 4.73817030317439 33.5874830960779
0.0609949999999998 4.77733197193357 33.8561258125371
0.0614949999999999 4.81649364069277 34.0192519103231
0.0619949999999999 4.85565530945196 34.2144051625652
0.0624949999999998 4.89481697821114 34.3353466727553
0.0629949999999999 4.93397864697034 34.3810285630326
0.0634949999999999 4.97314031572953 34.5946602760259
0.0639949999999998 5.01230198448872 34.7910926183545
0.0644949999999999 5.05146365324791 34.9778005118046
0.0649949999999999 5.0906253220071 35.2132736281246
0.0654949999999998 5.12978699076629 35.2691729714595
0.0659949999999999 5.16894865952548 35.4865557997334
0.0664949999999999 5.20811032828467 35.5785182956755
0.0669949999999998 5.24727199704386 35.8595974110205
0.0674949999999999 5.28643366580305 36.0639196799721
0.0679949999999999 5.32559533456224 36.2632180408567
0.0684949999999998 5.36475700332143 36.3257821953603
0.0689949999999999 5.40391867208062 36.5318271881806
0.0694949999999999 5.44308034083981 36.7133445928401
0.0699949999999998 5.482242009599 36.971298355664
0.0704949999999999 5.52140367835819 37.043351968401
0.0709949999999999 5.56056534711738 37.2236117529022
0.0714949999999999 5.59972701587657 37.3791955208153
0.071995 5.63888868463576 37.3986589051819
0.0724949999999999 5.67805035339495 37.6281681930426
0.0729949999999999 5.71721202215414 37.710616339478
0.073495 5.75637369091334 37.9580036590698
0.0739949999999999 5.79553535967252 38.2210030789374
0.0744949999999999 5.83469702843171 38.3833900748414
0.074995 5.87385869719091 38.5984565418426
0.0754949999999999 5.91302036595009 38.7625269338016
0.0759949999999999 5.95218203470928 38.9401371528955
0.076495 5.99134370346848 38.9500751128788
0.0769949999999998 6.03050537222765 39.2199573373586
0.0774949999999999 6.06966704098685 39.2468775453612
0.077995 6.10882870974605 39.4171439268926
0.0784949999999998 6.14799037850522 39.5377765195938
0.0789949999999999 6.18715204726442 39.7195255483855
0.079495 6.22631371602362 39.9833570230923
0.0799949999999998 6.26547538478279 40.1796639237795
0.0804949999999999 6.30463705354199 40.1837568953724
0.080995 6.34379872230119 40.4680814808682
0.0814949999999998 6.38296039106036 40.5556685945007
0.0819949999999999 6.42212205981956 40.6530052945383
0.0824949999999998 6.46128372857875 40.8577281500406
0.0829949999999998 6.50044539733793 40.976852547367
0.0834949999999999 6.53960706609713 41.0934854643485
0.083995 6.57876873485633 41.2302671108004
0.0844949999999998 6.6179304036155 41.537065149092
0.0849949999999999 6.6570920723747 41.6347185979527
0.0854949999999999 6.69625374113389 41.9045068126974
0.0859949999999998 6.73541540989307 42.0457289174876
0.0864949999999999 6.77457707865227 42.1550901050449
0.086995 6.81373874741147 42.1519817874192
0.0874949999999998 6.85290041617064 42.2665211292575
0.0879949999999999 6.89206208492984 42.3562172465707
0.0884949999999999 6.93122375368903 42.6466279811613
0.0889949999999998 6.97038542244821 42.6782079350365
0.0894949999999999 7.00954709120741 42.8684625213874
0.0899949999999999 7.0487087599666 43.0170996080464
0.0904949999999998 7.08787042872578 43.1132020296374
0.0909949999999999 7.12703209748498 43.3752211395496
0.0914949999999999 7.16619376624417 43.530121645426
0.0919949999999998 7.20535543500336 43.4918059190422
0.0924949999999999 7.24451710376255 43.7684461284944
0.0929949999999999 7.28367877252174 43.8063729033677
0.0934949999999998 7.32284044128093 43.9526274476903
0.0939949999999999 7.36200211004012 44.2385553356204
0.0944949999999999 7.40116377879931 44.2546433078446
0.0949949999999998 7.4403254475585 44.4644406858826
0.0954949999999999 7.47948711631769 44.5805733982912
0.0959949999999999 7.51864878507688 44.6820718993179
0.0964949999999998 7.55781045383607 44.7753685302607
0.0969949999999999 7.59697212259526 45.0879892023314
0.0974949999999999 7.63613379135445 45.0334421877087
0.0979949999999998 7.67529546011364 45.1778326650827
0.0984949999999999 7.71445712887283 45.3368432155404
0.0989949999999999 7.75361879763202 45.4400604899221
0.0994949999999998 7.79278046639121 45.604310625076
0.099995 7.8319421351504 45.7474531000296
0.100495 7.87110380390959 45.9076343357239
0.100995 7.91026547266878 46.0551292045367
0.101495 7.94942714142798 46.1067656633419
0.101995 7.98858881018716 46.305266673665
0.102495 8.02775047894635 46.4536058549348
0.102995 8.06691214770555 46.5629529299395
0.103495 8.10607381646473 46.6480615727471
0.103995 8.14523548522392 46.739064481318
0.104495 8.18439715398312 46.9330089329547
0.104995 8.2235588227423 47.0225939814163
0.105495 8.26272049150149 47.2086884235728
0.105995 8.30188216026069 47.422752969665
0.106495 8.34104382901987 47.4194635457662
0.106995 8.38020549777906 47.7268527471633
0.107495 8.41936716653826 47.6990509850321
0.107995 8.45852883529743 47.8322972166946
0.108495 8.49769050405663 47.8147600276999
0.108995 8.53685217281583 47.9058529299069
0.109495 8.576013841575 48.1993696573097
0.109995 8.6151755103342 48.3663253042625
0.110495 8.6543371790934 48.398763840972
0.110995 8.69349884785257 48.4798534294979
0.111495 8.73266051661177 48.7386549486367
0.111995 8.77182218537096 48.7095942189257
0.112495 8.81098385413014 48.7625748581213
0.112995 8.85014552288934 49.0787901858414
0.113495 8.88930719164854 49.0605720348336
0.113995 8.92846886040771 49.0945334802135
0.114495 8.96763052916691 49.3778639658077
0.114995 9.0067921979261 49.3908987219707
0.115495 9.04595386668528 49.5076946892173
0.115995 9.08511553544448 49.5659034615252
0.116495 9.12427720420368 49.6600251135758
0.116995 9.16343887296285 49.8614523602074
0.117495 9.20260054172205 49.8333275953763
0.117995 9.24176221048124 49.9878167698129
0.118495 9.28092387924042 50.1515677380678
0.118995 9.32008554799962 50.1933459720211
0.119495 9.35924721675881 50.3255728890191
0.119995 9.39840888551799 50.611442139324
0.120495 9.43757055427719 50.70398794827
0.120995 9.47673222303638 50.8112012253552
0.121495 9.51589389179557 50.8639900062048
0.121995 9.55505556055476 50.9720439996067
0.122495 9.59421722931395 51.1601082595115
0.122995 9.63337889807314 51.2491067745645
0.123495 9.67254056683233 51.2096005705105
0.123995 9.71170223559152 51.3340537936188
0.124495 9.75086390435071 51.5486907199062
0.124995 9.7900255731099 51.4919418866721
0.125495 9.82918724186909 51.6938791387414
0.125995 9.86834891062828 51.7602024568774
0.126495 9.90751057938747 51.9050026329967
0.126995 9.94667224814666 52.0197264326831
0.127495 9.98583391690585 52.0518386202795
0.127995 10.024995585665 52.2142038893114
0.128495 10.0641572544242 52.3514912812765
0.128995 10.1033189231834 52.4597309633341
0.129495 10.1424805919426 52.510378439078
0.129995 10.1816422607018 52.654140309533
0.130495 10.220803929461 52.8443380100507
0.130995 10.2599655982202 52.8332194741688
0.131495 10.2991272669794 53.0920678389791
0.131995 10.3382889357386 52.9981805844054
0.132495 10.3774506044978 53.1082785419632
0.132995 10.4166122732569 53.3832119050793
0.133495 10.4557739420161 53.2267485413629
0.133995 10.4949356107753 53.4505449604471
0.134495 10.5340972795345 53.5075161548172
0.134995 10.5732589482937 53.6355944780552
0.135495 10.6124206170529 53.6258621148938
0.135995 10.6515822858121 53.8588368782579
0.136495 10.6907439545713 53.9268396921393
0.136995 10.7299056233305 53.9484052472091
0.137495 10.7690672920896 53.9576470898464
0.137995 10.8082289608488 54.2001036191103
0.138495 10.847390629608 54.2446768068563
0.138995 10.8865522983672 54.2679264922559
0.139495 10.9257139671264 54.4860504789027
0.139995 10.9648756358856 54.4782662578271
0.140495 11.0040373046448 54.7840667344119
0.140995 11.043198973404 54.7176340588928
0.141495 11.0823606421632 54.8324634484027
0.141995 11.1215223109224 54.8937702566541
0.142495 11.1606839796816 54.8791488251044
0.142995 11.1998456484407 55.0961400391388
0.143495 11.2390073171999 55.3155671090178
0.143995 11.2781689859591 55.2537452370528
0.144495 11.3173306547183 55.2680596620861
0.144995 11.3564923234775 55.474279589728
0.145495 11.3956539922367 55.5301726090777
0.145995 11.4348156609959 55.5976613468549
0.146495 11.4739773297551 55.8435123031503
0.146995 11.5131389985143 55.8650227651017
0.147495 11.5523006672734 55.9059497203004
0.147995 11.5914623360326 56.0798461460455
0.148495 11.6306240047918 56.0720949593464
0.148995 11.669785673551 56.1210605981994
0.149495 11.7089473423102 56.2373684641488
0.149995 11.7481090110694 56.3628111967194
0.150495 11.7872706798286 56.341857594347
0.150995 11.8264323485878 56.4721968396953
0.151495 11.865594017347 56.5232430656059
0.151995 11.9047556861062 56.6816997007184
0.152495 11.9439173548653 56.6135165262424
0.152995 11.9830790236245 56.8037897088806
0.153495 12.0222406923837 56.853586191217
0.153995 12.0614023611429 56.948967062602
0.154495 12.1005640299021 57.1086464403739
0.154995 12.1397256986613 57.0986801775688
0.155495 12.1788873674205 57.1494216953012
0.155995 12.2180490361797 57.3070886653458
0.156495 12.2572107049389 57.2569191963215
0.156995 12.2963723736981 57.519006406106
0.157495 12.3355340424573 57.5494665491336
0.157995 12.3746957112164 57.5375084211172
0.158495 12.4138573799756 57.6865058635194
0.158995 12.4530190487348 57.7547281009802
0.159495 12.492180717494 57.8469784649482
0.159995 12.5313423862532 58.068283428889
0.160495 12.5705040550124 58.1617959685141
0.160995 12.6096657237716 58.2544588543104
0.161495 12.6488273925308 58.1862225268512
0.161995 12.68798906129 58.3652187464535
0.162495 12.7271507300492 58.4238725968978
0.162995 12.7663123988083 58.5815910235617
0.163495 12.8054740675675 58.6817269186182
0.163995 12.8446357363267 58.7896321588628
0.164495 12.8837974050859 58.7936159381576
0.164995 12.9229590738451 58.83890982558
0.165495 12.9621207426043 58.9987702380014
0.165995 13.0012824113635 59.0908978732799
0.166495 13.0404440801227 59.2185620458474
0.166995 13.0796057488819 59.179439031983
0.167495 13.118767417641 59.2562833472221
0.167995 13.1579290864002 59.3719580466583
0.168495 13.1970907551594 59.3969207425843
0.168995 13.2362524239186 59.4095982687449
0.169495 13.2754140926778 59.7097291297114
0.169995 13.314575761437 59.7549862970776
0.170495 13.3537374301962 59.7167413735233
0.170995 13.3928990989554 59.6842493960349
0.171495 13.4320607677146 59.7962239502149
0.171995 13.4712224364738 59.9301202515562
0.172495 13.510384105233 60.0412573830019
0.172995 13.5495457739921 60.3100463132117
0.173495 13.5887074427513 60.2452156888747
0.173995 13.6278691115105 60.4179949897667
0.174495 13.6670307802697 60.4086113322817
0.174995 13.7061924490289 60.4181475675523
0.175495 13.7453541177881 60.6461096880472
0.175995 13.7845157865473 60.623597664736
0.176495 13.8236774553065 60.6633765817032
0.176995 13.8628391240657 60.8265130527844
0.177495 13.9020007928248 60.7760832704937
0.177995 13.941162461584 60.9281978153363
0.178495 13.9803241303432 60.9469174583804
0.178995 14.0194857991024 60.9836958624013
0.179495 14.0586474678616 61.3287224930346
0.179995 14.0978091366208 61.2356160328848
0.180495 14.13697080538 61.3260412628823
0.180995 14.1761324741392 61.4034159613632
0.181495 14.2152941428984 61.50072993682
0.181995 14.2544558116576 61.5123004639781
0.182495 14.2936174804168 61.6920944161895
0.182995 14.3327791491759 61.63315676008
0.183495 14.3719408179351 61.8628135500069
0.183995 14.4111024866943 61.9469107488497
0.184495 14.4502641554535 61.988544013768
0.184995 14.4894258242127 62.1587701945128
0.185495 14.5285874929719 62.1597201129349
0.185995 14.5677491617311 62.2533525787676
0.186495 14.6069108304903 61.9466579569718
0.186995 14.6460724992495 62.2108357725695
0.187495 14.6852341680087 62.3721896901354
0.187995 14.7243958367678 62.3573986875018
0.188495 14.763557505527 62.572276389158
0.188995 14.8027191742862 62.5880718835638
0.189495 14.8418808430454 62.643398888608
0.189995 14.8810425118046 62.7537327437382
0.190495 14.9202041805638 62.7342694384613
0.190995 14.959365849323 62.9171984206917
0.191495 14.9985275180822 63.0241370100305
0.191995 15.0376891868414 63.1974094957027
0.192495 15.0768508556005 63.1075079620721
0.192995 15.1160125243597 63.1592814370268
0.193495 15.1551741931189 63.3371751049908
0.193995 15.1943358618781 63.3383388730532
0.194495 15.2334975306373 63.3852912929885
0.194995 15.2726591993965 63.6022012280249
0.195495 15.3118208681557 63.5866735609714
0.195995 15.3509825369149 63.6331779460229
0.196495 15.3901442056741 63.8302844546319
0.196995 15.4293058744333 63.9107423330782
0.197495 15.4684675431925 63.9881498234918
0.197995 15.5076292119516 63.9298099034846
0.198495 15.5467908807108 64.0910563202211
0.198995 15.58595254947 64.1563676546007
0.199495 15.6251142182292 64.1646727718723
0.199995 15.6642758869884 64.3032452118179
0.200495 15.7034375557476 64.3804627407725
0.200995 15.7425992245068 64.5160583158972
0.201495 15.781760893266 64.3352039880282
0.201995 15.8209225620252 64.502367244821
0.202495 15.8600842307843 64.583980331756
0.202995 15.8992458995435 64.7693635070114
0.203495 15.9384075683027 64.9502586183523
0.203995 15.9775692370619 64.9003458038655
0.204495 16.0167309058211 64.9664158637041
0.204995 16.0558925745803 64.9382006729583
0.205495 16.0950542433395 64.9965536090966
0.205995 16.1342159120987 65.1053257206161
0.206495 16.1733775808579 65.3102779676317
0.206995 16.2125392496171 65.4320014372045
0.207495 16.2517009183763 65.5136546418877
0.207995 16.2908625871355 65.5008688301758
0.208495 16.3300242558946 65.5099377738324
0.208995 16.3691859246538 65.5798637016346
0.209495 16.408347593413 65.6724183793043
0.209995 16.4475092621722 65.8784868317216
0.210495 16.4866709309314 66.0195208151303
0.210995 16.5258325996906 65.8878099300072
0.211495 16.5649942684498 66.3048231497919
0.211995 16.604155937209 66.1136993844016
0.212495 16.6433176059682 66.2780563760512
0.212995 16.6824792747273 66.2011149349529
0.213495 16.7216409434865 66.2739354726376
0.213995 16.7608026122457 66.5159072401042
0.214495 16.7999642810049 66.5753098655438
0.214995 16.8391259497641 66.6655212408523
0.215495 16.8782876185233 66.7519599121367
0.215995 16.9174492872825 66.8870729301481
0.216495 16.9566109560417 66.8928676087359
0.216995 16.9957726248009 66.8644652851379
0.217495 17.03493429356 67.0873044365563
0.217995 17.0740959623192 67.0711535502659
0.218495 17.1132576310784 66.9773026507832
0.218995 17.1524192998376 67.3235062630834
0.219495 17.1915809685968 67.2437191220497
0.219995 17.230742637356 67.2453201232733
0.220495 17.2699043061152 67.4751895445652
0.220995 17.3090659748744 67.5458298385899
0.221495 17.3482276436336 67.5645733206469
0.221995 17.3873893123928 67.70682366068
0.222495 17.426550981152 67.8476399830251
0.222995 17.4657126499111 67.8754172527298
0.223495 17.5048743186703 67.9614527130801
0.223995 17.5440359874295 68.0117183824599
0.224495 17.5831976561887 68.0740879565963
0.224995 17.6223593249479 68.0170779454704
0.225495 17.6615209937071 68.2564627684255
0.225995 17.7006826624663 68.534593649635
0.226495 17.7398443312255 68.5601194399629
0.226995 17.7790059999847 68.6272093106659
0.227495 17.8181676687438 68.4883203099377
0.227995 17.857329337503 68.6121333454464
0.228495 17.8964910062622 68.7005623554961
0.228995 17.9356526750214 68.9439671632144
0.229495 17.9748143437806 68.9466310964701
0.229995 18.0139760125398 69.0799484996597
0.230495 18.053137681299 69.2521475191046
0.230995 18.0922993500582 69.0472074617811
0.231495 18.1314610188174 69.2903020977134
0.231995 18.1706226875766 69.4951872298852
0.232495 18.2097843563358 69.4356677422124
0.232995 18.2489460250949 69.6932546123287
0.233495 18.2881076938541 69.478906004171
0.233995 18.3272693626133 69.5616782957379
0.234495 18.3664310313725 69.7913439771333
0.234995 18.4055927001317 70.0407965371192
0.235495 18.4447543688909 69.8659066582698
0.235995 18.4839160376501 70.1994941305195
0.236495 18.5230777064093 70.1867193307395
0.236995 18.5622393751685 70.4708679188162
0.237495 18.6014010439277 70.4178141280407
0.237995 18.6405627126868 70.5456565166909
0.238495 18.679724381446 70.6347297577292
0.238995 18.7188860502052 70.7324061507655
0.239495 18.7580477189644 70.8843146465243
0.239995 18.7972093877236 70.5264653467153
0.240495 18.8363710564828 70.8634281436494
0.240995 18.875532725242 70.8721246395803
0.241495 18.9146943940012 71.0613231366147
0.241995 18.9538560627604 71.2617108590938
0.242495 18.9930177315195 71.2983654095206
0.242995 19.0321794002787 71.3505575211738
0.243495 19.0713410690379 71.5529658241368
0.243995 19.1105027377971 71.5009770431634
0.244495 19.1496644065563 71.559391819762
0.244995 19.1888260753155 71.6240649675598
0.245495 19.2279877440747 71.8290166727023
0.245995 19.2671494128339 71.7059191626335
0.246495 19.3063110815931 71.993896726807
0.246995 19.3454727503523 72.0109809804552
0.247495 19.3846344191115 72.4436710008036
0.247995 19.4237960878706 72.5806164327314
0.248495 19.4629577566298 72.2504650700014
0.248995 19.502119425389 72.5853209822741
0.249495 19.5412810941482 72.5857148645926
0.249995 19.5804427629074 72.7948213063953
0.250495 19.6196044316666 72.7667772433041
0.250995 19.6587661004258 72.6873957541075
0.251495 19.697927769185 72.904562416913
0.251995 19.7370894379442 73.121982759432
0.252495 19.7762511067034 73.2819872116407
0.252995 19.8154127754625 73.4239136692358
0.253495 19.8545744442217 73.4726784597295
0.253995 19.8937361129809 73.7602325060054
0.254495 19.9328977817401 73.7071044550078
0.254995 19.9720594504993 73.7359628376882
0.255495 20.0112211192585 74.0025943208663
0.255995 20.0503827880177 73.9245571307599
0.256495 20.0895444567769 74.1574313282272
0.256995 20.1287061255361 74.3229919224881
0.257495 20.1678677942953 74.4241936293065
0.257995 20.2070294630544 74.4442733033822
0.258495 20.2461911318136 74.5688986312204
0.258995 20.2853528005728 74.8878640547565
0.259495 20.324514469332 74.7422550590636
0.259995 20.3636761380912 74.7688166632639
0.260495 20.4028378068504 74.9727049478823
0.260995 20.4419994756096 75.0020672332076
0.261495 20.4811611443688 75.4336013174257
0.261995 20.520322813128 75.4514394162559
0.262495 20.5594844818871 75.580678774494
0.262995 20.5986461506463 75.5662112581192
0.263495 20.6378078194055 76.0132247831813
0.263995 20.6769694881647 75.8667778257013
0.264495 20.7161311569239 76.0735183497258
0.264995 20.7552928256831 76.4246069883054
0.265495 20.7944544944423 76.2398639009656
0.265995 20.8336161632015 76.5521357617084
0.266495 20.8727778319607 76.544630640147
0.266995 20.9119395007199 76.6382407821972
0.267495 20.951101169479 77.1143919462956
0.267995 20.9902628382382 77.1101296745783
0.268495 21.0294245069974 77.3060475196826
0.268995 21.0685861757566 77.3451352086158
0.269495 21.1077478445158 77.3766542987435
0.269995 21.146909513275 77.7824838586939
0.270495 21.1860711820342 77.9166533458072
0.270995 21.2252328507934 77.8781287545959
0.271495 21.2643945195526 78.0689442393212
0.271995 21.3035561883118 78.3179652445885
0.272495 21.342717857071 78.4448691916159
0.272995 21.3818795258301 78.6081651818819
0.273495 21.4210411945893 78.8246064129093
0.273995 21.4602028633485 79.1393239733974
0.274495 21.4993645321077 79.093588301783
0.274995 21.5385262008669 79.4124133606215
0.275495 21.5776878696261 79.6540640163639
0.275995 21.6168495383853 79.6177649997943
0.276495 21.6560112071445 80.0701141451748
0.276995 21.6951728759037 79.8127916899301
0.277495 21.7343345446628 80.2582404033509
0.277995 21.773496213422 80.4302232740025
0.278495 21.8126578821812 80.3505760916343
0.278995 21.8518195509404 80.58924382889
0.279495 21.8909812196996 80.8581383252044
0.279995 21.9301428884588 80.7955819620435
0.280495 21.969304557218 81.0096965531497
0.280995 22.0084662259772 81.4320181318961
0.281495 22.0476278947364 81.4344614727987
0.281995 22.0867895634956 81.9342330511167
0.282495 22.1259512322547 82.2590211331896
0.282995 22.1651129010139 82.4759824863855
0.283495 22.2042745697731 82.5409503842714
0.283995 22.2434362385323 82.6063674660574
0.284495 22.2825979072915 82.9323374067558
0.284995 22.3217595760507 83.1713606852717
0.285495 22.3609212448099 82.8826733761031
0.285995 22.4000829135691 83.4451048659583
0.286495 22.4392445823283 83.7819302488016
0.286995 22.4784062510875 83.9699031626703
0.287495 22.5175679198467 84.2693748580371
0.287995 22.5567295886058 84.2224513236005
0.288495 22.595891257365 84.4571241045871
0.288995 22.6350529261242 84.6898442751391
0.289495 22.6742145948834 84.8161072121493
0.289995 22.7133762636426 85.4714754985228
0.290495 22.7525379324018 85.3322465903101
0.290995 22.791699601161 85.8539898316127
0.291495 22.8308612699202 85.9120678300598
0.291995 22.8700229386794 86.3006529417299
0.292495 22.9091846074385 86.7354908610207
0.292995 22.9483462761977 86.9843847817419
0.293495 22.9875079449569 86.585726979268
0.293995 23.0266696137161 86.9819965962482
0.294495 23.0658312824753 87.4473834377369
0.294995 23.1049929512345 87.7771142195482
0.295495 23.1441546199937 88.2377105008147
0.295995 23.1833162887529 87.9343019275157
0.296495 23.2224779575121 88.4948703645008
0.296995 23.2616396262713 88.6330522579681
0.297495 23.3008012950305 88.9613521072184
0.297995 23.3399629637896 89.1258514343753
0.298495 23.3791246325488 89.6645114595947
0.298995 23.418286301308 89.72307141335
0.299495 23.4574479700672 89.7881844165637
0.299995 23.4966096388264 90.1878097529082
0.300495 23.5357713075856 90.7148282185226
0.300995 23.5749329763448 90.7477584369385
0.301495 23.614094645104 91.3525613667725
0.301995 23.6532563138632 91.330842211329
0.302495 23.6924179826224 91.7812546688022
0.302995 23.7315796513815 91.9030485920589
0.303495 23.7707413201407 92.3081237783879
0.303995 23.8099029888999 92.7166858668651
0.304495 23.8490646576591 92.7133226613665
0.304995 23.8882263264183 93.2479345808685
0.305495 23.9273879951775 93.0505673257336
0.305995 23.9665496639367 93.8163336991966
0.306495 24.0057113326959 93.6462903531603
0.306995 24.0448730014551 94.4804957429454
0.307495 24.0840346702143 94.5321870187793
0.307995 24.1231963389734 94.5177998936151
0.308495 24.1623580077326 95.4184248007413
0.308995 24.2015196764918 95.3436845918252
0.309495 24.240681345251 95.8922359092964
0.309995 24.2798430140102 95.7346007687809
0.310495 24.3190046827694 96.3971525797061
0.310995 24.3581663515286 96.6413054643291
0.311495 24.3973280202878 97.1910790526542
0.311995 24.436489689047 97.0099476514919
0.312495 24.4756513578061 97.5704446338333
0.312995 24.5148130265653 97.967463066991
0.313495 24.5539746953245 98.311778491155
0.313995 24.5931363640837 98.6737966897086
0.314495 24.6322980328429 98.5936090450943
0.314995 24.6714597016021 99.0129592309472
0.315495 24.7106213703613 99.9586569770521
0.315995 24.7497830391205 99.6039405798049
0.316495 24.7889447078797 100.12167560555
0.316995 24.8281063766389 100.664778760348
0.317495 24.8672680453981 100.648117120044
0.317995 24.9064297141572 101.279824147332
0.318495 24.9455913829164 101.533897264859
0.318995 24.9847530516756 101.535313449033
0.319495 25.0239147204348 102.007725263365
0.319995 25.063076389194 102.522305164486
0.320495 25.1022380579532 102.87504219905
0.320995 25.1413997267124 103.486527832096
0.321495 25.1805613954716 103.268292431866
0.321995 25.2197230642308 103.741388900593
0.322495 25.25888473299 104.297561747514
0.322995 25.2980464017491 104.781867591072
0.323495 25.3372080705083 104.982062983
0.323995 25.3763697392675 105.349120345626
0.324495 25.4155314080267 105.348076202347
0.324995 25.4546930767859 106.182986113297
0.325495 25.4938547455451 105.974837580431
0.325995 25.5330164143043 106.500377422308
0.326495 25.5721780830635 107.010799923956
0.326995 25.6113397518227 107.19048105255
0.327495 25.6505014205819 107.879706283241
0.327995 25.689663089341 108.07700919651
0.328495 25.7288247581002 108.413935481026
0.328995 25.7679864268594 109.127928890856
0.329495 25.8071480956186 109.128711092835
0.329995 25.8463097643778 109.497623151366
0.330495 25.885471433137 109.83990904772
0.330995 25.9246331018962 110.184872679967
0.331495 25.9637947706554 110.718752479824
0.331995 26.0029564394146 110.993756371069
0.332495 26.0421181081737 111.156112356167
0.332995 26.0812797769329 112.158672623085
0.333495 26.1204414456921 112.055134560449
0.333995 26.1596031144513 112.58846298897
0.334495 26.1987647832105 112.816011687265
0.334995 26.2379264519697 113.787354762596
0.335495 26.2770881207289 113.648716441121
0.335995 26.3162497894881 114.010573380808
0.336495 26.3554114582473 114.518331229072
0.336995 26.3945731270065 114.744347065159
0.337495 26.4337347957656 115.239394718901
0.337995 26.4728964645248 115.621757439496
0.338495 26.512058133284 115.861655975507
0.338995 26.5512198020432 116.438791201457
0.339495 26.5903814708024 116.736527212668
0.339995 26.6295431395616 117.087023991312
0.340495 26.6687048083208 117.595192988737
0.340995 26.70786647708 117.751724956441
0.341495 26.7470281458392 118.378732830968
0.341995 26.7861898145984 118.963674725432
0.342495 26.8253514833576 119.157022231992
0.342995 26.8645131521167 119.760880541921
0.343495 26.9036748208759 120.228062500745
0.343995 26.9428364896351 120.232508554542
0.344495 26.9819981583943 120.605582731561
0.344995 27.0211598271535 121.007626445451
0.345495 27.0603214959127 121.773448120725
0.345995 27.0994831646719 121.538254038567
0.346495 27.1386448334311 122.568210737464
0.346995 27.1778065021903 123.096586824253
0.347495 27.2169681709494 123.005397097017
0.347995 27.2561298397086 123.779173251653
0.348495 27.2952915084678 124.077843599112
0.348995 27.334453177227 124.273472403617
0.349495 27.3736148459862 125.248585607927
0.349995 27.4127765147454 125.805439667442
0.350495 27.4519381835046 126.135975937096
0.350995 27.4910998522638 126.495929163473
0.351495 27.530261521023 126.918293780049
0.351995 27.5694231897822 126.785892409507
0.352495 27.6085848585413 127.473059438155
0.352995 27.6477465273005 127.793257870981
0.353495 27.6869081960597 128.723642573162
0.353995 27.7260698648189 128.6750453749
0.354495 27.7652315335781 129.686867202607
0.354995 27.8043932023373 130.013136561522
0.355495 27.8435548710965 130.189812178805
0.355995 27.8827165398557 131.041992452466
0.356495 27.9218782086149 131.389452479384
0.356995 27.9610398773741 132.080207544921
0.357495 28.0002015461333 132.397430287939
0.357995 28.0393632148924 132.783144358043
0.358495 28.0785248836516 133.112526326219
0.358995 28.1176865524108 133.82642616806
0.359495 28.15684822117 134.029438576663
0.359995 28.1960098899292 134.965007653451
0.360495 28.2351715586884 134.927294912527
0.360995 28.2743332274476 136.401892539713
0.361495 28.3134948962068 136.377811205878
0.361995 28.352656564966 137.108796567193
0.362495 28.3918182337251 136.880574100331
0.362995 28.4309799024843 138.242745454317
0.363495 28.4701415712435 138.64543661122
0.363995 28.5093032400027 139.161050515777
0.364495 28.5484649087619 139.242126640967
0.364995 28.5876265775211 140.070505372819
0.365495 28.6267882462803 140.856443468509
0.365995 28.6659499150395 141.102795020006
0.366495 28.7051115837987 141.559526596191
0.366995 28.7442732525579 138.456762214182
0.367495 28.7834349213171 128.892148209601
0.367995 28.8225965900762 116.011210793883
0.368495 28.8617582588354 105.234517445125
0.368995 28.9009199275946 96.106439024724
0.369495 28.9400815963538 88.2360580914278
0.369995 28.979243265113 81.664010890123
0.370495 29.0184049338722 76.1917666016041
0.370995 29.0575666026314 71.9144315762987
0.371495 29.0967282713906 67.9155386625187
0.371995 29.1358899401498 64.024631309813
0.372495 29.175051608909 59.9136599212303
0.372995 29.2142132776681 56.1339902170353
0.373495 29.2533749464273 52.3573341072521
0.373995 29.2925366151865 48.882692951081
0.374495 29.3316982839457 45.7309248362546
0.374995 29.3708599527049 42.8870400048891
0.375495 29.4100216214641 39.6944632038175
0.375995 29.4491832902233 36.7475416277549
0.376495 29.4883449589825 33.9668494489726
0.376995 29.5275066277417 31.5795570735581
0.377495 29.5666682965008 29.6104386682046
0.377995 29.60582996526 28.2036093727975
0.378495 29.6449916340192 27.3265230699241
0.378995 29.6841533027784 26.5020076778196
0.379495 29.7233149715376 25.6614448623896
0.379995 29.7624766402968 24.8588016552737
0.380495 29.801638309056 24.3022662517767
0.380995 29.8407999778152 23.8973272799749
0.381495 29.8799616465744 23.5779142261914
0.381995 29.9191233153336 23.3217443074454
0.382495 29.9582849840927 23.0879282482619
0.382995 29.9974466528519 22.8586445577067
0.383495 30.0366083216111 22.423029348664
0.383995 30.0757699903703 22.0438571331071
0.384495 30.1149316591295 21.4907976973352
0.384995 30.1540933278887 20.8907783467456
0.385495 30.1932549966479 20.3302058377697
0.385995 30.2324166654071 19.8325776500541
0.386495 30.2715783341663 19.2883942320938
0.386995 30.3107400029255 18.7154295324115
0.387495 30.3499016716846 18.0777008838876
0.387995 30.3890633404438 17.2272977696188
0.388495 30.428225009203 16.3046960472269
0.388995 30.4673866779622 15.4489191622222
0.389495 30.5065483467214 14.5164848133294
0.389995 30.5457100154806 13.5756976375641
0.390495 30.5848716842398 12.6425071019719
0.390995 30.624033352999 11.6426213798797
0.391495 30.6631950217582 10.5747844709496
0.391995 30.7023566905174 9.33794549314058
0.392495 30.7415183592766 8.09994553654128
0.392995 30.7806800280357 6.76682841455783
0.393495 30.8198416967949 5.45708780993892
0.393995 30.8590033655541 4.07661577261937
0.394495 30.8981650343133 2.80244461603057
0.394995 30.9373267030725 1.52029244571421
0.395495 30.9764883718317 0.294743913444643
0.395995 31.0156500405909 -0.811749699673596
0.396495 31.0548117093501 -1.77619900213066
0.396995 31.0939733781093 -2.66347373034438
0.397495 31.1331350468684 -3.62610112544506
0.397995 31.1722967156276 -4.52179199100865
0.398495 31.2114583843868 -5.40088444475299
0.398995 31.250620053146 -6.15292003190931
0.399495 31.2897817219052 -6.82216647527665
0.399995 31.3289433906644 -7.32088950722941
0.400495 31.3681050594236 -7.80428879484008
0.400995 31.4072667281828 -8.23795646756605
0.401495 31.446428396942 -8.58730152518016
0.401995 31.4855900657012 -8.90659428995499
0.402495 31.5247517344603 -9.24469939890333
0.402995 31.5639134032195 -9.56141065487754
0.403495 31.6030750719787 -9.48317399591415
0.403995 31.6422367407379 -9.42046793991727
0.404495 31.6813984094971 -9.32289510156047
0.404995 31.7205600782563 -8.84482808840412
0.405495 31.7597217470155 -7.72875771184302
0.405995 31.7988834157747 -6.65496224696512
0.406495 31.8380450845339 -5.4071056607702
0.406995 31.8772067532931 -4.15051541746717
0.407495 31.9163684220523 -3.25346066102329
0.407995 31.9555300908114 -2.32584332572361
0.408495 31.9946917595706 -1.55607881349053
0.408995 32.0338534283298 -0.94079512833989
0.409495 32.073015097089 -0.192730139171652
0.409995 32.1121767658482 0.171922564284755
0.410495 32.1513384346074 0.974322560111486
0.410995 32.1905001033666 1.58184944574043
0.411495 32.2296617721258 1.96565837323651
0.411995 32.268823440885 2.51532809062682
0.412495 32.3079851096441 3.09098349754709
0.412995 32.3471467784033 3.40075649434933
0.413495 32.3863084471625 3.83775082530607
0.413995 32.4254701159217 4.22532377606872
0.414495 32.4646317846809 4.71896486819606
0.414995 32.5037934534401 5.04297871110973
0.415495 32.5429551221993 5.3259777366302
0.415995 32.5821167909585 5.52471670140547
0.416495 32.6212784597177 5.50129869877091
0.416995 32.6604401284768 5.47893955354129
0.417495 32.699601797236 5.24833856599832
0.417995 32.7387634659952 5.0415613449443
0.418495 32.7779251347544 4.59386052409629
0.418995 32.8170868035136 3.91775477085016
0.419495 32.8562484722728 3.54081826568882
0.419995 32.895410141032 2.65210561047693
0.420495 32.9345718097912 1.88066110786972
0.420995 32.9737334785504 1.35066587443681
0.421495 33.0128951473096 0.803624487815185
0.421995 33.0520568160688 0.469620732902963
0.422495 33.091218484828 -0.168998379597569
0.422995 33.1303801535871 -0.887584177058213
0.423495 33.1695418223463 -1.44598567544596
0.423995 33.2087034911055 -1.87682085057737
0.424495 33.2478651598647 -2.48431320323918
0.424995 33.2870268286239 -2.97936839922783
0.425495 33.3261884973831 -3.48992147417481
0.425995 33.3653501661423 -4.32870418611225
0.426495 33.4045118349015 -4.80945178242601
0.426995 33.4436735036606 -5.27212627810521
0.427495 33.4828351724198 -5.90455824741927
0.427995 33.521996841179 -6.48413089824696
0.428495 33.5611585099382 -7.03269586700232
0.428995 33.6003201786974 -7.4623384415676
0.429495 33.6394818474566 -7.63638135462448
0.429995 33.6786435162158 -7.6865827473386
0.430495 33.717805184975 -7.50420907238582
0.430995 33.7569668537342 -7.0075564404607
0.431495 33.7961285224934 -6.38537956025394
0.431995 33.8352901912526 -5.66052257374194
0.432495 33.8744518600118 -4.82991572107727
0.432995 33.9136135287709 -3.9053854872038
0.433495 33.9527751975301 -3.16515711162939
0.433995 33.9919368662893 -2.47152160509694
0.434495 34.0310985350485 -1.69992475719172
0.434995 34.0702602038077 -0.792438050350083
0.435495 34.1094218725669 0.0436876033860039
0.435995 34.1485835413261 0.743517797875173
0.436495 34.1877452100853 1.29621064628652
0.436995 34.2269068788445 1.89647946622657
0.437495 34.2660685476037 2.7176215509538
0.437995 34.3052302163628 3.24613884793195
0.438495 34.344391885122 3.89718302373466
0.438995 34.3835535538812 4.32038153535805
0.439495 34.4227152226404 4.55569934713908
0.439995 34.4618768913996 5.19727453410269
0.440495 34.5010385601588 5.65905240829012
0.440995 34.540200228918 6.00144480443305
0.441495 34.5793618976772 6.36597943878084
0.441995 34.6185235664364 6.55019219236785
0.442495 34.6576852351956 6.78214116709168
0.442995 34.6968469039548 6.63067594250598
0.443495 34.7360085727139 6.56801051217968
0.443995 34.7751702414731 6.3638070643163
0.444495 34.8143319102323 6.06750004353848
0.444995 34.8534935789915 5.52539142679597
0.445495 34.8926552477507 5.07831005734625
0.445995 34.9318169165099 4.46012663052644
0.446495 34.9709785852691 3.81698762872874
0.446995 35.0101402540283 3.47379534628001
0.447495 35.0493019227874 3.06708222686031
0.447995 35.0884635915466 2.68729440047786
0.448495 35.1276252603058 2.01521721681642
0.448995 35.166786929065 1.63440522053804
0.449495 35.2059485978242 1.13015155767733
0.449995 35.2451102665834 0.425312688200372
0.450495 35.2842719353426 -0.0582531278631048
0.450995 35.3234336041018 -0.823822813001579
0.451495 35.362595272861 -1.47186290572859
0.451995 35.4017569416202 -2.25042890181139
0.452495 35.4409186103793 -2.88167866590715
0.452995 35.4800802791385 -3.27127325607606
0.453495 35.5192419478977 -4.1134133868818
0.453995 35.5584036166569 -4.65122802646853
0.454495 35.5975652854161 -5.24409004436032
0.454995 35.6367269541753 -5.65956078280044
0.455495 35.6758886229345 -5.80509358923809
0.455995 35.7150502916937 -5.85397851830794
0.456495 35.7542119604529 -5.76463719973807
0.456995 35.7933736292121 -5.43679646599229
0.457495 35.8325352979713 -4.97022707072258
0.457995 35.8716969667305 -4.51829192811914
0.458495 35.9108586354896 -4.06525981227696
0.458995 35.9500203042488 -3.77697657338459
0.459495 35.989181973008 -3.40124248638816
0.459995 36.0283436417672 -3.03837732403017
0.460495 36.0675053105264 -2.57179390385585
0.460995 36.1066669792856 -2.08044966539657
0.461495 36.1458286480448 -1.67438548343867
0.461995 36.184990316804 -1.31701161213533
0.462495 36.2241519855631 -0.849069282414435
0.462995 36.2633136543223 -0.279152384382316
0.463495 36.3024753230815 0.152399098000097
0.463995 36.3416369918407 0.548315106586652
0.464495 36.3807986605999 0.973091524393794
0.464995 36.4199603293591 1.5132503641491
0.465495 36.4591219981183 2.00285873263752
0.465995 36.4982836668775 2.42601365811666
0.466495 36.5374453356367 2.81035889064821
0.466995 36.5766070043959 3.12976853932714
0.467495 36.615768673155 3.45681819770967
0.467995 36.6549303419142 3.66904353835997
0.468495 36.6940920106734 3.616874774447
0.468995 36.7332536794326 3.50313884073925
0.469495 36.7724153481918 3.32623806214519
0.469995 36.811577016951 2.95870755049505
0.470495 36.8507386857102 2.64076029522281
0.470995 36.8899003544694 2.3896311785757
0.471495 36.9290620232286 2.04843812901102
0.471995 36.9682236919878 1.86105712248519
0.472495 37.007385360747 2.04583447212633
0.472995 37.0465470295061 1.74843005575203
0.473495 37.0857086982653 1.55506840693366
0.473995 37.1248703670245 1.22080877151208
0.474495 37.1640320357837 1.09809409572085
0.474995 37.2031937045429 0.695137839134989
0.475495 37.2423553733021 0.432417304024853
0.475995 37.2815170420613 0.269270961783092
0.476495 37.3206787108205 -0.0711858104877978
0.476995 37.3598403795796 -0.224421766230029
0.477495 37.3990020483388 -0.634570287863342
0.477995 37.438163717098 -0.89440842689384
0.478495 37.4773253858572 -1.33197291167315
0.478995 37.5164870546164 -1.78694570569396
0.479495 37.5556487233756 -2.07016074811997
0.479995 37.5948103921348 -2.40084377950878
0.480495 37.633972060894 -2.70143597490101
0.480995 37.6731337296532 -2.89033810549346
0.481495 37.7122953984124 -2.98121513984236
0.481995 37.7514570671716 -3.0128124271044
0.482495 37.7906187359307 -2.71271835839472
0.482995 37.8297804046899 -2.44407960474714
0.483495 37.8689420734491 -2.13776966197603
0.483995 37.9081037422083 -2.05288725280441
0.484495 37.9472654109675 -2.09634527754042
0.484995 37.9864270797267 -2.13350727282828
0.485495 38.0255887484859 -2.16514112555637
0.485995 38.0647504172451 -2.00647141990742
0.486495 38.1039120860043 -1.91065649905982
0.486995 38.1430737547635 -1.73003026921031
0.487495 38.1822354235227 -1.5213839511088
0.487995 38.2213970922818 -1.4040096993889
0.488495 38.260558761041 -1.33077542866256
0.488995 38.2997204298002 -1.10696208134001
0.489495 38.3388820985594 -0.79532382707076
0.489995 38.3780437673186 -0.698761965262279
0.490495 38.4172054360778 -0.449007007706452
0.490995 38.456367104837 -0.164629047164145
0.491495 38.4955287735962 0.0479230588152449
0.491995 38.5346904423553 0.313751132547455
0.492495 38.5738521111145 0.646627401001183
0.492995 38.6130137798737 0.921785617721809
0.493495 38.6521754486329 1.13126507571402
0.493995 38.6913371173921 1.19191991153914
0.494495 38.7304987861513 1.36926983681895
0.494995 38.7696604549105 1.30305297442032
0.495495 38.8088221236697 1.32693404770353
0.495995 38.8479837924289 1.22107352144017
0.496495 38.8871454611881 1.32896497440792
0.496995 38.9263071299473 1.61805898751288
0.497495 38.9654687987065 1.8898273762633
0.497995 39.0046304674656 1.98249108804515
0.498495 39.0437921362248 2.0714775189181
0.498995 39.082953804984 2.05966494993318
0.499495 39.1221154737432 2.10931121460754
0.499995 39.1612771425024 2.0361568713115
