# Fix print output for fix Step
-1.45150656153051e-16 -1.13686837721616e-14 0.640027991411078
0.000494999999999897 0.038770051864492 0.876858662523937
0.000994999999999785 0.0779317204144832 1.07619337316342
0.00149499999999996 0.117093388964497 1.54996378588757
0.00199499999999985 0.156255057514488 1.64757498581644
0.00249499999999988 0.195416726064491 1.74421038435727
0.00299499999999992 0.234578394614493 2.3102774246944
0.0034949999999998 0.273740063164485 2.30880933508147
0.00399499999999998 0.312901731714499 2.43842729391782
0.00449499999999987 0.35206340026449 3.02174924256696
0.0049949999999999 0.391225068814492 3.06006686435276
0.00549499999999993 0.430386737364495 3.16851395228938
0.00599499999999982 0.469548405914486 3.68800168437687
0.00649499999999985 0.508710074464489 3.74069402787599
0.00699499999999989 0.547871743014491 3.94590919822915
0.00749499999999992 0.587033411564494 4.37021581232649
0.00799499999999995 0.626195080114496 4.4282504044223
0.00849499999999984 0.665356748664487 4.60703192134843
0.00899499999999987 0.70451841721449 5.08785245598185
0.0094949999999999 0.743680085764493 5.13079365818631
0.00999499999999979 0.782841754314484 5.32290041316119
0.010495 0.822003422864498 5.75097724111356
0.0109949999999999 0.861165091414489 5.83016525901982
0.0114949999999999 0.900326759964491 6.03635452617876
0.0119949999999999 0.939488428514494 6.39613603387781
0.0124949999999998 0.978650097064485 6.54717791245476
0.012995 1.0178117656145 6.68510443350437
0.0134949999999999 1.05697343416449 7.03999563867226
0.0139949999999999 1.09613510271449 7.23481121154528
0.0144949999999999 1.1352967712645 7.45100602900295
0.0149949999999998 1.17445843981449 7.62592918141222
0.0154949999999999 1.21362010836449 7.93178082424041
0.0159949999999999 1.25278177691449 8.16681957989505
0.0164949999999999 1.29194344546449 8.25000997675213
0.016995 1.3311051140145 8.50311635767516
0.0174949999999998 1.37026678256449 8.82662811581216
0.0179949999999999 1.40942845111449 9.00964330982019
0.0184949999999999 1.44859011966449 9.09195335556006
0.0189949999999998 1.48775178821448 9.39742234296873
0.019495 1.5269134567645 9.67351981836085
0.0199949999999999 1.56607512531449 9.82580165765346
0.0204949999999999 1.60523679386449 10.0347392038341
0.0209949999999999 1.64439846241449 10.2430475575629
0.0214949999999998 1.68356013096449 10.4320533437533
0.021995 1.7227217995145 10.7043581211046
0.0224949999999999 1.76188346806449 10.9463872979584
0.0229949999999999 1.80104513661449 11.0641913729918
0.0234949999999999 1.8402068051645 11.2739993112715
0.0239949999999998 1.87936847371449 11.5270376199445
0.0244949999999999 1.91853014226449 11.7015973059817
0.0249949999999999 1.95769181081449 11.8709702375109
0.0254949999999998 1.99685347936448 12.1494341170584
0.025995 2.0360151479145 12.3241941206828
0.0264949999999999 2.07517681646449 12.5092640372007
0.0269949999999999 2.11433848501449 12.8004491396736
0.0274949999999999 2.15350015356449 12.9259593308823
0.0279949999999998 2.19266182211449 13.0734724936312
0.028495 2.2318234906645 13.381545047741
0.0289949999999999 2.27098515921449 13.5551741796817
0.0294949999999999 2.31014682776449 13.6877942589581
0.0299949999999999 2.3493084963145 13.9967084738287
0.0304949999999998 2.38847016486449 14.1807776225344
0.0309949999999999 2.42763183341449 14.2789031464559
0.0314949999999999 2.46679350196449 14.5689710525193
0.0319949999999999 2.50595517051449 14.7253410356401
0.032495 2.5451168390645 14.899975498308
0.0329949999999998 2.58427850761449 15.1574038686476
0.0334949999999999 2.62344017616449 15.3926330405624
0.0339949999999999 2.66260184471449 15.5341551693656
0.0344949999999998 2.70176351326448 15.7258863919933
0.034995 2.7409251818145 15.8940870891774
0.0354949999999999 2.78008685036449 16.0698616254908
0.0359949999999999 2.81924851891449 16.2876417807777
0.0364949999999999 2.85841018746449 16.4942311726058
0.0369949999999998 2.89757185601449 16.7036316017069
0.0374949999999998 2.93673352456449 16.9108135209685
0.0379949999999999 2.97589519311449 17.1357542803506
0.0384949999999999 3.01505686166449 17.273983667491
0.0389949999999999 3.0542185302145 17.4528820596593
0.0394949999999998 3.09338019876449 17.5729318574905
0.0399949999999999 3.13254186731449 17.7878799853539
0.0404949999999999 3.17170353586449 18.0379228774953
0.0409949999999998 3.21086520441448 18.1936061781904
0.041495 3.2500268729645 18.4047583002861
0.0419949999999999 3.28918854151449 18.6200958724429
0.0424949999999999 3.32835021006449 18.7976902878598
0.0429949999999999 3.36751187861449 18.972435682525
0.0434949999999998 3.40667354716448 19.2019591753769
0.043995 3.4458352157145 19.3799951776835
0.0444949999999999 3.48499688426449 19.5270012307611
0.0449949999999999 3.52415855281449 19.7755545879848
0.0454949999999999 3.56332022136449 19.9199754407964
0.0459949999999998 3.60248188991449 20.1117007669033
0.0464949999999999 3.64164355846449 20.2921185985978
0.0469949999999999 3.68080522701449 20.4548843420231
0.0474949999999999 3.71996689556449 20.6107258741871
0.047995 3.7591285641145 20.8158617471041
0.0484949999999998 3.79829023266449 20.9772119920738
0.0489949999999999 3.83745190121449 21.1144260060751
0.0494949999999999 3.87661356976449 21.362762218186
0.0499949999999998 3.91577523831448 21.5314763606163
0.050495 3.9549369068645 21.6627104744864
0.0509949999999999 3.99409857541449 21.9077045816569
0.0514949999999999 4.03326024396449 22.085942244198
0.0519949999999999 4.07242191251449 22.2278350765568
0.0524949999999998 4.11158358106448 22.4476014654072
0.052995 4.1507452496145 22.6165909049607
0.0534949999999999 4.18990691816449 22.743999268448
0.0539949999999999 4.22906858671449 23.0101128291949
0.0544949999999999 4.2682302552645 23.1675457831312
0.0549949999999998 4.30739192381449 23.3007414475506
0.0554949999999999 4.34655359236449 23.5314208256959
0.0559949999999999 4.38571526091449 23.6815773451815
0.0564949999999998 4.42487692946448 23.8199629904651
0.056995 4.4640385980145 24.0478509848867
0.0574949999999998 4.50320026656449 24.2046476515423
0.0579949999999999 4.54236193511449 24.344256977862
0.0584949999999999 4.58152360366449 24.5810980862441
0.0589949999999998 4.62068527221448 24.7458440578044
0.059495 4.6598469407645 24.8678670883777
0.0599949999999999 4.69900860931449 25.0862676449315
0.0604949999999999 4.73817027786449 25.2598468231593
0.0609949999999999 4.77733194641449 25.3889131164115
0.0614949999999998 4.81649361496449 25.6086998520552
0.0619949999999998 4.85565528351449 25.7785325004795
0.0624949999999999 4.89481695206449 25.8800711911492
0.0629949999999999 4.93397862061449 26.1035328561196
0.063495 4.9731402891645 26.2897096708838
0.0639949999999998 5.01230195771449 26.4266001047111
0.0644949999999999 5.05146362626449 26.5934094842668
0.0649949999999999 5.09062529481449 26.7835774386716
0.0654949999999998 5.12978696336448 26.8905143684802
0.065995 5.1689486319145 27.0701018271256
0.0664949999999999 5.20811030046449 27.2608035756131
0.0669949999999999 5.24727196901449 27.3695517365615
0.0674949999999999 5.28643363756449 27.5359696204435
0.0679949999999998 5.32559530611448 27.7224835214495
0.0684949999999998 5.36475697466449 27.8482598454086
0.0689949999999999 5.40391864321449 28.0433412739111
0.0694949999999999 5.44308031176449 28.2004494766237
0.0699949999999999 5.4822419803145 28.367627740786
0.0704949999999998 5.52140364886449 28.5311058744323
0.0709949999999999 5.56056531741449 28.7185907091495
0.0714949999999999 5.59972698596449 28.883538648804
0.0719949999999999 5.63888865451449 29.0236198063006
0.072495 5.6780503230645 29.2109502635164
0.0729949999999998 5.71721199161449 29.3701610563338
0.0734949999999999 5.75637366016449 29.5284183577457
0.0739949999999999 5.79553532871449 29.697049557608
0.0744949999999998 5.83469699726448 29.829988730303
0.074995 5.8738586658145 30.0044610059
0.0754949999999999 5.91302033436449 30.1722914656069
0.0759949999999999 5.95218200291449 30.2779725072969
0.0764949999999999 5.99134367146449 30.4010157460264
0.0769949999999998 6.03050534001449 30.564094758303
0.0774949999999998 6.06966700856449 30.6733482053238
0.0779949999999999 6.10882867711449 30.8647549155674
0.0784949999999999 6.14799034566449 31.0572146728795
0.0789949999999999 6.1871520142145 31.2237923076879
0.0794949999999998 6.22631368276449 31.37525813613
0.0799949999999999 6.26547535131449 31.5960424015681
0.0804949999999999 6.30463701986449 31.7360727613988
0.0809949999999998 6.34379868841448 31.8706313865647
0.081495 6.3829603569645 32.0221608466262
0.0819949999999998 6.42212202551449 32.1591204484794
0.0824949999999999 6.46128369406449 32.281902798346
0.0829949999999999 6.50044536261449 32.4198295800187
0.0834949999999998 6.53960703116448 32.5674488148358
0.083995 6.5787686997145 32.690223187875
0.0844949999999999 6.61793036826449 32.8785102178195
0.0849949999999999 6.65709203681449 33.0479574338816
0.0854949999999999 6.6962537053645 33.1972096111973
0.0859949999999998 6.73541537391449 33.3426690294775
0.0864949999999998 6.77457704246449 33.4732720891276
0.0869949999999999 6.81373871101449 33.5863167253157
0.0874949999999999 6.85290037956449 33.7391958087477
0.0879949999999999 6.8920620481145 33.8881620892921
0.0884949999999998 6.93122371666449 34.0512927435555
0.0889949999999999 6.97038538521449 34.201969957909
0.0894949999999999 7.00954705376449 34.3497896465346
0.0899949999999998 7.04870872231448 34.4724434733424
0.090495 7.0878703908645 34.6053541541262
0.0909949999999999 7.12703205941449 34.7379002698716
0.0914949999999999 7.16619372796449 34.8977866921243
0.0919949999999999 7.20535539651449 35.0566234838384
0.0924949999999998 7.24451706506449 35.1912264556744
0.0929949999999998 7.28367873361449 35.3269608784015
0.0934949999999999 7.32284040216449 35.4447136629712
0.0939949999999999 7.36200207071449 35.5645457952389
0.0944949999999999 7.4011637392645 35.7043060485078
0.0949949999999998 7.44032540781449 35.8644703440167
0.0954949999999999 7.47948707636449 36.025043369785
0.0959949999999999 7.51864874491449 36.1523941773869
0.0964949999999998 7.55781041346448 36.2583510934717
0.096995 7.5969720820145 36.3931169864884
0.0974949999999998 7.63613375056449 36.5169928062478
0.0979949999999999 7.67529541911449 36.6758156560054
0.0984949999999999 7.71445708766449 36.8504312379787
0.0989949999999998 7.75361875621448 36.9726296583412
0.0994949999999998 7.79278042476449 37.0493139928806
0.0999949999999999 7.83194209331449 37.1814461193418
0.100495 7.87110376186449 37.3434250816755
0.100995 7.9102654304145 37.4804766131383
0.101495 7.94942709896449 37.6106248651963
0.101995 7.98858876751449 37.726585444487
0.102495 8.02775043606449 37.8328784602706
0.102995 8.06691210461449 37.976366265621
0.103495 8.1060737731645 38.1320409085273
0.103995 8.14523544171449 38.267607810348
0.104495 8.18439711026449 38.3713850454516
0.104995 8.22355877881449 38.5063845947272
0.105495 8.26272044736448 38.6140795128181
0.105995 8.30188211591449 38.7341361265103
0.106495 8.34104378446449 38.9100897979688
0.106995 8.38020545301449 39.0411001941675
0.107495 8.41936712156449 39.1442066739561
0.107995 8.45852879011449 39.2466234117413
0.108495 8.49769045866449 39.3765372078536
0.108995 8.53685212721449 39.4826156881166
0.109495 8.57601379576449 39.6077655125237
0.109995 8.6151754643145 39.7562353946134
0.110495 8.65433713286449 39.8804670648487
0.110995 8.69349880141449 39.9761969873019
0.111495 8.73266046996449 40.1036947122222
0.111995 8.77182213851448 40.2307482828731
0.112495 8.8109838070645 40.3410166324376
0.112995 8.85014547561449 40.4564576832691
0.113495 8.88930714416449 40.5540200766273
0.113995 8.92846881271449 40.693818816667
0.114495 8.96763048126448 40.8543170381611
0.114995 9.0067921498145 40.934455663274
0.115495 9.04595381836449 41.0241333625465
0.115995 9.08511548691449 41.1774733721769
0.116495 9.12427715546449 41.3100116970448
0.116995 9.16343882401449 41.3865326527233
0.117495 9.20260049256449 41.5004783217427
0.117995 9.24176216111449 41.6364037269281
0.118495 9.28092382966449 41.7434420266993
0.118995 9.3200854982145 41.8567813640057
0.119495 9.35924716676449 41.9647362305397
0.119995 9.39840883531449 42.0891140149453
0.120495 9.43757050386449 42.2035146427052
0.120995 9.47673217241448 42.3030067868175
0.121495 9.5158938409645 42.4047128047384
0.121995 9.55505550951449 42.515649663192
0.122495 9.59421717806449 42.6231356420363
0.122995 9.63337884661449 42.7372827228352
0.123495 9.67254051516448 42.8495383785843
0.123995 9.71170218371449 42.9433196636472
0.124495 9.75086385226449 43.0589321514979
0.124995 9.79002552081449 43.1900869204909
0.125495 9.82918718936449 43.2859139989251
0.125995 9.86834885791449 43.3838310763591
0.126495 9.90751052646449 43.5009819610009
0.126995 9.94667219501449 43.610127593484
0.127495 9.98583386356448 43.6878028690795
0.127995 10.0249955321145 43.7992154214125
0.128495 10.0641572006645 43.9192789031836
0.128995 10.1033188692145 43.9910600699421
0.129495 10.1424805377645 44.1055237251219
0.129995 10.1816422063145 44.2285894493794
0.130495 10.2208038748645 44.3182980676601
0.130995 10.2599655434145 44.4418831023442
0.131495 10.2991272119645 44.514692406873
0.131995 10.3382888805145 44.6183536259256
0.132495 10.3774505490645 44.7173077873233
0.132995 10.4166122176145 44.8312946274316
0.133495 10.4557738861645 44.916486236621
0.133995 10.4949355547145 45.0469748312773
0.134495 10.5340972232645 45.1339966826252
0.134995 10.5732588918145 45.2233962362007
0.135495 10.6124205603645 45.3367488400792
0.135995 10.6515822289145 45.3994086169457
0.136495 10.6907438974645 45.5256425492766
0.136995 10.7299055660145 45.6352418489576
0.137495 10.7690672345645 45.6860557729691
0.137995 10.8082289031145 45.7962155907719
0.138495 10.8473905716645 45.8897454485695
0.138995 10.8865522402145 45.9792316832228
0.139495 10.9257139087645 46.1153106772486
0.139995 10.9648755773145 46.1833651560998
0.140495 11.0040372458645 46.292031642499
0.140995 11.0431989144145 46.3723524842877
0.141495 11.0823605829645 46.4625435530941
0.141995 11.1215222515145 46.5585542455665
0.142495 11.1606839200645 46.6608862129513
0.142995 11.1998455886145 46.7453541601548
0.143495 11.2390072571645 46.8343393634431
0.143995 11.2781689257145 46.928383368347
0.144495 11.3173305942645 47.0116831035604
0.144995 11.3564922628145 47.111181906105
0.145495 11.3956539313645 47.1908928593015
0.145995 11.4348155999145 47.292482954954
0.146495 11.4739772684645 47.3537605668139
0.146995 11.5131389370145 47.4415144087396
0.147495 11.5523006055645 47.5425475840511
0.147995 11.5914622741145 47.6327437226265
0.148495 11.6306239426645 47.7018146749817
0.148995 11.6697856112145 47.7842794726491
0.149495 11.7089472797645 47.893031560983
0.149995 11.7481089483145 47.9390522180875
0.150495 11.7872706168645 48.0606396106319
0.150995 11.8264322854145 48.1172062809196
0.151495 11.8655939539645 48.2088990388744
0.151995 11.9047556225145 48.3130396888306
0.152495 11.9439172910645 48.3746243941768
0.152995 11.9830789596145 48.4632943314573
0.153495 12.0222406281645 48.5383388356578
0.153995 12.0614022967145 48.645593426973
0.154495 12.1005639652645 48.7043985440577
0.154995 12.1397256338145 48.792565266316
0.155495 12.1788873023645 48.8767500142958
0.155995 12.2180489709145 48.939195950458
0.156495 12.2572106394645 49.0382104887842
0.156995 12.2963723080145 49.1097753106052
0.157495 12.3355339765645 49.1904313174436
0.157995 12.3746956451145 49.2506511981326
0.158495 12.4138573136645 49.3433357721692
0.158995 12.4530189822145 49.4084267281566
0.159495 12.4921806507645 49.5291701804625
0.159995 12.5313423193145 49.5661271774751
0.160495 12.5705039878645 49.6587293839958
0.160995 12.6096656564145 49.699328022796
0.161495 12.6488273249645 49.7902540018378
0.161995 12.6879889935145 49.8829692854859
0.162495 12.7271506620645 49.9387337694114
0.162995 12.7663123306145 50.0345785652491
0.163495 12.8054739991645 50.0798823773004
0.163995 12.8446356677145 50.1591549008203
0.164495 12.8837973362645 50.227847880497
0.164995 12.9229590048145 50.3105855507945
0.165495 12.9621206733645 50.4024611682849
0.165995 13.0012823419145 50.4568837130978
0.166495 13.0404440104645 50.5281248013346
0.166995 13.0796056790145 50.5697379575041
0.167495 13.1187673475645 50.6897504590702
0.167995 13.1579290161145 50.7262873621064
0.168495 13.1970906846645 50.8139691810691
0.168995 13.2362523532145 50.842500773365
0.169495 13.2754140217645 50.9539016274887
0.169995 13.3145756903145 51.005557590865
0.170495 13.3537373588645 51.1061403757575
0.170995 13.3928990274145 51.1195263867438
0.171495 13.4320606959645 51.2292087188792
0.171995 13.4712223645145 51.2441794902959
0.172495 13.5103840330645 51.3601030695896
0.172995 13.5495457016145 51.4085073556408
0.173495 13.5887073701645 51.4766742057668
0.173995 13.6278690387145 51.554773846266
0.174495 13.6670307072645 51.6020634726612
0.174995 13.7061923758145 51.6904658004742
0.175495 13.7453540443645 51.7456109057659
0.175995 13.7845157129145 51.8018294946997
0.176495 13.8236773814645 51.8381031709504
0.176995 13.8628390500145 51.9547612376868
0.177495 13.9020007185645 51.9782475469664
0.177995 13.9411623871145 52.0671532008354
0.178495 13.9803240556645 52.1314166850139
0.178995 14.0194857242145 52.1783892728832
0.179495 14.0586473927645 52.2253198132528
0.179995 14.0978090613145 52.2942156607984
0.180495 14.1369707298645 52.391979372789
0.180995 14.1761323984145 52.4168878183601
0.181495 14.2152940669645 52.4983495564656
0.181995 14.2544557355145 52.5585605316943
0.182495 14.2936174040645 52.6044946720372
0.182995 14.3327790726145 52.6802529370735
0.183495 14.3719407411645 52.7023402774274
0.183995 14.4111024097145 52.7966782954078
0.184495 14.4502640782645 52.8234892444624
0.184995 14.4894257468145 52.9050583772141
0.185495 14.5285874153645 52.9682411279772
0.185995 14.5677490839145 52.9994494943172
0.186495 14.6069107524645 53.0989587118064
0.186995 14.6460724210145 53.1441757856364
0.187495 14.6852340895645 53.19980233342
0.187995 14.7243957581145 53.2717606683244
0.188495 14.7635574266645 53.2945830796525
0.188995 14.8027190952145 53.3743445927605
0.189495 14.8418807637645 53.3978228141418
0.189995 14.8810424323145 53.4583875443735
0.190495 14.9202041008645 53.5325329366411
0.190995 14.9593657694145 53.5827829762985
0.191495 14.9985274379645 53.6548804672196
0.191995 15.0376891065145 53.7133266582461
0.192495 15.0768507750645 53.7449773204032
0.192995 15.1160124436145 53.8091336765579
0.193495 15.1551741121645 53.8890994615474
0.193995 15.1943357807145 53.9133441607324
0.194495 15.2334974492645 53.9654732964495
0.194995 15.2726591178145 54.0256397842763
0.195495 15.3118207863645 54.0493193633947
0.195995 15.3509824549145 54.1189636290011
0.196495 15.3901441234645 54.1864729235979
0.196995 15.4293057920145 54.2333016841199
0.197495 15.4684674605645 54.3276866900693
0.197995 15.5076291291145 54.3269986093053
0.198495 15.5467907976645 54.3813996883187
0.198995 15.5859524662145 54.4340155921566
0.199495 15.6251141347645 54.4882787425489
0.199995 15.6642758033145 54.521309778827
0.200495 15.7034374718645 54.6230457220794
0.200995 15.7425991404145 54.6557228124129
0.201495 15.7817608089645 54.7079893588385
0.201995 15.8209224775145 54.7407958064954
0.202495 15.8600841460645 54.7891732866034
0.202995 15.8992458146145 54.843752265895
0.203495 15.9384074831645 54.9004629795008
0.203995 15.9775691517145 54.9397100822754
0.204495 16.0167308202645 55.0075397628377
0.204995 16.0558924888145 55.0880161870002
0.205495 16.0950541573645 55.102118838428
0.205995 16.1342158259145 55.1353020963914
0.206495 16.1733774944645 55.1968799365064
0.206995 16.2125391630145 55.2475350447968
0.207495 16.2517008315645 55.2876284087225
0.207995 16.2908625001145 55.3488039784583
0.208495 16.3300241686645 55.3735245016919
0.208995 16.3691858372145 55.431405387131
0.209495 16.4083475057645 55.5136739692921
0.209995 16.4475091743145 55.527293553526
0.210495 16.4866708428645 55.6027275525255
0.210995 16.5258325114145 55.6289512819369
0.211495 16.5649941799645 55.6652851779684
0.211995 16.6041558485145 55.7230278809696
0.212495 16.6433175170645 55.7936807400961
0.212995 16.6824791856145 55.8171335893806
0.213495 16.7216408541645 55.8585765755028
0.213995 16.7608025227145 55.924632578498
0.214495 16.7999641912645 55.9896155611669
0.214995 16.8391258598145 55.998499922425
0.215495 16.8782875283645 56.0435963394746
0.215995 16.9174491969145 56.1422013425967
0.216495 16.9566108654645 56.1455821578616
0.216995 16.9957725340145 56.2207459622775
0.217495 17.0349342025645 56.2532626864986
0.217995 17.0740958711145 56.3003925560622
0.218495 17.1132575396645 56.3724693212281
0.218995 17.1524192082145 56.3784077121358
0.219495 17.1915808767645 56.4202071755309
0.219995 17.2307425453145 56.521971213434
0.220495 17.2699042138645 56.5517629476617
0.220995 17.3090658824145 56.5903718049423
0.221495 17.3482275509645 56.6154333625099
0.221995 17.3873892195145 56.6808737724414
0.222495 17.4265508880645 56.7150907472487
0.222995 17.4657125566145 56.7690873883171
0.223495 17.5048742251645 56.820917590073
0.223995 17.5440358937145 56.8474315081735
0.224495 17.5831975622645 56.9374967332716
0.224995 17.6223592308145 56.963413340614
0.225495 17.6615208993645 56.9783452705737
0.225995 17.7006825679145 57.0715400519393
0.226495 17.7398442364645 57.1343704566988
0.226995 17.7790059050145 57.1417260928287
0.227495 17.8181675735645 57.1857795434609
0.227995 17.8573292421145 57.2048560091294
0.228495 17.8964909106645 57.336880699457
0.228995 17.9356525792145 57.3170886276208
0.229495 17.9748142477645 57.4028260672443
0.229995 18.0139759163145 57.4522907836705
0.230495 18.0531375848645 57.4596449679741
0.230995 18.0922992534145 57.5177415080123
0.231495 18.1314609219645 57.5516167031264
0.231995 18.1706225905145 57.6280194391151
0.232495 18.2097842590645 57.6846104199085
0.232995 18.2489459276145 57.7332079434568
0.233495 18.2881075961645 57.7627246320565
0.233995 18.3272692647145 57.7869771738726
0.234495 18.3664309332645 57.8183673825898
0.234995 18.4055926018145 57.8542245106913
0.235495 18.4447542703645 57.8959849019389
0.235995 18.4839159389145 57.9759218425371
0.236495 18.5230776074645 58.0493273659961
0.236995 18.5622392760145 58.0878884317685
0.237495 18.6014009445645 58.1271418091476
0.237995 18.6405626131145 58.2220081885778
0.238495 18.6797242816645 58.2385702890249
0.238995 18.7188859502145 58.249723927937
0.239495 18.7580476187645 58.3036197059103
0.239995 18.7972092873145 58.3685443140732
0.240495 18.8363709558645 58.4007984373169
0.240995 18.8755326244145 58.4460606898421
0.241495 18.9146942929645 58.4917610603804
0.241995 18.9538559615145 58.6270098621064
0.242495 18.9930176300645 58.6335105978979
0.242995 19.0321792986145 58.6238576827783
0.243495 19.0713409671645 58.7311692247699
0.243995 19.1105026357145 58.7818152521506
0.244495 19.1496643042645 58.7888802722547
0.244995 19.1888259728145 58.8355297053528
0.245495 19.2279876413645 58.9252732087943
0.245995 19.2671493099145 58.9697597493687
0.246495 19.3063109784645 59.0289503138996
0.246995 19.3454726470145 59.0548194812189
0.247495 19.3846343155645 59.154767033334
0.247995 19.4237959841145 59.1685432522719
0.248495 19.4629576526645 59.1341150333728
0.248995 19.5021193212145 59.3040930537104
0.249495 19.5412809897645 59.298522960282
0.249995 19.5804426583145 59.373511822442
0.250495 19.6196043268645 59.3988366270779
0.250995 19.6587659954145 59.4364876460824
0.251495 19.6979276639645 59.4713120681789
0.251995 19.7370893325145 59.4951947870231
0.252495 19.7762510010645 59.5499104601075
0.252995 19.8154126696145 59.6594780138298
0.253495 19.8545743381645 59.6653738777429
0.253995 19.8937360067145 59.7310380594225
0.254495 19.9328976752645 59.8527885029154
0.254995 19.9720593438145 59.9705235856574
0.255495 20.0112210123645 59.9227185410843
0.255995 20.0503826809145 59.9887245762988
0.256495 20.0895443494645 60.0065873890971
0.256995 20.1287060180145 60.0220323048939
0.257495 20.1678676865645 60.1059792178434
0.257995 20.2070293551145 60.2213963352456
0.258495 20.2461910236645 60.1499507996471
0.258995 20.2853526922145 60.2365982079985
0.259495 20.3245143607645 60.421039454698
0.259995 20.3636760293145 60.3968580240242
0.260495 20.4028376978645 60.4471501284212
0.260995 20.4419993664145 60.5194224588157
0.261495 20.4811610349645 60.5686872046329
0.261995 20.5203227035145 60.5254191728319
0.262495 20.5594843720645 60.6462052502339
0.262995 20.5986460406145 60.6755947496314
0.263495 20.6378077091645 60.6840031986194
0.263995 20.6769693777145 60.7411594192805
0.264495 20.7161310462645 60.8835481169385
0.264995 20.7552927148145 60.9608442058471
0.265495 20.7944543833645 61.0419881903811
0.265995 20.8336160519145 61.125446632488
0.266495 20.8727777204645 61.0878503744993
0.266995 20.9119393890145 61.1986630196225
0.267495 20.9511010575645 61.2422714554425
0.267995 20.9902627261145 61.2447424079021
0.268495 21.0294243946645 61.3276828630266
0.268995 21.0685860632145 61.4397406222537
0.269495 21.1077477317645 61.4435214379673
0.269995 21.1469094003145 61.5349486772777
0.270495 21.1860710688645 61.6014777767198
0.270995 21.2252327374145 61.5448579123263
0.271495 21.2643944059645 61.7560362239747
0.271995 21.3035560745145 61.8663736145661
0.272495 21.3427177430645 61.8662378215652
0.272995 21.3818794116145 61.8617495997564
0.273495 21.4210410801645 61.997112281517
0.273995 21.4602027487145 61.9267892408076
0.274495 21.4993644172645 62.0539046709794
0.274995 21.5385260858145 62.0869920672445
0.275495 21.5776877543645 62.1464296384716
0.275995 21.6168494229145 62.2745455059307
0.276495 21.6560110914645 62.4395377442267
0.276995 21.6951727600145 62.4285687376954
0.277495 21.7343344285645 62.483569110339
0.277995 21.7734960971145 62.4280107012137
0.278495 21.8126577656645 62.6565444814808
0.278995 21.8518194342145 62.7654115639857
0.279495 21.8909811027645 62.8714258627333
0.279995 21.9301427713145 62.897786388167
0.280495 21.9693044398645 62.8462850320418
0.280995 22.0084661084145 62.9137450866256
0.281495 22.0476277769645 62.9620942606004
0.281995 22.0867894455145 63.1335906568156
0.282495 22.1259511140645 63.1452832606311
0.282995 22.1651127826145 63.3347768719559
0.283495 22.2042744511645 63.3492122427574
0.283995 22.2434361197145 63.3709327924282
0.284495 22.2825977882645 63.3947359746613
0.284995 22.3217594568145 63.6585369092693
0.285495 22.3609211253645 63.7049636117175
0.285995 22.4000827939145 63.76098148431
0.286495 22.4392444624645 63.8805609622804
0.286995 22.4784061310145 63.920790006135
0.287495 22.5175677995645 64.0512219572267
0.287995 22.5567294681145 64.0809735815215
0.288495 22.5958911366645 64.2563510611974
0.288995 22.6350528052145 64.1858219181726
0.289495 22.6742144737645 64.3922420104113
0.289995 22.7133761423145 64.4151969967838
0.290495 22.7525378108645 64.4799561671876
0.290995 22.7916994794145 64.6084974417277
0.291495 22.8308611479645 64.8023789694142
0.291995 22.8700228165145 64.8275161152538
0.292495 22.9091844850645 65.0088083550722
0.292995 22.9483461536145 65.0505237496592
0.293495 22.9875078221645 65.0087854368809
0.293995 23.0266694907145 65.183988470167
0.294495 23.0658311592645 65.3249335442165
0.294995 23.1049928278145 65.4722954809703
0.295495 23.1441544963645 65.5571982558642
0.295995 23.1833161649145 65.7459360174832
0.296495 23.2224778334645 65.72900096558
0.296995 23.2616395020145 65.8569767391849
0.297495 23.3008011705645 65.8883332081378
0.297995 23.3399628391145 66.056060823285
0.298495 23.3791245076645 66.1062075819296
0.298995 23.4182861762145 66.2661357258913
0.299495 23.4574478447645 66.4462319176473
0.299995 23.4966095133145 66.7497252396655
0.300495 23.5357711818645 66.7241330851186
0.300995 23.5749328504145 66.6943368396626
0.301495 23.6140945189645 66.742825984142
0.301995 23.6532561875145 66.9976228088709
0.302495 23.6924178560645 66.9583105176921
0.302995 23.7315795246145 67.3545313007952
0.303495 23.7707411931645 67.5901228234436
0.303995 23.8099028617145 67.4053422976332
0.304495 23.8490645302645 67.6982284598868
0.304995 23.8882261988145 67.9164870376057
0.305495 23.9273878673645 67.7670454983898
0.305995 23.9665495359145 68.2099217463676
0.306495 24.0057112044645 68.2743698109937
0.306995 24.0448728730145 68.347909479919
0.307495 24.0840345415645 68.5025570094122
0.307995 24.1231962101145 68.8382651584673
0.308495 24.1623578786645 68.7611513387186
0.308995 24.2015195472145 68.978810522756
0.309495 24.2406812157645 69.2735529144044
0.309995 24.2798428843145 69.3533596522835
0.310495 24.3190045528645 69.445276904066
0.310995 24.3581662214145 69.7330830019283
0.311495 24.3973278899645 69.9132210249505
0.311995 24.4364895585145 69.92921818577
0.312495 24.4756512270645 70.142646406028
0.312995 24.5148128956145 70.3295565891568
0.313495 24.5539745641645 70.3793880276559
0.313995 24.5931362327145 70.6469698739742
0.314495 24.6322979012645 70.9551853963483
0.314995 24.6714595698145 71.0171662428268
0.315495 24.7106212383645 71.1788398026564
0.315995 24.7497829069145 71.2204629296173
0.316495 24.7889445754645 71.4587754143762
0.316995 24.8281062440145 71.6119491895908
0.317495 24.8672679125645 71.9432603827063
0.317995 24.9064295811145 72.158140235466
0.318495 24.9455912496645 72.3141581567825
0.318995 24.9847529182145 72.491746606292
0.319495 25.0239145867645 72.7084428687462
0.319995 25.0630762553145 72.8948105016819
0.320495 25.1022379238645 73.1946873332678
0.320995 25.1413995924145 73.3296406223578
0.321495 25.1805612609645 73.4276450553175
0.321995 25.2197229295145 73.6881138210747
0.322495 25.2588845980645 74.0554967077486
0.322995 25.2980462666145 74.038877134056
0.323495 25.3372079351645 74.5056580692966
0.323995 25.3763696037145 74.4515161963148
0.324495 25.4155312722645 74.8846315036349
0.324995 25.4546929408145 74.9163215340547
0.325495 25.4938546093645 75.3784834646016
0.325995 25.5330162779145 75.4566934668073
0.326495 25.5721779464645 75.8712172080983
0.326995 25.6113396150145 76.0215645104342
0.327495 25.6505012835645 76.0187886469783
0.327995 25.6896629521145 76.4411825917581
0.328495 25.7288246206645 76.6595938270609
0.328995 25.7679862892145 76.8325146940483
0.329495 25.8071479577645 77.17658930084
0.329995 25.8463096263145 77.380261757245
0.330495 25.8854712948645 77.6404569770074
0.330995 25.9246329634145 77.9361623554935
0.331495 25.9637946319645 78.3139425478119
0.331995 26.0029563005145 78.2648873172793
0.332495 26.0421179690645 78.5030217341273
0.332995 26.0812796376145 78.9788800973391
0.333495 26.1204413061645 79.3311091415792
0.333995 26.1596029747145 79.2040718957866
0.334495 26.1987646432645 79.8137165069688
0.334995 26.2379263118145 79.8041568781645
0.335495 26.2770879803645 80.3699753707528
0.335995 26.3162496489145 80.4248161466979
0.336495 26.3554113174645 80.6711552485604
0.336995 26.3945729860145 81.0063306609764
0.337495 26.4337346545645 81.3294400641177
0.337995 26.4728963231145 81.5810904736498
0.338495 26.5120579916645 81.7410994728987
0.338995 26.5512196602145 82.2023574577871
0.339495 26.5903813287645 82.3746803583702
0.339995 26.6295429973145 82.6413986315065
0.340495 26.6687046658645 82.9596504963248
0.340995 26.7078663344145 83.3662435758534
0.341495 26.7470280029645 83.5070986241386
0.341995 26.7861896715145 83.7354637809232
0.342495 26.8253513400645 84.0902519723967
0.342995 26.8645130086145 84.3438206091725
0.343495 26.9036746771645 84.5930272259136
0.343995 26.9428363457145 85.216292149548
0.344495 26.9819980142645 85.2712536225502
0.344995 27.0211596828145 85.4427216749194
0.345495 27.0603213513645 85.8501050339945
0.345995 27.0994830199145 86.0065817322794
0.346495 27.1386446884645 86.488311069113
0.346995 27.1778063570145 86.7521614366607
0.347495 27.2169680255645 86.8720031567696
0.347995 27.2561296941145 87.4603689436004
0.348495 27.2952913626645 87.674094123289
0.348995 27.3344530312145 87.8945794991735
0.349495 27.3736146997645 88.2884465561486
0.349995 27.4127763683145 88.6063784581261
0.350495 27.4519380368645 88.8406030252339
0.350995 27.4910997054145 89.0626191107997
0.351495 27.5302613739645 89.604687021794
0.351995 27.5694230425145 89.7056329006416
0.352495 27.6085847110645 90.0156725367793
0.352995 27.6477463796145 90.6695438776958
0.353495 27.6869080481645 90.6050209042904
0.353995 27.7260697167145 91.0930647706936
0.354495 27.7652313852645 91.5958873007846
0.354995 27.8043930538145 91.6452667833405
0.355495 27.8435547223645 92.1125278259236
0.355995 27.8827163909145 92.4291803034747
0.356495 27.9218780594645 92.7225048470909
0.356995 27.9610397280145 93.0322283519089
0.357495 28.0002013965645 93.1389567303138
0.357995 28.0393630651145 93.5864765783825
0.358495 28.0785247336645 94.1167792897508
0.358995 28.1176864022145 94.3669386691179
0.359495 28.1568480707645 94.6452685616362
0.359995 28.1960097393145 95.0491435967096
0.360495 28.2351714078645 95.4325893932726
0.360995 28.2743330764145 95.5233800731105
0.361495 28.3134947449645 96.1215514394009
0.361995 28.3526564135145 96.5211424584134
0.362495 28.3918180820645 96.8016902444391
0.362995 28.4309797506145 97.1121021310701
0.363495 28.4701414191645 97.6186397807881
0.363995 28.5093030877145 97.871568699006
0.364495 28.5484647562645 98.3630958820118
0.364995 28.5876264248145 98.5772813500542
0.365495 28.6267880933645 98.9502824478471
0.365995 28.6659497619145 99.2612850144616
0.366495 28.7051114304645 99.5123262500833
0.366995 28.7442730990145 99.9767879054994
0.367495 28.7834347675645 100.485691387379
0.367995 28.8225964361145 100.837268157047
0.368495 28.8617581046645 101.046395209442
0.368995 28.9009197732145 101.415494253981
0.369495 28.9400814417645 102.068245262201
0.369995 28.9792431103145 102.428796288301
0.370495 29.0184047788645 102.785403733693
0.370995 29.0575664474145 102.985887713571
0.371495 29.0967281159645 103.479838868084
0.371995 29.1358897845145 103.868202434374
0.372495 29.1750514530645 104.247243653753
0.372995 29.2142131216145 104.638059810679
0.373495 29.2533747901645 105.1458302239
0.373995 29.2925364587145 105.389696330054
0.374495 29.3316981272645 106.030404678952
0.374995 29.3708597958145 106.524754586373
0.375495 29.4100214643645 106.900391467315
0.375995 29.4491831329145 107.415095010285
0.376495 29.4883448014645 107.871539203588
0.376995 29.5275064700145 108.067960976348
0.377495 29.5666681385645 108.508885589633
0.377995 29.6058298071145 108.878244545151
0.378495 29.6449914756645 109.529540650184
0.378995 29.6841531442145 109.93415235619
0.379495 29.7233148127645 110.53083187526
0.379995 29.7624764813145 110.792139983926
0.380495 29.8016381498645 111.16345692852
0.380995 29.8407998184145 111.660801130127
0.381495 29.8799614869645 112.071255591236
0.381995 29.9191231555145 112.41628344139
0.382495 29.9582848240645 112.694155115838
0.382995 29.9974464926145 113.299071208281
0.383495 30.0366081611645 113.87558714377
0.383995 30.0757698297145 114.342998039823
0.384495 30.1149314982645 114.925839489368
0.384995 30.1540931668145 115.324100299665
0.385495 30.1932548353645 115.033772508362
0.385995 30.2324165039145 113.03962803906
0.386495 30.2715781724645 109.524601264015
0.386995 30.3107398410145 104.599018814686
0.387495 30.3499015095645 100.643281809812
0.387995 30.3890631781145 97.2359683862017
0.388495 30.4282248466645 94.1508723439144
0.388995 30.4673865152145 91.2222659920724
0.389495 30.5065481837645 88.4169564403286
0.389995 30.5457098523145 85.8679182860561
0.390495 30.5848715208645 83.4364985921785
0.390995 30.6240331894145 81.1833035710045
0.391495 30.6631948579645 78.9903503260245
0.391995 30.7023565265145 76.6102112025768
0.392495 30.7415181950645 74.4357628244689
0.392995 30.7806798636145 72.2445509298988
0.393495 30.8198415321645 70.1091812730925
0.393995 30.8590032007145 68.0420286843336
0.394495 30.8981648692645 66.1372263062886
0.394995 30.9373265378145 64.2659202562294
0.395495 30.9764882063645 62.5060215128041
0.395995 31.0156498749145 60.7596912137343
0.396495 31.0548115434645 59.085510816154
0.396995 31.0939732120145 57.4649259847169
0.397495 31.1331348805645 55.8977013521751
0.397995 31.1722965491145 54.3637713450819
0.398495 31.2114582176645 52.9565769728186
0.398995 31.2506198862145 51.5728669598202
0.399495 31.2897815547645 50.2081675703442
0.399995 31.3289432233145 48.9531029753682
0.400495 31.3681048918645 47.6989022377168
0.400995 31.4072665604145 46.5814444283103
0.401495 31.4464282289645 45.4449101613853
0.401995 31.4855898975145 44.404989690442
0.402495 31.5247515660645 43.3986308640818
0.402995 31.5639132346145 42.5080027599049
0.403495 31.6030749031645 41.6455191101077
0.403995 31.6422365717145 40.8575314690022
0.404495 31.6813982402645 40.1203241955203
0.404995 31.7205599088145 39.4427216374385
0.405495 31.7597215773645 38.8003324036416
0.405995 31.7988832459145 38.1956369409598
0.406495 31.8380449144645 37.6460393264394
0.406995 31.8772065830145 37.1236337992195
0.407495 31.9163682515645 36.6258812177162
0.407995 31.9555299201145 36.1514668469819
0.408495 31.9946915886645 35.6951235227095
0.408995 32.0338532572145 35.2488113742446
0.409495 32.0730149257645 34.8136154063919
0.409995 32.1121765943145 34.3855912078145
0.410495 32.1513382628645 33.9681199825503
0.410995 32.1904999314145 33.5580826398496
0.411495 32.2296615999645 33.1619940680026
0.411995 32.2688232685145 32.7764285412398
0.412495 32.3079849370645 32.4014313458644
0.412995 32.3471466056145 32.0332021258344
0.413495 32.3863082741645 31.6651237693876
0.413995 32.4254699427145 31.2943809342056
0.414495 32.4646316112645 30.9196657702876
0.414995 32.5037932798145 30.5477238004667
0.415495 32.5429549483645 30.1723183552837
0.415995 32.5821166169145 29.7954236195525
0.416495 32.6212782854645 29.4267992862672
0.416995 32.6604399540145 29.068361373894
0.417495 32.6996016225645 28.7239749174542
0.417995 32.7387632911145 28.3896906886087
0.418495 32.7779249596645 28.060036549944
0.418995 32.8170866282145 27.7339137060844
0.419495 32.8562482967645 27.4097307330524
0.419995 32.8954099653145 27.0896341158035
0.420495 32.9345716338645 26.7752376488533
0.420995 32.9737333024145 26.4545503446299
0.421495 33.0128949709645 26.1368294203394
0.421995 33.0520566395145 25.823541641452
0.422495 33.0912183080645 25.5129591461121
0.422995 33.1303799766145 25.2032947985742
0.423495 33.1695416451645 24.8950008324836
0.423995 33.2087033137145 24.569788117808
0.424495 33.2478649822645 24.2102457886752
0.424995 33.2870266508145 23.8326093166736
0.425495 33.3261883193645 23.4290011606287
0.425995 33.3653499879145 23.0118007382678
0.426495 33.4045116564645 22.5714219144194
0.426995 33.4436733250145 22.1145880821424
0.427495 33.4828349935645 21.6429539020355
0.427995 33.5219966621145 21.147445856875
0.428495 33.5611583306645 20.6332650617603
0.428995 33.6003199992145 20.1026885515822
0.429495 33.6394816677645 19.5544421327852
0.429995 33.6786433363145 18.9856003068491
0.430495 33.7178050048645 18.3957772665039
0.430995 33.7569666734145 17.7853250856695
0.431495 33.7961283419645 17.153865361214
0.431995 33.8352900105145 16.5009718224264
0.432495 33.8744516790645 15.8268945663218
0.432995 33.9136133476145 15.1301106803619
0.433495 33.9527750161645 14.4095635391861
0.433995 33.9919366847145 13.6655125319886
0.434495 34.0310983532645 12.8973058302394
0.434995 34.0702600218145 12.1039611350675
0.435495 34.1094216903645 11.2856705729619
0.435995 34.1485833589145 10.4435264816404
0.436495 34.1877450274645 9.60200986698574
0.436995 34.2269066960145 8.78006190288527
0.437495 34.2660683645645 7.99453165094938
0.437995 34.3052300331145 7.22233095039983
0.438495 34.3443917016645 6.45159434116349
0.438995 34.3835533702145 5.67456864381282
0.439495 34.4227150387645 4.9010029197661
0.439995 34.4618767073145 4.12879272777568
0.440495 34.5010383758645 3.35764615059431
0.440995 34.5402000444145 2.58318783474014
0.441495 34.5793617129645 1.81465324349889
0.441995 34.6185233815145 1.04351622525277
0.442495 34.6576850500645 0.28200447937924
0.442995 34.6968467186145 -0.475956698116499
0.443495 34.7360083871645 -1.25036984519465
0.443995 34.7751700557145 -2.10283952494408
0.444495 34.8143317242645 -3.02007111577982
0.444995 34.8534933928145 -3.98150788247391
0.445495 34.8926550613645 -5.00182425848654
0.445995 34.9318167299145 -6.07115113839588
0.446495 34.9709783984645 -7.18278548736162
0.446995 35.0101400670145 -8.34317095757627
0.447495 35.0493017355645 -9.55120041355416
0.447995 35.0884634041145 -10.7997012220733
0.448495 35.1276250726645 -12.0967618566672
0.448995 35.1667867412145 -13.4226048639338
0.449495 35.2059484097645 -14.7877889255523
0.449995 35.2451100783145 -16.184738237198
0.450495 35.2842717468645 -17.5823786597914
0.450995 35.3234334154145 -18.9981272735183
0.451495 35.3625950839645 -19.9683646349277
0.451995 35.4017567525145 -16.2707846802614
0.452495 35.4409184210645 -14.3102993280401
0.452995 35.4800800896145 -11.4905319988511
0.453495 35.5192417581645 -8.79267349363438
0.453995 35.5584034267145 -6.7835892138856
0.454495 35.5975650952645 -5.1465884985374
0.454995 35.6367267638145 -3.62922246713096
0.455495 35.6758884323645 -2.67498604594836
0.455995 35.7150501009145 -2.6053679075209
0.456495 35.7542117694645 -2.33290771036414
0.456995 35.7933734380145 -2.08404767673465
0.457495 35.8325351065645 -1.87388751020973
0.457995 35.8716967751145 -1.25489288862661
0.458495 35.9108584436645 -0.650493416725377
0.458995 35.9500201122145 -0.405543200730392
0.459495 35.9891817807645 -0.30957130127293
0.459995 36.0283434493145 -0.161390398628479
0.460495 36.0675051178645 -0.150697571155516
0.460995 36.1066667864145 -0.119007545314357
0.461495 36.1458284549645 -0.215056518086311
0.461995 36.1849901235145 -0.180298237005408
0.462495 36.2241517920645 -0.401214355452562
0.462995 36.2633134606145 -0.558905504782196
0.463495 36.3024751291645 -0.605150063117104
0.463995 36.3416367977145 -0.839637791962673
0.464495 36.3807984662645 -0.641290998435011
0.464995 36.4199601348145 -0.784571067415361
0.465495 36.4591218033645 -1.05862202450839
0.465995 36.4982834719145 -1.22195078275267
0.466495 36.5374451404645 -1.43615572692329
0.466995 36.5766068090145 -1.36851159989786
0.467495 36.6157684775645 -1.3433218027473
0.467995 36.6549301461145 -1.47435502059424
0.468495 36.6940918146645 -1.3365405487994
0.468995 36.7332534832145 -1.39751157766843
0.469495 36.7724151517645 -1.42445521047659
0.469995 36.8115768203145 -1.12588084408338
0.470495 36.8507384888645 -1.13921202079937
0.470995 36.8899001574145 -1.01108932558571
0.471495 36.9290618259645 -0.825548529390804
0.471995 36.9682234945145 -0.80028532519035
0.472495 37.0073851630645 -0.717157089639465
0.472995 37.0465468316145 -0.657283416061558
0.473495 37.0857085001645 -0.73366327808953
0.473995 37.1248701687145 -0.379640164374042
0.474495 37.1640318372645 -0.519426666205585
0.474995 37.2031935058145 -0.333923818482622
0.475495 37.2423551743645 -0.143645191890991
0.475995 37.2815168429145 -0.386462312493154
0.476495 37.3206785114645 -0.251146663153455
0.476995 37.3598401800145 -0.191066444420021
0.477495 37.3990018485645 -0.109606616763381
0.477995 37.4381635171145 -0.0508902814745271
0.478495 37.4773251856645 -0.238508195002952
0.478995 37.5164868542145 -0.342647112417653
0.479495 37.5556485227645 -0.602764567352576
0.479995 37.5948101913145 -0.678596831350648
0.480495 37.6339718598645 -0.711810292709158
0.480995 37.6731335284145 -0.735350433596615
0.481495 37.7122951969645 -0.729100154468457
0.481995 37.7514568655145 -0.692297319840845
0.482495 37.7906185340645 -0.719512763822541
0.482995 37.8297802026145 -0.648217514518958
0.483495 37.8689418711645 -0.622731717573564
0.483995 37.9081035397145 -0.48543340675167
0.484495 37.9472652082645 -0.437375316454126
0.484995 37.9864268768145 -0.25390376635983
0.485495 38.0255885453645 -0.207733487398078
0.485995 38.0647502139145 -0.0348822048024586
0.486495 38.1039118824645 0.0313598175949003
0.486995 38.1430735510145 0.00935624118968129
0.487495 38.1822352195645 0.0256479149966392
0.487995 38.2213968881145 -0.0213589592599448
0.488495 38.2605585566645 -0.00891839895097995
0.488995 38.2997202252145 -0.00772424128626271
0.489495 38.3388818937645 -0.0981094521619355
0.489995 38.3780435623145 -0.197803391539189
0.490495 38.4172052308645 -0.145771726096484
0.490995 38.4563668994145 -0.150857884828944
0.491495 38.4955285679645 -0.235498045996903
0.491995 38.5346902365145 -0.328906970553636
0.492495 38.5738519050645 -0.273255598176766
0.492995 38.6130135736145 -0.310544380119654
0.493495 38.6521752421645 -0.33428933289668
0.493995 38.6913369107145 -0.45589958284238
0.494495 38.7304985792645 -0.488840328488955
0.494995 38.7696602478145 -0.623627912085537
0.495495 38.8088219163645 -0.535923919896279
0.495995 38.8479835849145 -0.580958717118558
0.496495 38.8871452534645 -0.547767239684889
0.496995 38.9263069220145 -0.535697645290761
0.497495 38.9654685905645 -0.480816014679726
0.497995 39.0046302591145 -0.529362825961181
0.498495 39.0437919276645 -0.526117539031438
0.498995 39.0829535962145 -0.431075535727415
0.499495 39.1221152647645 -0.332783296981733
0.499995 39.1612769333145 -0.315146940346966
