# Fix print output for fix Step
1.25357384859453e-16 5.6843418860808e-15 -1.59857231974377
0.000495000000000155 0.022445819500507 2.95204399533979
0.000995000000000174 0.0451183644505079 0.613590663441839
0.00149500000000019 0.0677909094005088 3.67150779060302
0.00199500000000009 0.090463454350504 0.58490570938691
0.00249500000000011 0.113135999300505 3.91997304099042
0.002995 0.1358085442505 2.94143140357972
0.00349500000000002 0.158481089200501 4.35303768592209
0.00399500000000004 0.181153634150502 3.30094401048584
0.00449500000000006 0.203826179100503 3.65352387208396
0.00499500000000008 0.226498724050504 5.21133722171888
0.0054950000000001 0.249171269000504 4.52740881752911
0.00599500000000012 0.271843813950505 6.34155706970526
0.00649500000000014 0.294516358900506 4.18536442763449
0.00699500000000016 0.317188903850507 7.1846720127995
0.00749500000000018 0.339861448800508 5.13177874356099
0.0079950000000002 0.362533993750509 8.8308840104783
0.00849500000000022 0.38520653870051 4.99640451014864
0.00899500000000011 0.407879083650505 9.32911002004362
0.009495 0.4305516286005 5.70227174720389
0.00999500000000002 0.453224173550501 10.400135430828
0.010495 0.475896718500502 6.94675581512693
0.0109950000000001 0.498569263450503 10.332815609585
0.0114950000000001 0.521241808400504 7.39022986344415
0.0119950000000001 0.543914353350505 10.9738291527218
0.0124950000000001 0.566586898300505 9.33617312997778
0.0129950000000001 0.589259443250506 11.1385591458431
0.0134950000000002 0.611931988200507 10.2695510380593
0.0139950000000002 0.634604533150508 11.0507081113287
0.0144950000000002 0.657277078100509 11.6093105881079
0.0149950000000001 0.679949623050504 11.4321667615535
0.0154950000000001 0.702622168000505 12.5796058914508
0.015995 0.7252947129505 11.4066463395184
0.016495 0.747967257900501 13.5748693907499
0.016995 0.770639802850502 12.1569365107328
0.0174950000000001 0.793312347800503 14.6828175892046
0.0179950000000001 0.815984892750504 12.3924657827715
0.0184950000000001 0.838657437700505 15.24925763584
0.0189950000000001 0.861329982650506 13.0015067897565
0.0194950000000001 0.884002527600506 16.1486947153654
0.0199950000000002 0.906675072550507 13.7219111136748
0.0204950000000002 0.929347617500508 16.5599289324467
0.0209950000000002 0.952020162450509 14.6206692376777
0.0214950000000001 0.974692707400504 17.2864056624694
0.0219950000000001 0.997365252350505 15.4445782329463
0.022495 1.0200377973005 17.5349991121204
0.022995 1.0427103422505 16.1711493098102
0.023495 1.0653828872005 17.9538277264512
0.0239950000000001 1.0880554321505 17.4142482344938
0.0244950000000001 1.1107279771005 18.2967887676676
0.0249950000000001 1.1334005220505 18.3043211436521
0.0254950000000001 1.15607306700051 18.5512629578805
0.0259950000000001 1.17874561195051 19.3428204952298
0.0264950000000002 1.20141815690051 18.9088924533652
0.0269950000000002 1.22409070185051 20.3750986361748
0.0274950000000002 1.24676324680051 19.2219559742537
0.0279950000000001 1.2694357917505 20.9489331069673
0.0284950000000001 1.29210833670051 19.4377901666718
0.0289950000000001 1.31478088165051 21.7873470485053
0.029495 1.3374534266005 20.1782341574573
0.0299950000000001 1.3601259715505 22.4774819720471
0.0304950000000001 1.3827985165005 20.4707461558182
0.0309950000000001 1.4054710614505 23.1868586007412
0.0314950000000001 1.4281436064005 21.5925374107285
0.0319950000000001 1.45081615135051 23.7498342253893
0.0324950000000001 1.47348869630051 21.9884026482114
0.0329950000000002 1.49616124125051 24.1466383154979
0.0334950000000002 1.51883378620051 22.9108337296382
0.0339950000000002 1.54150633115051 24.6131781196445
0.0344950000000001 1.5641788761005 23.5222156772238
0.0349950000000001 1.58685142105051 24.718003421572
0.035495 1.6095239660005 24.3847435565445
0.035995 1.6321965109505 25.4632245770387
0.0364950000000001 1.6548690559005 25.4887696594477
0.0369950000000001 1.6775416008505 25.6596635738144
0.0374950000000001 1.7002141458005 26.0230313433939
0.0379950000000001 1.72288669075051 25.9019697906872
0.0384950000000001 1.74555923570051 26.9527385514908
0.0389950000000002 1.76823178065051 26.4625555416071
0.0394950000000002 1.79090432560051 27.6707944635568
0.0399950000000002 1.81357687055051 26.775152502726
0.0404950000000002 1.83624941550051 28.3103051425454
0.0409950000000001 1.8589219604505 27.317452872738
0.0414950000000001 1.88159450540051 29.1836088236548
0.041995 1.9042670503505 28.0045512236736
0.042495 1.9269395953005 29.8388399858692
0.0429950000000001 1.9496121402505 28.5266663132283
0.0434950000000001 1.9722846852005 30.1878144585288
0.0439950000000001 1.9949572301505 28.9424569733793
0.0444950000000001 2.01762977510051 30.8076162428362
0.0449950000000001 2.04030232005051 29.7925163608471
0.0454950000000002 2.06297486500051 31.3018259154201
0.0459950000000002 2.08564740995051 30.1241813715475
0.0464950000000002 2.10831995490051 31.6951736091546
0.0469950000000002 2.13099249985051 31.1209314804647
0.0474950000000001 2.1536650448005 32.3312145923951
0.0479950000000001 2.17633758975051 31.5545573849727
0.048495 2.1990101347005 32.276052301618
0.048995 2.2216826796505 32.1959193818082
0.0494950000000001 2.2443552246005 33.2072686645328
0.0499950000000001 2.2670277695505 33.0456352974266
0.0504950000000001 2.2897003145005 33.1973868899244
0.0509950000000001 2.31237285945051 33.5504825237263
0.0514950000000001 2.33504540440051 33.9984888121753
0.0519950000000002 2.35771794935051 34.5187577900538
0.0524950000000002 2.38039049430051 34.4019707229545
0.0529950000000002 2.40306303925051 35.016079606392
0.0534950000000002 2.42573558420051 34.7710460137575
0.0539950000000001 2.44840812915051 35.8556999738998
0.0544950000000001 2.47108067410051 35.2987857427868
0.0549950000000001 2.49375321905051 36.1407954502083
0.055495 2.5164257640005 35.6675451130801
0.0559950000000001 2.5390983089505 36.9177486262712
0.0564950000000001 2.5617708539005 36.3237198546331
0.0569950000000001 2.5844433988505 37.5284895841294
0.0574950000000001 2.60711594380051 36.6570857072164
0.0579950000000001 2.62978848875051 37.942308531285
0.0584950000000002 2.65246103370051 37.1764803453232
0.0589950000000002 2.67513357865051 38.60303990751
0.0594950000000002 2.69780612360051 37.8435328954094
0.0599950000000002 2.72047866855051 39.1150692958849
0.0604950000000001 2.7431512135005 38.1568576571617
0.0609950000000001 2.76582375845051 39.4670787762509
0.061495 2.7884963034005 38.9019037505766
0.061995 2.8111688483505 40.1442220730643
0.0624950000000001 2.8338413933005 39.3596169884985
0.0629950000000001 2.8565139382505 40.4326150890552
0.0634950000000001 2.8791864832005 39.9260459966774
0.0639950000000001 2.90185902815051 40.9804916016756
0.0644950000000001 2.92453157310051 40.579026769096
0.0649950000000002 2.94720411805051 41.3421584394809
0.0654950000000002 2.96987666300051 41.0880310593819
0.0659950000000002 2.99254920795051 41.6748830844327
0.0664950000000002 3.01522175290051 41.657649457722
0.0669950000000001 3.03789429785051 42.2181381342265
0.0674950000000001 3.06056684280051 42.4228156033066
0.0679950000000002 3.08323938775051 42.6776637349641
0.068495 3.1059119327005 43.0870526175503
0.0689950000000001 3.1285844776505 43.0843441847309
0.0694950000000001 3.1512570226005 43.5571220739483
0.0699950000000001 3.1739295675505 43.7025969063812
0.0704950000000001 3.19660211250051 44.191853045496
0.0709950000000001 3.21927465745051 44.0497764849581
0.0714950000000002 3.24194720240051 44.5073287669271
0.0719950000000002 3.26461974735051 44.3844777459225
0.0724950000000002 3.28729229230051 45.1676157749624
0.0729950000000002 3.30996483725051 45.066532433458
0.0734950000000001 3.33263738220051 45.6889055150832
0.0739950000000001 3.35530992715051 45.405746753021
0.074495 3.3779824721005 46.0911558214639
0.074995 3.4006550170505 45.834260541229
0.0754950000000001 3.4233275620005 46.68715779939
0.0759950000000001 3.4460001069505 46.4654288203754
0.0764950000000001 3.4686726519005 47.1920643500363
0.0769950000000001 3.49134519685051 46.8171295221077
0.0774950000000001 3.51401774180051 47.4784421705187
0.0779950000000002 3.53669028675051 47.3240925615733
0.0784950000000002 3.55936283170051 47.9649384736622
0.0789950000000002 3.58203537665051 47.6243864501823
0.0794950000000002 3.60470792160051 48.2927334087627
0.0799950000000001 3.62738046655051 48.3340582801145
0.0804950000000001 3.65005301150051 49.0949525005244
0.0809950000000002 3.67272555645051 49.0467259986963
0.0814950000000001 3.6953981014005 49.3512472584107
0.0819950000000001 3.7180706463505 49.3199442525519
0.0824950000000001 3.7407431913005 49.7567599306981
0.0829950000000001 3.76341573625051 49.7106688566399
0.0834950000000001 3.78608828120051 50.0057376479132
0.0839950000000002 3.80876082615051 50.16518902999
0.0844950000000002 3.83143337110051 50.6019625599522
0.0849950000000002 3.85410591605051 50.7823710120031
0.0854950000000002 3.87677846100051 51.0054992223324
0.0859950000000002 3.89945100595051 51.3044508190234
0.0864950000000001 3.92212355090051 51.3620902846692
0.0869950000000001 3.94479609585051 51.6160607088663
0.087495 3.9674686408005 51.7858129723332
0.0879950000000001 3.9901411857505 52.2366785323121
0.0884950000000001 4.0128137307005 52.2336326909747
0.0889950000000001 4.0354862756505 52.5208200175927
0.0894950000000001 4.05815882060051 52.5521720782144
0.0899950000000001 4.08083136555051 53.0792025285513
0.0904950000000002 4.10350391050051 53.1183273142676
0.0909950000000002 4.12617645545051 53.6168535400129
0.0914950000000002 4.14884900040051 53.5587886658269
0.0919950000000002 4.17152154535051 53.9376219914075
0.0924950000000002 4.19419409030051 53.8803271725789
0.0929950000000001 4.21686663525051 54.3108676872626
0.0934950000000001 4.23953918020051 54.3782418056902
0.093995 4.2622117251505 54.9284690813405
0.0944950000000001 4.2848842701005 54.7816196548903
0.0949950000000001 4.3075568150505 55.167580723276
0.0954950000000001 4.3302293600005 55.1424959770365
0.0959950000000001 4.3529019049505 55.6162597873046
0.0964950000000001 4.37557444990051 55.6284252544765
0.0969950000000002 4.39824699485051 56.1918799284724
0.0974950000000002 4.42091953980051 55.9613627337799
0.0979950000000002 4.44359208475051 56.3687514902533
0.0984950000000002 4.46626462970051 56.2988706840947
0.0989950000000002 4.48893717465051 56.8198307445932
0.0994950000000001 4.51160971960051 56.9185426243002
0.0999950000000002 4.53428226455051 57.3766607230012
0.100495 4.5569548095005 57.1495171101634
0.100995 4.5796273544505 57.6039727400009
0.101495 4.6022998994005 57.756515837971
0.101995 4.6249724443505 58.1611260062307
0.102495 4.64764498930051 57.9088833114895
0.102995 4.67031753425051 58.2898961835133
0.103495 4.69299007920051 58.5518739991944
0.103995 4.71566262415051 58.9117607531549
0.104495 4.73833516910051 58.7942596644186
0.104995 4.76100771405051 59.1796438261221
0.105495 4.78368025900051 59.3183127218375
0.105995 4.80635280395051 59.7389021211839
0.106495 4.82902534890051 59.6522208540445
0.106995 4.85169789385051 59.9385674992269
0.107495 4.8743704388005 60.12874407596
0.107995 4.8970429837505 60.2318608135156
0.108495 4.9197155287005 60.3385646858171
0.108995 4.94238807365051 60.7852891185666
0.109495 4.96506061860051 60.7402929414102
0.109995 4.98773316355051 60.9101730282623
0.110495 5.01040570850051 61.0985934574396
0.110995 5.03307825345051 61.3890039466925
0.111495 5.05575079840051 61.6799290509775
0.111995 5.07842334335051 61.8661185383015
0.112495 5.10109588830051 61.7858140234616
0.112995 5.12376843325051 61.9720250282281
0.113495 5.1464409782005 62.3623325421716
0.113995 5.1691135231505 62.6428671286288
0.114495 5.1917860681005 62.5511662565316
0.114995 5.21445861305051 62.691409926287
0.115495 5.23713115800051 63.0972665619495
0.115995 5.25980370295051 63.226977660587
0.116495 5.28247624790051 63.1996483136675
0.116995 5.30514879285051 63.4431581515948
0.117495 5.32782133780051 63.8117670526377
0.117995 5.35049388275051 63.8465328099014
0.118495 5.37316642770051 64.1206693313436
0.118995 5.39583897265051 64.1590781810602
0.119495 5.41851151760051 64.425644571406
0.119995 5.44118406255051 64.5790959232042
0.120495 5.4638566075005 64.7722741547373
0.120995 5.4865291524505 64.7264695000792
0.121495 5.5092016974005 65.1616422032011
0.121995 5.53187424235051 65.2472006245098
0.122495 5.55454678730051 65.4843075923421
0.122995 5.57721933225051 65.4718352414527
0.123495 5.59989187720051 65.841095470628
0.123995 5.62256442215051 65.8465359288738
0.124495 5.64523696710051 66.3105480701629
0.124995 5.6679095120505 66.1719963703548
0.125495 5.69058205700051 66.4482784929613
0.125995 5.71325460195051 66.5430501200871
0.126495 5.7359271469005 66.9328290825871
0.126995 5.7585996918505 66.7984079716527
0.127495 5.7812722368005 67.2073351115704
0.127995 5.8039447817505 67.0875070788462
0.128495 5.82661732670051 67.6521139691434
0.128995 5.84928987165051 67.572632721282
0.129495 5.87196241660051 67.8046963322162
0.129995 5.89463496155051 67.7008496645579
0.130495 5.91730750650051 68.114853875337
0.130995 5.93998005145051 68.1288933413283
0.131495 5.96265259640051 68.4664122585195
0.131995 5.98532514135051 68.3085819302171
0.132495 6.00799768630051 68.6773154955175
0.132995 6.03067023125051 68.805503735136
0.133495 6.0533427762005 68.9697631536027
0.133995 6.0760153211505 69.0073876677668
0.134495 6.09868786610051 69.1949249064251
0.134995 6.12136041105051 69.3046910781731
0.135495 6.14403295600051 69.4810731686623
0.135995 6.16670550095051 69.6438406499697
0.136495 6.18937804590051 69.8624251512048
0.136995 6.21205059085051 70.0478065762073
0.137495 6.23472313580051 70.2017837540736
0.137995 6.25739568075051 70.3671276930607
0.138495 6.28006822570051 70.3714161533702
0.138995 6.30274077065051 70.5319738537379
0.139495 6.3254133156005 70.7064622501716
0.139995 6.3480858605505 70.9454110785384
0.140495 6.3707584055005 70.9307595953133
0.140995 6.39343095045051 71.2354277560313
0.141495 6.41610349540051 71.2912694092457
0.141995 6.43877604035051 71.3375743669204
0.142495 6.46144858530051 71.4648926451112
0.142995 6.48412113025051 71.7053625236192
0.143495 6.50679367520051 71.8871579829879
0.143995 6.52946622015051 71.9807711729256
0.144495 6.55213876510051 72.1388813431083
0.144995 6.57481131005051 72.3006678538706
0.145495 6.59748385500051 72.2669589684226
0.145995 6.62015639995051 72.4919787027432
0.146495 6.6428289449005 72.6111274507758
0.146995 6.6655014898505 72.9842229115776
0.147495 6.68817403480051 72.8875694102061
0.147995 6.71084657975051 73.1135213840646
0.148495 6.73351912470051 73.1761494040121
0.148995 6.75619166965051 73.537261037075
0.149495 6.77886421460051 73.3837916729115
0.149995 6.80153675955051 73.5485297145417
0.150495 6.82420930450051 73.5554963390519
0.150995 6.84688184945051 74.1711383021892
0.151495 6.86955439440051 74.0107470429793
0.151995 6.8922269393505 74.0526693312599
0.152495 6.9148994843005 73.9746061599923
0.152995 6.9375720292505 74.3648059867358
0.153495 6.9602445742005 74.4985577129312
0.153995 6.98291711915051 74.8014314326565
0.154495 7.00558966410051 74.594826455914
0.154995 7.02826220905051 74.8277299071919
0.155495 7.05093475400051 74.9784417226942
0.155995 7.07360729895051 75.2888147519591
0.156495 7.09627984390051 75.1298745258214
0.156995 7.11895238885051 75.3853016343201
0.157495 7.14162493380051 75.4358605475996
0.157995 7.16429747875051 75.6176187556123
0.158495 7.18697002370051 75.4212338045858
0.158995 7.20964256865051 75.8121767328162
0.159495 7.2323151136005 75.8962788587861
0.159995 7.2549876585505 76.1347268391002
0.160495 7.27766020350051 76.1891268854775
0.160995 7.30033274845051 76.2571662271181
0.161495 7.32300529340051 76.3327856026064
0.161995 7.34567783835051 76.4227557317247
0.162495 7.36835038330051 76.4690051635288
0.162995 7.39102292825051 76.6771549654806
0.163495 7.41369547320051 76.9346453199229
0.163995 7.43636801815051 77.0430810539403
0.164495 7.45904056310051 77.0125766708473
0.164995 7.4817131080505 77.1049446865346
0.165495 7.5043856530005 77.3027478564205
0.165995 7.5270581979505 77.4587939024655
0.166495 7.5497307429005 77.4115901524582
0.166995 7.57240328785051 77.511965301593
0.167495 7.59507583280051 77.7049075435498
0.167995 7.61774837775051 77.9442754126826
0.168495 7.64042092270051 77.9172243687887
0.168995 7.66309346765051 77.9127058273475
0.169495 7.68576601260051 78.0612614821494
0.169995 7.70843855755051 78.2903403976595
0.170495 7.73111110250051 78.5203432289748
0.170995 7.75378364745051 78.2898216178461
0.171495 7.77645619240051 78.398963901725
0.171995 7.79912873735051 78.7113785204801
0.172495 7.8218012823005 78.7841215694611
0.172995 7.84447382725051 78.9181713123166
0.173495 7.86714637220051 78.8769265979552
0.173995 7.88981891715051 79.1454671142493
0.174495 7.91249146210051 79.2514512066088
0.174995 7.93516400705051 79.2803935000981
0.175495 7.95783655200051 79.3885277404806
0.175995 7.98050909695051 79.4030483560833
0.176495 8.00318164190051 79.4359551575826
0.176995 8.02585418685051 79.7568657241556
0.177495 8.04852673180051 79.7163460185632
0.177995 8.0711992767505 79.9205226019323
0.178495 8.0938718217005 79.8200458155438
0.178995 8.1165443666505 80.1281891861116
0.179495 8.1392169116005 80.1176678029962
0.179995 8.16188945655051 80.2465628100892
0.180495 8.18456200150051 80.2405577513652
0.180995 8.20723454645051 80.4963164604887
0.181495 8.22990709140051 80.4502313840797
0.181995 8.25257963635051 80.6006230517755
0.182495 8.27525218130051 80.7506445509498
0.182995 8.29792472625051 80.8155571667224
0.183495 8.32059727120051 80.7459952809839
0.183995 8.34326981615051 80.9120556030135
0.184495 8.36594236110051 81.0913467743573
0.184995 8.38861490605052 81.2152544952683
0.185495 8.4112874510005 81.2192157845875
0.185995 8.43395999595051 81.2637634126171
0.186495 8.45663254090051 81.3819719111063
0.186995 8.47930508585051 81.4009185482276
0.187495 8.50197763080051 81.5559918651347
0.187995 8.52465017575051 81.6339091264008
0.188495 8.54732272070051 81.805458909305
0.188995 8.56999526565051 81.8202005114079
0.189495 8.59266781060051 81.8538515593042
0.189995 8.61534035555051 81.9480212224355
0.190495 8.63801290050051 82.1400500131041
0.190995 8.6606854454505 82.185116246962
0.191495 8.6833579904005 82.2458340859362
0.191995 8.7060305353505 82.3504218910529
0.192495 8.72870308030051 82.4431582423798
0.192995 8.75137562525051 82.5665006817393
0.193495 8.77404817020051 82.5716228520353
0.193995 8.79672071515051 82.6909987179569
0.194495 8.81939326010051 82.6958572111516
0.194995 8.84206580505051 82.7470012431179
0.195495 8.86473835000051 82.8729020386595
0.195995 8.88741089495051 82.9714734231413
0.196495 8.91008343990051 83.1525591230795
0.196995 8.93275598485051 83.1886236224928
0.197495 8.95542852980051 83.1394885339051
0.197995 8.97810107475052 83.3126121855659
0.198495 9.0007736197005 83.4087307056425
0.198995 9.0234461646505 83.545779123607
0.199495 9.04611870960051 83.4403586860381
0.199995 9.06879125455051 83.5895692056556
0.200495 9.09146379950051 83.7075116083271
0.200995 9.11413634445051 83.8300488652979
0.201495 9.13680888940051 83.830407035201
0.201995 9.15948143435051 83.994285850679
0.202495 9.18215397930051 83.9236659750501
0.202995 9.20482652425051 84.023845470906
0.203495 9.22749906920051 84.2144814469669
0.203995 9.25017161415051 84.386645981392
0.204495 9.2728441591005 84.3308352683913
0.204995 9.2955167040505 84.5080157380644
0.205495 9.31818924900051 84.5157202920787
0.205995 9.34086179395051 84.5713035914009
0.206495 9.36353433890051 84.4916012905307
0.206995 9.38620688385051 84.7249572548288
0.207495 9.40887942880051 84.8463426715845
0.207995 9.43155197375051 84.7063791040877
0.208495 9.45422451870051 84.7993105615393
0.208995 9.47689706365051 84.9076236716234
0.209495 9.49956960860051 85.0840718872715
0.209995 9.52224215355051 85.1871922821073
0.210495 9.54491469850051 85.1135713069206
0.210995 9.5675872434505 85.3014184333242
0.211495 9.59025978840051 85.428155030496
0.211995 9.61293233335051 85.4273413739128
0.212495 9.63560487830051 85.5573864833964
0.212995 9.65827742325051 85.5307156143057
0.213495 9.68094996820051 85.5477518010472
0.213995 9.70362251315051 85.7822329895669
0.214495 9.72629505810051 85.8929809458869
0.214995 9.74896760305051 85.8791994981966
0.215495 9.77164014800051 85.9134056885802
0.215995 9.79431269295051 86.0449644423325
0.216495 9.81698523790051 86.2388862075137
0.216995 9.8396577828505 86.2009122765168
0.217495 9.8623303278005 86.2200577965444
0.217995 9.8850028727505 86.5087729580127
0.218495 9.90767541770051 86.3790667553853
0.218995 9.93034796265051 86.5322441156094
0.219495 9.95302050760051 86.6110944311712
0.219995 9.97569305255051 86.5993376960463
0.220495 9.99836559750051 86.695821800555
0.220995 10.0210381424505 86.7930353050145
0.221495 10.0437106874005 86.8337582079351
0.221995 10.0663832323505 87.0198075730161
0.222495 10.0890557773005 87.0112052530171
0.222995 10.1117283222505 87.0687012948177
0.223495 10.1344008672005 87.1946777484228
0.223995 10.1570734121505 87.2087533816177
0.224495 10.1797459571005 87.161612180048
0.224995 10.2024185020505 87.3402203033603
0.225495 10.2250910470005 87.5304992815323
0.225995 10.2477635919505 87.4978682369252
0.226495 10.2704361369005 87.5611139901225
0.226995 10.2931086818505 87.5716296517821
0.227495 10.3157812268005 87.7216310453613
0.227995 10.3384537717505 87.7449399295504
0.228495 10.3611263167005 87.89241814322
0.228995 10.3837988616505 87.9782670288407
0.229495 10.4064714066005 88.2007033984704
0.229995 10.4291439515505 88.0692865020286
0.230495 10.4518164965005 88.169716843974
0.230995 10.4744890414505 88.1285916353607
0.231495 10.4971615864005 88.4295073526131
0.231995 10.5198341313505 88.2996451316473
0.232495 10.5425066763005 88.6268967892073
0.232995 10.5651792212505 88.5570013104792
0.233495 10.5878517662005 88.9225496163123
0.233995 10.6105243111505 88.6234100453037
0.234495 10.6331968561005 88.6395611408624
0.234995 10.6558694010505 88.6759204878415
0.235495 10.6785419460005 88.9841355069402
0.235995 10.7012144909505 88.7633551277811
0.236495 10.7238870359005 89.0949033449969
0.236995 10.7465595808505 89.0932902298788
0.237495 10.7692321258005 89.3536709722872
0.237995 10.7919046707505 89.2493175224459
0.238495 10.8145772157005 89.1703614361749
0.238995 10.8372497606505 89.3295403349578
0.239495 10.8599223056005 89.3182749810358
0.239995 10.8825948505505 89.719346658722
0.240495 10.9052673955005 89.7474288443447
0.240995 10.9279399404505 89.4605792402514
0.241495 10.9506124854005 89.7285091289289
0.241995 10.9732850303505 89.7506377512559
0.242495 10.9959575753005 89.9841018792272
0.242995 11.0186301202505 89.8550296415933
0.243495 11.0413026652005 89.9799905428756
0.243995 11.0639752101505 89.9346660962982
0.244495 11.0866477551005 90.2091025739219
0.244995 11.1093203000505 90.2219766053028
0.245495 11.1319928450005 90.358282176852
0.245995 11.1546653899505 90.3688514155216
0.246495 11.1773379349005 90.5576781311787
0.246995 11.2000104798505 90.4874062668606
0.247495 11.2226830248005 90.6119602314279
0.247995 11.2453555697505 90.7949603807068
0.248495 11.2680281147005 90.7115553508575
0.248995 11.2907006596505 90.7127703709762
0.249495 11.3133732046005 90.9132893545871
0.249995 11.3360457495505 91.1104436520887
0.250495 11.3587182945005 91.0217877515407
0.250995 11.3813908394505 91.0839189418539
0.251495 11.4040633844005 91.3516415762772
0.251995 11.4267359293505 91.5042292216285
0.252495 11.4494084743005 91.2694151550355
0.252995 11.4720810192505 91.5996270751983
0.253495 11.4947535642005 91.3659930226189
0.253995 11.5174261091505 91.6769011433695
0.254495 11.5400986541005 91.855486970815
0.254995 11.5627711990505 91.8497832757909
0.255495 11.5854437440005 91.9219347983563
0.255995 11.6081162889505 91.8749482881623
0.256495 11.6307888339005 92.156601782371
0.256995 11.6534613788505 92.3625447245252
0.257495 11.6761339238005 92.3011281035912
0.257995 11.6988064687505 92.4044348090329
0.258495 11.7214790137005 92.3326967432069
0.258995 11.7441515586505 92.5184590699374
0.259495 11.7668241036005 92.4659129202044
0.259995 11.7894966485505 92.6372168301664
0.260495 11.8121691935005 92.7309639728903
0.260995 11.8348417384505 92.6704107588645
0.261495 11.8575142834005 93.0191462941265
0.261995 11.8801868283505 93.0637317351078
0.262495 11.9028593733005 93.0815466686821
0.262995 11.9255319182505 93.2796601282752
0.263495 11.9482044632005 93.1427381246315
0.263995 11.9708770081505 93.2414750685694
0.264495 11.9935495531005 93.3363122465813
0.264995 12.0162220980505 93.4907779992912
0.265495 12.0388946430005 93.883938378442
0.265995 12.0615671879505 93.8894436813541
0.266495 12.0842397329005 93.8360495526334
0.266995 12.1069122778505 93.7966066463436
0.267495 12.1295848228005 94.0763133807345
0.267995 12.1522573677505 94.4707164589996
0.268495 12.1749299127005 94.5424802093678
0.268995 12.1976024576505 94.3186291954339
0.269495 12.2202750026005 94.5255533145464
0.269995 12.2429475475505 94.1628128214683
0.270495 12.2656200925005 94.5958701519817
0.270995 12.2882926374505 94.5225541227482
0.271495 12.3109651824005 94.7288607946412
0.271995 12.3336377273505 95.0996311387629
0.272495 12.3563102723005 95.1295962204299
0.272995 12.3789828172505 95.2784323277819
0.273495 12.4016553622005 95.2172782190404
0.273995 12.4243279071505 95.4999927190191
0.274495 12.4470004521005 95.6302890754145
0.274995 12.4696729970505 95.7415905194383
0.275495 12.4923455420005 95.9797482894093
0.275995 12.5150180869505 95.6640631892477
0.276495 12.5376906319005 95.9117582303633
0.276995 12.5603631768505 95.7751752829392
0.277495 12.5830357218005 96.0550634666522
0.277995 12.6057082667505 96.1886783050163
0.278495 12.6283808117005 96.2307349706958
0.278995 12.6510533566505 96.5934475491425
0.279495 12.6737259016005 96.608345037088
0.279995 12.6963984465505 96.628964338131
0.280495 12.7190709915005 96.7748395976246
0.280995 12.7417435364505 96.8187984733735
0.281495 12.7644160814005 96.8827108779272
0.281995 12.7870886263505 97.298072803867
0.282495 12.8097611713005 97.2670654243263
0.282995 12.8324337162505 97.4829593298353
0.283495 12.8551062612005 97.6244056450683
0.283995 12.8777788061505 97.400210256184
0.284495 12.9004513511005 97.6498533288095
0.284995 12.9231238960505 97.8963214020773
0.285495 12.9457964410005 97.9183426966835
0.285995 12.9684689859505 97.9445541547627
0.286495 12.9911415309005 98.4385208722552
0.286995 13.0138140758505 98.6161495093752
0.287495 13.0364866208005 98.6455303312091
0.287995 13.0591591657505 98.701568748554
0.288495 13.0818317107005 98.7641673494776
0.288995 13.1045042556505 99.1684024620755
0.289495 13.1271768006005 98.9921483505398
0.289995 13.1498493455505 99.2134836958695
0.290495 13.1725218905005 99.5151628961682
0.290995 13.1951944354505 99.5020769792091
0.291495 13.2178669804005 99.7276808316075
0.291995 13.2405395253505 100.078645607193
0.292495 13.2632120703005 99.8935534059001
0.292995 13.2858846152505 100.127481131468
0.293495 13.3085571602005 100.332205441955
0.293995 13.3312297051505 100.555553727355
0.294495 13.3539022501005 100.84883557751
0.294995 13.3765747950505 100.641632436145
0.295495 13.3992473400005 101.121853682513
0.295995 13.4219198849505 101.264387112408
0.296495 13.4445924299005 101.390255507844
0.296995 13.4672649748505 101.663016659664
0.297495 13.4899375198005 101.702197979561
0.297995 13.5126100647505 102.677863906366
0.298495 13.5352826097005 101.8074206799
0.298995 13.5579551546505 102.163798313894
0.299495 13.5806276996005 102.721886682816
0.299995 13.6033002445505 102.774311755105
0.300495 13.6259727895005 102.884765155887
0.300995 13.6486453344505 103.254994724387
0.301495 13.6713178794005 102.963879738969
0.301995 13.6939904243505 103.32161026784
0.302495 13.7166629693005 103.52663522338
0.302995 13.7393355142505 103.983414532325
0.303495 13.7620080592005 104.555409148588
0.303995 13.7846806041505 104.376166834524
0.304495 13.8073531491005 104.262532546703
0.304995 13.8300256940505 104.562176031891
0.305495 13.8526982390005 104.828228573284
0.305995 13.8753707839505 105.255401309612
0.306495 13.8980433289005 105.250609033069
0.306995 13.9207158738505 105.562999619336
0.307495 13.9433884188005 105.913446232025
0.307995 13.9660609637505 105.685783352142
0.308495 13.9887335087005 106.44722102338
0.308995 14.0114060536505 106.753258142327
0.309495 14.0340785986005 107.027329647725
0.309995 14.0567511435505 107.624323337485
0.310495 14.0794236885005 107.38717647504
0.310995 14.1020962334505 107.353028037171
0.311495 14.1247687784005 107.887680624639
0.311995 14.1474413233505 108.608432945238
0.312495 14.1701138683005 108.546193851795
0.312995 14.1927864132505 108.882496675068
0.313495 14.2154589582005 108.911119863787
0.313995 14.2381315031505 109.116135389519
0.314495 14.2608040481005 109.856814647256
0.314995 14.2834765930505 109.999886258918
0.315495 14.3061491380005 110.836684581437
0.315995 14.3288216829505 110.156583748214
0.316495 14.3514942279005 111.004199192882
0.316995 14.3741667728505 111.227461235019
0.317495 14.3968393178005 111.669198180995
0.317995 14.4195118627505 111.515012447601
0.318495 14.4421844077005 112.006685326762
0.318995 14.4648569526505 112.698215570728
0.319495 14.4875294976005 112.804353509954
0.319995 14.5102020425505 113.110331177621
0.320495 14.5328745875005 113.45925769238
0.320995 14.5555471324505 113.537100317817
0.321495 14.5782196774005 114.204648229838
0.321995 14.6008922223505 114.64054028415
0.322495 14.6235647673005 114.846926810663
0.322995 14.6462373122505 114.674524234622
0.323495 14.6689098572005 115.735519800549
0.323995 14.6915824021505 116.065767651174
0.324495 14.7142549471005 116.004476809915
0.324995 14.7369274920505 116.911612815251
0.325495 14.7596000370005 116.73440955638
0.325995 14.7822725819505 117.357225584929
0.326495 14.8049451269005 117.838612933344
0.326995 14.8276176718505 117.781421944117
0.327495 14.8502902168005 117.771452747049
0.327995 14.8729627617505 119.388609428053
0.328495 14.8956353067005 118.960909542724
0.328995 14.9183078516505 119.027489755843
0.329495 14.9409803966005 119.913835519005
0.329995 14.9636529415505 120.313109357479
0.330495 14.9863254865005 120.969342678104
0.330995 15.0089980314505 121.055587497879
0.331495 15.0316705764005 121.534073429759
0.331995 15.0543431213505 121.849652119379
0.332495 15.0770156663005 122.453204510153
0.332995 15.0996882112505 122.867445762231
0.333495 15.1223607562005 123.012711936406
0.333995 15.1450333011505 123.694005190574
0.334495 15.1677058461005 124.407673431313
0.334995 15.1903783910505 124.352784742201
0.335495 15.2130509360005 124.814786111384
0.335995 15.2357234809505 125.653205636717
0.336495 15.2583960259005 125.49919719096
0.336995 15.2810685708505 126.424497581437
0.337495 15.3037411158005 126.389092779781
0.337995 15.3264136607505 127.457405243716
0.338495 15.3490862057005 127.094359369016
0.338995 15.3717587506505 127.67673584535
0.339495 15.3944312956005 128.007447502558
0.339995 15.4171038405505 128.841290901518
0.340495 15.4397763855005 129.704360332821
0.340995 15.4624489304505 129.457023135174
0.341495 15.4851214754005 129.672268791331
0.341995 15.5077940203505 130.431768828151
0.342495 15.5304665653005 130.57768893765
0.342995 15.5531391102505 132.028664882897
0.343495 15.5758116552005 131.504231848642
0.343995 15.5984842001505 132.404266719328
0.344495 15.6211567451005 132.856700644795
0.344995 15.6438292900505 133.017788700104
0.345495 15.6665018350005 134.015913000411
0.345995 15.6891743799505 134.134131982571
0.346495 15.7118469249005 134.697564514503
0.346995 15.7345194698505 135.210358654104
0.347495 15.7571920148005 135.59884258513
0.347995 15.7798645597505 136.017650397155
0.348495 15.8025371047005 136.666760882891
0.348995 15.8252096496505 136.874523555285
0.349495 15.8478821946005 137.625193706903
0.349995 15.8705547395505 138.314082935478
0.350495 15.8932272845005 138.40981575362
0.350995 15.9158998294505 138.702448324684
0.351495 15.9385723744005 139.650290639222
0.351995 15.9612449193505 139.844596386835
0.352495 15.9839174643005 140.692611066377
0.352995 16.0065900092505 141.110939888697
0.353495 16.0292625542005 140.918901230403
0.353995 16.0519350991505 142.220074200384
0.354495 16.0746076441005 142.725474730695
0.354995 16.0972801890505 142.799012291561
0.355495 16.1199527340005 143.375284373436
0.355995 16.1426252789505 143.77156059272
0.356495 16.1652978239005 144.644504914419
0.356995 16.1879703688505 145.249566941968
0.357495 16.2106429138005 145.508242711727
0.357995 16.2333154587505 146.119671486557
0.358495 16.2559880037005 147.041475552555
0.358995 16.2786605486505 147.202258074931
0.359495 16.3013330936005 147.854510611599
0.359995 16.3240056385505 148.169308497649
0.360495 16.3466781835005 149.194264684989
0.360995 16.3693507284505 148.818847016202
0.361495 16.3920232734005 149.657585087518
0.361995 16.4146958183505 150.069096567903
0.362495 16.4373683633005 151.305813436572
0.362995 16.4600409082505 152.159728944656
0.363495 16.4827134532005 152.470513086336
0.363995 16.5053859981505 152.696658240283
0.364495 16.5280585431005 152.887212692342
0.364995 16.5507310880505 154.49192660271
0.365495 16.5734036330005 155.257214593882
0.365995 16.5960761779505 154.88289064696
0.366495 16.6187487229005 155.94273751441
0.366995 16.6414212678505 155.994592607386
0.367495 16.6640938128005 156.933556604509
0.367995 16.6867663577505 158.193061620823
0.368495 16.7094389027005 159.149953961875
0.368995 16.7321114476505 159.211843198524
0.369495 16.7547839926005 159.144572479502
0.369995 16.7774565375505 160.237964469144
0.370495 16.8001290825005 160.792467917537
0.370995 16.8228016274505 161.277162688702
0.371495 16.8454741724005 161.868372808698
0.371995 16.8681467173505 162.753047282666
0.372495 16.8908192623005 163.510327566959
0.372995 16.9134918072505 164.130575461733
0.373495 16.9361643522005 164.771442117389
0.373995 16.9588368971505 165.135710249573
0.374495 16.9815094421005 165.946134108798
0.374995 17.0041819870505 165.963143792951
0.375495 17.0268545320005 166.612549274115
0.375995 17.0495270769505 167.465852545049
0.376495 17.0721996219005 169.135718166145
0.376995 17.0948721668505 169.470573133334
0.377495 17.1175447118005 169.901541815108
0.377995 17.1402172567505 170.300700890857
0.378495 17.1628898017005 171.368750894888
0.378995 17.1855623466505 171.713129797302
0.379495 17.2082348916005 172.81789701472
0.379995 17.2309074365505 173.843563825891
0.380495 17.2535799815005 174.758075198693
0.380995 17.2762525264505 175.27655495298
0.381495 17.2989250714005 175.214135176989
0.381995 17.3215976163505 176.457164067303
0.382495 17.3442701613005 176.309628648486
0.382995 17.3669427062505 177.338412436916
0.383495 17.3896152512005 178.010073278961
0.383995 17.4122877961505 179.10832893676
0.384495 17.4349603411005 179.353744149751
0.384995 17.4576328860505 180.724001697881
0.385495 17.4803054310005 180.883149192662
0.385995 17.5029779759505 176.261979338549
0.386495 17.5256505209005 164.966990903082
0.386995 17.5483230658505 151.630896808581
0.387495 17.5709956108005 140.011550072076
0.387995 17.5936681557505 129.555672229088
0.388495 17.6163407007005 121.066328037841
0.388995 17.6390132456505 113.238184911603
0.389495 17.6616857906005 105.854965555027
0.389995 17.6843583355505 98.8350682111921
0.390495 17.7070308805005 92.3071561277693
0.390995 17.7297034254505 86.2037256566919
0.391495 17.7523759704005 80.4902988705511
0.391995 17.7750485153505 75.0626889550279
0.392495 17.7977210603005 70.1753382193403
0.392995 17.8203936052505 65.927491853293
0.393495 17.8430661502005 62.5843817111245
0.393995 17.8657386951505 59.9481723937593
0.394495 17.8884112401005 57.9958596024448
0.394995 17.9110837850505 56.2169373507834
0.395495 17.9337563300005 54.5323989901173
0.395995 17.9564288749505 52.8888828972173
0.396495 17.9791014199005 51.2750875563483
0.396995 18.0017739648505 49.7498834995269
0.397495 18.0244465098005 48.2141719518458
0.397995 18.0471190547505 46.7242934133148
0.398495 18.0697915997005 45.2929572027139
0.398995 18.0924641446505 43.9103988860652
0.399495 18.1151366896005 42.6281190010055
0.399995 18.1378092345505 41.3943310453605
0.400495 18.1604817795005 40.198278890311
0.400995 18.1831543244505 39.0196711309489
0.401495 18.2058268694005 37.8163863466685
0.401995 18.2284994143505 36.6153619116589
0.402495 18.2511719593005 35.4384473862286
0.402995 18.2738445042505 34.1827720823578
0.403495 18.2965170492005 32.7718433674475
0.403995 18.3191895941505 31.1809016406918
0.404495 18.3418621391005 29.5372551450578
0.404995 18.3645346840505 27.705366000908
0.405495 18.3872072290005 25.7963301352246
0.405995 18.4098797739505 23.7089032710506
0.406495 18.4325523189005 21.4647745086238
0.406995 18.4552248638505 19.1058014896789
0.407495 18.4778974088005 16.5910666072366
0.407995 18.5005699537505 13.9368986405608
0.408495 18.5232424987005 11.1258307769767
0.408995 18.5459150436505 8.16307756064399
0.409495 18.5685875886005 4.96455622672068
0.409995 18.5912601335505 2.01695276889459
0.410495 18.6139326785005 -0.428652110466985
0.410995 18.6366052234505 -2.98552075862161
0.411495 18.6592777684005 -5.77043209153149
0.411995 18.6819503133505 -8.78536888089343
0.412495 18.7046228583005 -12.0604681685482
0.412995 18.7272954032505 -15.5640847437197
0.413495 18.7499679482005 -19.3802098415875
0.413995 18.7726404931505 -23.1890050640115
0.414495 18.7953130381005 -26.576884780446
0.414995 18.8179855830505 -26.4041175436307
0.415495 18.8406581280005 -27.0902074413644
0.415995 18.8633306729505 -27.2623124629216
0.416495 18.8860032179005 -25.4349439393855
0.416995 18.9086757628505 -21.9239534281336
0.417495 18.9313483078005 -18.0420419467642
0.417995 18.9540208527505 -13.2833920578642
0.418495 18.9766933977005 -8.63507258175373
0.418995 18.9993659426505 -5.08752057508104
0.419495 19.0220384876005 -2.72612690236371
0.419995 19.0447110325505 -2.99342237812705
0.420495 19.0673835775005 -3.4693027438898
0.420995 19.0900561224505 -4.12701135081348
0.421495 19.1127286674005 -5.15434194487459
0.421995 19.1354012123505 -5.62860231293834
0.422495 19.1580737573005 -6.8706268218939
0.422995 19.1807463022505 -7.92815825570749
0.423495 19.2034188472005 -7.70154601918062
0.423995 19.2260913921505 -7.09829121141913
0.424495 19.2487639371005 -5.55234218024107
0.424995 19.2714364820505 -4.93123529132311
0.425495 19.2941090270005 -3.90785290650512
0.425995 19.3167815719505 -3.22557937380374
0.426495 19.3394541169005 -2.51362981128722
0.426995 19.3621266618505 -1.11193865686194
0.427495 19.3847992068005 -0.556420312098522
0.427995 19.4074717517505 -0.375251124924822
0.428495 19.4301442967005 -0.0404301472081423
0.428995 19.4528168416505 0.165265328320718
0.429495 19.4754893866005 0.557941200486351
0.429995 19.4981619315505 0.464215395820528
0.430495 19.5208344765005 0.521825438856106
0.430995 19.5435070214505 0.15657720057777
0.431495 19.5661795664005 -0.21813448530955
0.431995 19.5888521113505 -0.492961648705956
0.432495 19.6115246563005 -0.514094831635335
0.432995 19.6341972012505 -0.461808837631412
0.433495 19.6568697462005 0.0663366702111848
0.433995 19.6795422911505 0.647397776603527
0.434495 19.7022148361005 1.57850136900258
0.434995 19.7248873810505 2.33205976403757
0.435495 19.7475599260005 2.8205363690109
0.435995 19.7702324709505 3.15580473844749
0.436495 19.7929050159005 3.52441965843298
0.436995 19.8155775608505 3.77144981139
0.437495 19.8382501058005 4.00085929062944
0.437995 19.8609226507505 4.20193588160973
0.438495 19.8835951957005 4.44907747440903
0.438995 19.9062677406505 4.64630513406992
0.439495 19.9289402856005 4.97656385918971
0.439995 19.9516128305505 5.20284173679298
0.440495 19.9742853755005 5.04878790706258
0.440995 19.9969579204505 4.90788472248845
0.441495 20.0196304654005 4.86215773189276
0.441995 20.0423030103505 4.55091344905113
0.442495 20.0649755553005 3.7721198929041
0.442995 20.0876481002505 3.38822110939878
0.443495 20.1103206452005 2.94540973870367
0.443995 20.1329931901505 2.62236988977481
0.444495 20.1556657351005 1.90089852052822
0.444995 20.1783382800505 0.979630262167608
0.445495 20.2010108250005 -0.168271835369683
0.445995 20.2236833699505 -0.661921670501422
0.446495 20.2463559149005 -1.49929597868188
0.446995 20.2690284598505 -2.11241205285323
0.447495 20.2917010048005 -2.44032090797678
0.447995 20.3143735497505 -2.51945323343785
0.448495 20.3370460947005 -2.7068438754163
0.448995 20.3597186396505 -2.66253058550239
0.449495 20.3823911846005 -2.79913846484246
0.449995 20.4050637295505 -2.61164026879387
0.450495 20.4277362745005 -2.72498768094411
0.450995 20.4504088194505 -2.91185419745398
0.451495 20.4730813644005 -2.99061423726839
0.451995 20.4957539093505 -3.29756575024326
0.452495 20.5184264543005 -3.21813085498923
0.452995 20.5410989992505 -3.68363637804372
0.453495 20.5637715442005 -3.25121186653344
0.453995 20.5864440891505 -2.96339727877186
0.454495 20.6091166341005 -2.68382957282202
0.454995 20.6317891790505 -2.08593158154922
0.455495 20.6544617240005 -1.47741058940382
0.455995 20.6771342689505 -0.818289357971469
0.456495 20.6998068139005 -0.475282025885371
0.456995 20.7224793588505 -0.17129152613621
0.457495 20.7451519038005 -0.253202771087501
0.457995 20.7678244487505 -0.124825851966628
0.458495 20.7904969937005 -0.276664359084441
0.458995 20.8131695386505 -0.335860925979889
0.459495 20.8358420836005 -0.515343896097906
0.459995 20.8585146285505 -0.473785378995778
0.460495 20.8811871735005 -0.824467651948435
0.460995 20.9038597184505 -0.76697353633147
0.461495 20.9265322634005 -0.427748721191803
0.461995 20.9492048083505 0.461116829516596
0.462495 20.9718773533005 0.966563256720864
0.462995 20.9945498982505 1.39887706138272
0.463495 21.0172224432005 1.89661676796983
0.463995 21.0398949881505 2.6725129800457
0.464495 21.0625675331005 3.00769431408421
0.464995 21.0852400780505 3.42073259505093
0.465495 21.1079126230005 3.43381022442807
0.465995 21.1305851679505 3.36499747774627
0.466495 21.1532577129005 2.75335002636909
0.466995 21.1759302578505 2.40383075739449
0.467495 21.1986028028005 2.02133692731473
0.467995 21.2212753477505 1.81917941143099
0.468495 21.2439478927005 1.59261655311591
0.468995 21.2666204376505 1.16490230958917
0.469495 21.2892929826005 0.791534883313709
0.469995 21.3119655275505 0.68520277994426
0.470495 21.3346380725005 0.390442123798064
0.470995 21.3573106174505 0.134352520562571
0.471495 21.3799831624005 0.119553730542551
0.471995 21.4026557073505 -0.0102081831732243
0.472495 21.4253282523005 -0.0989903913797281
0.472995 21.4480007972505 -0.306210732817674
0.473495 21.4706733422005 -0.435336101212549
0.473995 21.4933458871505 -0.555352965570064
0.474495 21.5160184321005 -0.424323166197599
0.474995 21.5386909770505 -0.591828690618363
0.475495 21.5613635220005 -0.719523401472147
0.475995 21.5840360669505 -0.555506637273639
0.476495 21.6067086119005 -0.442951184440619
0.476995 21.6293811568505 -0.548407370293321
0.477495 21.6520537018005 -0.691258276289733
0.477995 21.6747262467505 -0.70426603313317
0.478495 21.6973987917005 -0.981565094543165
0.478995 21.7200713366505 -1.09725048425675
0.479495 21.7427438816005 -1.11770246715612
0.479995 21.7654164265505 -1.04095071328001
0.480495 21.7880889715005 -1.18669605739436
0.480995 21.8107615164505 -0.962007398596156
0.481495 21.8334340614005 -1.09565371332164
0.481995 21.8561066063505 -1.17853658806856
0.482495 21.8787791513005 -1.19807119885898
0.482995 21.9014516962505 -1.19645752835755
0.483495 21.9241242412005 -1.33697797591348
0.483995 21.9467967861505 -1.13380353852696
0.484495 21.9694693311005 -1.16683272684551
0.484995 21.9921418760505 -0.942091745844341
0.485495 22.0148144210005 -0.786197033055314
0.485995 22.0374869659505 -0.495230991461406
0.486495 22.0601595109005 -0.264498727575035
0.486995 22.0828320558505 0.112937366228228
0.487495 22.1055046008005 0.33449479953843
0.487995 22.1281771457505 0.28731096917442
0.488495 22.1508496907005 0.417504887902809
0.488995 22.1735222356505 0.556488489364138
0.489495 22.1961947806005 0.73299133630927
0.489995 22.2188673255505 0.829625606489957
0.490495 22.2415398705005 1.02488741476477
0.490995 22.2642124154505 1.20510832803395
0.491495 22.2868849604005 1.61321232228274
0.491995 22.3095575053505 1.83840125091734
0.492495 22.3322300503005 2.16169362135286
0.492995 22.3549025952505 2.11056565905881
0.493495 22.3775751402005 2.15404431975405
0.493995 22.4002476851505 2.46088149317736
0.494495 22.4229202301005 2.64192031353951
0.494995 22.4455927750505 2.58387392157465
0.495495 22.4682653200005 2.6007669268249
0.495995 22.4909378649505 2.13950136553602
0.496495 22.5136104099005 1.7746042938689
0.496995 22.5362829548505 1.15546135450613
0.497495 22.5589554998005 0.645606231298874
0.497995 22.5816280447505 0.146152545461734
0.498495 22.6043005897005 0.124072128089418
0.498995 22.6269731346505 -0.435470172137367
0.499495 22.6496456796005 -0.56006082803892
0.499995 22.6723182245505 -0.798111131263628
