# Fix print output for fix Step
0 0 -1.59916956255998
0.000495000000000087 0.0265268775915047 2.97740713652983
0.000995000000000165 0.0533217034415088 0.587281105795198
0.00149500000000003 0.0801165292915016 3.74332859408866
0.00199500000000011 0.106911355141506 0.534793354322674
0.00249499999999997 0.133706180991499 3.98393418660436
0.00299500000000005 0.160501006841503 2.88679837142996
0.00349500000000013 0.187295832691507 4.32427427301168
0.00399499999999999 0.2140906585415 3.29548714610409
0.00449500000000007 0.240885484391504 3.63697146462467
0.00499500000000015 0.267680310241508 5.1827503510848
0.00549500000000001 0.294475136091501 4.5052383616838
0.00599500000000009 0.321269961941505 6.33760842933418
0.00649500000000017 0.348064787791509 4.19832590561829
0.00699500000000003 0.374859613641502 7.15908616243126
0.00749500000000011 0.401654439491506 5.14949642867947
0.00799500000000019 0.42844926534151 8.85674160903473
0.00849500000000005 0.455244091191503 5.01442566759675
0.00899500000000013 0.482038917041507 9.31164221015612
0.00949500000000021 0.508833742891511 5.80686618358285
0.00999500000000007 0.535628568741504 10.3936993192359
0.0104950000000001 0.562423394591508 6.92385554821213
0.010995 0.589218220441501 10.3649528901779
0.0114950000000001 0.616013046291505 7.50856201157644
0.0119950000000002 0.642807872141509 11.0551480802779
0.012495 0.669602697991502 9.40941757246993
0.0129950000000001 0.696397523841506 11.0703819823032
0.013495 0.723192349691499 10.3570200782223
0.0139950000000001 0.749987175541503 11.0341928746605
0.0144950000000001 0.776782001391507 11.7414668071004
0.014995 0.8035768272415 11.4158385097995
0.0154950000000001 0.830371653091504 12.6932105724239
0.0159950000000002 0.857166478941508 11.3950979594827
0.016495 0.883961304791501 13.6285388700911
0.0169950000000001 0.910756130641505 12.140869343361
0.0174950000000002 0.937550956491509 14.7030521227412
0.017995 0.964345782341502 12.2062827895243
0.0184950000000001 0.991140608191506 15.111508178728
0.0189950000000002 1.01793543404151 13.1731803397681
0.0194950000000001 1.0447302598915 16.3271668698801
0.0199950000000001 1.07152508574151 13.6671011537345
0.0204950000000002 1.09831991159151 16.3912820732001
0.0209950000000001 1.1251147374415 14.6082628855253
0.0214950000000002 1.15190956329151 17.2447887476005
0.021995 1.1787043891415 15.7044803761774
0.0224950000000001 1.20549921499151 17.1954363276477
0.0229950000000002 1.23229404084151 16.4327154817834
0.023495 1.2590888666915 17.7086098305859
0.0239950000000001 1.28588369254151 17.8691780778912
0.024495 1.3126785183915 17.9749631079384
0.0249950000000001 1.3394733442415 18.326118700306
0.0254950000000001 1.36626817009151 18.1176140473425
0.025995 1.3930629959415 19.7176325008812
0.0264950000000001 1.4198578217915 18.7248883332033
0.0269950000000002 1.44665264764151 20.4114284367104
0.027495 1.4734474734915 18.8797610612998
0.0279950000000001 1.50024229934151 21.2345096646877
0.0284950000000002 1.52703712519151 19.5613257941028
0.028995 1.5538319510415 22.0221330645652
0.0294950000000001 1.58062677689151 20.0836369575109
0.0299950000000002 1.60742160274151 22.4865816935886
0.0304950000000001 1.6342164285915 20.7471209984492
0.0309950000000001 1.66101125444151 23.1791799861292
0.0314950000000002 1.68780608029151 21.4770054646916
0.0319950000000001 1.7146009061415 23.5575747574652
0.0324950000000002 1.74139573199151 22.0300983015102
0.032995 1.7681905578415 23.931499744798
0.0334950000000001 1.79498538369151 22.9819670067495
0.0339950000000002 1.82178020954151 24.4230919570351
0.034495 1.8485750353915 23.8817312976827
0.0349950000000001 1.87536986124151 24.8321727065924
0.035495 1.9021646870915 24.4627410943376
0.0359950000000001 1.9289595129415 25.1472082070783
0.0364950000000001 1.95575433879151 25.4866386259644
0.036995 1.9825491646415 25.5410732854947
0.0374950000000001 2.0093439904915 26.1908322468979
0.0379950000000002 2.03613881634151 26.037538631327
0.038495 2.0629336421915 27.1049032502624
0.0389950000000001 2.08972846804151 26.5906675464201
0.0394950000000002 2.11652329389151 27.7005201146554
0.039995 2.1433181197415 26.929212244514
0.0404950000000001 2.17011294559151 28.4633029384207
0.0409950000000002 2.19690777144151 27.4909816350382
0.0414950000000001 2.2237025972915 28.9378656736578
0.0419950000000001 2.25049742314151 27.8882749057633
0.042495 2.2772922489915 29.6594865475907
0.0429950000000001 2.3040870748415 28.5389061502156
0.0434950000000002 2.33088190069151 30.0951908287345
0.043995 2.3576767265415 29.0081412301576
0.0444950000000001 2.38447155239151 30.4996008964755
0.0449950000000002 2.41126637824151 29.8502505530836
0.045495 2.4380612040915 31.332044353025
0.0459950000000001 2.46485602994151 30.4993913315587
0.046495 2.4916508557915 31.6533410903662
0.0469950000000001 2.5184456816415 31.3365963729174
0.0474950000000001 2.54524050749151 32.1541835162518
0.047995 2.5720353333415 31.8377478647164
0.0484950000000001 2.5988301591915 32.3868852592809
0.0489950000000002 2.62562498504151 32.4488218597846
0.049495 2.6524198108915 32.9655162249611
0.0499950000000001 2.67921463674151 33.3820379911434
0.0504950000000002 2.70600946259151 33.3534585889693
0.050995 2.7328042884415 33.8865424334725
0.0514950000000001 2.75959911429151 33.907015922068
0.0519950000000002 2.78639394014151 34.504380117275
0.0524950000000001 2.8131887659915 34.281232751469
0.0529950000000001 2.83998359184151 35.2128817346986
0.0534950000000002 2.86677841769151 34.8263178099787
0.0539950000000001 2.8935732435415 35.6935330418628
0.0544950000000002 2.92036806939151 35.2496511956915
0.054995 2.9471628952415 36.5213829532259
0.0554950000000001 2.97395772109151 35.7362053130719
0.0559950000000002 3.00075254694151 36.9354121592401
0.0564950000000001 3.0275473727915 36.1587613803296
0.0569950000000001 3.05434219864151 37.3071046730168
0.057495 3.0811370244915 36.7663767094094
0.0579950000000001 3.1079318503415 38.0740815320387
0.0584950000000001 3.13472667619151 37.2516154787605
0.058995 3.1615215020415 38.4593721563075
0.0594950000000001 3.1883163278915 37.8222908911481
0.0599950000000002 3.21511115374151 39.0659086844205
0.060495 3.2419059795915 38.4486685781986
0.0609950000000001 3.26870080544151 39.6433703434653
0.0614950000000002 3.29549563129151 39.1262692499689
0.0619950000000001 3.3222904571415 39.8805572780861
0.0624950000000001 3.34908528299151 39.457305076836
0.0629950000000002 3.37588010884151 40.4701020361745
0.0634950000000001 3.4026749346915 40.2874931505194
0.0639950000000001 3.42946976054151 40.9111882733581
0.064495 3.4562645863915 40.8764154825321
0.0649950000000001 3.4830594122415 41.2887639143608
0.0654950000000002 3.50985423809151 41.371129389048
0.065995 3.5366490639415 41.7200668132636
0.0664950000000001 3.56344388979151 42.0066392682421
0.0669950000000002 3.59023871564151 42.185727888891
0.0674950000000001 3.6170335414915 42.4584197059837
0.0679950000000001 3.64382836734151 42.5624003395551
0.068495 3.6706231931915 43.1024504265756
0.0689950000000001 3.6974180190415 43.15878280577
0.0694950000000002 3.72421284489151 43.620533701784
0.069995 3.7510076707415 43.4829493532796
0.0704950000000001 3.77780249659151 44.1557414619567
0.0709950000000002 3.80459732244151 43.9297567530038
0.071495 3.8313921482915 44.6191834858447
0.0719950000000001 3.85818697414151 44.2749649488284
0.0724950000000002 3.88498179999151 45.0410302730281
0.0729950000000001 3.9117766258415 44.9291306574824
0.0734950000000001 3.93857145169151 45.6640823629759
0.0739950000000002 3.96536627754151 45.3438715179539
0.0744950000000001 3.9921611033915 46.0031681114151
0.0749950000000002 4.01895592924151 45.8521763487253
0.0754950000000002 4.04575075509151 46.7268171748443
0.0759950000000001 4.07254558094151 46.4318275556741
0.0764950000000002 4.09934040679151 47.0485765181856
0.076995 4.1261352326415 46.8081047970323
0.0774950000000001 4.15293005849151 47.5438509568415
0.077995 4.1797248843415 47.4240428271738
0.0784950000000001 4.2065197101915 48.0090071417793
0.0789950000000001 4.23331453604151 47.7841370879823
0.079495 4.2601093618915 48.2652335681161
0.0799950000000001 4.2869041877415 48.2694876056487
0.0804950000000001 4.31369901359151 48.8524185094674
0.080995 4.3404938394415 48.7186636161527
0.0814950000000001 4.36728866529151 49.252389067219
0.0819950000000002 4.39408349114151 49.3926313433343
0.082495 4.4208783169915 50.0176150160719
0.0829950000000001 4.44767314284151 49.8501829119777
0.0834950000000002 4.47446796869151 50.1009239325223
0.0839950000000001 4.5012627945415 50.0860042031257
0.0844950000000001 4.52805762039151 50.6532559628082
0.0849950000000002 4.55485244624151 50.7962257429943
0.0854950000000001 4.5816472720915 51.0300967805655
0.0859950000000002 4.60844209794151 51.2025432174587
0.086495 4.6352369237915 51.6018589328913
0.0869950000000001 4.66203174964151 51.6381350385974
0.0874950000000002 4.68882657549151 51.8814770837119
0.087995 4.7156214013415 52.1846617308368
0.0884950000000001 4.74241622719151 52.3903130883202
0.0889950000000002 4.76921105304151 52.444293998482
0.0894950000000001 4.7960058788915 52.6302872040392
0.0899950000000001 4.82280070474151 53.0980720561281
0.090495 4.8495955305915 53.2739409593414
0.0909950000000001 4.8763903564415 53.4242332636851
0.0914950000000002 4.90318518229151 53.598210707688
0.091995 4.9299800081415 53.9590020947002
0.0924950000000001 4.95677483399151 53.8634837777581
0.0929950000000002 4.98356965984151 54.3791990681371
0.0934950000000001 5.0103644856915 54.4472350068129
0.0939950000000001 5.03715931154151 54.9786328772269
0.0944950000000002 5.06395413739151 54.7230019820033
0.0949950000000001 5.0907489632415 55.1944786356401
0.0954950000000001 5.11754378909151 55.087708224333
0.0959950000000002 5.14433861494151 55.660711397925
0.0964950000000001 5.1711334407915 55.7414787693935
0.0969950000000002 5.19792826664151 56.1506384179156
0.097495 5.2247230924915 55.9776305113491
0.0979950000000001 5.25151791834151 56.58951329678
0.0984950000000002 5.27831274419151 56.4910490476174
0.098995 5.3051075700415 56.8410479969207
0.0994950000000001 5.33190239589151 56.8914750369021
0.099995 5.3586972217415 57.292082639953
0.100495 5.3854920475915 57.2738365803067
0.100995 5.41228687344151 57.7170959940604
0.101495 5.4390816992915 57.6544455015902
0.101995 5.46587652514151 58.1104204902564
0.102495 5.49267135099151 58.0142536258007
0.102995 5.5194661768415 58.4217482162642
0.103495 5.54626100269151 58.5770717183153
0.103995 5.57305582854151 58.8263478970243
0.104495 5.5998506543915 58.8496807767729
0.104995 5.62664548024151 59.1573500298284
0.105495 5.65344030609151 59.3117489165238
0.105995 5.6802351319415 59.4185693261858
0.106495 5.70702995779151 59.7534190554888
0.106995 5.73382478364151 60.0491806602744
0.107495 5.7606196094915 60.213992199424
0.107995 5.78741443534151 60.1501354843717
0.108495 5.8142092611915 60.4316456786437
0.108995 5.84100408704151 60.5372384899831
0.109495 5.86779891289151 61.0746464327397
0.109995 5.8945937387415 61.1364825603318
0.110495 5.92138856459151 61.2753268058659
0.110995 5.9481833904415 61.2367899026355
0.111495 5.9749782162915 61.6866483843844
0.111995 6.00177304214151 61.7495796110441
0.112495 6.0285678679915 62.1310834044861
0.112995 6.0553626938415 62.2027760805218
0.113495 6.08215751969151 62.4070549313977
0.113995 6.1089523455415 62.4126578559138
0.114495 6.13574717139151 62.615542429038
0.114995 6.16254199724151 62.7330794623113
0.115495 6.1893368230915 63.0707678239124
0.115995 6.21613164894151 63.1536093226247
0.116495 6.24292647479151 63.5243544356874
0.116995 6.2697213006415 63.3816171144988
0.117495 6.29651612649151 63.6573835883539
0.117995 6.32331095234151 63.811428055559
0.118495 6.35010577819151 64.0883523778037
0.118995 6.37690060404151 64.0850388638447
0.119495 6.40369542989151 64.4022583729194
0.119995 6.43049025574151 64.5703351276431
0.120495 6.45728508159151 64.8711467466666
0.120995 6.4840799074415 64.8298976046149
0.121495 6.51087473329151 65.0116330046421
0.121995 6.5376695591415 65.1826459846845
0.122495 6.5644643849915 65.5553558502542
0.122995 6.59125921084151 65.5604653965094
0.123495 6.6180540366915 65.7804590428418
0.123995 6.64484886254151 65.7660180293536
0.124495 6.67164368839151 66.1214787892652
0.124995 6.6984385142415 66.2532922913409
0.125495 6.72523334009151 66.5931580833972
0.125995 6.75202816594151 66.5485271669543
0.126495 6.7788229917915 66.5983880924321
0.126995 6.80561781764151 66.9011815853878
0.127495 6.83241264349151 67.0986724227646
0.127995 6.8592074693415 67.245066666441
0.128495 6.88600229519151 67.5037280329917
0.128995 6.91279712104151 67.5277417340024
0.129495 6.93959194689151 67.6991437374788
0.129995 6.96638677274151 67.9795790043827
0.130495 6.9931815985915 67.9311059540476
0.130995 7.01997642444151 68.2388240262995
0.131495 7.04677125029151 68.3413514702643
0.131995 7.0735660761415 68.547741303374
0.132495 7.10036090199151 68.6915567073245
0.132995 7.1271557278415 68.7699600100974
0.133495 7.1539505536915 68.8742651771339
0.133995 7.18074537954151 69.2237378210552
0.134495 7.2075402053915 69.2676377730958
0.134995 7.23433503124151 69.5426421650061
0.135495 7.26112985709151 69.4934190788966
0.135995 7.2879246829415 69.7089130117578
0.136495 7.31471950879151 69.9400244638576
0.136995 7.34151433464151 70.1434257874471
0.137495 7.3683091604915 70.1206721972297
0.137995 7.39510398634151 70.294340038569
0.138495 7.42189881219151 70.4394751943854
0.138995 7.4486936380415 70.7287791542698
0.139495 7.47548846389151 70.7528592479339
0.139995 7.50228328974151 70.9325196975344
0.140495 7.52907811559151 70.9433763068204
0.140995 7.55587294144151 71.1665132678226
0.141495 7.58266776729151 71.234899752712
0.141995 7.60946259314151 71.4401256325022
0.142495 7.63625741899151 71.4356743405223
0.142995 7.6630522448415 71.7247943389007
0.143495 7.68984707069151 71.9776966944645
0.143995 7.7166418965415 72.0772886760699
0.144495 7.7434367223915 72.0578676221717
0.144995 7.77023154824151 72.2316096317717
0.145495 7.7970263740915 72.2420540718209
0.145995 7.82382119994151 72.6468045803631
0.146495 7.85061602579151 72.5527561363402
0.146995 7.8774108516415 72.786127703769
0.147495 7.90420567749151 72.8631243674547
0.147995 7.93100050334151 73.221931909989
0.148495 7.9577953291915 73.172837703783
0.148995 7.98459015504151 73.2326292723052
0.149495 8.01138498089151 73.3936359221655
0.149995 8.03817980674151 73.6871427856097
0.150495 8.06497463259151 73.7072597825697
0.150995 8.09176945844151 73.8268553378156
0.151495 8.11856428429151 73.8670292512706
0.151995 8.14535911014151 74.1904609498693
0.152495 8.1721539359915 74.1467559666864
0.152995 8.19894876184151 74.3622646585463
0.153495 8.2257435876915 74.4445717741893
0.153995 8.2525384135415 74.6695497589515
0.154495 8.27933323939151 74.7199366771431
0.154995 8.3061280652415 74.8228924782529
0.155495 8.3329228910915 74.9951126985117
0.155995 8.35971771694151 75.0867812708737
0.156495 8.3865125427915 75.0693251563366
0.156995 8.41330736864151 75.3809276221833
0.157495 8.44010219449151 75.4854961638095
0.157995 8.4668970203415 75.6747261102946
0.158495 8.49369184619151 75.6656930789969
0.158995 8.52048667204151 75.7253236441017
0.159495 8.5472814978915 75.8459636743465
0.159995 8.57407632374151 76.2217831792028
0.160495 8.60087114959151 76.2668512475491
0.160995 8.62766597544151 76.1587579916316
0.161495 8.65446080129151 76.3449050460745
0.161995 8.6812556271415 76.6658118775438
0.162495 8.70805045299151 76.7173819004795
0.162995 8.73484527884151 76.7782682814682
0.163495 8.7616401046915 76.8217346567794
0.163995 8.78843493054151 76.9857485938723
0.164495 8.8152297563915 77.079970084949
0.164995 8.8420245822415 77.1464594041478
0.165495 8.86881940809151 77.2103619746587
0.165995 8.8956142339415 77.4831750119924
0.166495 8.92240905979151 77.5734984570722
0.166995 8.94920388564151 77.6474571442178
0.167495 8.9759987114915 77.6900234444687
0.167995 9.00279353734151 77.8210428612015
0.168495 9.02958836319151 77.8784398979727
0.168995 9.0563831890415 78.0021099701773
0.169495 9.08317801489151 78.0839028426932
0.169995 9.10997284074151 78.1884341493307
0.170495 9.1367676665915 78.4322604315679
0.170995 9.16356249244151 78.491985680551
0.171495 9.19035731829151 78.5642985744848
0.171995 9.2171521441415 78.6285605544239
0.172495 9.24394696999151 78.8423567354901
0.172995 9.27074179584151 78.977736023971
0.173495 9.29753662169151 78.9550627111361
0.173995 9.32433144754151 78.9619678599749
0.174495 9.3511262733915 79.0195332402346
0.174995 9.37792109924151 79.3234319158897
0.175495 9.40471592509151 79.4270416543905
0.175995 9.4315107509415 79.4706803302151
0.176495 9.45830557679151 79.5140708322486
0.176995 9.4851004026415 79.6677342824003
0.177495 9.51189522849151 79.7502203404641
0.177995 9.53869005434151 79.8617781092749
0.178495 9.5654848801915 79.852547958469
0.178995 9.59227970604151 80.0344063580244
0.179495 9.61907453189151 80.0566867204461
0.179995 9.6458693577415 80.2940112556917
0.180495 9.67266418359151 80.4000895995648
0.180995 9.69945900944151 80.2429912086584
0.181495 9.72625383529151 80.4184691675207
0.181995 9.75304866114151 80.6687140369035
0.182495 9.77984348699151 80.6805788372472
0.182995 9.80663831284151 80.6804944925841
0.183495 9.83343313869151 80.6601777520407
0.183995 9.8602279645415 80.9011335716409
0.184495 9.88702279039151 81.0612659941044
0.184995 9.9138176162415 81.2858449914416
0.185495 9.9406124420915 81.0941576206217
0.185995 9.96740726794151 81.1757910457678
0.186495 9.9942020937915 81.3569373171662
0.186995 10.0209969196415 81.542394973498
0.187495 10.0477917454915 81.6135787363324
0.187995 10.0745865713415 81.6196511270073
0.188495 10.1013813971915 81.6332131806451
0.188995 10.1281762230415 81.8243331319854
0.189495 10.1549710488915 81.881898224135
0.189995 10.1817658747415 82.1140152243174
0.190495 10.2085607005915 81.9529189375658
0.190995 10.2353555264415 82.1587154048117
0.191495 10.2621503522915 82.317608294107
0.191995 10.2889451781415 82.3528038446144
0.192495 10.3157400039915 82.406111179052
0.192995 10.3425348298415 82.5018170170974
0.193495 10.3693296556915 82.602390649136
0.193995 10.3961244815415 82.7424827596922
0.194495 10.4229193073915 82.7113714615425
0.194995 10.4497141332415 82.8682938657055
0.195495 10.4765089590915 82.9593020240767
0.195995 10.5033037849415 82.9452932869929
0.196495 10.5300986107915 83.1002257949423
0.196995 10.5568934366415 83.3153106091517
0.197495 10.5836882624915 83.2841735557366
0.197995 10.6104830883415 83.3544973502099
0.198495 10.6372779141915 83.4435789754298
0.198995 10.6640727400415 83.4768117091844
0.199495 10.6908675658915 83.564687456138
0.199995 10.7176623917415 83.7071539375619
0.200495 10.7444572175915 83.7084819735261
0.200995 10.7712520434415 83.7169517782307
0.201495 10.7980468692915 83.9372510078793
0.201995 10.8248416951415 84.0778771748206
0.202495 10.8516365209915 83.9503918036637
0.202995 10.8784313468415 84.049236152983
0.203495 10.9052261726915 84.1804172648288
0.203995 10.9320209985415 84.2948184767372
0.204495 10.9588158243915 84.2376430000502
0.204995 10.9856106502415 84.4279856352233
0.205495 11.0124054760915 84.5701230447354
0.205995 11.0392003019415 84.5622489164297
0.206495 11.0659951277915 84.7172535241194
0.206995 11.0927899536415 84.7106457872316
0.207495 11.1195847794915 84.9705002562486
0.207995 11.1463796053415 84.8628056367899
0.208495 11.1731744311915 84.9294700207694
0.208995 11.1999692570415 85.1753090417728
0.209495 11.2267640828915 85.1692322819142
0.209995 11.2535589087415 85.2418556797157
0.210495 11.2803537345915 85.2249218683198
0.210995 11.3071485604415 85.4462163866163
0.211495 11.3339433862915 85.3692190702343
0.211995 11.3607382121415 85.5036365495986
0.212495 11.3875330379915 85.5121784146435
0.212995 11.4143278638415 85.6202578432142
0.213495 11.4411226896915 85.6797749098728
0.213995 11.4679175155415 85.713988381017
0.214495 11.4947123413915 85.6729972843663
0.214995 11.5215071672415 85.898773594979
0.215495 11.5483019930915 86.1399914167161
0.215995 11.5750968189415 86.2141609888247
0.216495 11.6018916447915 86.0417247620893
0.216995 11.6286864706415 86.0452708945609
0.217495 11.6554812964915 86.3398494992528
0.217995 11.6822761223415 86.4229703334827
0.218495 11.7090709481915 86.3429726439606
0.218995 11.7358657740415 86.4464146928011
0.219495 11.7626605998915 86.4472693745797
0.219995 11.7894554257415 86.8273595771256
0.220495 11.8162502515915 86.6906417871961
0.220995 11.8430450774415 86.6790838154143
0.221495 11.8698399032915 86.7186182294162
0.221995 11.8966347291415 86.9801808335527
0.222495 11.9234295549915 86.9839082613651
0.222995 11.9502243808415 86.910296244173
0.223495 11.9770192066915 87.0705799368589
0.223995 12.0038140325415 87.2593324538095
0.224495 12.0306088583915 87.2040384937832
0.224995 12.0574036842415 87.3133854971135
0.225495 12.0841985100915 87.27958274803
0.225995 12.1109933359415 87.5660423271574
0.226495 12.1377881617915 87.5549027958073
0.226995 12.1645829876415 87.660170208384
0.227495 12.1913778134915 87.581003432268
0.227995 12.2181726393415 87.6736706268918
0.228495 12.2449674651915 87.8732693538667
0.228995 12.2717622910415 87.8763451141525
0.229495 12.2985571168915 88.0337364913282
0.229995 12.3253519427415 88.0115526776869
0.230495 12.3521467685915 88.1815136401003
0.230995 12.3789415944415 88.2653635365129
0.231495 12.4057364202915 88.2405300810112
0.231995 12.4325312461415 88.3479810177181
0.232495 12.4593260719915 88.3669192434599
0.232995 12.4861208978415 88.5634938503885
0.233495 12.5129157236915 88.4596302453027
0.233995 12.5397105495415 88.7318230999928
0.234495 12.5665053753915 88.7035274477528
0.234995 12.5933002012415 88.8167360337914
0.235495 12.6200950270915 88.7660391471084
0.235995 12.6468898529415 89.0220744133671
0.236495 12.6736846787915 89.0525862942399
0.236995 12.7004795046415 89.0687049464907
0.237495 12.7272743304915 89.0362352250429
0.237995 12.7540691563415 89.0218872370677
0.238495 12.7808639821915 89.3716252717525
0.238995 12.8076588080415 89.2317157628181
0.239495 12.8344536338915 89.5031680036135
0.239995 12.8612484597415 89.3777131038574
0.240495 12.8880432855915 89.7043081113765
0.240995 12.9148381114415 89.6023577822318
0.241495 12.9416329372915 89.8568376585744
0.241995 12.9684277631415 89.6755866224446
0.242495 12.9952225889915 90.0650617609853
0.242995 13.0220174148415 89.9797809129905
0.243495 13.0488122406915 90.1644235531492
0.243995 13.0756070665415 89.7678846111937
0.244495 13.1024018923915 90.2440579475917
0.244995 13.1291967182415 90.1319670255488
0.245495 13.1559915440915 90.6571529706671
0.245995 13.1827863699415 90.384426460659
0.246495 13.2095811957915 90.4152802597212
0.246995 13.2363760216415 90.5370720563095
0.247495 13.2631708474915 90.7186196955465
0.247995 13.2899656733415 90.535784530988
0.248495 13.3167604991915 90.7757336987218
0.248995 13.3435553250415 90.7753169319126
0.249495 13.3703501508915 91.0422787767595
0.249995 13.3971449767415 90.7012661869913
0.250495 13.4239398025915 90.9427043432809
0.250995 13.4507346284415 91.1362095188578
0.251495 13.4775294542915 91.5767388842143
0.251995 13.5043242801415 91.2365400429738
0.252495 13.5311191059915 91.3085137130155
0.252995 13.5579139318415 91.5504893464437
0.253495 13.5847087576915 91.7153221414969
0.253995 13.6115035835415 91.7267617446907
0.254495 13.6382984093915 91.611107357032
0.254995 13.6650932352415 91.6144348507309
0.255495 13.6918880610915 92.0633698240558
0.255995 13.7186828869415 92.0443654456395
0.256495 13.7454777127915 92.0401318733056
0.256995 13.7722725386415 91.9792945012161
0.257495 13.7990673644915 92.1308240253999
0.257995 13.8258621903415 92.4862793848413
0.258495 13.8526570161915 92.3757062897365
0.258995 13.8794518420415 92.569871525565
0.259495 13.9062466678915 92.5241714609596
0.259995 13.9330414937415 92.702525005917
0.260495 13.9598363195915 92.6312723343934
0.260995 13.9866311454415 92.7666758875855
0.261495 14.0134259712915 92.9280331945007
0.261995 14.0402207971415 93.2187785504134
0.262495 14.0670156229915 92.932183791038
0.262995 14.0938104488415 93.3458521268841
0.263495 14.1206052746915 93.1366246360044
0.263995 14.1474001005415 93.3736234590404
0.264495 14.1741949263915 93.4010273617812
0.264995 14.2009897522415 93.6658106531829
0.265495 14.2277845780915 93.9077875244661
0.265995 14.2545794039415 93.8643004836229
0.266495 14.2813742297915 93.4857067862594
0.266995 14.3081690556415 93.9599266256904
0.267495 14.3349638814915 93.9869882534904
0.267995 14.3617587073415 94.2374446693814
0.268495 14.3885535331915 94.0813303468601
0.268995 14.4153483590415 94.4553273262029
0.269495 14.4421431848915 94.4952731984779
0.269995 14.4689380107415 94.642867459845
0.270495 14.4957328365915 94.6120170602286
0.270995 14.5225276624415 94.6250899143385
0.271495 14.5493224882915 94.730603102935
0.271995 14.5761173141415 94.9654875172076
0.272495 14.6029121399915 94.6569537633418
0.272995 14.6297069658415 94.9816668787635
0.273495 14.6565017916915 95.2647200969796
0.273995 14.6832966175415 95.3174550630563
0.274495 14.7100914433915 95.7459187753001
0.274995 14.7368862692415 95.3082447219302
0.275495 14.7636810950915 95.7785099997126
0.275995 14.7904759209415 95.6116375661401
0.276495 14.8172707467915 95.9064327060768
0.276995 14.8440655726415 95.9086847684773
0.277495 14.8708603984915 95.9839042035764
0.277995 14.8976552243415 96.0157018978021
0.278495 14.9244500501915 96.0917513124323
0.278995 14.9512448760415 96.1502523390132
0.279495 14.9780397018915 96.123126702863
0.279995 15.0048345277415 96.5440450954044
0.280495 15.0316293535915 96.7836097570863
0.280995 15.0584241794415 96.7146719998547
0.281495 15.0852190052915 96.8922848759539
0.281995 15.1120138311415 97.4444205470835
0.282495 15.1388086569915 97.0626633894203
0.282995 15.1656034828415 96.9341476612105
0.283495 15.1923983086915 97.4804243306283
0.283995 15.2191931345415 97.5834524605447
0.284495 15.2459879603915 97.5023690970248
0.284995 15.2727827862415 97.7078723930452
0.285495 15.2995776120915 98.1245814225867
0.285995 15.3263724379415 98.1012853427524
0.286495 15.3531672637915 98.2304842523019
0.286995 15.3799620896415 98.5568714183924
0.287495 15.4067569154915 98.4870990093312
0.287995 15.4335517413415 98.5331059202578
0.288495 15.4603465671915 98.8260001315412
0.288995 15.4871413930415 99.0972182567479
0.289495 15.5139362188915 98.980554076771
0.289995 15.5407310447415 99.4102819089274
0.290495 15.5675258705915 99.7011926429069
0.290995 15.5943206964415 99.5218885464808
0.291495 15.6211155222915 99.4719252340375
0.291995 15.6479103481415 99.6219080500851
0.292495 15.6747051739915 100.347681982697
0.292995 15.7014999998415 100.028145868032
0.293495 15.7282948256915 100.178133559689
0.293995 15.7550896515415 100.382438966199
0.294495 15.7818844773915 100.679430969316
0.294995 15.8086793032415 101.088155727718
0.295495 15.8354741290915 100.633402793541
0.295995 15.8622689549415 101.107018153744
0.296495 15.8890637807915 101.451803001019
0.296995 15.9158586066415 101.552945966096
0.297495 15.9426534324915 101.811012065777
0.297995 15.9694482583415 101.92334965906
0.298495 15.9962430841915 102.353935735301
0.298995 16.0230379100415 102.285310294191
0.299495 16.0498327358915 102.70756395927
0.299995 16.0766275617415 102.77094310919
0.300495 16.1034223875915 103.032835464953
0.300995 16.1302172134415 103.047914520984
0.301495 16.1570120392915 103.031949919649
0.301995 16.1838068651415 103.492264602343
0.302495 16.2106016909915 103.573915570542
0.302995 16.2373965168415 103.855075826196
0.303495 16.2641913426915 103.71009581694
0.303995 16.2909861685415 104.419924409199
0.304495 16.3177809943915 104.611890534963
0.304995 16.3445758202415 104.790333071237
0.305495 16.3713706460915 105.317352502177
0.305995 16.3981654719415 104.997796863881
0.306495 16.4249602977915 105.589484469411
0.306995 16.4517551236415 105.656882340115
0.307495 16.4785499494915 106.142810492205
0.307995 16.5053447753415 105.891852027555
0.308495 16.5321396011915 106.594986863883
0.308995 16.5589344270415 106.638396299356
0.309495 16.5857292528915 107.344654148892
0.309995 16.6125240787415 107.106096317454
0.310495 16.6393189045915 107.871497010894
0.310995 16.6661137304415 107.751991284648
0.311495 16.6929085562915 108.024617877649
0.311995 16.7197033821415 107.949909376536
0.312495 16.7464982079915 108.533595572782
0.312995 16.7732930338415 108.766698054083
0.313495 16.8000878596915 109.29548973712
0.313995 16.8268826855415 109.093711746439
0.314495 16.8536775113915 109.435217381989
0.314995 16.8804723372415 110.235725778847
0.315495 16.9072671630915 109.973494414114
0.315995 16.9340619889415 110.290461218172
0.316495 16.9608568147915 110.745066934133
0.316995 16.9876516406415 110.90729053267
0.317495 17.0144464664915 110.891540369754
0.317995 17.0412412923415 111.473564791296
0.318495 17.0680361181915 112.19861921176
0.318995 17.0948309440415 112.048164978871
0.319495 17.1216257698915 112.785982812413
0.319995 17.1484205957415 113.154453394611
0.320495 17.1752154215915 113.325493336327
0.320995 17.2020102474415 113.871216815578
0.321495 17.2288050732915 114.205716345301
0.321995 17.2555998991415 114.495305943285
0.322495 17.2823947249915 114.59334231781
0.322995 17.3091895508415 114.8286435995
0.323495 17.3359843766915 115.479611624395
0.323995 17.3627792025415 115.976799507379
0.324495 17.3895740283915 116.021182677589
0.324995 17.4163688542415 116.753307139268
0.325495 17.4431636800915 116.748016632658
0.325995 17.4699585059415 117.240963020543
0.326495 17.4967533317915 117.801466715767
0.326995 17.5235481576415 117.79268728067
0.327495 17.5503429834915 118.513399606357
0.327995 17.5771378093415 119.019508823129
0.328495 17.6039326351915 119.221523859052
0.328995 17.6307274610415 119.546754017453
0.329495 17.6575222868915 119.724707910875
0.329995 17.6843171127415 120.744006992528
0.330495 17.7111119385915 120.52975009632
0.330995 17.7379067644415 121.396683539425
0.331495 17.7647015902915 121.433317137788
0.331995 17.7914964161415 121.985985119028
0.332495 17.8182912419915 122.359022820105
0.332995 17.8450860678415 122.379449977008
0.333495 17.8718808936915 123.009871730419
0.333995 17.8986757195415 124.031537040771
0.334495 17.9254705453915 123.665442034683
0.334995 17.9522653712415 124.265022422087
0.335495 17.9790601970915 124.585493120636
0.335995 18.0058550229415 125.14158752134
0.336495 18.0326498487915 125.93724287628
0.336995 18.0594446746415 126.077269346453
0.337495 18.0862395004915 126.477498413555
0.337995 18.1130343263415 126.950949245912
0.338495 18.1398291521915 127.547761996583
0.338995 18.1666239780415 128.179625521235
0.339495 18.1934188038915 127.771463934878
0.339995 18.2202136297415 128.994362044727
0.340495 18.2470084555915 129.018753972374
0.340995 18.2738032814415 129.703190368772
0.341495 18.3005981072915 129.957488110995
0.341995 18.3273929331415 130.898031692171
0.342495 18.3541877589915 130.943556026011
0.342995 18.3809825848415 131.519528556872
0.343495 18.4077774106915 131.447372047558
0.343995 18.4345722365415 132.57459301154
0.344495 18.4613670623915 132.589614306037
0.344995 18.4881618882415 133.173413001609
0.345495 18.5149567140915 133.675347190964
0.345995 18.5417515399415 134.228484161211
0.346495 18.5685463657915 134.731515065233
0.346995 18.5953411916415 135.024207875573
0.347495 18.6221360174915 136.005546396907
0.347995 18.6489308433415 136.287382287508
0.348495 18.6757256691915 136.584562519028
0.348995 18.7025204950415 136.820956651821
0.349495 18.7293153208915 137.515145898263
0.349995 18.7561101467415 138.524652271324
0.350495 18.7829049725915 138.50391533221
0.350995 18.8096997984415 139.228886147753
0.351495 18.8364946242915 139.924994348825
0.351995 18.8632894501415 139.950744607655
0.352495 18.8900842759915 140.402121493395
0.352995 18.9168791018415 141.020571231883
0.353495 18.9436739276915 141.68731463167
0.353995 18.9704687535415 142.052189675171
0.354495 18.9972635793915 142.476299618958
0.354995 19.0240584052415 142.757287640923
0.355495 19.0508532310915 143.386676494484
0.355995 19.0776480569415 144.806125489863
0.356495 19.1044428827915 144.914345909313
0.356995 19.1312377086415 144.837162189057
0.357495 19.1580325344915 145.146290425285
0.357995 19.1848273603415 146.595817873002
0.358495 19.2116221861915 147.070305789471
0.358995 19.2384170120415 146.712821407726
0.359495 19.2652118378915 147.756507175605
0.359995 19.2920066637415 148.89761313919
0.360495 19.3188014895915 149.756852418327
0.360995 19.3455963154415 148.648315230667
0.361495 19.3723911412915 150.278658822025
0.361995 19.3991859671415 150.571459687006
0.362495 19.4259807929915 151.557113150716
0.362995 19.4527756188415 151.668153438625
0.363495 19.4795704446915 152.159485168323
0.363995 19.5063652705415 152.621216356487
0.364495 19.5331600963915 153.787433070242
0.364995 19.5599549222415 153.375124925514
0.365495 19.5867497480915 154.388581953768
0.365995 19.6135445739415 155.340833763476
0.366495 19.6403393997915 156.068747767442
0.366995 19.6671342256415 156.497537632578
0.367495 19.6939290514915 156.949915773225
0.367995 19.7207238773415 157.05442716492
0.368495 19.7475187031915 157.874615729052
0.368995 19.7743135290415 159.100211171817
0.369495 19.8011083548915 159.852686390654
0.369995 19.8279031807415 160.143377480147
0.370495 19.8546980065915 160.620725696711
0.370995 19.8814928324415 161.272997044488
0.371495 19.9082876582915 162.530791044242
0.371995 19.9350824841415 162.602292924214
0.372495 19.9618773099915 163.52304066527
0.372995 19.9886721358415 164.022706183951
0.373495 20.0154669616915 164.49830174421
0.373995 20.0422617875415 165.226773370819
0.374495 20.0690566133915 165.801635550231
0.374995 20.0958514392415 166.332059176593
0.375495 20.1226462650915 167.225175091168
0.375995 20.1494410909415 168.069782027784
0.376495 20.1762359167915 168.655883161525
0.376995 20.2030307426415 168.722158105745
0.377495 20.2298255684915 169.270165957749
0.377995 20.2566203943415 170.574162941597
0.378495 20.2834152201915 171.279911906303
0.378995 20.3102100460415 172.169176228624
0.379495 20.3370048718915 173.375956157637
0.379995 20.3637996977415 173.208870163904
0.380495 20.3905945235915 174.339948691634
0.380995 20.4173893494415 174.065282215042
0.381495 20.4441841752915 175.272955909298
0.381995 20.4709790011415 175.673921339496
0.382495 20.4977738269915 177.400493401152
0.382995 20.5245686528415 177.662233810479
0.383495 20.5513634786915 179.043766599599
0.383995 20.5781583045415 179.003736509436
0.384495 20.6049531303915 179.138228175146
0.384995 20.6317479562415 174.49094979817
0.385495 20.6585427820915 159.393469929016
0.385995 20.6853376079415 136.77543803084
0.386495 20.7121324337915 117.56131345425
0.386995 20.7389272596415 100.898015930135
0.387495 20.7657220854915 87.5454198508956
0.387995 20.7925169113415 77.3416890203177
0.388495 20.8193117371915 69.8521102990551
0.388995 20.8461065630415 63.0495240307226
0.389495 20.8729013888915 57.156292121958
0.389995 20.8996962147415 51.9289399199346
0.390495 20.9264910405915 47.8138414864747
0.390995 20.9532858664415 44.6623950183533
0.391495 20.9800806922915 41.2734731983465
0.391995 21.0068755181415 37.5303491225109
0.392495 21.0336703439915 33.6484450442225
0.392995 21.0604651698415 29.7858888900227
0.393495 21.0872599956915 26.0011614723635
0.393995 21.1140548215415 22.3607229302536
0.394495 21.1408496473915 19.7308663402159
0.394995 21.1676444732415 17.6397410245863
0.395495 21.1944392990915 16.0011512446571
0.395995 21.2212341249415 14.5858749010595
0.396495 21.2480289507915 13.1602067919347
0.396995 21.2748237766415 11.7248653828363
0.397495 21.3016186024915 10.2738567146134
0.397995 21.3284134283415 8.72150532252536
0.398495 21.3552082541915 7.01051707914688
0.398995 21.3820030800415 4.84326105545823
0.399495 21.4087979058915 2.1805387755115
0.399995 21.4355927317415 -1.13710775609408
0.400495 21.4623875575915 -5.30380594965442
0.400995 21.4891823834415 -9.04060204976462
0.401495 21.5159772092915 -12.7747154795195
0.401995 21.5427720351415 -16.7755357991134
0.402495 21.5695668609915 -20.3485247736731
0.402995 21.5963616868415 -14.4364560084422
0.403495 21.6231565126915 -14.4475841632087
0.403995 21.6499513385415 -13.3210939940235
0.404495 21.6767461643915 -10.4838698661376
0.404995 21.7035409902415 -8.12329080593744
0.405495 21.7303358160915 -7.26749023939497
0.405995 21.7571306419415 -6.55681984596733
0.406495 21.7839254677915 -6.67717900833679
0.406995 21.8107202936415 -7.20299883957958
0.407495 21.8375151194915 -7.24272556373299
0.407995 21.8643099453415 -6.33966221940635
0.408495 21.8911047711915 -5.38498307896572
0.408995 21.9178995970415 -3.59879045447263
0.409495 21.9446944228915 -1.30921057672199
0.409995 21.9714892487415 0.899589936410939
0.410495 21.9982840745915 3.00536137981812
0.410995 22.0250789004415 4.18384194124651
0.411495 22.0518737262915 4.54758760131875
0.411995 22.0786685521415 4.04465112888083
0.412495 22.1054633779915 3.56612597234556
0.412995 22.1322582038415 2.54253319404526
0.413495 22.1590530296915 1.88184372302811
0.413995 22.1858478555415 0.0939906288127887
0.414495 22.2126426813915 -1.57981840999213
0.414995 22.2394375072415 -3.72495834697075
0.415495 22.2662323330915 -5.21287700435511
0.415995 22.2930271589415 -6.46891228895466
0.416495 22.3198219847915 -6.25025519905471
0.416995 22.3466168106415 -6.06948987685743
0.417495 22.3734116364915 -5.45379352687964
0.417995 22.4002064623415 -4.35666775757953
0.418495 22.4270012881915 -2.90942309886357
0.418995 22.4537961140415 -1.47814648666734
0.419495 22.4805909398915 -0.44628387831064
0.419995 22.5073857657415 0.956971626021593
0.420495 22.5341805915915 1.55227007548293
0.420995 22.5609754174415 2.590680903163
0.421495 22.5877702432915 3.02993253108067
0.421995 22.6145650691415 3.64511056427068
0.422495 22.6413598949915 3.70320682949982
0.422995 22.6681547208415 3.55201488900893
0.423495 22.6949495466915 3.07127687552178
0.423995 22.7217443725415 2.39365233562147
0.424495 22.7485391983915 1.94878647438488
0.424995 22.7753340242415 1.048281114483
0.425495 22.8021288500915 0.603894810935744
0.425995 22.8289236759415 0.0830602700963451
0.426495 22.8557185017915 0.100083765051547
0.426995 22.8825133276415 0.00650023468049912
0.427495 22.9093081534915 0.0990472753068185
0.427995 22.9361029793415 0.161038507879175
0.428495 22.9628978051915 0.679541855210771
0.428995 22.9896926310415 0.968243683487173
0.429495 23.0164874568915 1.32009850314867
0.429995 23.0432822827415 1.81331584751594
0.430495 23.0700771085915 1.98974305764287
0.430995 23.0968719344415 2.2163861424853
0.431495 23.1236667602915 1.79533446207391
0.431995 23.1504615861415 1.69837315950602
0.432495 23.1772564119915 1.50267534155634
0.432995 23.2040512378415 1.11138098451359
0.433495 23.2308460636915 0.37365197452678
0.433995 23.2576408895415 -0.286649347552678
0.434495 23.2844357153915 -1.05881891056054
0.434995 23.3112305412415 -1.5694649373717
0.435495 23.3380253670915 -2.23258319157763
0.435995 23.3648201929415 -2.77020500091588
0.436495 23.3916150187915 -2.87909705018388
0.436995 23.4184098446415 -2.82318704508104
0.437495 23.4452046704915 -2.61021277535539
0.437995 23.4719994963415 -2.12113892365633
0.438495 23.4987943221915 -1.5821911491896
0.438995 23.5255891480415 -0.377447263002883
0.439495 23.5523839738915 0.563413598934037
0.439995 23.5791787997415 1.81740400510143
0.440495 23.6059736255915 2.46710242947759
0.440995 23.6327684514415 3.31207346513523
0.441495 23.6595632772915 3.64316381159661
0.441995 23.6863581031415 3.86729483147126
0.442495 23.7131529289915 3.81158425741909
0.442995 23.7399477548415 3.38993668475527
0.443495 23.7667425806915 2.58872619084735
0.443995 23.7935374065415 1.73414151246641
0.444495 23.8203322323915 0.952767641119463
0.444995 23.8471270582415 -0.132636867581367
0.445495 23.8739218840915 -1.02154781446861
0.445995 23.9007167099415 -1.71813457678688
0.446495 23.9275115357915 -2.62050699264853
0.446995 23.9543063616415 -3.32622880567316
0.447495 23.9811011874915 -3.74309776022396
0.447995 24.0078960133415 -3.76122769410248
0.448495 24.0346908391915 -3.71925735371549
0.448995 24.0614856650415 -3.26357983235073
0.449495 24.0882804908915 -2.73093833068251
0.449995 24.1150753167415 -1.93587466252582
0.450495 24.1418701425915 -1.14581021870798
0.450995 24.1686649684415 -0.226443376723108
0.451495 24.1954597942915 0.507625173233796
0.451995 24.2222546201415 1.4454063560747
0.452495 24.2490494459915 2.52626436440175
0.452995 24.2758442718415 3.34145636319114
0.453495 24.3026390976915 3.94547792051641
0.453995 24.3294339235415 4.15668130942862
0.454495 24.3562287493915 4.30640238699113
0.454995 24.3830235752415 4.11945486705005
0.455495 24.4098184010915 3.51719289599349
0.455995 24.4366132269415 2.9060906859974
0.456495 24.4634080527915 1.70962675241441
0.456995 24.4902028786415 0.598270661404615
0.457495 24.5169977044915 -0.472793521172904
0.457995 24.5437925303415 -1.25574624528535
0.458495 24.5705873561915 -1.85981037631483
0.458995 24.5973821820415 -2.10901442808589
0.459495 24.6241770078915 -2.40997371349891
0.459995 24.6509718337415 -2.47581402848391
0.460495 24.6777666595915 -2.3029468121303
0.460995 24.7045614854415 -2.01425040924926
0.461495 24.7313563112915 -1.88779445586782
0.461995 24.7581511371415 -1.47362204762304
0.462495 24.7849459629915 -1.19614074546639
0.462995 24.8117407888415 -0.80989260870856
0.463495 24.8385356146915 -0.487985274550158
0.463995 24.8653304405415 -0.00229771352129514
0.464495 24.8921252663915 0.340662161676388
0.464995 24.9189200922415 0.381134559794811
0.465495 24.9457149180915 0.212926767334384
0.465995 24.9725097439415 0.241525268625438
0.466495 24.9993045697915 0.244540629862279
0.466995 25.0260993956415 0.254698668010816
0.467495 25.0528942214915 0.193350443572093
0.467995 25.0796890473415 0.0702071516420064
0.468495 25.1064838731915 0.00261298196433777
0.468995 25.1332786990415 0.0929627169097372
0.469495 25.1600735248915 0.0123370407470067
0.469995 25.1868683507415 0.206829477026289
0.470495 25.2136631765915 0.538386247068091
0.470995 25.2404580024415 1.03529120865263
0.471495 25.2672528282915 1.25878441702404
0.471995 25.2940476541415 1.62975071575685
0.472495 25.3208424799915 2.01053638933862
0.472995 25.3476373058415 2.06140819258885
0.473495 25.3744321316915 2.20919962579498
0.473995 25.4012269575415 2.13446240748901
0.474495 25.4280217833915 2.01448010283016
0.474995 25.4548166092415 1.51414747046301
0.475495 25.4816114350915 0.997920686226016
0.475995 25.5084062609415 0.29709441816999
0.476495 25.5352010867915 -0.453924623147491
0.476995 25.5619959126415 -1.3629873046343
0.477495 25.5887907384915 -1.98256017459673
0.477995 25.6155855643415 -2.41904938329696
0.478495 25.6423803901915 -2.75003311649731
0.478995 25.6691752160415 -2.97110334448693
0.479495 25.6959700418915 -3.05757223632089
0.479995 25.7227648677415 -2.82861115248114
0.480495 25.7495596935915 -2.41130265289316
0.480995 25.7763545194415 -1.90923004593164
0.481495 25.8031493452915 -1.38304676432757
0.481995 25.8299441711415 -0.600351708198924
0.482495 25.8567389969915 0.142735528005517
0.482995 25.8835338228415 1.00654176256717
0.483495 25.9103286486915 1.63529088051888
0.483995 25.9371234745415 2.4444467321603
0.484495 25.9639183003915 2.90709830788847
0.484995 25.9907131262415 3.28474646244664
0.485495 26.0175079520915 3.31337832261607
0.485995 26.0443027779415 3.02411588238063
0.486495 26.0710976037915 2.61043637776878
0.486995 26.0978924296415 2.28544900735338
0.487495 26.1246872554915 1.64691694109507
0.487995 26.1514820813415 0.950409989801217
0.488495 26.1782769071915 0.173474077670044
0.488995 26.2050717330415 -0.418547286965146
0.489495 26.2318665588915 -0.778754212971607
0.489995 26.2586613847415 -1.4141167493403
0.490495 26.2854562105915 -1.84656366470513
0.490995 26.3122510364415 -2.13864513969984
0.491495 26.3390458622915 -2.46419065243498
0.491995 26.3658406881415 -2.46390809359925
0.492495 26.3926355139915 -2.30299118052459
0.492995 26.4194303398415 -2.10654165537703
0.493495 26.4462251656915 -1.72168461099466
0.493995 26.4730199915415 -1.56628460200144
0.494495 26.4998148173915 -0.937648132183729
0.494995 26.5266096432415 -0.536158751415819
0.495495 26.5534044690915 -0.196846715957185
0.495995 26.5801992949415 0.027307217485258
0.496495 26.6069941207915 0.373663863563766
0.496995 26.6337889466415 0.571651310219027
0.497495 26.6605837724915 0.522519885589588
0.497995 26.6873785983415 0.685808741095256
0.498495 26.7141734241915 0.56451499524381
0.498995 26.7409682500415 0.782557686816171
0.499495 26.7677630758915 0.70127934381469
0.499995 26.7945579017415 0.779337399777298
