# Fix print output for fix Step
-1.37893122608814e-16 -2.8421709430404e-15 2.88603288383445
0.000494999999999811 0.0102026452819956 3.13612002190848
0.000994999999999794 0.0205083475870452 4.23079566257807
0.00149499999999978 0.0308140498920949 4.87985060350002
0.00199499999999976 0.0411197521971445 5.92930104727607
0.00249499999999974 0.0514254545021942 7.6741658024244
0.002995 0.0617311568072495 9.5038925759134
0.00349499999999998 0.0720368591122991 8.61371250114599
0.00399499999999996 0.0823425614173487 8.48801247993064
0.00449499999999995 0.0926482637223984 8.7461901184312
0.00499499999999993 0.102953966027448 8.11693165782234
0.00549499999999991 0.113259668332498 7.28829896735963
0.00599499999999989 0.123565370637547 7.3148899598251
0.00649499999999988 0.133871072942597 8.20841482217158
0.00699499999999986 0.144176775247647 8.29113668699983
0.00749499999999984 0.154482477552696 9.4368921053353
0.00799499999999982 0.164788179857746 9.85089972756328
0.0084949999999998 0.175093882162795 10.1493899126766
0.00899499999999979 0.185399584467845 10.7610702241145
0.00949499999999977 0.195705286772895 10.7011141207352
0.00999499999999975 0.206010989077944 10.7562752311956
0.0104949999999999 0.216316691382997 11.0914257900304
0.010995 0.226622393688049 10.8886861125313
0.011495 0.236928095993099 11.0092425552539
0.011995 0.247233798298149 11.0494614616212
0.0124949999999999 0.257539500603198 11.6479036534375
0.0129949999999999 0.267845202908248 11.7856286696655
0.0134949999999999 0.278150905213297 12.4197667152157
0.0139949999999999 0.288456607518347 12.8952303132938
0.0144949999999999 0.298762309823397 13.2252872400839
0.0149949999999998 0.309068012128446 13.3431096076433
0.0154949999999998 0.319373714433496 13.7965777666843
0.0159949999999998 0.329679416738546 13.5441680204175
0.0164949999999998 0.339985119043595 13.7599122562788
0.0169949999999998 0.350290821348645 14.3511469838162
0.0174949999999998 0.360596523653695 14.5330063772773
0.0179949999999997 0.370902225958744 15.0939061250122
0.0184949999999999 0.381207928263797 15.2989685017085
0.018995 0.391513630568849 15.2631304489995
0.019495 0.401819332873899 15.8115599562734
0.0199949999999999 0.412125035178948 15.9003638652772
0.0204949999999999 0.422430737483998 16.0098737963327
0.0209949999999999 0.432736439789048 16.4452632028295
0.0214949999999999 0.443042142094097 16.6505550328641
0.0219949999999999 0.453347844399147 17.0119712086965
0.0224949999999999 0.463653546704197 17.1177938500154
0.0229949999999998 0.473959249009246 17.2763736193562
0.0234949999999998 0.484264951314296 17.9830457838079
0.0239949999999998 0.494570653619346 18.0166124224494
0.0244949999999998 0.504876355924395 18.2666917282199
0.0249949999999998 0.515182058229445 18.5554426409784
0.0254949999999998 0.525487760534494 18.4209890916497
0.0259949999999997 0.535793462839544 18.8268749842236
0.026495 0.546099165144599 19.1344545624376
0.026995 0.556404867449649 19.3152422855201
0.027495 0.566710569754699 19.4531545716849
0.0279949999999999 0.577016272059748 19.9724345540012
0.0284949999999999 0.587321974364798 20.1053691844808
0.0289949999999999 0.597627676669848 20.5808063378309
0.0294949999999999 0.607933378974897 20.7850761528526
0.0299949999999999 0.618239081279947 20.8305625207887
0.0304949999999999 0.628544783584996 20.8652553528655
0.0309949999999998 0.638850485890046 20.9739525174174
0.0314949999999998 0.649156188195096 21.142277867938
0.0319949999999998 0.659461890500145 21.8156019131581
0.0324949999999998 0.669767592805195 21.6612310490759
0.0329949999999998 0.680073295110245 22.0362906959635
0.0334949999999997 0.690378997415294 22.5027504527984
0.0339949999999999 0.700684699720347 22.6566096593938
0.034495 0.710990402025399 22.6433388466219
0.034995 0.721296104330449 23.3181483964137
0.035495 0.731601806635499 23.116739254491
0.0359949999999999 0.741907508940548 23.4513013672133
0.0364949999999999 0.752213211245598 23.8123186084674
0.0369949999999999 0.762518913550647 24.0875722587659
0.0374949999999999 0.772824615855697 24.1773921163401
0.0379949999999999 0.783130318160747 24.6164704477489
0.0384949999999998 0.793436020465796 24.7717149669747
0.0389949999999998 0.803741722770846 24.6927114873983
0.0394949999999998 0.814047425075896 25.1887138259529
0.0399949999999998 0.824353127380945 25.3676765728908
0.0404949999999998 0.834658829685995 25.5279335307158
0.0409949999999998 0.844964531991044 25.8490984509627
0.0414949999999997 0.855270234296094 26.0837514758968
0.041995 0.86557593660115 26.1694234936324
0.042495 0.875881638906199 26.691398053801
0.042995 0.886187341211249 26.6662695952611
0.0434949999999999 0.896493043516298 26.6674470645618
0.0439949999999999 0.906798745821348 27.3338939544909
0.0444949999999999 0.917104448126398 27.4069717473929
0.0449949999999999 0.927410150431447 27.4165898982347
0.0454949999999999 0.937715852736497 28.0121706017705
0.0459949999999999 0.948021555041547 27.9844586573194
0.0464949999999998 0.958327257346596 28.2136412539666
0.0469949999999998 0.968632959651646 28.4577310031245
0.0474949999999998 0.978938661956695 28.5910443743808
0.0479949999999998 0.989244364261745 29.1181840865584
0.0484949999999998 0.999550066566795 29.0339355480891
0.0489949999999997 1.00985576887184 29.2265764255535
0.0494949999999997 1.02016147117689 29.3560488844362
0.0499949999999999 1.03046717348195 29.5268805082959
0.050495 1.040772875787 29.8392778662328
0.050995 1.05107857809205 29.966539281242
0.0514949999999999 1.0613842803971 30.5540081843778
0.0519949999999999 1.07168998270215 30.605179624046
0.0524949999999999 1.0819956850072 30.3339687158196
0.0529949999999999 1.09230138731225 30.7900487801116
0.0534949999999999 1.1026070896173 31.1165893807354
0.0539949999999998 1.11291279192235 31.1147933885169
0.0544949999999998 1.1232184942274 31.3592038138164
0.0549949999999998 1.13352419653245 31.5479695041715
0.0554949999999998 1.1438298988375 31.8035648709022
0.0559949999999998 1.15413560114254 32.2310058652986
0.0564949999999998 1.16444130344759 32.0738092798066
0.0569949999999997 1.17474700575264 32.1832144448867
0.0574949999999997 1.18505270805769 32.5724411635703
0.057995 1.19535841036275 32.68518852598
0.058495 1.2056641126678 32.8282574293455
0.0589949999999999 1.21596981497285 33.0927545485626
0.0594949999999999 1.2262755172779 33.4015530679446
0.0599949999999999 1.23658121958295 33.4582030269401
0.0604949999999999 1.246886921888 33.5501427919217
0.0609949999999999 1.25719262419305 33.674334942415
0.0614949999999999 1.2674983264981 34.1425033732701
0.0619949999999998 1.27780402880315 34.3119944618268
0.0624949999999998 1.2881097311082 34.4493962343189
0.0629949999999998 1.29841543341325 34.6165471276581
0.0634949999999998 1.3087211357183 34.5878005620968
0.0639949999999998 1.31902683802334 34.8643330657603
0.0644949999999997 1.32933254032839 34.8961651589985
0.0649949999999997 1.33963824263344 35.149737555129
0.0654949999999999 1.3499439449385 35.4416208372113
0.065995 1.36024964724355 35.5950121389284
0.066495 1.3705553495486 35.9319656691707
0.0669949999999999 1.38086105185365 36.0720085467615
0.0674949999999999 1.3911667541587 35.9571015454695
0.0679949999999999 1.40147245646375 36.4644167914943
0.0684949999999999 1.4117781587688 36.2493926299992
0.0689949999999999 1.42208386107385 36.515484393102
0.0694949999999998 1.4323895633789 36.8602410944398
0.0699949999999998 1.44269526568395 36.624074236633
0.0704949999999998 1.453000967989 36.8047007279592
0.0709949999999998 1.46330667029405 37.0614512116875
0.0714949999999998 1.4736123725991 37.3881182626006
0.0719949999999998 1.48391807490414 37.5671279803058
0.0724949999999997 1.49422377720919 37.8411062060917
0.0729949999999997 1.50452947951424 37.9451126363348
0.073495 1.5148351818193 38.3783695942093
0.073995 1.52514088412435 38.4488123674245
0.074495 1.5354465864294 38.2960794329996
0.0749949999999999 1.54575228873445 38.4850124914553
0.0754949999999999 1.5560579910395 38.2709714395473
0.0759949999999999 1.56636369334455 38.7534971135819
0.0764949999999999 1.5766693956496 39.1549127564397
0.0769949999999999 1.58697509795465 39.2698095522174
0.0774949999999998 1.5972808002597 39.6635793783529
0.0779949999999998 1.60758650256475 39.6049001001673
0.0784949999999998 1.6178922048698 39.7715624488103
0.0789949999999998 1.62819790717485 40.1399693691634
0.0794949999999998 1.63850360947989 39.8136396807415
0.0799949999999997 1.64880931178494 40.3249511683975
0.0804949999999997 1.65911501408999 40.5017463766362
0.0809949999999999 1.66942071639505 40.5848161419935
0.081495 1.6797264187001 40.605653005904
0.081995 1.69003212100515 40.4757104024708
0.0824949999999999 1.7003378233102 40.7261610548792
0.0829949999999999 1.71064352561525 40.9235188451774
0.0834949999999999 1.7209492279203 41.1796992985326
0.0839949999999999 1.73125493022535 41.4081195796918
0.0844949999999999 1.7415606325304 41.7759698174161
0.0849949999999998 1.75186633483545 41.9072765220714
0.0854949999999998 1.7621720371405 41.8783303801232
0.0859949999999998 1.77247773944555 42.1059994541376
0.0864949999999998 1.7827834417506 42.1601506902292
0.0869949999999998 1.79308914405565 42.0074508754997
0.0874949999999998 1.80339484636069 42.3585595649948
0.0879949999999997 1.81370054866574 42.6554676863409
0.0884949999999997 1.82400625097079 42.5478011499588
0.088995 1.83431195327585 42.7073837951829
0.089495 1.8446176555809 43.0571215846667
0.089995 1.85492335788595 43.2062919494848
0.0904949999999999 1.865229060191 43.1806963792978
0.0909949999999999 1.87553476249605 43.4110483243798
0.0914949999999999 1.8858404648011 43.4024621626229
0.0919949999999999 1.89614616710615 43.4640352796136
0.0924949999999999 1.9064518694112 43.7711670407976
0.0929949999999998 1.91675757171625 44.0652672904654
0.0934949999999998 1.9270632740213 44.0704047399323
0.0939949999999998 1.93736897632635 44.3095136134043
0.0944949999999998 1.9476746786314 44.4665422087264
0.0949949999999998 1.95798038093644 44.4941665929246
0.0954949999999998 1.96828608324149 44.6194552809274
0.0959949999999997 1.97859178554654 44.728053242483
0.0964949999999997 1.98889748785159 44.7886548400283
0.0969949999999998 1.99920319015665 44.8162322308512
0.097495 2.0095088924617 45.0828904587678
0.0979949999999999 2.01981459476675 45.0107899792437
0.0984949999999999 2.0301202970718 45.3319813133312
0.0989949999999999 2.04042599937685 45.5225326268846
0.0994949999999999 2.0507317016819 45.6701463421067
0.0999949999999999 2.06103740398695 45.9790017196143
0.100495 2.071343106292 46.2752704163629
0.100995 2.08164880859705 46.0575224312473
0.101495 2.0919545109021 46.2824870996685
0.101995 2.10226021320715 46.4298955186502
0.102495 2.11256591551219 46.2754017548468
0.102995 2.12287161781724 46.4074431877043
0.103495 2.13317732012229 46.7584201560767
0.103995 2.14348302242734 46.9309879942434
0.104495 2.1537887247324 47.1176370812091
0.104995 2.16409442703745 47.4361168679728
0.105495 2.1744001293425 47.659131453562
0.105995 2.18470583164755 47.3301587857391
0.106495 2.1950115339526 47.5691075811452
0.106995 2.20531723625765 47.5406146697972
0.107495 2.2156229385627 47.3415245767497
0.107995 2.22592864086775 47.7245596776988
0.108495 2.2362343431728 47.5546741048176
0.108995 2.24654004547785 47.8802121328136
0.109495 2.2568457477829 48.4570612388862
0.109995 2.26715145008795 48.4632169898995
0.110495 2.277457152393 48.7028965870087
0.110995 2.28776285469804 48.5643958780738
0.111495 2.29806855700309 48.6213127643116
0.111995 2.30837425930814 48.6509075433581
0.112495 2.3186799616132 48.734159215338
0.112995 2.32898566391825 49.2725884131262
0.113495 2.3392913662233 49.207610670956
0.113995 2.34959706852835 49.2650459372162
0.114495 2.3599027708334 49.5193621320822
0.114995 2.37020847313845 49.4717427246353
0.115495 2.3805141754435 49.5051454450571
0.115995 2.39081987774855 49.6476451779706
0.116495 2.4011255800536 49.3795666389561
0.116995 2.41143128235865 49.9703553943693
0.117495 2.4217369846637 49.8374184324514
0.117995 2.43204268696875 49.9393805296691
0.118495 2.44234838927379 50.2711218209707
0.118995 2.45265409157884 50.4292275757451
0.119495 2.46295979388389 50.3714036184008
0.119995 2.47326549618895 50.5176838266378
0.120495 2.483571198494 50.6494681552262
0.120995 2.49387690079905 50.643241557278
0.121495 2.5041826031041 51.1705518039408
0.121995 2.51448830540915 50.8281394533425
0.122495 2.5247940077142 51.3318226756435
0.122995 2.53509971001925 51.3348855718044
0.123495 2.5454054123243 51.421571200491
0.123995 2.55571111462935 51.1072703164645
0.124495 2.5660168169344 51.3617751888726
0.124995 2.57632251923945 51.4739074029041
0.125495 2.5866282215445 51.5491817493374
0.125995 2.59693392384955 51.7743020613457
0.126495 2.60723962615459 51.6197562631345
0.126995 2.61754532845964 51.7795585582682
0.127495 2.62785103076469 52.1388952892709
0.127995 2.63815673306975 52.239340232018
0.128495 2.6484624353748 52.2461097213758
0.128995 2.65876813767985 52.2744253889996
0.129495 2.6690738399849 52.4281898975407
0.129995 2.67937954228995 52.5550155324906
0.130495 2.689685244595 52.539782563223
0.130995 2.69999094690005 52.6317784944519
0.131495 2.7102966492051 52.5711721932034
0.131995 2.72060235151015 52.9989133055715
0.132495 2.7309080538152 53.1885362359524
0.132995 2.74121375612025 53.481434128967
0.133495 2.7515194584253 53.4671176182849
0.133995 2.76182516073035 53.3285317039434
0.134495 2.77213086303539 53.4937201295134
0.134995 2.78243656534044 53.6087617788223
0.135495 2.7927422676455 53.521496466244
0.135995 2.80304796995055 53.6120340399056
0.136495 2.8133536722556 53.7470096368717
0.136995 2.82365937456065 54.1494681194977
0.137495 2.8339650768657 54.4421249936326
0.137995 2.84427077917075 54.4970551135294
0.138495 2.8545764814758 54.4365104382366
0.138995 2.86488218378085 54.4880491256308
0.139495 2.8751878860859 54.3864199716956
0.139995 2.88549358839095 54.4490469358268
0.140495 2.895799290696 54.513338216847
0.140995 2.90610499300105 54.8050511623177
0.141495 2.9164106953061 54.6468846594576
0.141995 2.92671639761114 54.6177849117605
0.142495 2.93702209991619 55.0283186595428
0.142995 2.94732780222124 55.0215002095896
0.143495 2.95763350452629 55.3242879672982
0.143995 2.96793920683135 55.1175884042301
0.144495 2.9782449091364 55.6180335790097
0.144995 2.98855061144145 55.762973340897
0.145495 2.9988563137465 55.4790210740641
0.145995 3.00916201605155 55.5324879411834
0.146495 3.0194677183566 55.7347910582142
0.146995 3.02977342066165 55.6893268506635
0.147495 3.0400791229667 56.0437291424749
0.147995 3.05038482527175 55.7541818112312
0.148495 3.0606905275768 56.1833938131743
0.148995 3.07099622988185 56.0385517721903
0.149495 3.0813019321869 56.3835046666707
0.149995 3.09160763449194 56.5403714978387
0.150495 3.10191333679699 56.69193651206
0.150995 3.11221903910204 56.6181448371065
0.151495 3.1225247414071 56.5325984777612
0.151995 3.13283044371215 56.6174133340888
0.152495 3.1431361460172 56.5468228580925
0.152995 3.15344184832225 56.748182862547
0.153495 3.1637475506273 57.0223412812805
0.153995 3.17405325293235 57.0945145864414
0.154495 3.1843589552374 57.2466793439672
0.154995 3.19466465754245 57.2640051483324
0.155495 3.2049703598475 57.1957444317743
0.155995 3.21527606215255 57.4232100668265
0.156495 3.2255817644576 57.3819745492522
0.156995 3.23588746676265 57.6522543861625
0.157495 3.24619316906769 57.73305140765
0.157995 3.25649887137274 57.9560032956304
0.158495 3.26680457367779 57.8825715665358
0.158995 3.27711027598284 57.8737585758533
0.159495 3.28741597828789 58.0951127190295
0.159995 3.29772168059295 58.3004211344952
0.160495 3.308027382898 58.2808682351014
0.160995 3.31833308520305 58.1614961168209
0.161495 3.3286387875081 58.2178476865139
0.161995 3.33894448981315 57.9898815180309
0.162495 3.3492501921182 58.0828742802053
0.162995 3.35955589442325 58.3141223830234
0.163495 3.3698615967283 58.7671283618993
0.163995 3.38016729903335 58.5602272385404
0.164495 3.3904730013384 58.9490661796587
0.164995 3.40077870364345 58.8376013205162
0.165495 3.41108440594849 58.7112298974808
0.165995 3.42139010825354 59.1845420358863
0.166495 3.4316958105586 59.0453241296526
0.166995 3.44200151286365 59.0174447612494
0.167495 3.4523072151687 59.1748548335274
0.167995 3.46261291747375 59.2650728063693
0.168495 3.4729186197788 59.6642342509943
0.168995 3.48322432208385 59.731786537903
0.169495 3.4935300243889 59.4197861740319
0.169995 3.50383572669395 59.7104638734309
0.170495 3.514141428999 59.7230081686162
0.170995 3.52444713130405 59.6905721172043
0.171495 3.5347528336091 60.1597041069663
0.171995 3.54505853591415 60.1754206742261
0.172495 3.5553642382192 60.3664638853385
0.172995 3.56566994052424 60.4894175199612
0.173495 3.57597564282929 60.501454847401
0.173995 3.58628134513434 60.5147454870085
0.174495 3.59658704743939 60.2986891814142
0.174995 3.60689274974444 60.4376950993391
0.175495 3.6171984520495 60.6005887107397
0.175995 3.62750415435455 60.5800849241391
0.176495 3.6378098566596 61.0040438173881
0.176995 3.64811555896465 60.9623686311292
0.177495 3.6584212612697 60.9104303187067
0.177995 3.66872696357475 60.9421370869052
0.178495 3.6790326658798 60.9611310013165
0.178995 3.68933836818485 60.9741787128118
0.179495 3.6996440704899 61.101476130415
0.179995 3.70994977279495 61.0547441099761
0.180495 3.7202554751 61.2663020478274
0.180995 3.73056117740504 61.1582195977657
0.181495 3.74086687971009 61.4571553403354
0.181995 3.75117258201514 61.7950900824767
0.182495 3.7614782843202 61.4388521883662
0.182995 3.77178398662525 61.9563342057406
0.183495 3.7820896889303 61.9095609511219
0.183995 3.79239539123535 61.9319558408498
0.184495 3.8027010935404 62.1624624807904
0.184995 3.81300679584545 61.8883087718226
0.185495 3.8233124981505 62.0730108072213
0.185995 3.83361820045555 62.3295801242185
0.186495 3.8439239027606 62.0267845823475
0.186995 3.85422960506565 62.2723652494809
0.187495 3.8645353073707 62.6678545525527
0.187995 3.87484100967575 62.6644430980862
0.188495 3.88514671198079 62.5994662107918
0.188995 3.89545241428584 62.7955829029193
0.189495 3.90575811659089 62.5026811179877
0.189995 3.91606381889594 62.7594470171194
0.190495 3.92636952120099 62.5085759679805
0.190995 3.93667522350604 62.7525995319952
0.191495 3.9469809258111 63.1398989711809
0.191995 3.95728662811615 63.2324906822971
0.192495 3.9675923304212 63.3032906960421
0.192995 3.97789803272625 63.2163654214582
0.193495 3.9882037350313 63.3534856376051
0.193995 3.99850943733635 63.5224225670223
0.194495 4.0088151396414 63.7147748322362
0.194995 4.01912084194645 63.6063980809439
0.195495 4.0294265442515 63.6311345342598
0.195995 4.03973224655654 63.8036445676953
0.196495 4.0500379488616 63.8159793889773
0.196995 4.06034365116664 63.9912942982635
0.197495 4.07064935347169 63.6918240697801
0.197995 4.08095505577675 63.9649275932236
0.198495 4.0912607580818 64.2582654442395
0.198995 4.10156646038685 64.1415041623397
0.199495 4.1118721626919 64.1237874315386
0.199995 4.12217786499695 64.7618755668426
0.200495 4.132483567302 64.6384399971045
0.200995 4.14278926960705 64.4667305325141
0.201495 4.1530949719121 64.7170755867113
0.201995 4.16340067421715 65.0270662131994
0.202495 4.1737063765222 64.824216694273
0.202995 4.18401207882725 64.8456204859873
0.203495 4.1943177811323 64.9403337844216
0.203995 4.20462348343735 64.7716271552103
0.204495 4.21492918574239 65.151256110351
0.204995 4.22523488804744 65.1813588046764
0.205495 4.23554059035249 65.3742845686349
0.205995 4.24584629265754 65.5051034424544
0.206495 4.2561519949626 65.2663161419289
0.206995 4.26645769726765 65.5112700023174
0.207495 4.2767633995727 65.4084319923513
0.207995 4.28706910187775 65.5760509738464
0.208495 4.2973748041828 66.0488986784468
0.208995 4.30768050648785 65.4685623629705
0.209495 4.3179862087929 65.4432340753096
0.209995 4.32829191109795 65.8742951018428
0.210495 4.338597613403 65.8975067163749
0.210995 4.34890331570805 66.2388103329163
0.211495 4.35920901801309 66.1356826116709
0.211995 4.36951472031815 66.3282321361245
0.212495 4.37982042262319 65.9058369988223
0.212995 4.39012612492824 66.3164697560973
0.213495 4.40043182723329 66.210176006505
0.213995 4.41073752953835 66.6439948127244
0.214495 4.4210432318434 66.6787395771266
0.214995 4.43134893414845 66.796075145553
0.215495 4.4416546364535 66.9034435348554
0.215995 4.45196033875855 66.6891052781612
0.216495 4.4622660410636 66.5849626384193
0.216995 4.47257174336865 67.1121854264192
0.217495 4.4828774456737 66.9067985587678
0.217995 4.49318314797875 67.0859193658286
0.218495 4.5034888502838 67.2616515728583
0.218995 4.51379455258885 67.2869553480664
0.219495 4.5241002548939 67.1218866279064
0.219995 4.53440595719894 67.2154493190915
0.220495 4.54471165950399 67.8512722920394
0.220995 4.55501736180904 68.1640538004814
0.221495 4.56532306411409 67.5724378122295
0.221995 4.57562876641914 67.7806381071231
0.222495 4.5859344687242 67.4991022468334
0.222995 4.59624017102925 67.801216984168
0.223495 4.6065458733343 67.6788288635225
0.223995 4.61685157563935 68.3392128938857
0.224495 4.6271572779444 68.328758102395
0.224995 4.63746298024945 68.5287339010149
0.225495 4.6477686825545 68.6228244373634
0.225995 4.65807438485955 68.3028574641461
0.226495 4.6683800871646 68.447117490116
0.226995 4.67868578946964 68.3439697594097
0.227495 4.6889914917747 68.6582357452462
0.227995 4.69929719407974 68.5456006815504
0.228495 4.70960289638479 68.9424152942022
0.228995 4.71990859868985 69.0877270375698
0.229495 4.7302143009949 68.9151019401395
0.229995 4.74052000329995 69.243759982823
0.230495 4.750825705605 68.5910814555303
0.230995 4.76113140791005 69.142799272523
0.231495 4.7714371102151 68.8693141985197
0.231995 4.78174281252015 69.26471967661
0.232495 4.7920485148252 69.0977909609928
0.232995 4.80235421713025 69.8285904847855
0.233495 4.8126599194353 69.7712317733419
0.233995 4.82296562174035 69.622501683714
0.234495 4.8332713240454 69.7772661173667
0.234995 4.84357702635045 69.5873168122752
0.235495 4.85388272865549 69.7559349052148
0.235995 4.86418843096054 70.1777247309905
0.236495 4.87449413326559 70.4398265918248
0.236995 4.88479983557064 70.6014928125188
0.237495 4.89510553787569 70.3027696922768
0.237995 4.90541124018075 70.2723831912801
0.238495 4.9157169424858 70.6528886647175
0.238995 4.92602264479085 70.6725455653261
0.239495 4.9363283470959 70.8042465547479
0.239995 4.94663404940095 70.6265994655806
0.240495 4.956939751706 71.1854379980424
0.240995 4.96724545401105 70.5747408403939
0.241495 4.9775511563161 70.8863132172941
0.241995 4.98785685862115 70.9913753414858
0.242495 4.9981625609262 71.1965944933085
0.242995 5.00846826323125 71.0827659044101
0.243495 5.01877396553629 71.5211790891678
0.243995 5.02907966784134 71.5711005866268
0.244495 5.03938537014639 71.3174297780493
0.244995 5.04969107245145 71.9438358016649
0.245495 5.0599967747565 71.6184451205585
0.245995 5.07030247706155 71.9745738688034
0.246495 5.0806081793666 72.0705729205828
0.246995 5.09091388167165 72.2739659908077
0.247495 5.1012195839767 72.4140239391738
0.247995 5.11152528628175 72.1709689583138
0.248495 5.1218309885868 72.4091076800852
0.248995 5.13213669089185 72.5928738779099
0.249495 5.1424423931969 72.7947767585339
0.249995 5.15274809550195 72.6083188694596
0.250495 5.163053797807 73.0769096288786
0.250995 5.17335950011204 73.1362355938978
0.251495 5.18366520241709 72.6059111759728
0.251995 5.19397090472214 72.8616263855713
0.252495 5.20427660702719 73.1046931913057
0.252995 5.21458230933225 73.3872255691445
0.253495 5.2248880116373 73.6152297079624
0.253995 5.23519371394235 73.672999338303
0.254495 5.2454994162474 73.3588186291385
0.254995 5.25580511855245 73.9823034693101
0.255495 5.2661108208575 73.5415571473629
0.255995 5.27641652316255 73.8444655194477
0.256495 5.2867222254676 74.2661753975386
0.256995 5.29702792777265 74.4964178787846
0.257495 5.3073336300777 74.5252321956414
0.257995 5.31763933238275 74.5881182781882
0.258495 5.3279450346878 74.6252847521691
0.258995 5.33825073699284 75.1643255886562
0.259495 5.34855643929789 74.9178230349932
0.259995 5.35886214160294 74.983204040999
0.260495 5.36916784390799 75.2249317790483
0.260995 5.37947354621305 74.8647927889373
0.261495 5.3897792485181 75.5297987831835
0.261995 5.40008495082315 75.7219299651075
0.262495 5.4103906531282 75.4246902809979
0.262995 5.42069635543325 76.0467397338681
0.263495 5.4310020577383 76.116895603959
0.263995 5.44130776004335 76.0859266332875
0.264495 5.4516134623484 76.1471913688944
0.264995 5.46191916465345 76.0489245571847
0.265495 5.4722248669585 76.2415848076352
0.265995 5.48253056926355 76.6514311420876
0.266495 5.49283627156859 76.5666585469471
0.266995 5.50314197387364 77.0753825389578
0.267495 5.51344767617869 76.5469222302052
0.267995 5.52375337848374 76.9342249025092
0.268495 5.53405908078879 77.5687503837649
0.268995 5.54436478309384 77.5149414777591
0.269495 5.55467048539889 77.6134162294192
0.269995 5.56497618770395 77.6564104167272
0.270495 5.575281890009 77.7229871179357
0.270995 5.58558759231405 77.9489258873312
0.271495 5.5958932946191 78.4174840368794
0.271995 5.60619899692415 78.8258792388706
0.272495 5.6165046992292 78.5003728018277
0.272995 5.62681040153425 78.4498770785942
0.273495 5.6371161038393 79.3600726584431
0.273995 5.64742180614435 79.0148605388443
0.274495 5.65772750844939 79.0951344714863
0.274995 5.66803321075444 79.0831087618589
0.275495 5.67833891305949 79.681017378425
0.275995 5.68864461536454 79.505249165872
0.276495 5.6989503176696 80.10795201488
0.276995 5.70925601997465 80.1517235645313
0.277495 5.7195617222797 79.5411240790404
0.277995 5.72986742458475 79.9185193394609
0.278495 5.7401731268898 80.4668575471344
0.278995 5.75047882919485 81.0141231153861
0.279495 5.7607845314999 81.2653041533755
0.279995 5.77109023380495 81.5769454927525
0.280495 5.78139593611 81.1298250564092
0.280995 5.79170163841505 81.4432369479173
0.281495 5.8020073407201 81.3246567233183
0.281995 5.81231304302514 81.3879805325895
0.282495 5.82261874533019 82.5195991487249
0.282995 5.83292444763524 82.14333561358
0.283495 5.84323014994029 82.1286259598104
0.283995 5.85353585224534 82.45061200942
0.284495 5.86384155455039 82.8034524993233
0.284995 5.87414725685545 82.9582121229779
0.285495 5.8844529591605 84.1521465680235
0.285995 5.89475866146555 82.9294061748885
0.286495 5.9050643637706 83.2930290602904
0.286995 5.91537006607565 84.1878702075862
0.287495 5.9256757683807 84.267866998192
0.287995 5.93598147068575 84.3390024825609
0.288495 5.9462871729908 85.0404285156318
0.288995 5.95659287529585 84.7971615017763
0.289495 5.9668985776009 85.3202767425942
0.289995 5.97720427990595 85.1046448402188
0.290495 5.98750998221099 85.9364629574973
0.290995 5.99781568451604 85.7093220385817
0.291495 6.0081213868211 86.179481559415
0.291995 6.01842708912615 86.1188786111038
0.292495 6.0287327914312 86.6599751011411
0.292995 6.03903849373625 86.7664252424124
0.293495 6.0493441960413 86.6399190170424
0.293995 6.05964989834635 87.2372056741153
0.294495 6.0699556006514 87.4021275596546
0.294995 6.08026130295645 87.9358083453314
0.295495 6.0905670052615 87.642415446146
0.295995 6.10087270756655 88.2053327768099
0.296495 6.1111784098716 88.1960842928001
0.296995 6.12148411217665 89.0747106448901
0.297495 6.13178981448169 89.1253355090422
0.297995 6.14209551678674 89.3592460020067
0.298495 6.15240121909179 89.476964324264
0.298995 6.16270692139684 90.1249101538048
0.299495 6.17301262370189 89.4445333706258
0.299995 6.18331832600694 90.0307297100955
0.300495 6.193624028312 91.2531159584292
0.300995 6.20392973061705 90.233460838548
0.301495 6.2142354329221 90.8783977998456
0.301995 6.22454113522715 91.5852338202079
0.302495 6.2348468375322 91.4030094748815
0.302995 6.24515253983725 92.2960977408848
0.303495 6.2554582421423 92.4231416594051
0.303995 6.26576394444735 92.405286833395
0.304495 6.2760696467524 93.2211309368475
0.304995 6.28637534905745 92.4929133330905
0.305495 6.2966810513625 94.0773128341464
0.305995 6.30698675366754 92.8075447211234
0.306495 6.31729245597259 94.3666274729172
0.306995 6.32759815827765 94.1986273110152
0.307495 6.3379038605827 94.7756119307867
0.307995 6.34820956288775 94.4589743108193
0.308495 6.3585152651928 95.6313931218536
0.308995 6.36882096749785 95.5036840279422
0.309495 6.3791266698029 95.0878687960489
0.309995 6.38943237210795 96.0225212370317
0.310495 6.399738074413 96.8358787515254
0.310995 6.41004377671805 97.3076335156982
0.311495 6.4203494790231 96.4967523300147
0.311995 6.43065518132815 97.9319358761038
0.312495 6.4409608836332 97.4059547504368
0.312995 6.45126658593824 97.6666876717455
0.313495 6.46157228824329 98.8536276310304
0.313995 6.47187799054834 98.4771798467243
0.314495 6.48218369285339 99.1528039474994
0.314995 6.49248939515844 98.9475524491988
0.315495 6.50279509746349 99.8071003016213
0.315995 6.51310079976855 99.6099470040758
0.316495 6.5234065020736 100.421413812245
0.316995 6.53371220437865 100.290675168375
0.317495 6.5440179066837 100.75960481395
0.317995 6.55432360898875 101.338940318205
0.318495 6.5646293112938 101.58444623354
0.318995 6.57493501359885 102.048486414602
0.319495 6.5852407159039 102.819878082472
0.319995 6.59554641820895 102.797080038077
0.320495 6.605852120514 103.071930017962
0.320995 6.61615782281905 104.026319328804
0.321495 6.62646352512409 103.288003052963
0.321995 6.63676922742914 104.113674027593
0.322495 6.64707492973419 104.365028926123
0.322995 6.65738063203925 104.74854367131
0.323495 6.6676863343443 104.990940599305
0.323995 6.67799203664935 106.041465953281
0.324495 6.6882977389544 105.269741432472
0.324995 6.69860344125945 105.3650299932
0.325495 6.7089091435645 107.108014006941
0.325995 6.71921484586955 106.677237240573
0.326495 6.7295205481746 108.326485076712
0.326995 6.73982625047965 106.728847322654
0.327495 6.7501319527847 108.129600232091
0.327995 6.76043765508975 108.509038042251
0.328495 6.7707433573948 108.289787295276
0.328995 6.78104905969984 109.108370779354
0.329495 6.79135476200489 109.408338033555
0.329995 6.80166046430994 109.970423853138
0.330495 6.81196616661499 110.875005920675
0.330995 6.82227186892004 110.283866095847
0.331495 6.83257757122509 111.364743119361
0.331995 6.84288327353014 110.906633812842
0.332495 6.85318897583519 112.107345435323
0.332995 6.86349467814025 111.938901468841
0.333495 6.8738003804453 112.049360140767
0.333995 6.88410608275035 112.230341309967
0.334495 6.8944117850554 113.317251675339
0.334995 6.90471748736045 113.046958851449
0.335495 6.9150231896655 114.806810662362
0.335995 6.92532889197055 114.269166102162
0.336495 6.9356345942756 114.565902567951
0.336995 6.94594029658064 114.887413982201
0.337495 6.95624599888569 115.179209093302
0.337995 6.96655170119074 116.061913125205
0.338495 6.9768574034958 115.73470251878
0.338995 6.98716310580085 116.233063469543
0.339495 6.9974688081059 116.8297138084
0.339995 7.00777451041095 117.224548854184
0.340495 7.018080212716 117.399911965289
0.340995 7.02838591502105 118.575493882908
0.341495 7.0386916173261 118.779159041853
0.341995 7.04899731963115 118.011513765768
0.342495 7.0593030219362 118.936521998233
0.342995 7.06960872424125 119.530813075125
0.343495 7.0799144265463 119.926000636944
0.343995 7.09022012885135 120.220098813432
0.344495 7.10052583115639 121.148501774832
0.344995 7.11083153346144 121.369548460023
0.345495 7.12113723576649 121.929897095332
0.345995 7.13144293807154 122.789740444547
0.346495 7.14174864037659 122.348715070716
0.346995 7.15205434268164 122.549876404754
0.347495 7.16236004498669 123.110792247433
0.347995 7.17266574729175 124.154027897268
0.348495 7.1829714495968 124.404322753288
0.348995 7.19327715190185 124.775893664755
0.349495 7.2035828542069 125.580434805573
0.349995 7.21388855651195 124.929530811253
0.350495 7.224194258817 126.253225717085
0.350995 7.23449996112205 126.577648999902
0.351495 7.2448056634271 126.883971336839
0.351995 7.25511136573215 128.239291112329
0.352495 7.26541706803719 127.879531467093
0.352995 7.27572277034224 128.640141766876
0.353495 7.2860284726473 128.718972254107
0.353995 7.29633417495235 128.417818395432
0.354495 7.3066398772574 129.946272936173
0.354995 7.31694557956245 130.745113292932
0.355495 7.3272512818675 130.75289701327
0.355995 7.33755698417255 132.168472071481
0.356495 7.3478626864776 131.164231338907
0.356995 7.35816838878265 132.104528179892
0.357495 7.3684740910877 132.770795859129
0.357995 7.37877979339275 133.699139362359
0.358495 7.3890854956978 134.010255503112
0.358995 7.39939119800285 134.704484435264
0.359495 7.4096969003079 134.753918331308
0.359995 7.42000260261294 135.909596520003
0.360495 7.43030830491799 135.67412983473
0.360995 7.44061400722304 136.301514813524
0.361495 7.45091970952809 135.827118639205
0.361995 7.46122541183314 137.120507331115
0.362495 7.47153111413819 137.168845416609
0.362995 7.48183681644325 138.265713830285
0.363495 7.4921425187483 139.63454567199
0.363995 7.50244822105335 139.338146025099
0.364495 7.5127539233584 140.329995208201
0.364995 7.52305962566345 140.804577479949
0.365495 7.5333653279685 141.883735754165
0.365995 7.54367103027355 141.742704731294
0.366495 7.5539767325786 141.492129798361
0.366995 7.56428243488365 142.703045923286
0.367495 7.5745881371887 143.353293626206
0.367995 7.58489383949374 144.134811774595
0.368495 7.59519954179879 144.279947403581
0.368995 7.60550524410385 144.902084664433
0.369495 7.6158109464089 145.149428458092
0.369995 7.62611664871395 145.10205956707
0.370495 7.636422351019 146.014531551844
0.370995 7.64672805332405 147.589615202367
0.371495 7.6570337556291 148.421639012627
0.371995 7.66733945793415 148.03180695755
0.372495 7.6776451602392 148.826130728542
0.372995 7.68795086254425 149.095567258068
0.373495 7.6982565648493 149.694576497796
0.373995 7.70856226715435 150.792508526961
0.374495 7.7188679694594 151.204473151546
0.374995 7.72917367176445 151.976063097694
0.375495 7.73947937406949 147.683827698296
0.375995 7.74978507637455 129.178679014476
0.376495 7.76009077867959 103.464261305618
0.376995 7.77039648098464 83.3746087343064
0.377495 7.78070218328969 66.5854647677649
0.377995 7.79100788559474 54.574048425607
0.378495 7.8013135878998 45.429838636216
0.378995 7.81161929020485 40.5360166278123
0.379495 7.8219249925099 36.7711568012148
0.379995 7.83223069481495 32.9175704251692
0.380495 7.84253639712 29.2309384306956
0.380995 7.85284209942505 26.041806670827
0.381495 7.8631478017301 23.0655114233375
0.381995 7.87345350403515 20.2711262727714
0.382495 7.8837592063402 16.4853439430331
0.382995 7.89406490864525 12.332520693078
0.383495 7.90437061095029 7.7356549624867
0.383995 7.91467631325534 2.3471352365257
0.384495 7.92498201556039 -3.6377489207557
0.384995 7.93528771786544 -9.48481765960604
0.385495 7.9455934201705 -13.5194778553583
0.385995 7.95589912247555 -17.1588294973763
0.386495 7.9662048247806 -19.7593948992349
0.386995 7.97651052708565 -20.1986355252518
0.387495 7.9868162293907 -18.5346080386554
0.387995 7.99712193169575 -15.6598616557346
0.388495 8.0074276340008 -10.4671656756195
0.388995 8.01773333630585 -5.30777737953035
0.389495 8.0280390386109 -1.12440343014575
0.389995 8.03834474091595 2.32851143283402
0.390495 8.048650443221 4.79916028979916
0.390995 8.05895614552604 7.74793546622104
0.391495 8.0692618478311 10.2232758199918
0.391995 8.07956755013614 11.7017512516385
0.392495 8.08987325244119 11.995700872063
0.392995 8.10017895474624 11.0784512204372
0.393495 8.11048465705129 9.51943546367214
0.393995 8.12079035935634 6.64683951231552
0.394495 8.13109606166139 2.81304542742637
0.394995 8.14140176396644 -0.0407500017226358
0.395495 8.1517074662715 -2.79714204479676
0.395995 8.16201316857655 -5.6694592185179
0.396495 8.1723188708816 -8.26504672887308
0.396995 8.18262457318665 -10.6994165075818
0.397495 8.1929302754917 -12.1730702969674
0.397995 8.20323597779675 -12.1720356716544
0.398495 8.21354168010179 -9.65681445236955
0.398995 8.22384738240684 -7.00680336066236
0.399495 8.2341530847119 -4.11142498183349
0.399995 8.24445878701694 -1.30249422961108
0.400495 8.25476448932199 1.33098792472324
0.400995 8.26507019162705 3.35789263878287
0.401495 8.2753758939321 5.54160318499129
0.401995 8.28568159623715 7.24538824905164
0.402495 8.2959872985422 8.57796582816002
0.402995 8.30629300084725 9.52178177475521
0.403495 8.3165987031523 8.5682822247586
0.403995 8.32690440545735 6.87223517817134
0.404495 8.3372101077624 4.93076620703693
0.404995 8.34751581006745 2.63570333211962
0.405495 8.3578215123725 0.358332734625936
0.405995 8.36812721467755 -1.83324328657276
0.406495 8.37843291698259 -4.32663188252123
0.406995 8.38873861928765 -6.71701189625074
0.407495 8.39904432159269 -9.11817607486529
0.407995 8.40935002389774 -10.6423340191885
0.408495 8.41965572620279 -9.71233618587165
0.408995 8.42996142850784 -8.17180920127307
0.409495 8.44026713081289 -6.12679803537039
0.409995 8.45057283311794 -4.10009230073023
0.410495 8.460878535423 -2.08965997280714
0.410995 8.47118423772805 0.328060113977951
0.411495 8.4814899400331 2.48029945145753
0.411995 8.49179564233815 4.72240117465377
0.412495 8.5021013446432 6.68311766267689
0.412995 8.51240704694825 8.07280533269421
0.413495 8.5227127492533 8.41102483014159
0.413995 8.53301845155834 7.67940805393072
0.414495 8.5433241538634 6.42108452255541
0.414995 8.55362985616845 4.98928349903594
0.415495 8.56393555847349 3.39052721585722
0.415995 8.57424126077855 1.10968647536065
0.416495 8.5845469630836 -1.2762217477279
0.416995 8.59485266538865 -3.66862585187765
0.417495 8.6051583676937 -6.27754198037977
0.417995 8.61546406999875 -8.40973704060274
0.418495 8.6257697723038 -9.30202817279072
0.418995 8.63607547460885 -8.59666302689641
0.419495 8.6463811769139 -7.1921464905394
0.419995 8.65668687921895 -5.72741922226689
0.420495 8.666992581524 -3.82877719891597
0.420995 8.67729828382905 -1.3245751722586
0.421495 8.6876039861341 0.950900345223593
0.421995 8.69790968843914 3.40862616715839
0.422495 8.7082153907442 5.94017482642866
0.422995 8.71852109304924 7.228658338527
0.423495 8.72882679535429 7.74913998422684
0.423995 8.73913249765934 7.11491969458993
0.424495 8.74943819996439 6.54490888424079
0.424995 8.75974390226944 5.19011050488784
0.425495 8.7700496045745 4.13081020563665
0.425995 8.78035530687955 2.39459668581494
0.426495 8.7906610091846 0.574284895739222
0.426995 8.80096671148965 -2.29491151372488
0.427495 8.8112724137947 -4.82870763736115
0.427995 8.82157811609975 -6.97397688954767
0.428495 8.8318838184048 -7.67269114777691
0.428995 8.84218952070985 -7.73008297274338
0.429495 8.85249522301489 -7.1936528264624
0.429995 8.86280092531995 -5.93587372118237
0.430495 8.873106627625 -4.74313173406415
0.430995 8.88341232993004 -2.42233926024669
0.431495 8.8937180322351 -0.0459863532723889
0.431995 8.90402373454015 2.34040512382281
0.432495 8.9143294368452 4.31353004850085
0.432995 8.92463513915025 5.78796945596594
0.433495 8.9349408414553 6.789965206228
0.433995 8.94524654376035 7.1308779910713
0.434495 8.9555522460654 6.55456244561282
0.434995 8.96585794837045 6.15922063976815
0.435495 8.9761636506755 5.2083973354051
0.435995 8.98646935298055 3.36773500696353
0.436495 8.9967750552856 1.43141287991944
0.436995 9.00708075759065 -0.990510590915363
0.437495 9.01738645989569 -3.42866302919075
0.437995 9.02769216220075 -5.57358689179639
0.438495 9.03799786450579 -6.89257668936863
0.438995 9.04830356681084 -7.46366876714291
0.439495 9.05860926911589 -7.62296054501197
0.439995 9.06891497142094 -7.00911862457383
0.440495 9.07922067372599 -5.58150348112967
0.440995 9.08952637603105 -3.57490213824151
0.441495 9.0998320783361 -1.00039844530327
0.441995 9.11013778064115 1.25941548643479
0.442495 9.1204434829462 3.02900490503868
0.442995 9.13074918525125 4.43214348715975
0.443495 9.1410548875563 5.27396163372291
0.443995 9.15136058986135 6.28877493613271
0.444495 9.1616662921664 6.63408642347803
0.444995 9.17197199447144 6.01966612539136
0.445495 9.1822776967765 5.12068976584998
0.445995 9.19258339908155 3.75695303951209
0.446495 9.20288910138659 1.8111388821141
0.446995 9.21319480369164 -0.443331041215959
0.447495 9.22350050599669 -2.45883101235888
0.447995 9.23380620830175 -4.32118584468006
0.448495 9.2441119106068 -5.64015510545213
0.448995 9.25441761291185 -6.73441135973559
0.449495 9.2647233152169 -6.93269150699341
0.449995 9.27502901752195 -6.88421733918738
0.450495 9.285334719827 -5.62623238779944
0.450995 9.29564042213205 -3.80426498456684
0.451495 9.3059461244371 -1.77029610132463
0.451995 9.31625182674215 0.0787082742068404
0.452495 9.3265575290472 1.87165502293874
0.452995 9.33686323135225 3.10238549102403
0.453495 9.3471689336573 4.58637489983441
0.453995 9.35747463596234 5.45353848454911
0.454495 9.36778033826739 6.23649112560008
0.454995 9.37808604057244 5.71911222436249
0.455495 9.38839174287749 5.19017570808359
0.455995 9.39869744518254 3.71421372351467
0.456495 9.40900314748759 2.09426584021472
0.456995 9.41930884979264 0.270214247250204
0.457495 9.42961455209769 -1.23939402619902
0.457995 9.43992025440275 -2.95632257665573
0.458495 9.4502259567078 -4.5093682754991
0.458995 9.46053165901285 -5.79053893077955
0.459495 9.4708373613179 -6.7447862059745
0.459995 9.48114306362295 -6.3371306660231
0.460495 9.49144876592799 -5.66091304572077
0.460995 9.50175446823305 -3.90455343033178
0.461495 9.5120601705381 -2.26270063675156
0.461995 9.52236587284314 -0.708865036861318
0.462495 9.53267157514819 0.994724736663561
0.462995 9.54297727745324 2.0319252251796
0.463495 9.5532829797583 3.71560478258207
0.463995 9.56358868206335 4.88802568924973
0.464495 9.5738943843684 5.75087344258256
0.464995 9.58420008667345 5.71133006194087
0.465495 9.5945057889785 5.03963188298805
0.465995 9.60481149128355 4.14866157826587
0.466495 9.6151171935886 2.56451480315802
0.466995 9.62542289589365 0.702560685155537
0.467495 9.6357285981987 -0.48516925164771
0.467995 9.64603430050375 -2.32038438725473
0.468495 9.6563400028088 -3.76552649299503
0.468995 9.66664570511385 -5.27351658941162
0.469495 9.67695140741889 -6.15658600429649
0.469995 9.68725710972394 -6.2257389210626
0.470495 9.69756281202899 -5.57641801742514
0.470995 9.70786851433404 -4.19757889403735
0.471495 9.71817421663909 -2.63798829920654
0.471995 9.72847991894414 -1.28316051045423
0.472495 9.73878562124919 0.45368780414541
0.472995 9.74909132355425 2.21196617950491
0.473495 9.7593970258593 3.49990943253508
0.473995 9.76970272816435 4.49461515302044
0.474495 9.7800084304694 5.25843762079429
0.474995 9.79031413277445 5.36121717547472
0.475495 9.8006198350795 5.01372221396993
0.475995 9.81092553738454 4.01424768678534
0.476495 9.8212312396896 2.5451901150188
0.476995 9.83153694199465 1.48788260722881
0.477495 9.84184264429969 -0.447473787468582
0.477995 9.85214834660474 -2.15491288136542
0.478495 9.8624540489098 -3.55061271438796
0.478995 9.87275975121485 -5.2523977020536
0.479495 9.8830654535199 -5.65602425415961
0.479995 9.89337115582495 -6.17032503927058
0.480495 9.90367685813 -5.5226604460899
0.480995 9.91398256043505 -4.4036031764887
0.481495 9.9242882627401 -3.02230916854857
0.481995 9.93459396504515 -1.49720006813836
0.482495 9.9448996673502 0.2248308990332
0.482995 9.95520536965525 1.83622212877597
0.483495 9.9655110719603 3.44327686769371
0.483995 9.97581677426535 4.82479798086397
0.484495 9.9861224765704 5.17806453646369
0.484995 9.99642817887544 5.30231614010789
0.485495 10.0067338811805 4.91156018002625
0.485995 10.0170395834855 3.81435050445923
0.486495 10.0273452857906 3.3239302865322
0.486995 10.0376509880956 1.57932640260585
0.487495 10.0479566904007 0.213641913533113
0.487995 10.0582623927057 -1.24238560286059
0.488495 10.0685680950108 -2.8359630113848
0.488995 10.0788737973158 -4.53181366211658
0.489495 10.0891794996209 -4.97437488702825
0.489995 10.0994852019259 -5.04788575816467
0.490495 10.109790904231 -4.83973909959094
0.490995 10.120096606536 -3.77827334986378
0.491495 10.1304023088411 -3.01669494835264
0.491995 10.1407080111461 -1.30904933427626
0.492495 10.1510137134512 0.0443934029989376
0.492995 10.1613194157562 1.36277193431752
0.493495 10.1716251180613 2.95589245781799
0.493995 10.1819308203664 3.77685257635943
0.494495 10.1922365226714 4.37394823904336
0.494995 10.2025422249764 4.44177920722166
0.495495 10.2128479272815 4.05765782960691
0.495995 10.2231536295865 3.41663446263041
0.496495 10.2334593318916 2.52660784588393
0.496995 10.2437650341966 1.12673117567815
0.497495 10.2540707365017 -0.0476205666351264
0.497995 10.2643764388067 -1.71995462311036
0.498495 10.2746821411118 -3.0357958322302
0.498995 10.2849878434168 -4.45331515627724
0.499495 10.2952935457219 -4.98625420944923
0.499995 10.3055992480269 -4.99496173801912
